3
15
10
0 14 12 18 14 11 13 20 20 4 1 5 14 1 18
14 16 15 6 18 6 20 16 15 10 16 12 18 4 0
14 16 7 1 0 18 1 5 4 0 2 0 9 5 13
7 1 2 9 19 0 4 3 3 4 20 14 20 10 19
14 6 1 6 8 2 0 15 15 5 4 17 7 14 18
7 16 10 2 4 10 11 12 12 6 1 15 0 19 3
0 0 19 13 8 20 9 17 16 0 19 2 16 11 8
7 5 7 10 2 16 8 15 15 2 19 12 3 20 20
0 17 0 15 13 2 2 11 11 3 18 7 15 8 20
7 8 9 4 13 8 1 0 0 0 17 11 1 20 9
14 17 7 6 3 19 15 17 17 10 10 19 10 3 14
0 16 7 7 4 16 14 13 13 3 10 16 10 2 19
14 4 20 5 6 4 9 20 20 6 5 18 16 20 17
68 66 64 79 81 71 54 91 75 92