3
15
10
14 6 18 11 13 5 15 14 14 5 9 13 9 17 18
7 8 0 20 17 0 2 10 10 10 2 20 14 20 0
7 8 13 14 0 12 4 20 20 0 9 7 5 20 12
0 14 8 1 18 15 7 19 19 4 6 1 16 5 18
7 19 7 20 8 17 3 10 10 5 12 4 3 9 18
0 8 16 16 3 4 14 6 6 7 8 1 17 14 3
14 14 4 6 7 13 12 11 11 1 6 9 11 6 8
0 18 13 3 1 10 11 9 9 2 5 19 20 15 20
14 10 6 8 12 17 5 6 6 3 4 15 11 3 19
0 1 15 18 13 2 4 16 15 0 3 18 18 15 8
7 9 13 20 2 13 18 12 12 10 17 5 6 18 14
14 9 13 20 3 10 16 8 8 3 17 3 6 18 19
7 17 5 19 6 19 11 15 15 6 12 5 11 14 17
76 76 62 67 78 70 73 88 84 90