3
15
10
14 2 14 9 9 11 11 3 3 7 9 15 6 7 16
7 4 17 18 13 5 19 20 19 12 3 1 10 10 20
7 4 8 13 17 18 20 9 8 2 10 10 1 10 11
0 10 4 0 14 20 2 7 7 6 6 3 12 15 17
7 15 3 18 4 1 20 20 20 7 12 6 20 20 16
0 4 11 14 20 9 9 16 16 9 9 4 13 4 1
14 10 20 4 3 19 8 0 0 3 6 11 7 17 6
0 14 8 1 18 15 7 19 19 4 6 1 16 5 18
14 6 1 6 8 2 0 15 15 5 4 17 7 14 18
0 18 10 16 9 8 20 4 4 2 3 0 14 4 7
7 5 8 18 19 18 13 1 1 12 17 8 2 8 12
14 5 9 19 20 15 12 17 17 5 17 5 2 8 18
7 13 0 17 2 4 7 3 3 8 12 7 7 4 15
62 95 70 64 76 66 60 75 92 55