3
15
10
0 4 0 14 4 4 12 2 2 9 3 11 14 8 14
14 6 3 2 8 20 20 19 18 15 18 18 18 11 17
14 6 16 17 11 11 0 8 7 4 3 6 10 11 9
7 12 12 4 9 14 4 6 6 9 0 0 0 16 15
14 17 10 2 19 15 0 18 18 10 6 2 8 0 14
7 6 19 19 15 3 10 15 15 11 3 0 1 5 20
0 12 7 9 19 12 9 20 19 5 0 8 16 18 4
7 16 16 6 13 8 8 18 18 7 20 18 4 5 16
0 7 9 11 3 16 1 14 14 8 19 13 16 15 16
7 20 18 0 3 1 0 3 3 5 18 17 2 5 5
14 7 16 2 14 11 14 0 20 15 11 4 11 9 10
0 7 16 2 15 9 13 16 16 8 11 1 11 9 15
14 15 8 1 17 18 8 2 2 11 6 3 16 5 13
57 77 75 79 90 81 54 79 75 70