3
15
10
14 19 9 7 5 16 7 13 13 9 10 18 2 18 15
7 0 12 16 9 11 14 8 8 14 3 3 6 0 18
7 0 4 11 13 2 16 18 18 4 10 12 18 0 9
0 6 20 19 10 5 19 17 17 8 7 6 8 5 15
7 11 19 16 0 6 15 8 8 9 12 8 16 10 14
0 1 7 12 16 15 5 5 4 11 9 6 9 15 0
14 6 16 3 20 3 3 10 9 4 7 14 4 7 5
0 10 4 0 14 20 2 7 7 6 6 3 12 15 17
14 2 17 5 4 7 17 4 4 7 5 20 3 4 16
0 14 6 14 5 13 16 14 14 4 4 2 10 15 5
7 2 4 16 15 3 9 10 10 14 18 10 19 19 11
14 1 4 17 16 0 8 6 6 7 18 7 19 19 16
7 9 17 16 19 9 3 13 13 10 13 10 4 15 14
81 80 58 63 62 65 68 84 79 86