3
15
10
0 17 12 10 17 15 3 0 0 13 4 16 6 9 11
14 19 15 19 0 9 11 17 17 19 19 2 11 12 14
14 19 7 14 3 1 12 6 5 8 4 11 2 12 5
7 4 2 1 1 4 16 5 4 13 1 4 13 17 12
14 9 1 19 11 5 12 17 17 14 7 7 0 0 11
7 19 10 15 7 13 2 13 13 15 4 5 14 5 17
0 4 19 6 11 2 0 18 18 9 1 12 8 19 1
7 8 7 2 5 19 20 16 16 11 0 2 17 6 13
0 20 0 7 16 6 14 12 12 11 20 18 8 16 13
7 12 9 17 16 12 12 1 1 9 19 1 15 6 2
14 20 7 19 6 1 6 19 19 18 12 9 3 10 7
0 20 7 20 7 19 4 14 14 12 12 6 3 9 12
14 7 20 19 9 8 20 1 0 15 7 8 8 6 10
52 72 80 64 75 87 70 85 80 76