3
15
10
7 19 4 3 12 20 18 9 9 5 16 20 5 12 18
0 1 7 12 16 15 5 5 4 11 9 6 9 15 0
0 0 19 7 20 6 6 15 14 0 16 15 1 15 12
14 6 15 15 17 9 10 13 13 5 13 8 12 20 18
0 11 14 13 7 10 6 5 5 6 19 11 20 4 17
14 1 1 9 3 19 17 1 1 7 16 9 13 9 3
7 6 10 20 7 7 15 6 6 1 13 16 7 1 8
14 10 19 17 0 3 14 4 4 3 12 6 16 9 20
7 2 12 1 12 11 7 0 0 3 11 1 7 19 19
14 14 0 11 12 17 6 10 10 0 10 5 14 9 8
0 2 19 13 2 7 20 7 7 10 3 13 2 13 13
7 1 19 13 2 4 19 2 2 4 3 10 2 13 19
0 9 11 12 5 13 14 9 9 7 19 12 7 9 17
94 74 62 65 76 56 70 66 60 77