3
15
10
14 15 4 5 1 1 2 1 1 11 10 20 19 8 13
7 17 7 15 5 16 10 18 18 16 4 6 2 11 16
7 17 20 9 9 8 11 7 7 6 11 15 14 11 8
0 2 15 17 6 10 15 6 6 10 7 8 4 16 14
7 7 14 15 17 12 11 18 18 11 13 11 12 0 13
0 18 2 11 12 20 1 14 14 13 10 8 5 5 19
14 2 11 1 16 9 20 19 19 6 7 16 0 18 3
0 6 20 19 10 5 19 17 17 8 7 6 8 5 15
14 19 13 3 0 12 12 14 14 9 5 1 20 15 15
0 10 1 13 1 19 11 3 2 6 4 4 6 5 4
7 19 20 15 11 8 4 20 20 16 18 12 15 9 9
14 18 20 15 12 5 3 16 15 9 18 10 15 9 14
7 5 12 14 15 15 19 2 2 12 13 12 0 5 12
68 90 76 81 81 83 45 102 97 73