3
15
10
0 0 17 12 0 9 8 11 11 11 3 14 10 19 13
14 2 20 0 4 4 15 7 7 17 18 0 14 1 16
14 2 11 16 7 16 17 17 17 6 4 9 6 1 7
7 8 7 2 5 19 20 16 16 11 0 2 17 6 13
14 13 6 0 15 0 16 7 7 12 6 5 4 11 12
7 2 14 17 11 8 6 4 3 13 3 2 18 16 19
0 8 2 7 15 18 4 8 8 7 0 10 12 8 3
7 12 12 4 9 14 4 6 6 9 0 0 0 16 15
0 3 4 9 20 0 18 3 3 10 20 16 12 5 14
7 16 13 19 20 6 17 13 13 7 18 19 19 16 3
14 3 11 0 10 17 10 9 9 17 12 6 7 20 8
0 3 12 0 11 14 9 5 5 10 11 4 7 20 14
14 11 3 20 13 2 4 12 12 13 6 6 12 16 11
75 64 72 55 57 69 103 77 63 78