3
15
10
14 4 16 10 11 8 3 19 19 6 9 14 18 2 17
7 6 19 19 15 3 10 15 15 11 3 0 1 5 20
7 6 11 14 19 15 12 4 4 1 10 9 13 5 12
0 12 6 0 16 18 15 3 3 5 6 2 4 10 18
7 17 5 19 6 19 11 15 15 6 12 5 11 14 17
0 6 14 15 1 7 1 11 11 8 9 2 5 19 2
14 12 2 5 5 16 20 16 16 2 6 10 20 12 7
0 16 11 2 20 12 20 14 14 3 5 0 8 20 19
14 8 3 7 10 20 13 11 10 4 4 16 19 9 19
0 20 13 17 11 5 12 0 20 1 3 19 6 20 8
7 7 11 19 0 15 5 17 17 11 17 6 15 3 13
14 7 11 19 1 13 4 12 12 4 17 4 14 2 18
7 15 3 18 4 1 20 20 20 7 12 6 20 20 16
59 90 56 82 82 84 78 82 76 95