3
15
10
7 7 11 19 0 15 5 17 17 11 17 6 15 3 13
0 10 14 7 4 10 13 13 12 16 11 13 19 6 16
0 9 5 2 8 2 14 2 1 6 18 1 10 6 7
14 16 1 10 6 4 17 0 0 10 14 16 0 11 13
0 20 0 7 16 6 14 12 12 11 20 18 8 16 13
14 10 8 3 12 14 3 9 9 13 17 16 1 0 19
7 15 17 15 16 3 2 14 13 7 14 3 16 13 3
14 19 5 12 10 20 1 12 12 8 14 13 4 0 15
7 11 19 16 0 6 15 8 8 9 12 8 16 10 14
14 2 7 5 0 12 14 18 18 6 11 12 2 0 3
0 11 5 7 11 2 7 15 14 16 4 20 11 4 9
7 10 5 8 11 20 6 10 10 10 4 17 11 4 14
0 18 18 7 14 8 1 17 17 12 20 19 16 0 12
66 87 74 79 80 80 62 68 74 90