3
15
10
7 17 1 3 10 2 6 14 14 6 16 0 14 18 17
0 20 4 12 14 17 13 10 9 12 10 7 18 20 20
0 19 17 6 18 9 15 20 19 1 17 16 9 0 11
14 4 12 14 15 12 18 18 18 6 13 10 0 5 17
0 9 11 12 5 13 14 9 9 7 19 12 7 9 17
14 20 20 8 1 1 4 6 6 8 16 10 1 14 2
7 4 8 19 5 10 2 11 10 2 13 18 16 7 7
14 8 17 16 19 6 1 9 9 4 12 7 3 15 19
7 0 10 0 10 14 16 5 5 4 11 2 15 3 18
14 12 19 10 10 20 15 15 15 1 10 6 1 15 7
0 0 17 12 0 9 8 11 11 11 3 14 10 19 13
7 20 17 12 0 6 6 7 7 5 3 11 10 18 18
0 7 9 11 3 16 1 14 14 8 19 13 16 15 16
88 77 66 70 80 60 85 69 74 81