3
15
10
14 11 0 4 18 6 19 11 11 13 11 1 15 19 12
7 13 3 13 1 1 6 7 6 18 4 8 19 1 15
7 13 15 7 5 13 7 17 16 8 11 17 10 1 6
0 19 11 15 2 16 10 15 15 12 8 11 0 6 12
7 3 10 13 13 17 6 6 6 13 13 13 8 11 11
0 14 18 9 8 5 17 3 3 15 10 11 2 16 18
14 19 6 20 12 14 16 8 8 8 8 19 17 8 2
0 2 15 17 6 10 15 6 6 10 7 8 4 16 14
14 15 8 1 17 18 8 2 2 11 6 3 16 5 13
0 6 17 11 18 3 7 12 12 8 5 7 2 16 2
7 15 15 13 7 13 0 9 8 18 19 15 11 20 7
14 14 16 13 8 11 20 4 4 11 19 12 11 20 13
7 1 7 12 11 20 15 11 11 14 14 14 17 16 10
76 75 75 90 68 70 63 89 95 90