3
15
10
14 9 18 3 16 9 6 16 16 14 11 3 2 4 11
7 11 0 12 20 3 14 12 11 19 5 9 6 6 14
7 11 13 7 3 16 15 1 0 9 11 18 19 7 5
0 17 8 14 0 18 18 20 20 13 8 12 9 12 11
7 1 7 12 11 20 15 11 11 14 14 14 17 16 10
0 12 16 8 6 7 4 8 7 16 11 12 10 0 17
14 17 4 19 10 17 3 13 12 9 8 20 4 14 1
0 0 13 16 4 13 2 11 10 11 7 9 13 1 13
14 13 6 0 15 0 16 7 7 12 6 5 4 11 12
0 4 15 10 16 6 15 17 17 9 5 8 11 1 1
7 13 13 12 5 16 8 13 13 19 19 16 20 5 7
14 12 13 12 6 13 7 9 9 12 19 14 20 4 12
7 20 5 11 9 2 2 16 16 15 14 16 4 1 10
90 90 67 83 62 64 68 93 88 74