3
15
10
7 0 6 4 14 17 10 4 4 4 15 19 18 7 19
0 3 9 13 18 12 18 0 0 10 9 5 1 9 1
0 2 0 8 1 4 19 10 10 20 16 14 13 10 13
14 8 17 16 19 6 1 9 9 4 12 7 3 15 19
0 13 16 14 9 8 19 0 0 5 18 10 11 19 18
14 3 3 10 5 16 8 17 17 6 15 7 5 3 4
7 8 12 0 9 5 7 1 1 0 12 15 20 17 9
14 12 1 18 2 1 6 20 20 2 12 5 7 4 0
7 4 14 2 14 8 20 16 16 2 11 0 19 14 20
14 16 2 11 14 14 19 6 5 20 9 3 5 4 9
0 4 0 14 4 4 12 2 2 9 3 11 14 8 14
7 3 1 14 4 1 11 18 18 3 2 9 14 7 20
0 11 14 13 7 10 6 5 5 6 19 11 20 4 17
80 80 67 62 62 84 76 51 66 74