3
15
10
14 0 11 8 7 13 19 8 8 8 9 16 14 13 16
7 2 14 17 11 8 6 4 3 13 3 2 18 16 19
7 2 6 12 15 0 7 14 13 3 10 11 10 16 10
0 8 1 20 12 2 11 12 12 7 6 5 0 0 16
7 13 0 17 2 4 7 3 3 8 12 7 7 4 15
0 3 9 13 18 12 18 0 0 10 9 5 1 9 1
14 8 18 3 1 1 16 5 4 3 6 13 16 2 6
0 12 6 0 16 18 15 3 3 5 6 2 4 10 18
14 4 20 5 6 4 9 20 20 6 5 18 16 20 17
0 16 8 15 7 10 7 9 9 3 3 1 2 10 6
7 4 6 17 17 0 1 6 5 13 18 9 11 14 11
14 3 6 18 18 18 20 1 1 6 17 6 11 13 17
7 11 19 16 0 6 15 8 8 9 12 8 16 10 14
56 55 54 58 59 92 53 70 85 80