3
15
10
0 12 10 17 12 14 0 4 4 5 2 7 1 7 17
14 14 13 5 16 9 8 20 20 11 17 13 5 10 0
14 14 4 0 19 0 9 9 9 1 2 1 18 10 12
7 20 0 8 17 3 12 8 8 5 20 16 8 15 18
14 4 20 5 6 4 9 20 20 6 5 18 16 20 17
7 14 7 1 2 13 19 17 16 7 2 16 9 4 3
0 19 16 13 6 1 18 1 0 1 20 3 3 17 8
7 3 5 10 0 18 17 19 19 3 19 13 12 4 20
0 15 18 14 11 5 10 16 16 4 18 9 3 14 19
7 7 6 3 11 11 9 5 5 1 17 12 10 4 8
14 15 4 5 1 1 2 1 1 11 10 20 19 8 13
0 14 5 6 2 19 1 18 18 4 10 17 19 8 19
14 2 17 5 4 7 17 4 4 7 5 20 3 4 16
83 92 69 63 85 86 58 63 80 65