3
15
10
7 9 13 20 2 13 18 12 12 10 17 5 6 18 14
0 12 16 8 6 7 4 8 7 16 11 12 10 0 17
0 11 7 3 10 20 6 18 17 5 18 0 1 1 8
14 17 3 11 8 2 9 16 16 9 14 14 13 6 14
0 1 2 8 18 3 5 8 8 10 20 17 20 10 13
14 12 10 4 14 11 16 4 4 12 17 15 14 15 20
7 17 19 15 18 0 14 9 9 6 14 1 8 7 4
14 0 8 12 11 17 13 7 7 7 13 12 17 16 16
7 13 0 17 2 4 7 3 3 8 12 7 7 4 15
14 4 9 6 2 10 6 13 13 5 11 11 15 16 4
0 13 7 8 13 20 20 10 10 15 4 19 3 20 9
7 12 8 9 13 17 19 5 5 9 4 16 2 19 15
0 20 0 7 16 6 14 12 12 11 20 18 8 16 13
83 72 91 74 85 55 70 86 80 87