3
15
10
7 11 15 0 4 10 9 7 7 9 17 4 18 13 15
0 14 18 9 8 5 17 3 3 15 10 11 2 16 18
0 13 10 4 12 17 19 13 13 4 17 20 14 16 9
14 19 5 12 10 20 1 12 12 8 14 13 4 0 15
0 3 4 9 20 0 18 3 3 10 20 16 12 5 14
14 14 13 5 16 9 8 20 20 11 17 13 5 10 0
7 19 1 16 20 18 6 4 4 5 14 0 20 2 5
14 2 10 13 13 14 5 2 2 7 13 11 8 10 17
7 15 3 18 4 1 20 20 20 7 12 6 20 20 16
14 6 12 7 4 7 19 9 8 4 11 9 6 10 5
0 15 10 9 15 18 12 5 5 14 4 17 15 14 10
7 14 10 10 15 15 10 1 0 8 4 15 15 14 16
0 1 2 8 18 3 5 8 8 10 20 17 20 10 13
80 69 88 71 71 95 66 82 77 72