3
15
10
7 13 18 1 6 7 1 2 2 8 16 3 10 8 15
0 16 0 10 10 2 9 19 19 14 10 10 14 10 18
0 15 12 5 14 14 10 8 8 3 17 18 5 11 10
14 0 8 12 11 17 13 7 7 7 13 12 17 16 16
0 5 7 10 1 19 10 19 19 9 19 15 3 20 15
14 16 15 6 18 6 20 16 15 10 16 12 18 4 0
7 0 3 17 1 16 19 20 20 4 13 20 12 18 5
14 4 12 14 15 12 18 18 18 6 13 10 0 5 17
7 17 5 19 6 19 11 15 15 6 12 5 11 14 17
14 8 14 8 6 4 10 4 4 3 10 8 18 5 6
0 17 12 10 17 15 3 0 0 13 4 16 6 9 11
7 16 12 10 17 12 2 17 17 7 3 14 6 8 16
0 3 4 9 20 0 18 3 3 10 20 16 12 5 14
85 86 93 88 88 90 61 67 82 69