3
15
10
14 17 7 6 3 19 15 17 17 10 10 19 10 3 14
7 19 10 15 7 13 2 13 13 15 4 5 14 5 17
7 19 1 10 11 5 3 2 2 5 10 14 6 6 8
0 4 18 18 8 8 6 1 1 9 7 7 17 11 14
7 9 17 16 19 9 3 13 13 10 13 10 4 15 14
0 20 4 12 14 17 13 10 9 12 10 7 18 20 20
14 4 13 2 18 6 12 14 14 5 7 15 12 13 4
0 8 1 20 12 2 11 12 12 7 6 5 0 0 16
14 0 15 4 2 10 4 9 9 8 5 0 12 10 15
0 12 3 13 3 16 3 19 19 5 4 3 19 0 4
7 0 1 16 13 5 17 15 15 15 18 11 7 4 10
14 20 2 16 14 2 16 11 11 8 18 9 7 3 15
7 7 14 15 17 12 11 18 18 11 13 11 12 0 13
65 86 93 77 56 59 62 77 83 90