3
15
10
14 13 2 5 20 3 11 6 6 12 10 0 6 14 12
7 15 5 14 3 19 18 2 1 17 4 7 10 16 15
7 15 18 8 7 10 20 12 11 7 11 16 2 17 7
0 0 13 16 4 13 2 11 10 11 7 9 13 1 13
7 5 12 14 15 15 19 2 2 12 13 12 0 5 12
0 16 0 10 10 2 9 19 19 14 10 10 14 10 18
14 0 9 0 14 11 7 3 3 7 7 17 8 3 2
0 4 18 18 8 8 6 1 1 9 7 7 17 11 14
14 17 10 2 19 15 0 18 18 10 6 2 8 0 14
0 8 20 12 20 0 20 7 7 7 4 6 15 11 3
7 17 18 14 9 11 13 4 4 17 19 14 3 15 8
14 16 18 14 10 8 11 20 20 10 18 11 3 14 14
7 3 10 13 13 17 6 6 6 13 13 13 8 11 11
62 73 81 53 65 77 70 87 101 75