3
15
10
0 8 5 15 8 20 17 13 13 7 2 9 18 18 16
14 10 8 3 12 14 3 9 9 13 17 16 1 0 19
14 10 0 19 15 6 5 19 19 2 3 4 14 0 10
7 16 16 6 13 8 8 18 18 7 20 18 4 5 16
14 0 15 4 2 10 4 9 9 8 5 0 12 10 15
7 10 3 0 19 18 15 5 5 9 2 18 5 15 1
0 16 12 11 2 7 13 10 10 3 20 5 20 7 6
7 20 0 8 17 3 12 8 8 5 20 16 8 15 18
0 11 14 13 7 10 6 5 5 6 19 11 20 4 17
7 3 2 1 7 16 5 15 14 3 17 14 6 15 6
14 11 0 4 18 6 19 11 11 13 11 1 15 19 12
0 10 0 4 19 3 18 6 6 6 10 20 15 19 17
14 19 13 3 0 12 12 14 14 9 5 1 20 15 15
90 59 66 71 83 74 66 83 77 83