3
15
10
7 15 20 2 8 5 14 19 19 7 16 2 1 2 16
0 18 2 11 12 20 1 14 14 13 10 8 5 5 19
0 17 14 5 16 12 2 3 3 2 17 17 18 5 11
14 2 10 13 13 14 5 2 2 7 13 11 8 10 17
0 7 9 11 3 16 1 14 14 8 19 13 16 15 16
14 18 17 7 20 3 12 11 10 9 16 11 9 20 1
7 2 5 18 3 13 11 16 15 3 13 19 3 12 6
14 6 15 15 17 9 10 13 13 5 13 8 12 20 18
7 19 7 20 8 17 3 10 10 5 12 4 3 9 18
14 10 16 9 8 2 2 20 20 2 10 7 10 20 7
0 19 14 11 19 12 16 16 16 12 3 15 19 3 12
7 18 15 11 19 9 15 12 12 6 3 12 19 3 17
0 5 7 10 1 19 10 19 19 9 19 15 3 20 15
71 81 89 73 94 76 79 94 89 86