3
15
10
0 19 14 11 19 12 16 16 16 12 3 15 19 3 12
14 0 17 20 2 7 3 12 12 18 18 1 2 6 15
14 0 9 15 5 19 4 1 1 7 4 10 14 7 6
7 6 5 2 3 1 7 0 0 12 1 3 5 12 12
14 11 3 20 13 2 4 12 12 13 6 6 12 16 11
7 0 12 16 9 11 14 8 8 14 3 3 6 0 18
0 6 0 6 13 20 13 13 13 8 0 11 0 13 2
7 10 9 3 7 16 12 11 11 10 0 1 9 1 14
0 1 2 8 18 3 5 8 8 10 20 17 20 10 13
7 14 11 18 18 9 4 18 17 8 18 20 6 1 2
14 1 9 20 8 20 18 14 14 17 12 7 15 5 8
0 1 9 0 9 17 17 10 9 11 12 5 15 4 13
14 9 1 19 11 5 12 17 17 14 7 7 0 0 11
38 78 65 59 61 72 86 91 66 72