3
15
10
7 4 6 17 17 0 1 6 5 13 18 9 11 14 11
0 6 9 5 0 15 8 1 1 18 11 16 15 17 14
0 5 0 0 4 7 10 11 11 8 18 4 6 17 6
14 12 17 8 2 10 13 10 10 12 15 18 17 1 12
0 16 16 6 12 11 9 1 1 13 0 0 4 6 11
14 6 3 2 8 20 20 19 18 15 18 18 18 11 17
7 11 12 13 12 8 18 2 2 9 15 5 12 3 1
14 16 1 10 6 4 17 0 0 10 14 16 0 11 13
7 7 14 15 17 12 11 18 18 11 13 11 12 0 13
14 19 2 3 17 18 10 7 7 8 12 14 19 11 2
0 7 0 6 7 7 3 3 3 18 5 1 7 15 7
7 6 1 6 7 4 2 20 20 12 5 20 7 15 12
0 14 14 5 10 14 17 6 6 14 0 1 13 11 10
86 53 104 65 66 90 82 45 72 68