3
15
10
0 10 7 16 10 17 8 8 8 6 2 8 10 12 17
14 12 10 4 14 11 16 4 4 12 17 15 14 15 20
14 12 2 20 17 3 17 14 14 2 3 2 5 16 11
7 18 19 7 15 6 0 13 13 6 20 17 16 0 17
14 2 17 5 4 7 17 4 4 7 5 20 3 4 16
7 12 5 1 0 15 7 1 0 8 2 17 17 9 2
0 18 14 12 4 4 5 5 5 2 20 4 12 1 7
7 1 2 9 19 0 4 3 3 4 20 14 20 10 19
0 13 16 14 9 8 19 0 0 5 18 10 11 19 18
7 5 4 2 9 14 17 10 9 2 17 13 18 10 7
14 13 2 5 20 3 11 6 6 12 10 0 6 14 12
0 12 2 5 0 0 9 2 2 5 10 19 6 13 18
14 0 15 4 2 10 4 9 9 8 5 0 12 10 15
87 65 52 57 68 80 72 67 52 59