3
15
10
7 5 8 18 19 18 13 1 1 12 17 8 2 8 12
0 8 11 6 2 13 0 17 17 17 11 14 6 11 15
0 7 3 1 6 4 1 7 6 7 18 2 19 12 7
14 14 19 9 4 7 5 5 5 11 14 17 9 17 13
0 18 18 7 14 8 1 17 17 12 20 19 16 0 12
14 8 6 3 10 17 12 14 13 14 17 17 10 5 18
7 13 15 14 14 5 10 19 18 8 14 4 4 18 2
14 17 3 11 8 2 9 16 16 9 14 14 13 6 14
7 9 17 16 19 9 3 13 13 10 13 10 4 15 14
14 0 5 4 19 15 1 2 2 7 11 13 11 6 3
0 9 3 7 9 5 16 19 19 17 5 0 20 10 8
7 8 3 7 9 2 14 15 15 11 4 19 20 9 13
0 16 16 6 12 11 9 1 1 13 0 0 4 6 11
82 90 89 83 83 86 57 74 78 53