3
15
10
0 6 3 14 6 1 4 18 18 8 2 10 6 2 15
14 8 6 3 10 17 12 14 13 14 17 17 10 5 18
14 8 18 18 13 8 13 3 2 3 3 5 1 6 10
7 14 14 5 11 11 16 1 1 8 0 19 12 11 16
14 19 13 3 0 12 12 14 14 9 5 1 20 15 15
7 8 0 20 17 0 2 10 10 10 2 20 14 20 0
0 14 9 10 0 9 1 15 15 4 20 6 8 12 5
7 18 19 7 15 6 0 13 13 6 20 17 16 0 17
0 9 11 12 5 13 14 9 9 7 19 12 7 9 17
7 1 20 1 5 19 13 19 19 4 18 16 14 0 6
14 9 18 3 16 9 6 16 16 14 11 3 2 4 11
0 8 19 3 17 6 5 11 11 7 11 0 2 3 16
14 17 10 2 19 15 0 18 18 10 6 2 8 0 14
73 83 70 64 87 77 81 76 60 77