3
15
10
0 2 19 13 2 7 20 7 7 10 3 13 2 13 13
14 4 1 1 6 1 7 2 2 16 18 19 6 16 17
14 4 14 17 9 14 9 12 12 5 4 7 18 17 8
7 10 9 3 7 16 12 11 11 10 0 1 9 1 14
14 15 8 1 17 18 8 2 2 11 6 3 16 5 13
7 4 17 18 13 5 19 20 19 12 3 1 10 10 20
0 10 5 8 17 15 17 4 3 6 0 9 4 2 4
7 14 14 5 11 11 16 1 1 8 0 19 12 11 16
0 5 7 10 1 19 10 19 19 9 19 15 3 20 15
7 18 16 20 1 4 9 8 8 6 18 18 10 11 4
14 5 14 1 12 14 2 4 4 16 11 5 19 15 9
0 5 14 1 13 11 0 0 0 9 11 2 19 14 15
14 13 6 0 15 0 16 7 7 12 6 5 4 11 12
61 70 89 52 73 86 79 73 57 64