-1125.0 -1139.0 -1086.0 -994.0 -1235.0 -998.0
-1065.0 -976.0 -1055.0 -1072.0 -1181.0 -1032.0
-1083.0 -1070.0 -1098.0 -992.0 -1172.0 -1067.0
-1153.0 -1119.0 -1107.0 -991.0 -1259.0 -1015.0
-1166.0 -1085.0 -1108.0 -985.0 -1181.0 -954.0
-1142.0 -989.0 -1082.0 -1046.0 -1151.0 -1019.0
-1129.0 -1043.0 -1086.0 -1038.0 -1235.0 -1023.0
-1145.0 -1070.0 -1112.0 -982.0 -1309.0 -1068.0
-1158.0 -1036.0 -1113.0 -976.0 -1231.0 -1007.0
-1103.0 -1096.0 -1120.0 -942.0 -1250.0 -1058.0
-1050.0 -1066.0 -1123.0 -906.0 -1242.0 -1076.0
-1136.0 -1100.0 -1095.0 -1028.0 -1180.0 -1049.0
-1112.0 -1063.0 -1125.0 -930.0 -1168.0 -1051.0
-1135.0 -1148.0 -1105.0 -928.0 -1233.0 -1022.0
-1111.0 -1089.0 -1127.0 -901.0 -1301.0 -1053.0
-1103.0 -1092.0 -1128.0 -874.0 -1278.0 -1078.0
-1089.0 -1132.0 -1082.0 -998.0 -1215.0 -1032.0
-1092.0 -1011.0 -1014.0 -1122.0 -1242.0 -1107.0
-1092.0 -1061.0 -1139.0 -922.0 -1154.0 -1012.0
-1101.0 -1024.0 -1096.0 -1017.0 -1192.0 -1066.0
-1117.0 -1142.0 -1087.0 -967.0 -1212.0 -1023.0
-1093.0 -1053.0 -1125.0 -968.0 -1307.0 -1080.0
-1106.0 -1019.0 -1126.0 -962.0 -1229.0 -1019.0
-1106.0 -988.0 -1129.0 -954.0 -1091.0 -1072.0
-1053.0 -1019.0 -1152.0 -840.0 -1142.0 -1057.0
-1135.0 -1118.0 -1082.0 -1014.0 -1312.0 -1002.0
-1182.0 -1116.0 -1118.0 -958.0 -1198.0 -1039.0
-1060.0 -1164.0 -1064.0 -838.0 -1125.0 -972.0
-1117.0 -1084.0 -1040.0 -1081.0 -1325.0 -1032.0
-1068.0 -959.0 -1062.0 -1079.0 -1164.0 -1058.0
-1152.0 -1035.0 -1149.0 -892.0 -1247.0 -1009.0
-1215.0 -1166.0 -1049.0 -944.0 -1175.0 -985.0
-1149.0 -1112.0 -1143.0 -872.0 -1268.0 -1048.0
-1150.0 -1094.0 -1066.0 -1071.0 -1215.0 -1042.0
-1133.0 -1022.0 -1077.0 -1058.0 -1233.0 -1026.0
-1098.0 -1072.0 -1007.0 -1085.0 -1200.0 -1067.0
-1228.0 -1096.0 -992.0 -1076.0 -1224.0 -1009.0
-1155.0 -1060.0 -1027.0 -1086.0 -1250.0 -989.0
-1098.0 -1077.0 -1079.0 -1057.0 -1213.0 -1054.0
-1172.0 -1102.0 -1027.0 -1052.0 -1187.0 -1028.0
-1144.0 -1058.0 -1007.0 -1101.0 -1297.0 -1037.0
-1191.0 -1114.0 -1060.0 -1048.0 -1312.0 -993.0
-1133.0 -957.0 -1036.0 -1113.0 -1188.0 -1063.0
-1164.0 -1052.0 -1053.0 -1111.0 -1290.0 -1049.0
-1188.0 -1117.0 -1082.0 -1042.0 -1182.0 -1037.0
-1139.0 -1069.0 -1148.0 -898.0 -1325.0 -1070.0
-1108.0 -945.0 -1028.0 -1118.0 -1131.0 -1005.0
-1060.0 -1049.0 -991.0 -1114.0 -1233.0 -1072.0
-1145.0 -1040.0 -1020.0 -1115.0 -1165.0 -1084.0
-1152.0 -976.0 -1093.0 -1051.0 -1229.0 -1072.0
-1163.0 -1158.0 -1110.0 -897.0 -1230.0 -1013.0
-1095.0 -934.0 -1020.0 -1142.0 -1221.0 -1068.0
-1090.0 -972.0 -1095.0 -1032.0 -1149.0 -1031.0
-1124.0 -1047.0 -1151.0 -839.0 -1241.0 -1003.0
-1103.0 -1126.0 -1053.0 -1041.0 -1250.0 -1025.0
-1082.0 -923.0 -1100.0 -1023.0 -1199.0 -1084.0
-1148.0 -1037.0 -998.0 -1121.0 -1295.0 -1040.0
-1077.0 -1018.0 -944.0 -1125.0 -1303.0 -1086.0
-1141.0 -1149.0 -1069.0 -1012.0 -1217.0 -1020.0
-1147.0 -1044.0 -1111.0 -1015.0 -1182.0 -1036.0
-1225.0 -1153.0 -1039.0 -1005.0 -1251.0 -992.0
-1095.0 -1027.0 -1124.0 -1001.0 -1180.0 -1048.0
-1107.0 -1017.0 -1004.0 -1144.0 -1198.0 -1089.0
-1055.0 -994.0 -962.0 -1145.0 -1202.0 -1055.0
-1219.0 -1156.0 -1067.0 -989.0 -1239.0 -974.0
-1081.0 -1029.0 -1157.0 -809.0 -1139.0 -1048.0
-1076.0 -992.0 -936.0 -1151.0 -1228.0 -1002.0
-1169.0 -1159.0 -1074.0 -981.0 -1214.0 -1011.0
-1110.0 -940.0 -1010.0 -1164.0 -1177.0 -1050.0
-1163.0 -1162.0 -1102.0 -965.0 -1202.0 -993.0
-1112.0 -983.0 -965.0 -1159.0 -1233.0 -1036.0
-1051.0 -1165.0 -1061.0 -859.0 -1119.0 -1036.0
-1032.0 -966.0 -872.0 -1169.0 -1280.0 -1026.0
-1033.0 -1168.0 -1044.0 -811.0 -1107.0 -1003.0
-1087.0 -978.0 -1129.0 -992.0 -1230.0 -1101.0
-1054.0 -971.0 -1142.0 -940.0 -1089.0 -1084.0
-1215.0 -1168.0 -1027.0 -960.0 -1183.0 -970.0
-1141.0 -1043.0 -1147.0 -931.0 -1198.0 -1038.0
-1048.0 -937.0 -1169.0 -798.0 -953.0 -996.0
-1145.0 -1178.0 -1039.0 -923.0 -1145.0 -958.0
-1133.0 -994.0 -1152.0 -922.0 -1248.0 -1091.0
-1123.0 -960.0 -949.0 -1181.0 -1193.0 -1019.0
-1121.0 -1192.0 -1039.0 -902.0 -1163.0 -984.0
-1081.0 -977.0 -1165.0 -908.0 -1246.0 -1103.0
-1062.0 -898.0 -793.0 -1182.0 -1115.0 -980.0
-996.0 -861.0 -833.0 -1184.0 -1135.0 -1021.0
-1100.0 -987.0 -1165.0 -870.0 -1107.0 -1074.0
-1027.0 -856.0 -856.0 -1185.0 -1190.0 -1027.0
-1219.0 -1197.0 -997.0 -871.0 -1111.0 -908.0
-1034.0 -837.0 -866.0 -1190.0 -1166.0 -1037.0
-1139.0 -1198.0 -937.0 -806.0 -1069.0 -911.0
-1025.0 -813.0 -901.0 -1190.0 -1134.0 -1041.0
-1075.0 -922.0 -1173.0 -837.0 -1080.0 -1029.0
