-1023.0 -1030.0 -1172.0 -1030.0 -1142.0 -1192.0
-1032.0 -1061.0 -1153.0 -1062.0 -1243.0 -1158.0
-1039.0 -1061.0 -1146.0 -1104.0 -1158.0 -1211.0
-1018.0 -1107.0 -1173.0 -1045.0 -1218.0 -1208.0
-1050.0 -1107.0 -1144.0 -1030.0 -1221.0 -1098.0
-1002.0 -973.0 -1193.0 -1121.0 -1241.0 -1159.0
-998.0 -1001.0 -1195.0 -1085.0 -1202.0 -1260.0
-1062.0 -1005.0 -1141.0 -1119.0 -1171.0 -1233.0
-1078.0 -992.0 -1123.0 -1115.0 -1246.0 -1198.0
-997.0 -1032.0 -1211.0 -1070.0 -1170.0 -1239.0
-975.0 -993.0 -1220.0 -1119.0 -1136.0 -1216.0
-1085.0 -1013.0 -1116.0 -1085.0 -1237.0 -1277.0
-1099.0 -1067.0 -1085.0 -1090.0 -1294.0 -1167.0
-951.0 -1101.0 -1241.0 -1017.0 -1167.0 -1199.0
-930.0 -1079.0 -1243.0 -1050.0 -1187.0 -1167.0
-922.0 -1127.0 -1246.0 -1019.0 -1151.0 -1185.0
-1104.0 -990.0 -1084.0 -1075.0 -1218.0 -1151.0
-920.0 -997.0 -1272.0 -1081.0 -1169.0 -1176.0
-1120.0 -1021.0 -1058.0 -1149.0 -1234.0 -1170.0
-1128.0 -975.0 -1036.0 -1013.0 -1261.0 -1051.0
-909.0 -1004.0 -1281.0 -1075.0 -1139.0 -1198.0
-1143.0 -1029.0 -1033.0 -1115.0 -1300.0 -1214.0
-884.0 -1027.0 -1284.0 -1081.0 -1076.0 -1161.0
-834.0 -961.0 -1298.0 -1043.0 -1173.0 -1137.0
-1149.0 -991.0 -981.0 -1151.0 -1221.0 -1208.0
-1157.0 -945.0 -959.0 -1015.0 -1248.0 -1089.0
-820.0 -1030.0 -1301.0 -994.0 -1114.0 -1145.0
-748.0 -1023.0 -1303.0 -975.0 -1164.0 -1115.0
-1163.0 -967.0 -908.0 -1055.0 -1242.0 -1070.0
