-1035.0 -1118.0 -1208.0 -935.0 -1079.0 -1014.0
-1010.0 -1074.0 -1215.0 -924.0 -1019.0 -986.0
-1060.0 -1138.0 -1196.0 -939.0 -1005.0 -957.0
-1008.0 -1168.0 -1221.0 -949.0 -1032.0 -1015.0
-1067.0 -1113.0 -1181.0 -944.0 -979.0 -1039.0
-1082.0 -1143.0 -1155.0 -867.0 -1014.0 -1029.0
-1095.0 -1160.0 -1147.0 -894.0 -1029.0 -921.0
-1000.0 -1096.0 -1257.0 -980.0 -1055.0 -1050.0
-937.0 -1166.0 -1281.0 -955.0 -1070.0 -1102.0
-1102.0 -1135.0 -1132.0 -899.0 -1003.0 -1003.0
-865.0 -1153.0 -1288.0 -969.0 -974.0 -1013.0
-1110.0 -1207.0 -1096.0 -868.0 -980.0 -968.0
-796.0 -1179.0 -1303.0 -991.0 -981.0 -1020.0
-1123.0 -1137.0 -1094.0 -881.0 -1003.0 -937.0
