-1013.0 -1131.0 -1201.0 -937.0 -1002.0 -1106.0
-962.0 -1229.0 -1162.0 -876.0 -1032.0 -1143.0
-956.0 -1169.0 -1203.0 -924.0 -1059.0 -1169.0
-994.0 -1150.0 -1164.0 -964.0 -951.0 -1137.0
-999.0 -1257.0 -1197.0 -1028.0 -1014.0 -1131.0
-1002.0 -1083.0 -1119.0 -880.0 -1015.0 -1120.0
-1000.0 -1232.0 -1215.0 -951.0 -1035.0 -1065.0
-983.0 -1135.0 -1146.0 -965.0 -989.0 -1168.0
-995.0 -1177.0 -1108.0 -981.0 -1013.0 -1140.0
-1015.0 -1143.0 -1206.0 -954.0 -1006.0 -1097.0
-1016.0 -1124.0 -1084.0 -982.0 -911.0 -1141.0
-981.0 -1145.0 -1160.0 -901.0 -1039.0 -1178.0
-1031.0 -1248.0 -1196.0 -1021.0 -1060.0 -1037.0
-1006.0 -1156.0 -1216.0 -932.0 -1028.0 -1024.0
-989.0 -1179.0 -1149.0 -862.0 -1079.0 -1142.0
-916.0 -1173.0 -1239.0 -965.0 -1015.0 -1142.0
-937.0 -1244.0 -1132.0 -893.0 -1053.0 -1186.0
-875.0 -1154.0 -1163.0 -937.0 -974.0 -1180.0
-1021.0 -1231.0 -1117.0 -1046.0 -974.0 -1135.0
-1041.0 -1090.0 -1196.0 -994.0 -1044.0 -958.0
-928.0 -1239.0 -1159.0 -901.0 -1044.0 -1184.0
-932.0 -1247.0 -1132.0 -956.0 -1028.0 -1192.0
-961.0 -1173.0 -1080.0 -954.0 -1016.0 -1194.0
-930.0 -1235.0 -1127.0 -939.0 -1024.0 -1201.0
-990.0 -1254.0 -1257.0 -1007.0 -1071.0 -1129.0
-1060.0 -1181.0 -1089.0 -856.0 -1041.0 -1055.0
-1062.0 -1193.0 -1094.0 -873.0 -1045.0 -1046.0
-927.0 -1170.0 -1095.0 -930.0 -1043.0 -1223.0
-905.0 -1178.0 -1013.0 -950.0 -984.0 -1242.0
-1081.0 -1142.0 -1090.0 -909.0 -948.0 -1043.0
-905.0 -1158.0 -1221.0 -966.0 -1053.0 -1173.0
-954.0 -1157.0 -1198.0 -907.0 -1055.0 -1178.0
-950.0 -1201.0 -1225.0 -912.0 -1017.0 -1158.0
-877.0 -1163.0 -1241.0 -896.0 -1054.0 -1142.0
-844.0 -1237.0 -1242.0 -1016.0 -1055.0 -1141.0
-1035.0 -1118.0 -1208.0 -935.0 -1079.0 -1014.0
-1010.0 -1074.0 -1215.0 -924.0 -1019.0 -986.0
-1060.0 -1138.0 -1196.0 -939.0 -1005.0 -957.0
-959.0 -1183.0 -1094.0 -890.0 -1066.0 -1204.0
-1008.0 -1168.0 -1221.0 -949.0 -1032.0 -1015.0
-867.0 -1122.0 -1177.0 -915.0 -1082.0 -1187.0
-1022.0 -1113.0 -1070.0 -915.0 -1051.0 -1152.0
-995.0 -1163.0 -1083.0 -929.0 -1004.0 -1153.0
-921.0 -1280.0 -1272.0 -1029.0 -1078.0 -1136.0
-994.0 -1162.0 -1018.0 -971.0 -938.0 -1167.0
-989.0 -1103.0 -1124.0 -977.0 -1031.0 -1179.0
-883.0 -1196.0 -1155.0 -955.0 -1080.0 -1199.0
-935.0 -1154.0 -1276.0 -938.0 -1066.0 -1111.0
-1067.0 -1113.0 -1181.0 -944.0 -979.0 -1039.0
-1024.0 -1125.0 -1075.0 -932.0 -1055.0 -1143.0
-860.0 -1166.0 -1287.0 -1065.0 -958.0 -1031.0
-1082.0 -1143.0 -1155.0 -867.0 -1014.0 -1029.0
-987.0 -1091.0 -1119.0 -960.0 -1027.0 -1188.0
-965.0 -1181.0 -1053.0 -1009.0 -1000.0 -1202.0
-1095.0 -1160.0 -1147.0 -894.0 -1029.0 -921.0
-924.0 -1161.0 -1143.0 -935.0 -1042.0 -1240.0
-963.0 -1169.0 -1048.0 -992.0 -996.0 -1211.0
-1000.0 -1096.0 -1257.0 -980.0 -1055.0 -1050.0
-1057.0 -1271.0 -1181.0 -971.0 -995.0 -1118.0
-823.0 -1150.0 -1283.0 -932.0 -1027.0 -1046.0
-1070.0 -1127.0 -1072.0 -910.0 -986.0 -1074.0
-845.0 -1158.0 -1108.0 -965.0 -961.0 -1242.0
-1072.0 -1139.0 -1077.0 -927.0 -990.0 -1065.0
-784.0 -1143.0 -1297.0 -970.0 -975.0 -1037.0
-944.0 -1188.0 -1011.0 -1019.0 -945.0 -1242.0
-937.0 -1166.0 -1281.0 -955.0 -1070.0 -1102.0
-1082.0 -1155.0 -1009.0 -874.0 -1001.0 -1059.0
-1089.0 -1214.0 -1054.0 -878.0 -925.0 -1008.0
-1102.0 -1135.0 -1132.0 -899.0 -1003.0 -1003.0
-1108.0 -1195.0 -1091.0 -851.0 -976.0 -977.0
-865.0 -1153.0 -1288.0 -969.0 -974.0 -1013.0
-1110.0 -1207.0 -1096.0 -868.0 -980.0 -968.0
-796.0 -1179.0 -1303.0 -991.0 -981.0 -1020.0
-900.0 -1239.0 -1072.0 -967.0 -1011.0 -1263.0
-1123.0 -1137.0 -1094.0 -881.0 -1003.0 -937.0
