-1125.0 -1077.0 -1124.0 -1247.0 -1046.0 -965.0
-1144.0 -1029.0 -1086.0 -1262.0 -1032.0 -964.0
-1085.0 -1088.0 -1122.0 -1269.0 -1027.0 -961.0
-1104.0 -1047.0 -1036.0 -1244.0 -972.0 -966.0
-1063.0 -1061.0 -1057.0 -1237.0 -1032.0 -990.0
-1200.0 -1071.0 -1169.0 -1280.0 -1131.0 -957.0
-1097.0 -970.0 -1049.0 -1231.0 -1046.0 -991.0
-1071.0 -1036.0 -1107.0 -1224.0 -1008.0 -997.0
-1079.0 -1006.0 -1054.0 -1213.0 -1002.0 -1006.0
-1087.0 -981.0 -1104.0 -1200.0 -978.0 -1013.0
-1118.0 -1047.0 -1042.0 -1304.0 -976.0 -946.0
-1123.0 -1019.0 -1053.0 -1314.0 -992.0 -906.0
-1024.0 -977.0 -1070.0 -1193.0 -1022.0 -1024.0
-1065.0 -1006.0 -1048.0 -1153.0 -998.0 -1026.0
-1073.0 -981.0 -1098.0 -1140.0 -974.0 -1033.0
-1063.0 -1011.0 -1079.0 -1149.0 -1028.0 -1030.0
-1054.0 -1029.0 -1136.0 -1125.0 -988.0 -1034.0
-1070.0 -968.0 -1044.0 -1069.0 -977.0 -1039.0
-1178.0 -1143.0 -1148.0 -1335.0 -1140.0 -905.0
-945.0 -961.0 -1052.0 -1036.0 -921.0 -1053.0
