-942.0 -981.0 -1088.0 -1024.0 -1006.0 -1042.0
-1069.0 -1078.0 -1162.0 -1023.0 -1014.0 -1116.0
-1035.0 -1078.0 -1180.0 -1018.0 -1020.0 -1121.0
-975.0 -1057.0 -1080.0 -1012.0 -1024.0 -1109.0
-1004.0 -1127.0 -1266.0 -1038.0 -1004.0 -1134.0
-1030.0 -1120.0 -1175.0 -1056.0 -985.0 -1162.0
-1096.0 -1141.0 -1168.0 -1058.0 -984.0 -1255.0
-948.0 -1072.0 -1137.0 -1059.0 -977.0 -1175.0
-981.0 -1114.0 -1230.0 -1010.0 -1026.0 -1153.0
-1019.0 -1168.0 -1251.0 -1066.0 -976.0 -1114.0
-997.0 -1044.0 -1183.0 -1068.0 -967.0 -1095.0
-894.0 -984.0 -1167.0 -1069.0 -965.0 -1028.0
-949.0 -1064.0 -1171.0 -994.0 -1043.0 -1081.0
-1014.0 -1015.0 -1067.0 -979.0 -1053.0 -1063.0
-1020.0 -1072.0 -1217.0 -977.0 -1055.0 -1107.0
-965.0 -1018.0 -1129.0 -1070.0 -963.0 -1041.0
-980.0 -1015.0 -1085.0 -974.0 -1059.0 -1068.0
-1020.0 -1068.0 -1134.0 -1079.0 -944.0 -1077.0
-951.0 -1008.0 -1100.0 -1085.0 -936.0 -1005.0
-1009.0 -1116.0 -1210.0 -1089.0 -935.0 -1029.0
-926.0 -1051.0 -1135.0 -966.0 -1065.0 -1100.0
-884.0 -932.0 -1126.0 -1092.0 -924.0 -943.0
-840.0 -933.0 -1063.0 -945.0 -1066.0 -1051.0
-965.0 -1009.0 -1122.0 -933.0 -1094.0 -1054.0
-1029.0 -1062.0 -1224.0 -1096.0 -913.0 -1057.0
-975.0 -1009.0 -1081.0 -905.0 -1099.0 -1125.0
-896.0 -1000.0 -1084.0 -900.0 -1100.0 -1117.0
-952.0 -1063.0 -1216.0 -1099.0 -877.0 -1120.0
-1007.0 -1113.0 -1221.0 -1108.0 -858.0 -1156.0
-938.0 -1053.0 -1187.0 -1114.0 -850.0 -1084.0
-996.0 -1161.0 -1297.0 -1118.0 -849.0 -1108.0
-904.0 -1007.0 -1157.0 -887.0 -1113.0 -1084.0
-871.0 -977.0 -1213.0 -1121.0 -838.0 -1022.0
-870.0 -1067.0 -1207.0 -1122.0 -763.0 -1045.0
-966.0 -978.0 -1144.0 -1126.0 -760.0 -1017.0
-872.0 -1041.0 -1135.0 -1129.0 -753.0 -986.0
-916.0 -1000.0 -1151.0 -1131.0 -699.0 -1025.0
-895.0 -981.0 -1098.0 -1143.0 -692.0 -1048.0
-914.0 -1007.0 -1116.0 -859.0 -1118.0 -1155.0
