-1688.0 -1934.0 -1388.0 -1773.0 -1985.0
-1613.0 -1935.0 -1429.0 -1789.0 -1961.0
-1734.0 -1927.0 -1366.0 -1703.0 -1996.0
-1769.0 -1957.0 -1339.0 -1773.0 -1959.0
-1639.0 -1958.0 -1361.0 -1673.0 -1947.0
-1687.0 -1964.0 -1373.0 -1666.0 -1939.0
-1690.0 -1900.0 -1507.0 -1705.0 -2000.0
-1630.0 -1965.0 -1345.0 -1628.0 -1938.0
-1674.0 -1967.0 -1359.0 -1722.0 -1933.0
-1648.0 -1883.0 -1354.0 -1624.0 -2005.0
-1705.0 -1882.0 -1382.0 -1662.0 -2006.0
-1695.0 -1875.0 -1399.0 -1771.0 -2011.0
-1617.0 -1968.0 -1331.0 -1684.0 -1932.0
-1614.0 -1969.0 -1349.0 -1770.0 -1924.0
-1621.0 -1874.0 -1418.0 -1742.0 -2015.0
-1741.0 -1868.0 -1377.0 -1701.0 -2022.0
-1688.0 -1971.0 -1352.0 -1685.0 -1920.0
-1694.0 -1985.0 -1321.0 -1751.0 -1917.0
-1667.0 -1867.0 -1396.0 -1672.0 -2026.0
-1661.0 -1852.0 -1405.0 -1720.0 -2029.0
-1644.0 -1850.0 -1452.0 -1729.0 -2034.0
-1710.0 -1989.0 -1361.0 -1719.0 -1908.0
-1676.0 -1849.0 -1466.0 -1669.0 -2039.0
-1681.0 -1996.0 -1335.0 -1720.0 -1897.0
-1631.0 -2019.0 -1372.0 -1720.0 -1893.0
-1622.0 -2026.0 -1356.0 -1675.0 -1884.0
-1660.0 -1845.0 -1426.0 -1701.0 -2048.0
-1660.0 -1818.0 -1485.0 -1739.0 -2066.0
-1593.0 -1785.0 -1456.0 -1670.0 -2078.0
-1715.0 -2047.0 -1386.0 -1710.0 -1860.0
-1628.0 -1782.0 -1503.0 -1667.0 -2079.0
-1724.0 -2040.0 -1402.0 -1755.0 -1869.0
-1620.0 -1746.0 -1429.0 -1719.0 -2093.0
-1680.0 -2060.0 -1353.0 -1653.0 -1766.0
-1588.0 -1710.0 -1447.0 -1647.0 -2106.0
-1586.0 -1658.0 -1340.0 -1640.0 -2108.0
-1616.0 -2065.0 -1311.0 -1636.0 -1737.0
-1643.0 -2054.0 -1415.0 -1667.0 -1830.0
-1568.0 -1655.0 -1425.0 -1689.0 -2115.0
-1692.0 -2057.0 -1411.0 -1728.0 -1785.0
-1536.0 -1619.0 -1443.0 -1617.0 -2128.0
-1591.0 -2078.0 -1320.0 -1642.0 -1687.0
