-1005.0 -1260.0 -1100.0 -1030.0 -1168.0 -1022.0
-952.0 -1265.0 -1016.0 -969.0 -1113.0 -969.0
-996.0 -1223.0 -1030.0 -954.0 -1224.0 -997.0
-994.0 -1275.0 -1012.0 -1026.0 -1112.0 -1026.0
-968.0 -1282.0 -1067.0 -1059.0 -1090.0 -1008.0
-982.0 -1290.0 -1071.0 -1011.0 -1081.0 -990.0
-1030.0 -1175.0 -1026.0 -957.0 -1230.0 -1052.0
-987.0 -1295.0 -1031.0 -1012.0 -1079.0 -1012.0
-956.0 -1297.0 -1126.0 -1044.0 -1059.0 -972.0
-961.0 -1302.0 -1086.0 -1045.0 -1057.0 -994.0
-998.0 -1315.0 -1069.0 -1044.0 -1028.0 -984.0
-926.0 -1142.0 -987.0 -956.0 -1239.0 -1002.0
-960.0 -1094.0 -983.0 -959.0 -1245.0 -1057.0
-1005.0 -1317.0 -1051.0 -1104.0 -1017.0 -1106.0
-976.0 -1320.0 -1046.0 -1002.0 -962.0 -910.0
-969.0 -1340.0 -1065.0 -988.0 -929.0 -896.0
-975.0 -1056.0 -929.0 -873.0 -1257.0 -1017.0
-921.0 -1004.0 -890.0 -830.0 -1258.0 -947.0
-949.0 -950.0 -853.0 -879.0 -1264.0 -1064.0
