-1566.0 -1538.0 -1778.0 -1899.0 -1983.0
-1714.0 -1713.0 -1766.0 -1831.0 -2030.0
-1647.0 -1685.0 -1750.0 -1838.0 -1881.0
-1673.0 -1675.0 -1812.0 -1840.0 -2066.0
-1733.0 -1714.0 -1800.0 -1816.0 -2017.0
-1623.0 -1723.0 -1801.0 -1798.0 -2054.0
-1673.0 -1725.0 -1836.0 -1797.0 -1935.0
-1733.0 -1728.0 -1825.0 -1794.0 -2062.0
-1715.0 -1672.0 -1738.0 -1849.0 -2113.0
-1611.0 -1652.0 -1760.0 -1854.0 -1882.0
-1660.0 -1741.0 -1872.0 -1787.0 -2026.0
-1648.0 -1644.0 -1722.0 -1856.0 -1964.0
-1629.0 -1643.0 -1688.0 -1871.0 -1977.0
-1581.0 -1614.0 -1704.0 -1872.0 -1966.0
-1654.0 -1601.0 -1657.0 -1879.0 -2002.0
-1595.0 -1771.0 -1825.0 -1774.0 -2082.0
-1577.0 -1596.0 -1712.0 -1883.0 -2002.0
-1650.0 -1583.0 -1665.0 -1890.0 -2038.0
-1586.0 -1785.0 -1873.0 -1715.0 -2013.0
-1597.0 -1791.0 -1777.0 -1685.0 -1987.0
-1627.0 -1571.0 -1746.0 -1897.0 -2084.0
-1671.0 -1543.0 -1772.0 -1898.0 -2069.0
-1624.0 -1794.0 -1897.0 -1677.0 -2085.0
-1580.0 -1538.0 -1665.0 -1899.0 -1858.0
-1607.0 -1798.0 -1837.0 -1662.0 -2005.0
-1519.0 -1800.0 -1804.0 -1621.0 -1968.0
-1547.0 -1522.0 -1659.0 -1913.0 -1890.0
-1614.0 -1808.0 -1835.0 -1617.0 -1963.0
-1677.0 -1809.0 -1839.0 -1599.0 -2103.0
-1506.0 -1484.0 -1671.0 -1920.0 -1840.0
-1620.0 -1452.0 -1721.0 -1921.0 -1956.0
-1536.0 -1817.0 -1807.0 -1584.0 -1974.0
-1580.0 -1445.0 -1666.0 -1922.0 -1975.0
-1626.0 -1413.0 -1738.0 -1926.0 -1943.0
-1586.0 -1406.0 -1683.0 -1927.0 -1962.0
-1511.0 -1394.0 -1714.0 -1933.0 -1857.0
-1426.0 -1343.0 -1709.0 -1948.0 -1856.0
-1474.0 -1256.0 -1706.0 -1950.0 -1865.0
-1373.0 -1210.0 -1690.0 -1951.0 -1813.0
-1564.0 -1821.0 -1873.0 -1554.0 -2004.0
