-1893.0 -1765.0 -1688.0 -1958.0 -1828.0
-1914.0 -1715.0 -1668.0 -1859.0 -1768.0
-1876.0 -1746.0 -1705.0 -1979.0 -1789.0
-1919.0 -1768.0 -1665.0 -1837.0 -1805.0
-1843.0 -1769.0 -1706.0 -1889.0 -1755.0
-1932.0 -1786.0 -1643.0 -1799.0 -1750.0
-1828.0 -1735.0 -1708.0 -1897.0 -1847.0
-1826.0 -1687.0 -1729.0 -1883.0 -1781.0
-1937.0 -1763.0 -1629.0 -1859.0 -1715.0
-1955.0 -1739.0 -1626.0 -1901.0 -1747.0
-1958.0 -1800.0 -1621.0 -1872.0 -1881.0
-1825.0 -1750.0 -1735.0 -1845.0 -1710.0
-1965.0 -1727.0 -1613.0 -1753.0 -1670.0
-1973.0 -1810.0 -1601.0 -1841.0 -1729.0
-1799.0 -1634.0 -1745.0 -1895.0 -1822.0
-1782.0 -1675.0 -1748.0 -1925.0 -1831.0
-1781.0 -1738.0 -1754.0 -1887.0 -1760.0
-1985.0 -1797.0 -1597.0 -1837.0 -1775.0
-1770.0 -1763.0 -1755.0 -1879.0 -1686.0
-1755.0 -1622.0 -1764.0 -1937.0 -1872.0
-1996.0 -1713.0 -1576.0 -1729.0 -1795.0
-1997.0 -1736.0 -1548.0 -1693.0 -1681.0
-2008.0 -1678.0 -1533.0 -1740.0 -1756.0
-1744.0 -1703.0 -1773.0 -1952.0 -1863.0
-1714.0 -1635.0 -1781.0 -1826.0 -1729.0
-2010.0 -1755.0 -1526.0 -1669.0 -1757.0
-1704.0 -1626.0 -1794.0 -1803.0 -1793.0
-1693.0 -1651.0 -1795.0 -1795.0 -1719.0
-1676.0 -1661.0 -1803.0 -1833.0 -1803.0
-2029.0 -1724.0 -1509.0 -1809.0 -1771.0
-1659.0 -1704.0 -1809.0 -1883.0 -1770.0
-1649.0 -1639.0 -1814.0 -1837.0 -1769.0
-1620.0 -1625.0 -1823.0 -1834.0 -1832.0
-1604.0 -1640.0 -1824.0 -1867.0 -1758.0
-1594.0 -1631.0 -1837.0 -1844.0 -1822.0
-1508.0 -1553.0 -1840.0 -1844.0 -1737.0
-1490.0 -1548.0 -1841.0 -1805.0 -1809.0
-1477.0 -1546.0 -1843.0 -1783.0 -1735.0
-1443.0 -1543.0 -1849.0 -1848.0 -1721.0
-2041.0 -1689.0 -1466.0 -1820.0 -1732.0
