-1039.0 -942.0 -745.0 -1275.0 -974.0 -1000.0
-1049.0 -973.0 -687.0 -1321.0 -942.0 -1029.0
-1020.0 -911.0 -663.0 -1230.0 -980.0 -992.0
-1031.0 -979.0 -765.0 -1297.0 -1002.0 -956.0
-923.0 -919.0 -745.0 -1241.0 -1009.0 -950.0
-1044.0 -938.0 -694.0 -1291.0 -904.0 -1058.0
-1054.0 -893.0 -707.0 -1249.0 -886.0 -1061.0
-1028.0 -905.0 -672.0 -1266.0 -855.0 -1081.0
-965.0 -985.0 -728.0 -1206.0 -853.0 -1084.0
-978.0 -961.0 -731.0 -1238.0 -1011.0 -944.0
-994.0 -1029.0 -785.0 -1266.0 -1035.0 -895.0
-1015.0 -907.0 -678.0 -1210.0 -844.0 -1085.0
-1025.0 -862.0 -691.0 -1168.0 -826.0 -1088.0
-974.0 -921.0 -664.0 -1221.0 -815.0 -1101.0
-1015.0 -1033.0 -806.0 -1315.0 -1041.0 -893.0
-890.0 -948.0 -788.0 -1130.0 -1042.0 -855.0
-1009.0 -1025.0 -722.0 -1282.0 -1046.0 -844.0
-1030.0 -1029.0 -743.0 -1331.0 -1052.0 -842.0
-1040.0 -912.0 -714.0 -1282.0 -808.0 -1113.0
-1024.0 -879.0 -692.0 -1257.0 -759.0 -1136.0
-1026.0 -1002.0 -718.0 -1210.0 -1056.0 -825.0
-948.0 -1060.0 -855.0 -1147.0 -1058.0 -785.0
-967.0 -954.0 -796.0 -1190.0 -1063.0 -754.0
-976.0 -1054.0 -765.0 -1171.0 -1079.0 -749.0
-1011.0 -881.0 -698.0 -1201.0 -748.0 -1140.0
-992.0 -1064.0 -852.0 -1117.0 -1085.0 -688.0
