-788.0 -1005.0 -933.0 -1155.0 -1141.0 -1013.0
-872.0 -1001.0 -941.0 -1135.0 -1184.0 -997.0
-928.0 -1018.0 -919.0 -1177.0 -1125.0 -926.0
-862.0 -1032.0 -951.0 -1083.0 -1119.0 -940.0
-914.0 -951.0 -1055.0 -1075.0 -1193.0 -1047.0
-844.0 -1036.0 -935.0 -1137.0 -1110.0 -1013.0
-842.0 -934.0 -849.0 -1166.0 -1223.0 -932.0
-873.0 -1045.0 -898.0 -1116.0 -1092.0 -896.0
-789.0 -1049.0 -890.0 -1136.0 -1049.0 -912.0
-805.0 -1058.0 -833.0 -1085.0 -1040.0 -932.0
-917.0 -905.0 -995.0 -1115.0 -1227.0 -931.0
-849.0 -1066.0 -929.0 -1104.0 -1034.0 -863.0
-845.0 -1080.0 -892.0 -1118.0 -1018.0 -912.0
-796.0 -886.0 -901.0 -1079.0 -1256.0 -900.0
-761.0 -1084.0 -884.0 -1138.0 -975.0 -928.0
-734.0 -770.0 -860.0 -1015.0 -1259.0 -723.0
-656.0 -1087.0 -849.0 -966.0 -843.0 -870.0
