-975.0 -1229.0 -1301.0 -1503.0 -1003.0 -1237.0
-1044.0 -1142.0 -1251.0 -1376.0 -1027.0 -1120.0
-975.0 -1209.0 -1280.0 -1479.0 -1023.0 -1198.0
-987.0 -1283.0 -1308.0 -1521.0 -997.0 -1246.0
-999.0 -1260.0 -1240.0 -1467.0 -1030.0 -1293.0
-978.0 -1097.0 -1224.0 -1438.0 -1042.0 -1173.0
-964.0 -1125.0 -1220.0 -1386.0 -1048.0 -1134.0
-940.0 -1185.0 -1321.0 -1416.0 -984.0 -1136.0
-931.0 -1161.0 -1324.0 -1421.0 -943.0 -1187.0
-1056.0 -1180.0 -1332.0 -1506.0 -940.0 -1185.0
-1016.0 -1188.0 -1201.0 -1397.0 -1056.0 -1148.0
-927.0 -1130.0 -1180.0 -1347.0 -1071.0 -1097.0
-917.0 -1127.0 -1143.0 -1324.0 -1076.0 -1054.0
-930.0 -1018.0 -1124.0 -1306.0 -1090.0 -1072.0
-1068.0 -1234.0 -1339.0 -1524.0 -934.0 -1194.0
-1004.0 -1156.0 -1112.0 -1354.0 -1093.0 -1183.0
-908.0 -1076.0 -1056.0 -1237.0 -1097.0 -1035.0
-912.0 -1166.0 -1341.0 -1386.0 -919.0 -1193.0
