-2014.0 -1782.0 -1356.0 -2248.0 -1734.0
-2012.0 -1800.0 -1314.0 -2231.0 -1777.0
-1998.0 -1810.0 -1279.0 -2262.0 -1756.0
-2034.0 -1771.0 -1273.0 -2262.0 -1764.0
-1990.0 -1813.0 -1318.0 -2227.0 -1734.0
-1977.0 -1816.0 -1358.0 -2316.0 -1798.0
-2048.0 -1760.0 -1294.0 -2286.0 -1837.0
-1970.0 -1822.0 -1291.0 -2211.0 -1737.0
-1966.0 -1832.0 -1368.0 -2313.0 -1825.0
-2050.0 -1742.0 -1336.0 -2303.0 -1794.0
-2059.0 -1731.0 -1350.0 -2186.0 -1774.0
-1961.0 -1837.0 -1400.0 -2274.0 -1796.0
-1953.0 -1840.0 -1439.0 -2239.0 -1774.0
-1950.0 -1842.0 -1370.0 -2252.0 -1697.0
-1948.0 -1843.0 -1356.0 -2245.0 -1760.0
-1947.0 -1847.0 -1365.0 -2305.0 -1775.0
-1946.0 -1851.0 -1346.0 -2300.0 -1767.0
-2064.0 -1726.0 -1318.0 -2225.0 -1803.0
-2066.0 -1708.0 -1360.0 -2242.0 -1760.0
-1941.0 -1856.0 -1378.0 -2261.0 -1738.0
-1932.0 -1859.0 -1290.0 -2224.0 -1791.0
-2081.0 -1702.0 -1309.0 -2217.0 -1761.0
-2086.0 -1697.0 -1277.0 -2256.0 -1790.0
-1927.0 -1866.0 -1343.0 -2292.0 -1717.0
-2094.0 -1689.0 -1321.0 -2217.0 -1819.0
-2096.0 -1671.0 -1363.0 -2234.0 -1776.0
-1908.0 -1881.0 -1379.0 -2306.0 -1730.0
-1895.0 -1886.0 -1411.0 -2236.0 -1831.0
-1881.0 -1896.0 -1376.0 -2267.0 -1810.0
-2102.0 -1669.0 -1354.0 -2242.0 -1768.0
-1868.0 -1902.0 -1332.0 -2238.0 -1774.0
-1855.0 -1904.0 -1377.0 -2230.0 -1834.0
-2110.0 -1633.0 -1314.0 -2167.0 -1813.0
-2114.0 -1612.0 -1365.0 -2108.0 -1731.0
-2121.0 -1605.0 -1382.0 -2184.0 -1841.0
-2126.0 -1599.0 -1338.0 -2106.0 -1779.0
-2130.0 -1590.0 -1362.0 -2058.0 -1709.0
-1841.0 -1914.0 -1342.0 -2261.0 -1813.0
-2136.0 -1579.0 -1309.0 -2155.0 -1786.0
-1804.0 -1915.0 -1335.0 -2234.0 -1757.0
-2148.0 -1570.0 -1297.0 -2137.0 -1766.0
-1789.0 -1917.0 -1288.0 -2195.0 -1773.0
-1778.0 -1920.0 -1343.0 -2206.0 -1812.0
-1776.0 -1924.0 -1352.0 -2205.0 -1831.0
-1756.0 -1925.0 -1377.0 -2132.0 -1778.0
-1754.0 -1929.0 -1386.0 -2131.0 -1797.0
-2152.0 -1561.0 -1321.0 -2089.0 -1696.0
-1743.0 -1931.0 -1333.0 -2103.0 -1742.0
-2153.0 -1514.0 -1339.0 -2100.0 -1785.0
-2157.0 -1505.0 -1363.0 -2052.0 -1715.0
-2162.0 -1500.0 -1331.0 -2091.0 -1744.0
-1741.0 -1933.0 -1307.0 -2169.0 -1813.0
-1697.0 -1935.0 -1358.0 -2135.0 -1772.0
-2164.0 -1481.0 -1323.0 -2079.0 -1750.0
-2166.0 -1456.0 -1320.0 -1981.0 -1702.0
-2167.0 -1454.0 -1367.0 -1961.0 -1624.0
-2172.0 -1447.0 -1300.0 -2067.0 -1705.0
-1684.0 -1941.0 -1314.0 -2106.0 -1736.0
-1656.0 -1944.0 -1342.0 -2040.0 -1778.0
-1631.0 -1945.0 -1361.0 -2031.0 -1716.0
-1587.0 -1947.0 -1412.0 -1997.0 -1675.0
-2179.0 -1439.0 -1317.0 -2079.0 -1774.0
-2181.0 -1335.0 -1292.0 -1861.0 -1612.0
-1574.0 -1953.0 -1368.0 -1968.0 -1639.0
