-1751.0 -1738.0 -1917.0 -1741.0 -1772.0
-1755.0 -1742.0 -1908.0 -1819.0 -1771.0
-1812.0 -1752.0 -1983.0 -1699.0 -1770.0
-1773.0 -1737.0 -1939.0 -1705.0 -1788.0
-1812.0 -1722.0 -1910.0 -1704.0 -1803.0
-1793.0 -1763.0 -1851.0 -1780.0 -1767.0
-1758.0 -1768.0 -1840.0 -1841.0 -1743.0
-1784.0 -1781.0 -1920.0 -1779.0 -1721.0
-1783.0 -1713.0 -1971.0 -1739.0 -1820.0
-1735.0 -1684.0 -1973.0 -1682.0 -1823.0
-1826.0 -1782.0 -1879.0 -1820.0 -1720.0
-1825.0 -1677.0 -1960.0 -1783.0 -1836.0
-1774.0 -1669.0 -1944.0 -1681.0 -1838.0
-1749.0 -1786.0 -1909.0 -1840.0 -1697.0
-1834.0 -1788.0 -1884.0 -1785.0 -1696.0
-1854.0 -1654.0 -1876.0 -1686.0 -1850.0
-1765.0 -1799.0 -1739.0 -1825.0 -1695.0
-1825.0 -1645.0 -1937.0 -1721.0 -1867.0
-1756.0 -1800.0 -1919.0 -1741.0 -1680.0
-1783.0 -1801.0 -1897.0 -1827.0 -1678.0
-1781.0 -1802.0 -1761.0 -1813.0 -1669.0
-1712.0 -1806.0 -1835.0 -1832.0 -1666.0
-1773.0 -1820.0 -1901.0 -1790.0 -1664.0
-1837.0 -1623.0 -1982.0 -1725.0 -1868.0
-1824.0 -1614.0 -1984.0 -1652.0 -1870.0
-1813.0 -1602.0 -1851.0 -1698.0 -1881.0
-1866.0 -1600.0 -1898.0 -1628.0 -1882.0
-1815.0 -1821.0 -1860.0 -1831.0 -1663.0
-1722.0 -1825.0 -1861.0 -1820.0 -1633.0
-1745.0 -1839.0 -1900.0 -1752.0 -1623.0
-1863.0 -1599.0 -1955.0 -1651.0 -1885.0
-1828.0 -1579.0 -1955.0 -1667.0 -1886.0
-1811.0 -1574.0 -1929.0 -1614.0 -1891.0
-1772.0 -1840.0 -1878.0 -1838.0 -1621.0
-1804.0 -1558.0 -1824.0 -1640.0 -1899.0
-1802.0 -1841.0 -1837.0 -1749.0 -1590.0
-1805.0 -1544.0 -1910.0 -1620.0 -1907.0
-1743.0 -1845.0 -1717.0 -1870.0 -1572.0
-1755.0 -1846.0 -1739.0 -1764.0 -1570.0
-1919.0 -1538.0 -1998.0 -1675.0 -1908.0
-1802.0 -1530.0 -1902.0 -1556.0 -1909.0
-1694.0 -1861.0 -1749.0 -1865.0 -1561.0
-1828.0 -1518.0 -1926.0 -1596.0 -1915.0
-1739.0 -1862.0 -1782.0 -1789.0 -1538.0
-1700.0 -1864.0 -1735.0 -1877.0 -1530.0
-1717.0 -1870.0 -1840.0 -1826.0 -1509.0
-1587.0 -1872.0 -1687.0 -1790.0 -1461.0
-1594.0 -1879.0 -1640.0 -1838.0 -1453.0
-1796.0 -1500.0 -1883.0 -1562.0 -1925.0
-1732.0 -1346.0 -1929.0 -1571.0 -1928.0
-1655.0 -1893.0 -1706.0 -1796.0 -1451.0
