-1724.0 -1815.0 -1892.0 -1741.0 -1914.0
-1789.0 -1811.0 -1952.0 -1743.0 -1920.0
-1736.0 -1809.0 -1858.0 -1751.0 -1820.0
-1812.0 -1821.0 -1991.0 -1739.0 -1881.0
-1815.0 -1831.0 -1940.0 -1720.0 -1942.0
-1800.0 -1805.0 -1927.0 -1768.0 -1931.0
-1822.0 -1836.0 -1952.0 -1717.0 -1772.0
-1780.0 -1783.0 -1896.0 -1777.0 -1898.0
-1733.0 -1842.0 -1908.0 -1712.0 -1933.0
-1805.0 -1845.0 -1884.0 -1699.0 -1927.0
-1767.0 -1779.0 -1911.0 -1780.0 -1786.0
-1665.0 -1768.0 -1848.0 -1781.0 -1744.0
-1690.0 -1767.0 -1839.0 -1783.0 -1765.0
-1825.0 -1846.0 -1901.0 -1698.0 -1833.0
-1768.0 -1856.0 -1860.0 -1692.0 -1845.0
-1743.0 -1857.0 -1869.0 -1690.0 -1824.0
-1692.0 -1766.0 -1801.0 -1787.0 -1768.0
-1747.0 -1757.0 -1880.0 -1789.0 -1753.0
-1791.0 -1866.0 -1899.0 -1688.0 -1806.0
-1844.0 -1868.0 -1993.0 -1680.0 -1906.0
-1779.0 -1872.0 -1933.0 -1678.0 -1900.0
-1761.0 -1753.0 -1901.0 -1804.0 -1909.0
-1689.0 -1738.0 -1786.0 -1813.0 -1864.0
-1807.0 -1727.0 -1869.0 -1824.0 -1842.0
-1722.0 -1882.0 -1892.0 -1672.0 -1912.0
-1665.0 -1719.0 -1737.0 -1825.0 -1815.0
-1692.0 -1883.0 -1891.0 -1648.0 -1900.0
-1701.0 -1893.0 -1841.0 -1636.0 -1847.0
-1843.0 -1896.0 -1984.0 -1631.0 -1947.0
-1787.0 -1705.0 -1838.0 -1833.0 -1809.0
-1699.0 -1688.0 -1743.0 -1843.0 -1679.0
-1650.0 -1686.0 -1760.0 -1849.0 -1842.0
-1676.0 -1676.0 -1845.0 -1851.0 -1784.0
-1737.0 -1908.0 -1905.0 -1624.0 -1923.0
-1707.0 -1909.0 -1904.0 -1600.0 -1911.0
-1732.0 -1675.0 -1792.0 -1857.0 -1851.0
-1749.0 -1911.0 -1866.0 -1598.0 -1965.0
-1688.0 -1916.0 -1870.0 -1585.0 -1819.0
-1760.0 -1919.0 -1846.0 -1572.0 -1813.0
-1754.0 -1931.0 -1917.0 -1555.0 -1908.0
-1803.0 -1934.0 -1944.0 -1524.0 -1934.0
-1696.0 -1660.0 -1728.0 -1869.0 -1775.0
-1718.0 -1939.0 -1870.0 -1505.0 -1846.0
-1688.0 -1940.0 -1869.0 -1481.0 -1834.0
-1688.0 -1947.0 -1876.0 -1439.0 -1870.0
-1788.0 -1585.0 -1773.0 -1876.0 -1768.0
