-940.0 -1009.0 -1106.0 -1204.0 -930.0 -1091.0
-953.0 -1007.0 -1071.0 -1197.0 -889.0 -1090.0
-921.0 -1042.0 -1108.0 -1147.0 -950.0 -1040.0
-959.0 -954.0 -1040.0 -1223.0 -872.0 -1170.0
-898.0 -1038.0 -1113.0 -1154.0 -903.0 -987.0
-964.0 -1009.0 -1023.0 -1143.0 -943.0 -1059.0
-896.0 -1061.0 -1116.0 -1203.0 -941.0 -1003.0
-880.0 -956.0 -1118.0 -1159.0 -956.0 -1013.0
-873.0 -1062.0 -1119.0 -1098.0 -980.0 -981.0
-968.0 -1037.0 -1022.0 -1233.0 -931.0 -1055.0
-867.0 -1126.0 -1123.0 -1144.0 -885.0 -1063.0
-983.0 -1050.0 -895.0 -1114.0 -839.0 -963.0
-981.0 -1035.0 -987.0 -1226.0 -890.0 -1054.0
-989.0 -917.0 -890.0 -1155.0 -869.0 -1100.0
-991.0 -955.0 -847.0 -1170.0 -843.0 -1046.0
-859.0 -1138.0 -1130.0 -1186.0 -1052.0 -1067.0
-1004.0 -953.0 -812.0 -1163.0 -802.0 -1045.0
