-1736.0 -1955.0 -1428.0 -1531.0 -1521.0
-1725.0 -1958.0 -1480.0 -1530.0 -1548.0
-1824.0 -1970.0 -1509.0 -1529.0 -1679.0
-1806.0 -1953.0 -1529.0 -1534.0 -1608.0
-1832.0 -1947.0 -1561.0 -1535.0 -1628.0
-1840.0 -1946.0 -1504.0 -1539.0 -1687.0
-1758.0 -1944.0 -1576.0 -1558.0 -1607.0
-1813.0 -1973.0 -1561.0 -1528.0 -1706.0
-1672.0 -1976.0 -1576.0 -1503.0 -1547.0
-1802.0 -1987.0 -1513.0 -1502.0 -1621.0
-1793.0 -1923.0 -1617.0 -1572.0 -1613.0
-1838.0 -1993.0 -1622.0 -1499.0 -1680.0
-1807.0 -1910.0 -1462.0 -1574.0 -1601.0
-1779.0 -1996.0 -1600.0 -1486.0 -1591.0
-1762.0 -2006.0 -1534.0 -1483.0 -1608.0
-1756.0 -1903.0 -1500.0 -1577.0 -1669.0
-1751.0 -2009.0 -1586.0 -1482.0 -1635.0
-1848.0 -1900.0 -1451.0 -1585.0 -1621.0
-1707.0 -1896.0 -1514.0 -1595.0 -1561.0
-1718.0 -1893.0 -1462.0 -1596.0 -1534.0
-1726.0 -2013.0 -1486.0 -1478.0 -1542.0
-1782.0 -1882.0 -1542.0 -1600.0 -1693.0
-1877.0 -2017.0 -1566.0 -1462.0 -1695.0
-1794.0 -1880.0 -1550.0 -1612.0 -1606.0
-1799.0 -2018.0 -1539.0 -1458.0 -1636.0
-1809.0 -1876.0 -1507.0 -1622.0 -1606.0
-1869.0 -2040.0 -1514.0 -1456.0 -1746.0
-1846.0 -2043.0 -1511.0 -1438.0 -1628.0
-1721.0 -2044.0 -1596.0 -1430.0 -1648.0
-1841.0 -2052.0 -1561.0 -1424.0 -1628.0
-1871.0 -1863.0 -1587.0 -1628.0 -1692.0
-1805.0 -2059.0 -1513.0 -1419.0 -1562.0
-1772.0 -2061.0 -1610.0 -1410.0 -1619.0
-1776.0 -1834.0 -1535.0 -1640.0 -1589.0
-1819.0 -2065.0 -1562.0 -1406.0 -1752.0
-1783.0 -2072.0 -1514.0 -1401.0 -1686.0
-1696.0 -2074.0 -1522.0 -1394.0 -1547.0
-1772.0 -2075.0 -1506.0 -1383.0 -1636.0
-1825.0 -2077.0 -1575.0 -1380.0 -1688.0
-1847.0 -2078.0 -1602.0 -1378.0 -1700.0
-1754.0 -2079.0 -1488.0 -1377.0 -1561.0
-1724.0 -1809.0 -1462.0 -1649.0 -1603.0
-1861.0 -2080.0 -1547.0 -1375.0 -1666.0
-1796.0 -2088.0 -1470.0 -1373.0 -1587.0
-1839.0 -2101.0 -1550.0 -1372.0 -1751.0
-1765.0 -1793.0 -1460.0 -1668.0 -1669.0
-1754.0 -1760.0 -1469.0 -1670.0 -1500.0
-1803.0 -2108.0 -1502.0 -1367.0 -1685.0
-1767.0 -2111.0 -1615.0 -1334.0 -1651.0
-1644.0 -1754.0 -1369.0 -1674.0 -1583.0
-1680.0 -1740.0 -1467.0 -1676.0 -1562.0
-1731.0 -2118.0 -1567.0 -1329.0 -1585.0
-1670.0 -1732.0 -1445.0 -1683.0 -1544.0
-1806.0 -2135.0 -1559.0 -1297.0 -1666.0
-1596.0 -1712.0 -1443.0 -1689.0 -1606.0
-1668.0 -1664.0 -1355.0 -1690.0 -1487.0
-1648.0 -1657.0 -1369.0 -1701.0 -1501.0
-1650.0 -1632.0 -1478.0 -1703.0 -1514.0
-1561.0 -1619.0 -1406.0 -1704.0 -1488.0
-1543.0 -1573.0 -1455.0 -1706.0 -1476.0
-1577.0 -1565.0 -1382.0 -1709.0 -1387.0
-1541.0 -1505.0 -1365.0 -1713.0 -1419.0
-1600.0 -1497.0 -1300.0 -1717.0 -1461.0
-1818.0 -2140.0 -1487.0 -1282.0 -1701.0
-1546.0 -1489.0 -1359.0 -1720.0 -1440.0
