-1618.0 -1866.0 -1798.0 -1575.0 -1544.0
-1503.0 -1851.0 -1787.0 -1588.0 -1442.0
-1590.0 -1839.0 -1797.0 -1579.0 -1575.0
-1506.0 -1888.0 -1798.0 -1575.0 -1571.0
-1545.0 -1806.0 -1782.0 -1594.0 -1444.0
-1548.0 -1884.0 -1802.0 -1573.0 -1573.0
-1607.0 -1865.0 -1807.0 -1569.0 -1533.0
-1565.0 -1910.0 -1812.0 -1563.0 -1531.0
-1554.0 -1798.0 -1824.0 -1558.0 -1441.0
-1598.0 -1877.0 -1779.0 -1604.0 -1582.0
-1598.0 -1890.0 -1829.0 -1557.0 -1575.0
-1567.0 -1919.0 -1761.0 -1605.0 -1545.0
-1608.0 -1937.0 -1760.0 -1624.0 -1596.0
-1543.0 -1797.0 -1833.0 -1552.0 -1430.0
-1602.0 -1830.0 -1835.0 -1539.0 -1536.0
-1544.0 -1738.0 -1843.0 -1538.0 -1427.0
-1650.0 -1892.0 -1755.0 -1630.0 -1598.0
-1558.0 -1931.0 -1733.0 -1640.0 -1594.0
-1588.0 -1830.0 -1848.0 -1537.0 -1561.0
-1592.0 -1770.0 -1854.0 -1519.0 -1522.0
-1606.0 -1797.0 -1868.0 -1513.0 -1516.0
-1600.0 -1886.0 -1728.0 -1646.0 -1596.0
-1587.0 -1753.0 -1871.0 -1506.0 -1445.0
-1629.0 -1858.0 -1877.0 -1496.0 -1624.0
-1612.0 -1750.0 -1886.0 -1482.0 -1597.0
-1610.0 -1946.0 -1709.0 -1666.0 -1610.0
-1549.0 -1909.0 -1682.0 -1669.0 -1580.0
-1619.0 -1798.0 -1896.0 -1476.0 -1610.0
-1573.0 -1691.0 -1897.0 -1452.0 -1440.0
-1643.0 -1753.0 -1903.0 -1449.0 -1614.0
-1528.0 -1959.0 -1664.0 -1680.0 -1577.0
-1587.0 -1718.0 -1911.0 -1446.0 -1434.0
-1545.0 -1894.0 -1639.0 -1682.0 -1596.0
-1467.0 -1922.0 -1637.0 -1683.0 -1547.0
-1537.0 -1867.0 -1636.0 -1698.0 -1485.0
-1650.0 -1801.0 -1913.0 -1443.0 -1627.0
-1604.0 -1694.0 -1914.0 -1419.0 -1457.0
-1618.0 -1721.0 -1928.0 -1413.0 -1451.0
-1469.0 -1892.0 -1616.0 -1702.0 -1484.0
-1633.0 -1722.0 -1930.0 -1402.0 -1479.0
-1512.0 -1875.0 -1609.0 -1703.0 -1559.0
-1455.0 -1880.0 -1591.0 -1712.0 -1452.0
-1626.0 -1731.0 -1931.0 -1386.0 -1495.0
-1660.0 -1677.0 -1935.0 -1380.0 -1488.0
-1557.0 -1711.0 -1936.0 -1360.0 -1519.0
-1572.0 -1712.0 -1938.0 -1349.0 -1547.0
-1522.0 -1935.0 -1590.0 -1723.0 -1573.0
-1598.0 -1657.0 -1954.0 -1343.0 -1500.0
-1633.0 -1687.0 -1961.0 -1288.0 -1540.0
-1440.0 -1948.0 -1545.0 -1737.0 -1540.0
-1482.0 -1934.0 -1452.0 -1738.0 -1562.0
-1399.0 -1878.0 -1442.0 -1741.0 -1462.0
-1539.0 -1589.0 -1962.0 -1261.0 -1471.0
-1396.0 -1919.0 -1440.0 -1746.0 -1556.0
-1574.0 -1619.0 -1969.0 -1206.0 -1511.0
-1397.0 -1902.0 -1384.0 -1760.0 -1512.0
