-1678.0 -1525.0 -1606.0 -1624.0 -1647.0
-1633.0 -1595.0 -1594.0 -1652.0 -1648.0
-1602.0 -1550.0 -1614.0 -1574.0 -1636.0
-1602.0 -1565.0 -1621.0 -1573.0 -1623.0
-1673.0 -1482.0 -1588.0 -1587.0 -1657.0
-1541.0 -1453.0 -1580.0 -1417.0 -1658.0
-1647.0 -1495.0 -1633.0 -1545.0 -1622.0
-1657.0 -1530.0 -1635.0 -1608.0 -1612.0
-1664.0 -1443.0 -1574.0 -1467.0 -1660.0
-1635.0 -1550.0 -1568.0 -1581.0 -1669.0
-1667.0 -1555.0 -1650.0 -1570.0 -1609.0
-1694.0 -1548.0 -1651.0 -1546.0 -1596.0
-1551.0 -1554.0 -1557.0 -1571.0 -1673.0
-1630.0 -1507.0 -1550.0 -1544.0 -1679.0
-1588.0 -1521.0 -1653.0 -1487.0 -1595.0
-1588.0 -1536.0 -1660.0 -1486.0 -1582.0
-1540.0 -1432.0 -1543.0 -1550.0 -1681.0
-1703.0 -1544.0 -1664.0 -1652.0 -1581.0
-1605.0 -1545.0 -1665.0 -1463.0 -1572.0
-1643.0 -1501.0 -1674.0 -1521.0 -1571.0
-1682.0 -1541.0 -1678.0 -1629.0 -1568.0
-1633.0 -1573.0 -1537.0 -1602.0 -1684.0
-1669.0 -1649.0 -1682.0 -1520.0 -1567.0
-1695.0 -1543.0 -1526.0 -1655.0 -1692.0
-1725.0 -1671.0 -1522.0 -1689.0 -1694.0
-1691.0 -1622.0 -1684.0 -1581.0 -1565.0
-1664.0 -1421.0 -1517.0 -1417.0 -1696.0
-1690.0 -1500.0 -1508.0 -1618.0 -1702.0
-1720.0 -1628.0 -1504.0 -1652.0 -1704.0
-1566.0 -1419.0 -1498.0 -1592.0 -1716.0
-1648.0 -1520.0 -1703.0 -1506.0 -1550.0
-1521.0 -1489.0 -1486.0 -1620.0 -1717.0
-1568.0 -1572.0 -1477.0 -1602.0 -1718.0
-1688.0 -1487.0 -1714.0 -1523.0 -1521.0
-1651.0 -1556.0 -1716.0 -1549.0 -1508.0
-1647.0 -1525.0 -1470.0 -1575.0 -1724.0
-1727.0 -1495.0 -1717.0 -1481.0 -1502.0
-1672.0 -1630.0 -1722.0 -1539.0 -1496.0
-1630.0 -1461.0 -1461.0 -1499.0 -1735.0
-1601.0 -1475.0 -1723.0 -1481.0 -1484.0
-1625.0 -1418.0 -1443.0 -1462.0 -1745.0
-1629.0 -1528.0 -1741.0 -1464.0 -1481.0
-1620.0 -1587.0 -1743.0 -1574.0 -1454.0
-1556.0 -1438.0 -1417.0 -1559.0 -1749.0
-1586.0 -1566.0 -1413.0 -1593.0 -1751.0
-1592.0 -1368.0 -1404.0 -1479.0 -1752.0
-1538.0 -1461.0 -1400.0 -1435.0 -1757.0
-1665.0 -1517.0 -1755.0 -1546.0 -1453.0
-1617.0 -1414.0 -1393.0 -1408.0 -1763.0
-1714.0 -1670.0 -1761.0 -1501.0 -1428.0
-1533.0 -1418.0 -1382.0 -1398.0 -1767.0
-1546.0 -1336.0 -1373.0 -1437.0 -1768.0
-1512.0 -1433.0 -1370.0 -1552.0 -1772.0
-1522.0 -1296.0 -1368.0 -1377.0 -1775.0
-1649.0 -1588.0 -1766.0 -1483.0 -1416.0
-1658.0 -1518.0 -1769.0 -1510.0 -1394.0
-1552.0 -1457.0 -1362.0 -1556.0 -1777.0
-1498.0 -1351.0 -1338.0 -1395.0 -1785.0
-1595.0 -1365.0 -1331.0 -1434.0 -1788.0
-1526.0 -1366.0 -1329.0 -1460.0 -1789.0
-1689.0 -1534.0 -1773.0 -1495.0 -1390.0
-1642.0 -1497.0 -1780.0 -1507.0 -1366.0
-1625.0 -1493.0 -1327.0 -1468.0 -1790.0
-1461.0 -1285.0 -1307.0 -1384.0 -1793.0
-1462.0 -1448.0 -1306.0 -1525.0 -1794.0
-1544.0 -1492.0 -1301.0 -1570.0 -1796.0
-1474.0 -1493.0 -1293.0 -1427.0 -1799.0
-1482.0 -1270.0 -1289.0 -1374.0 -1802.0
-1651.0 -1578.0 -1786.0 -1459.0 -1363.0
-1534.0 -1354.0 -1270.0 -1441.0 -1806.0
-1476.0 -1398.0 -1262.0 -1430.0 -1809.0
-1446.0 -1367.0 -1257.0 -1504.0 -1811.0
-1616.0 -1487.0 -1787.0 -1427.0 -1302.0
-1516.0 -1322.0 -1250.0 -1477.0 -1812.0
-1528.0 -1300.0 -1220.0 -1377.0 -1814.0
-1526.0 -1389.0 -1209.0 -1455.0 -1825.0
-1534.0 -1490.0 -1789.0 -1369.0 -1274.0
-1484.0 -1386.0 -1203.0 -1411.0 -1826.0
-1459.0 -1512.0 -1163.0 -1437.0 -1829.0
-1467.0 -1289.0 -1159.0 -1384.0 -1832.0
-1474.0 -1356.0 -1084.0 -1405.0 -1835.0
-1614.0 -1479.0 -1795.0 -1431.0 -1237.0
