73.0 135.0 167.0 63.0
94.0 77.0 93.0 106.0
77.0 133.0 125.0 67.0
105.0 78.0 76.0 111.0
61.0 162.0 152.0 72.0
83.0 81.0 96.0 111.0
65.0 153.0 165.0 67.0
73.0 85.0 113.0 103.0
73.0 116.0 126.0 74.0
77.0 120.0 132.0 68.0
81.0 75.0 108.0 105.0
118.0 68.0 85.0 101.0
81.0 99.0 124.0 78.0
87.0 86.0 122.0 80.0
65.0 147.0 143.0 73.0
71.0 148.0 128.0 69.0
79.0 76.0 91.0 122.0
114.0 64.0 75.0 125.0
71.0 108.0 117.0 86.0
67.0 154.0 147.0 70.0
75.0 73.0 116.0 106.0
65.0 174.0 162.0 65.0
81.0 76.0 100.0 114.0
105.0 69.0 79.0 121.0
81.0 73.0 85.0 129.0
69.0 92.0 117.0 97.0
129.0 63.0 72.0 115.0
96.0 74.0 87.0 113.0
75.0 94.0 109.0 96.0
83.0 108.0 132.0 69.0
87.0 99.0 115.0 78.0
67.0 80.0 106.0 118.0
76.0 93.0 108.0 98.0
126.0 56.0 70.0 146.0
104.0 67.0 77.0 124.0
75.0 71.0 93.0 130.0
79.0 103.0 124.0 76.0
98.0 68.0 79.0 129.0
79.0 91.0 115.0 90.0
88.0 75.0 101.0 107.0
114.0 67.0 69.0 129.0
107.0 73.0 90.0 99.0
119.0 66.0 74.0 114.0
79.0 110.0 111.0 81.0
90.0 87.0 107.0 87.0
87.0 65.0 90.0 128.0
93.0 84.0 79.0 113.0
87.0 80.0 107.0 95.0
84.0 98.0 117.0 78.0
102.0 70.0 83.0 117.0
79.0 116.0 117.0 75.0
99.0 68.0 88.0 115.0
75.0 87.0 122.0 91.0
73.0 129.0 119.0 73.0
123.0 62.0 76.0 117.0
82.0 127.0 141.0 60.0
131.0 52.0 73.0 186.0
95.0 79.0 93.0 101.0
89.0 77.0 101.0 102.0
93.0 67.0 82.0 127.0
69.0 100.0 124.0 89.0
122.0 64.0 70.0 129.0
65.0 134.0 150.0 74.0
94.0 89.0 103.0 86.0
125.0 58.0 70.0 143.0
65.0 166.0 158.0 66.0
80.0 105.0 118.0 79.0
104.0 70.0 71.0 128.0
71.0 135.0 135.0 70.0
73.0 108.0 119.0 82.0
61.0 149.0 159.0 73.0
67.0 92.0 115.0 101.0
116.0 59.0 72.0 145.0
77.0 121.0 113.0 76.0
113.0 65.0 78.0 116.0
81.0 109.0 124.0 73.0
115.0 61.0 72.0 142.0
93.0 82.0 99.0 94.0
