88.0 126.0 146.0 58.0
86.0 100.0 88.0 111.0
110.0 120.0 72.0 87.0
65.0 100.0 105.0 120.0
96.0 141.0 100.0 59.0
77.0 123.0 105.0 73.0
129.0 147.0 145.0 45.0
87.0 152.0 53.0 123.0
126.0 144.0 46.0 125.0
107.0 137.0 127.0 53.0
177.0 139.0 53.0 87.0
147.0 148.0 44.0 114.0
124.0 178.0 133.0 43.0
121.0 143.0 59.0 95.0
112.0 134.0 53.0 118.0
117.0 170.0 115.0 47.0
82.0 104.0 83.0 120.0
139.0 139.0 53.0 98.0
98.0 115.0 107.0 68.0
93.0 105.0 178.0 67.0
79.0 110.0 86.0 105.0
109.0 146.0 76.0 71.0
129.0 131.0 101.0 55.0
86.0 106.0 90.0 93.0
142.0 186.0 84.0 51.0
90.0 105.0 73.0 137.0
84.0 102.0 78.0 135.0
58.0 103.0 146.0 102.0
188.0 131.0 54.0 86.0
106.0 152.0 45.0 147.0
139.0 128.0 63.0 85.0
60.0 91.0 159.0 111.0
75.0 125.0 103.0 74.0
88.0 108.0 71.0 141.0
61.0 90.0 157.0 113.0
76.0 115.0 82.0 116.0
100.0 130.0 77.0 76.0
110.0 133.0 69.0 83.0
75.0 113.0 87.0 108.0
129.0 162.0 65.0 76.0
103.0 128.0 146.0 53.0
75.0 98.0 102.0 101.0
164.0 142.0 49.0 94.0
97.0 137.0 99.0 63.0
137.0 151.0 46.0 107.0
100.0 114.0 69.0 107.0
90.0 135.0 59.0 112.0
190.0 140.0 58.0 79.0
119.0 155.0 101.0 53.0
78.0 91.0 137.0 94.0
74.0 95.0 125.0 97.0
127.0 174.0 94.0 50.0
90.0 121.0 65.0 123.0
80.0 101.0 173.0 76.0
129.0 142.0 47.0 117.0
126.0 130.0 75.0 74.0
167.0 141.0 51.0 89.0
74.0 96.0 95.0 115.0
76.0 96.0 104.0 102.0
128.0 134.0 57.0 99.0
77.0 81.0 180.0 97.0
85.0 100.0 84.0 120.0
117.0 158.0 76.0 67.0
140.0 123.0 55.0 104.0
87.0 118.0 90.0 79.0
114.0 139.0 49.0 123.0
76.0 140.0 104.0 68.0
89.0 126.0 63.0 123.0
133.0 149.0 60.0 83.0
77.0 123.0 148.0 66.0
89.0 130.0 78.0 85.0
145.0 148.0 63.0 79.0
151.0 172.0 98.0 44.0
114.0 156.0 63.0 84.0
75.0 80.0 119.0 129.0
149.0 151.0 44.0 111.0
121.0 148.0 96.0 54.0
136.0 150.0 40.0 158.0
108.0 149.0 46.0 144.0
131.0 155.0 43.0 122.0
148.0 162.0 91.0 50.0
140.0 157.0 40.0 124.0
70.0 89.0 110.0 127.0
72.0 91.0 101.0 137.0
80.0 106.0 85.0 116.0
115.0 130.0 74.0 75.0
125.0 152.0 95.0 53.0
130.0 175.0 88.0 53.0
104.0 127.0 65.0 96.0
115.0 131.0 113.0 55.0
149.0 124.0 54.0 101.0
113.0 133.0 65.0 91.0
103.0 142.0 149.0 50.0
65.0 97.0 127.0 102.0
79.0 98.0 104.0 94.0
85.0 118.0 95.0 78.0
92.0 127.0 161.0 57.0
61.0 103.0 143.0 96.0
83.0 79.0 102.0 152.0
93.0 107.0 81.0 99.0
81.0 88.0 144.0 93.0
83.0 87.0 94.0 139.0
115.0 136.0 73.0 75.0
139.0 166.0 102.0 47.0
88.0 114.0 74.0 115.0
72.0 97.0 145.0 90.0
91.0 127.0 123.0 62.0
87.0 135.0 57.0 120.0
81.0 109.0 78.0 121.0
79.0 116.0 77.0 120.0
118.0 132.0 76.0 73.0
142.0 161.0 80.0 55.0
123.0 138.0 99.0 55.0
87.0 109.0 77.0 116.0
76.0 112.0 83.0 113.0
87.0 97.0 111.0 85.0
119.0 134.0 52.0 110.0
85.0 103.0 124.0 77.0
150.0 165.0 89.0 51.0
143.0 144.0 134.0 44.0
71.0 83.0 128.0 120.0
121.0 145.0 103.0 52.0
186.0 161.0 46.0 95.0
140.0 177.0 84.0 52.0
86.0 136.0 77.0 87.0
67.0 104.0 106.0 102.0
74.0 115.0 112.0 80.0
91.0 123.0 66.0 116.0
124.0 149.0 48.0 111.0
132.0 159.0 58.0 86.0
66.0 89.0 120.0 124.0
88.0 104.0 172.0 69.0
85.0 81.0 159.0 89.0
72.0 105.0 121.0 89.0
116.0 126.0 124.0 54.0
163.0 149.0 44.0 104.0
86.0 112.0 80.0 104.0
80.0 133.0 61.0 137.0
177.0 139.0 58.0 81.0
136.0 150.0 46.0 109.0
91.0 116.0 81.0 91.0
177.0 150.0 49.0 90.0
91.0 97.0 79.0 130.0
123.0 171.0 126.0 45.0
107.0 137.0 91.0 61.0
151.0 162.0 64.0 72.0
88.0 87.0 160.0 81.0
97.0 128.0 54.0 132.0
148.0 164.0 78.0 57.0
107.0 156.0 58.0 96.0
84.0 126.0 62.0 140.0
82.0 128.0 91.0 75.0
115.0 127.0 118.0 55.0
89.0 112.0 90.0 80.0
85.0 96.0 150.0 78.0
76.0 123.0 132.0 69.0
136.0 169.0 38.0 151.0
124.0 141.0 76.0 69.0
74.0 100.0 140.0 86.0
93.0 132.0 64.0 107.0
104.0 157.0 68.0 81.0
124.0 142.0 48.0 124.0
114.0 140.0 71.0 79.0
73.0 88.0 107.0 131.0
154.0 168.0 67.0 67.0
116.0 142.0 54.0 105.0
88.0 151.0 109.0 57.0
98.0 126.0 85.0 70.0
91.0 117.0 74.0 104.0
90.0 112.0 69.0 130.0
136.0 142.0 54.0 97.0
91.0 141.0 100.0 60.0
168.0 136.0 57.0 85.0
81.0 89.0 165.0 83.0
83.0 90.0 118.0 95.0
81.0 120.0 75.0 113.0
127.0 121.0 166.0 48.0
88.0 142.0 119.0 57.0
139.0 155.0 76.0 63.0
89.0 126.0 90.0 72.0
131.0 142.0 70.0 72.0
83.0 138.0 55.0 140.0
106.0 140.0 52.0 122.0
74.0 117.0 104.0 81.0
85.0 110.0 92.0 87.0
76.0 103.0 91.0 107.0
120.0 124.0 60.0 104.0
179.0 143.0 49.0 92.0
66.0 93.0 120.0 117.0
79.0 89.0 162.0 86.0
74.0 97.0 143.0 88.0
116.0 166.0 121.0 46.0
137.0 177.0 146.0 41.0
78.0 84.0 169.0 88.0
148.0 160.0 46.0 101.0
63.0 97.0 168.0 97.0
109.0 135.0 60.0 104.0
167.0 150.0 56.0 84.0
151.0 130.0 48.0 107.0
124.0 137.0 62.0 89.0
155.0 136.0 54.0 91.0
76.0 95.0 180.0 82.0
101.0 146.0 51.0 125.0
70.0 91.0 148.0 100.0
119.0 149.0 54.0 103.0
112.0 167.0 81.0 61.0
93.0 127.0 65.0 107.0
76.0 108.0 92.0 95.0
80.0 111.0 89.0 96.0
161.0 129.0 55.0 88.0
142.0 158.0 74.0 63.0
128.0 191.0 111.0 43.0
65.0 109.0 170.0 82.0
142.0 132.0 101.0 53.0
131.0 177.0 39.0 129.0
111.0 124.0 54.0 122.0
79.0 95.0 95.0 113.0
81.0 106.0 92.0 91.0
129.0 126.0 65.0 89.0
112.0 138.0 104.0 57.0
146.0 156.0 60.0 80.0
160.0 133.0 59.0 83.0
97.0 134.0 141.0 55.0
64.0 104.0 127.0 98.0
122.0 137.0 45.0 141.0
87.0 120.0 72.0 111.0
124.0 167.0 41.0 133.0
148.0 166.0 92.0 49.0
112.0 135.0 54.0 114.0
96.0 115.0 165.0 60.0
186.0 157.0 52.0 86.0
90.0 136.0 65.0 104.0
110.0 127.0 118.0 56.0
70.0 104.0 109.0 95.0
138.0 172.0 124.0 43.0
101.0 133.0 70.0 84.0
74.0 101.0 132.0 86.0
107.0 150.0 59.0 96.0
137.0 163.0 103.0 47.0
76.0 108.0 89.0 109.0
117.0 125.0 150.0 51.0
112.0 150.0 144.0 47.0
65.0 110.0 112.0 91.0
132.0 149.0 91.0 54.0
123.0 156.0 72.0 68.0
68.0 91.0 112.0 123.0
78.0 118.0 83.0 98.0
117.0 135.0 103.0 56.0
137.0 171.0 61.0 78.0
70.0 95.0 145.0 95.0
87.0 119.0 65.0 131.0
140.0 176.0 62.0 73.0
86.0 132.0 64.0 112.0
133.0 135.0 48.0 117.0
118.0 133.0 159.0 49.0
89.0 130.0 112.0 65.0
71.0 104.0 140.0 85.0
90.0 133.0 71.0 93.0
173.0 136.0 47.0 96.0
78.0 102.0 106.0 91.0
70.0 106.0 106.0 94.0
66.0 98.0 110.0 117.0
132.0 161.0 40.0 151.0
74.0 111.0 105.0 86.0
157.0 148.0 43.0 110.0
80.0 118.0 135.0 69.0
152.0 130.0 53.0 95.0
73.0 89.0 115.0 117.0
85.0 114.0 107.0 70.0
84.0 113.0 124.0 70.0
63.0 102.0 103.0 126.0
105.0 144.0 69.0 82.0
133.0 164.0 152.0 41.0
67.0 88.0 167.0 100.0
83.0 123.0 74.0 108.0
82.0 106.0 133.0 73.0
121.0 162.0 99.0 52.0
135.0 149.0 46.0 112.0
73.0 113.0 102.0 83.0
135.0 146.0 77.0 66.0
71.0 95.0 109.0 111.0
105.0 137.0 64.0 92.0
123.0 161.0 67.0 75.0
97.0 123.0 108.0 65.0
138.0 171.0 98.0 46.0
100.0 127.0 63.0 105.0
152.0 168.0 65.0 68.0
81.0 114.0 75.0 131.0
117.0 127.0 62.0 99.0
112.0 133.0 61.0 101.0
147.0 162.0 91.0 51.0
90.0 141.0 58.0 112.0
92.0 120.0 80.0 89.0
151.0 173.0 124.0 41.0
156.0 195.0 89.0 47.0
124.0 138.0 65.0 85.0
118.0 145.0 68.0 80.0
80.0 107.0 78.0 133.0
133.0 136.0 49.0 111.0
87.0 116.0 76.0 108.0
151.0 133.0 58.0 88.0
84.0 127.0 58.0 148.0
101.0 147.0 80.0 69.0
118.0 157.0 82.0 63.0
96.0 135.0 88.0 69.0
177.0 145.0 52.0 87.0
75.0 92.0 105.0 116.0
81.0 96.0 102.0 98.0
142.0 154.0 71.0 65.0
68.0 110.0 93.0 109.0
126.0 151.0 94.0 54.0
147.0 127.0 57.0 95.0
101.0 136.0 90.0 65.0
75.0 116.0 111.0 78.0
147.0 162.0 39.0 123.0
98.0 127.0 68.0 98.0
91.0 105.0 72.0 134.0
86.0 120.0 74.0 108.0
127.0 133.0 88.0 62.0
63.0 105.0 123.0 100.0
131.0 132.0 49.0 117.0
155.0 135.0 57.0 87.0
105.0 129.0 107.0 59.0
83.0 113.0 76.0 123.0
85.0 79.0 159.0 95.0
86.0 116.0 82.0 94.0
159.0 143.0 46.0 102.0
67.0 89.0 127.0 116.0
89.0 104.0 139.0 69.0
179.0 148.0 57.0 80.0
80.0 106.0 141.0 74.0
165.0 132.0 51.0 91.0
140.0 170.0 63.0 73.0
111.0 140.0 87.0 64.0
131.0 144.0 44.0 134.0
128.0 153.0 112.0 49.0
130.0 154.0 43.0 125.0
111.0 127.0 77.0 73.0
66.0 100.0 112.0 108.0
83.0 110.0 82.0 104.0
96.0 94.0 76.0 147.0
137.0 158.0 40.0 137.0
144.0 118.0 167.0 46.0
83.0 102.0 134.0 77.0
126.0 149.0 43.0 135.0
141.0 140.0 43.0 126.0
118.0 152.0 79.0 66.0
119.0 171.0 129.0 44.0
86.0 93.0 87.0 128.0
128.0 138.0 79.0 67.0
157.0 165.0 38.0 132.0
93.0 132.0 62.0 110.0
116.0 149.0 98.0 55.0
85.0 119.0 77.0 100.0
153.0 126.0 55.0 94.0
101.0 148.0 90.0 63.0
62.0 106.0 115.0 103.0
87.0 101.0 86.0 111.0
108.0 146.0 99.0 57.0
150.0 129.0 49.0 105.0
126.0 132.0 82.0 66.0
141.0 124.0 50.0 114.0
122.0 157.0 46.0 121.0
85.0 131.0 128.0 62.0
144.0 163.0 40.0 120.0
122.0 174.0 140.0 43.0
120.0 147.0 74.0 70.0
119.0 158.0 66.0 77.0
105.0 140.0 53.0 119.0
94.0 107.0 99.0 76.0
56.0 107.0 136.0 100.0
120.0 141.0 70.0 76.0
89.0 113.0 86.0 85.0
112.0 161.0 42.0 153.0
106.0 146.0 57.0 101.0
121.0 165.0 102.0 50.0
126.0 133.0 130.0 49.0
99.0 121.0 81.0 76.0
90.0 121.0 70.0 107.0
111.0 128.0 88.0 66.0
134.0 126.0 167.0 47.0
83.0 117.0 68.0 135.0
114.0 164.0 115.0 48.0
152.0 164.0 90.0 50.0
147.0 121.0 58.0 95.0
152.0 167.0 37.0 147.0
146.0 197.0 83.0 51.0
64.0 84.0 155.0 121.0
71.0 79.0 142.0 128.0
125.0 149.0 69.0 71.0
79.0 105.0 86.0 117.0
128.0 147.0 59.0 90.0
132.0 156.0 44.0 115.0
149.0 191.0 121.0 41.0
92.0 128.0 64.0 111.0
122.0 140.0 117.0 50.0
79.0 111.0 126.0 74.0
121.0 136.0 65.0 88.0
96.0 130.0 83.0 74.0
83.0 130.0 95.0 72.0
132.0 163.0 76.0 62.0
142.0 136.0 46.0 122.0
143.0 181.0 90.0 49.0
74.0 88.0 144.0 99.0
76.0 116.0 82.0 105.0
147.0 147.0 43.0 119.0
110.0 123.0 83.0 72.0
91.0 146.0 55.0 117.0
111.0 127.0 85.0 68.0
96.0 145.0 95.0 59.0
136.0 172.0 126.0 43.0
129.0 169.0 65.0 74.0
77.0 123.0 102.0 75.0
140.0 151.0 42.0 126.0
73.0 81.0 120.0 126.0
188.0 137.0 53.0 86.0
81.0 148.0 105.0 60.0
140.0 136.0 56.0 91.0
79.0 91.0 135.0 93.0
65.0 95.0 169.0 96.0
105.0 131.0 65.0 92.0
82.0 105.0 85.0 115.0
101.0 128.0 71.0 91.0
84.0 96.0 188.0 75.0
59.0 104.0 115.0 111.0
112.0 118.0 67.0 98.0
180.0 143.0 55.0 84.0
169.0 159.0 55.0 83.0
145.0 167.0 58.0 82.0
108.0 137.0 63.0 96.0
82.0 104.0 80.0 131.0
87.0 115.0 102.0 72.0
107.0 141.0 68.0 83.0
146.0 160.0 39.0 131.0
86.0 126.0 66.0 120.0
81.0 136.0 116.0 64.0
79.0 119.0 69.0 143.0
65.0 111.0 130.0 87.0
156.0 130.0 62.0 81.0
76.0 83.0 106.0 138.0
76.0 144.0 128.0 60.0
107.0 132.0 159.0 52.0
103.0 132.0 95.0 63.0
125.0 163.0 41.0 141.0
136.0 168.0 130.0 42.0
94.0 130.0 58.0 115.0
159.0 133.0 53.0 92.0
77.0 96.0 115.0 98.0
120.0 148.0 133.0 47.0
89.0 120.0 105.0 69.0
72.0 78.0 140.0 130.0
90.0 113.0 94.0 79.0
142.0 186.0 93.0 47.0
88.0 108.0 74.0 130.0
152.0 167.0 41.0 111.0
97.0 136.0 59.0 107.0
85.0 109.0 78.0 119.0
160.0 139.0 58.0 83.0
69.0 100.0 112.0 106.0
78.0 94.0 102.0 106.0
84.0 120.0 80.0 98.0
105.0 174.0 140.0 45.0
66.0 104.0 104.0 106.0
106.0 152.0 60.0 95.0
72.0 107.0 156.0 77.0
100.0 133.0 68.0 93.0
115.0 160.0 42.0 140.0
82.0 97.0 126.0 84.0
102.0 156.0 136.0 49.0
88.0 105.0 178.0 68.0
145.0 163.0 99.0 47.0
89.0 95.0 136.0 77.0
102.0 129.0 81.0 73.0
108.0 139.0 109.0 55.0
126.0 148.0 87.0 58.0
92.0 117.0 67.0 119.0
125.0 142.0 55.0 100.0
129.0 134.0 67.0 81.0
145.0 180.0 122.0 41.0
103.0 125.0 114.0 59.0
74.0 90.0 168.0 90.0
70.0 95.0 140.0 98.0
93.0 161.0 137.0 50.0
151.0 152.0 45.0 103.0
115.0 140.0 50.0 116.0
123.0 179.0 116.0 45.0
72.0 108.0 121.0 83.0
117.0 147.0 75.0 70.0
118.0 142.0 66.0 82.0
169.0 153.0 56.0 83.0
162.0 132.0 50.0 98.0
166.0 181.0 80.0 53.0
88.0 126.0 78.0 89.0
70.0 80.0 155.0 120.0
85.0 118.0 71.0 113.0
130.0 153.0 130.0 45.0
116.0 133.0 66.0 84.0
143.0 147.0 167.0 42.0
76.0 93.0 144.0 93.0
90.0 121.0 81.0 83.0
89.0 103.0 133.0 70.0
68.0 97.0 118.0 109.0
92.0 134.0 133.0 58.0
106.0 128.0 88.0 67.0
84.0 115.0 78.0 105.0
138.0 130.0 52.0 106.0
100.0 126.0 109.0 62.0
80.0 93.0 179.0 82.0
100.0 121.0 110.0 64.0
151.0 177.0 120.0 42.0
133.0 142.0 51.0 104.0
122.0 160.0 100.0 52.0
174.0 156.0 44.0 102.0
135.0 150.0 75.0 66.0
88.0 128.0 66.0 108.0
113.0 130.0 79.0 72.0
107.0 126.0 71.0 85.0
107.0 142.0 60.0 97.0
90.0 133.0 56.0 135.0
132.0 162.0 99.0 49.0
77.0 79.0 112.0 140.0
93.0 124.0 60.0 119.0
93.0 120.0 86.0 77.0
81.0 82.0 172.0 87.0
89.0 117.0 76.0 103.0
132.0 158.0 104.0 49.0
90.0 126.0 58.0 135.0
91.0 133.0 52.0 145.0
88.0 121.0 130.0 62.0
78.0 104.0 92.0 99.0
135.0 165.0 92.0 51.0
127.0 139.0 48.0 124.0
121.0 146.0 140.0 47.0
80.0 123.0 151.0 65.0
169.0 132.0 46.0 103.0
72.0 98.0 97.0 111.0
140.0 121.0 65.0 86.0
83.0 92.0 174.0 78.0
123.0 134.0 84.0 63.0
90.0 105.0 83.0 99.0
158.0 177.0 92.0 47.0
166.0 154.0 45.0 99.0
102.0 132.0 64.0 98.0
72.0 92.0 101.0 132.0
99.0 167.0 125.0 49.0
135.0 138.0 52.0 104.0
177.0 164.0 41.0 109.0
72.0 113.0 90.0 100.0
146.0 155.0 50.0 96.0
77.0 78.0 117.0 133.0
84.0 90.0 92.0 155.0
156.0 141.0 45.0 104.0
128.0 147.0 126.0 47.0
146.0 126.0 53.0 102.0
93.0 131.0 108.0 63.0
126.0 147.0 133.0 46.0
65.0 95.0 127.0 108.0
140.0 173.0 81.0 54.0
106.0 130.0 73.0 80.0
88.0 124.0 101.0 70.0
135.0 161.0 41.0 125.0
112.0 130.0 70.0 81.0
78.0 104.0 94.0 91.0
146.0 160.0 103.0 46.0
155.0 183.0 97.0 44.0
73.0 97.0 133.0 94.0
111.0 130.0 60.0 105.0
122.0 140.0 107.0 53.0
85.0 119.0 123.0 66.0
98.0 149.0 48.0 139.0
82.0 87.0 165.0 85.0
133.0 169.0 86.0 54.0
90.0 125.0 65.0 115.0
115.0 128.0 49.0 143.0
77.0 94.0 131.0 90.0
91.0 137.0 94.0 67.0
102.0 127.0 53.0 131.0
93.0 112.0 66.0 138.0
96.0 123.0 114.0 64.0
151.0 165.0 37.0 156.0
83.0 93.0 91.0 119.0
145.0 161.0 76.0 61.0
81.0 107.0 82.0 117.0
115.0 145.0 112.0 53.0
95.0 126.0 92.0 69.0
99.0 121.0 116.0 63.0
64.0 96.0 152.0 102.0
58.0 109.0 129.0 97.0
89.0 115.0 67.0 127.0
109.0 144.0 105.0 55.0
150.0 132.0 55.0 91.0
137.0 162.0 108.0 46.0
94.0 116.0 89.0 76.0
83.0 123.0 75.0 104.0
137.0 141.0 159.0 43.0
143.0 172.0 85.0 53.0
131.0 145.0 42.0 134.0
120.0 133.0 72.0 80.0
91.0 122.0 65.0 119.0
126.0 155.0 86.0 58.0
61.0 87.0 165.0 113.0
149.0 121.0 45.0 130.0
113.0 135.0 53.0 117.0
67.0 132.0 75.0 114.0
154.0 130.0 50.0 99.0
86.0 92.0 118.0 87.0
123.0 143.0 56.0 97.0
84.0 101.0 82.0 127.0
120.0 140.0 56.0 103.0
93.0 100.0 73.0 145.0
147.0 167.0 70.0 64.0
68.0 98.0 100.0 123.0
126.0 156.0 89.0 54.0
111.0 136.0 62.0 91.0
67.0 115.0 88.0 112.0
106.0 133.0 100.0 58.0
83.0 138.0 135.0 58.0
86.0 97.0 84.0 123.0
165.0 145.0 44.0 107.0
67.0 107.0 171.0 81.0
149.0 195.0 117.0 42.0
182.0 153.0 36.0 157.0
71.0 91.0 117.0 113.0
69.0 111.0 90.0 108.0
92.0 109.0 89.0 84.0
81.0 119.0 73.0 120.0
74.0 119.0 104.0 78.0
90.0 128.0 102.0 66.0
108.0 157.0 68.0 78.0
98.0 129.0 68.0 95.0
95.0 139.0 56.0 120.0
103.0 148.0 122.0 52.0
110.0 134.0 68.0 85.0
147.0 139.0 41.0 153.0
69.0 97.0 117.0 105.0
94.0 126.0 90.0 71.0
77.0 119.0 78.0 113.0
89.0 120.0 71.0 107.0
74.0 91.0 133.0 99.0
62.0 104.0 120.0 101.0
67.0 91.0 117.0 121.0
114.0 152.0 53.0 106.0
81.0 87.0 191.0 84.0
137.0 161.0 93.0 51.0
87.0 141.0 104.0 62.0
89.0 123.0 73.0 99.0
85.0 112.0 74.0 123.0
66.0 92.0 161.0 98.0
85.0 113.0 73.0 132.0
110.0 144.0 61.0 95.0
135.0 142.0 74.0 68.0
145.0 144.0 127.0 45.0
110.0 131.0 60.0 105.0
82.0 112.0 94.0 86.0
187.0 158.0 53.0 85.0
133.0 151.0 80.0 62.0
91.0 145.0 132.0 55.0
98.0 117.0 87.0 75.0
82.0 104.0 119.0 80.0
169.0 142.0 50.0 93.0
125.0 155.0 84.0 59.0
125.0 159.0 70.0 70.0
139.0 130.0 45.0 135.0
84.0 99.0 86.0 119.0
108.0 132.0 74.0 79.0
123.0 147.0 48.0 115.0
82.0 122.0 81.0 97.0
183.0 159.0 56.0 80.0
137.0 149.0 85.0 57.0
155.0 123.0 52.0 100.0
77.0 99.0 153.0 81.0
70.0 79.0 152.0 127.0
72.0 78.0 147.0 126.0
72.0 112.0 113.0 81.0
114.0 146.0 81.0 68.0
130.0 155.0 84.0 58.0
80.0 129.0 102.0 70.0
112.0 153.0 47.0 127.0
99.0 126.0 83.0 75.0
76.0 89.0 125.0 105.0
73.0 93.0 157.0 91.0
107.0 123.0 64.0 104.0
88.0 128.0 73.0 97.0
73.0 96.0 102.0 116.0
131.0 157.0 40.0 155.0
129.0 155.0 144.0 44.0
79.0 96.0 90.0 122.0
119.0 143.0 47.0 130.0
94.0 134.0 91.0 68.0
140.0 154.0 69.0 66.0
83.0 126.0 69.0 112.0
123.0 192.0 123.0 42.0
85.0 113.0 75.0 120.0
131.0 145.0 97.0 53.0
133.0 151.0 40.0 171.0
136.0 126.0 65.0 85.0
144.0 146.0 97.0 51.0
137.0 188.0 88.0 49.0
96.0 121.0 64.0 118.0
134.0 181.0 141.0 41.0
108.0 149.0 105.0 54.0
76.0 90.0 108.0 114.0
79.0 109.0 101.0 86.0
133.0 141.0 55.0 96.0
67.0 100.0 146.0 94.0
141.0 188.0 109.0 43.0
139.0 156.0 128.0 44.0
89.0 101.0 97.0 90.0
135.0 143.0 88.0 57.0
87.0 103.0 83.0 107.0
69.0 92.0 116.0 120.0
95.0 146.0 48.0 150.0
82.0 107.0 139.0 72.0
80.0 120.0 122.0 69.0
69.0 94.0 152.0 98.0
93.0 109.0 97.0 75.0
160.0 163.0 91.0 49.0
87.0 111.0 116.0 73.0
145.0 133.0 61.0 83.0
115.0 146.0 126.0 49.0
91.0 121.0 162.0 61.0
80.0 105.0 135.0 75.0
71.0 94.0 110.0 116.0
105.0 146.0 94.0 59.0
69.0 91.0 106.0 136.0
149.0 198.0 82.0 52.0
125.0 168.0 81.0 59.0
108.0 133.0 49.0 146.0
93.0 119.0 61.0 140.0
85.0 107.0 114.0 74.0
75.0 102.0 93.0 111.0
194.0 151.0 57.0 79.0
87.0 82.0 167.0 83.0
166.0 142.0 62.0 77.0
168.0 147.0 47.0 95.0
87.0 119.0 83.0 83.0
95.0 123.0 67.0 103.0
130.0 137.0 51.0 110.0
120.0 144.0 158.0 45.0
97.0 145.0 94.0 60.0
123.0 163.0 56.0 89.0
141.0 133.0 76.0 68.0
73.0 102.0 141.0 84.0
89.0 131.0 59.0 116.0
102.0 128.0 75.0 80.0
65.0 107.0 138.0 89.0
76.0 83.0 115.0 121.0
83.0 122.0 69.0 117.0
68.0 105.0 144.0 86.0
94.0 114.0 71.0 110.0
85.0 106.0 100.0 86.0
135.0 141.0 117.0 48.0
149.0 157.0 129.0 43.0
101.0 141.0 50.0 137.0
135.0 164.0 59.0 81.0
141.0 130.0 64.0 81.0
72.0 97.0 121.0 100.0
129.0 121.0 54.0 112.0
92.0 119.0 76.0 95.0
169.0 152.0 43.0 103.0
70.0 111.0 115.0 83.0
133.0 152.0 41.0 162.0
124.0 133.0 47.0 137.0
165.0 149.0 46.0 98.0
88.0 130.0 95.0 71.0
100.0 133.0 139.0 54.0
126.0 167.0 92.0 53.0
71.0 89.0 149.0 103.0
107.0 134.0 51.0 131.0
144.0 161.0 82.0 54.0
123.0 147.0 169.0 44.0
119.0 140.0 60.0 94.0
131.0 155.0 44.0 118.0
92.0 130.0 159.0 57.0
129.0 165.0 126.0 45.0
106.0 123.0 78.0 77.0
75.0 92.0 154.0 90.0
94.0 104.0 139.0 68.0
109.0 151.0 90.0 57.0
127.0 149.0 71.0 70.0
175.0 134.0 48.0 94.0
91.0 96.0 179.0 70.0
131.0 175.0 77.0 59.0
127.0 176.0 84.0 54.0
116.0 156.0 43.0 149.0
92.0 121.0 80.0 84.0
169.0 169.0 38.0 125.0
80.0 108.0 81.0 124.0
94.0 119.0 74.0 96.0
139.0 149.0 87.0 56.0
101.0 149.0 116.0 53.0
172.0 153.0 42.0 107.0
78.0 112.0 84.0 101.0
70.0 125.0 78.0 114.0
71.0 127.0 77.0 109.0
121.0 140.0 119.0 50.0
73.0 81.0 126.0 124.0
99.0 151.0 56.0 106.0
71.0 140.0 104.0 69.0
95.0 132.0 52.0 136.0
84.0 111.0 79.0 112.0
129.0 153.0 68.0 74.0
93.0 124.0 73.0 92.0
78.0 76.0 117.0 148.0
164.0 153.0 45.0 101.0
131.0 169.0 106.0 46.0
120.0 175.0 123.0 45.0
94.0 114.0 86.0 81.0
97.0 129.0 125.0 59.0
76.0 97.0 188.0 80.0
62.0 89.0 151.0 117.0
88.0 104.0 80.0 115.0
81.0 83.0 166.0 93.0
161.0 138.0 49.0 97.0
69.0 89.0 115.0 125.0
124.0 157.0 62.0 82.0
140.0 163.0 63.0 75.0
103.0 124.0 77.0 79.0
68.0 107.0 94.0 111.0
78.0 100.0 102.0 93.0
137.0 160.0 86.0 55.0
113.0 132.0 130.0 51.0
78.0 121.0 165.0 66.0
107.0 147.0 71.0 79.0
83.0 126.0 64.0 128.0
145.0 133.0 60.0 84.0
164.0 181.0 78.0 54.0
93.0 107.0 74.0 117.0
79.0 105.0 91.0 99.0
67.0 91.0 127.0 110.0
96.0 132.0 51.0 144.0
81.0 140.0 119.0 62.0
131.0 179.0 96.0 49.0
144.0 124.0 52.0 106.0
113.0 164.0 102.0 51.0
78.0 81.0 104.0 142.0
111.0 168.0 153.0 44.0
108.0 151.0 69.0 78.0
108.0 148.0 47.0 143.0
93.0 119.0 62.0 138.0
73.0 108.0 88.0 124.0
74.0 124.0 76.0 113.0
132.0 146.0 43.0 127.0
77.0 109.0 89.0 104.0
90.0 124.0 63.0 128.0
90.0 100.0 77.0 145.0
138.0 161.0 64.0 74.0
93.0 119.0 64.0 126.0
93.0 122.0 96.0 70.0
131.0 155.0 79.0 61.0
104.0 169.0 115.0 49.0
96.0 148.0 90.0 64.0
91.0 122.0 59.0 143.0
114.0 148.0 80.0 67.0
103.0 131.0 68.0 88.0
171.0 134.0 57.0 83.0
77.0 98.0 95.0 107.0
165.0 138.0 54.0 88.0
90.0 113.0 84.0 90.0
64.0 91.0 122.0 120.0
118.0 139.0 148.0 48.0
113.0 125.0 51.0 138.0
104.0 127.0 70.0 87.0
113.0 150.0 94.0 56.0
75.0 79.0 118.0 130.0
109.0 142.0 100.0 57.0
104.0 139.0 107.0 56.0
132.0 155.0 57.0 88.0
112.0 137.0 88.0 64.0
68.0 116.0 108.0 89.0
67.0 101.0 145.0 94.0
122.0 146.0 47.0 122.0
99.0 132.0 61.0 103.0
93.0 116.0 77.0 97.0
86.0 119.0 144.0 64.0
121.0 140.0 109.0 53.0
103.0 165.0 121.0 48.0
122.0 147.0 59.0 91.0
144.0 164.0 100.0 46.0
164.0 156.0 57.0 82.0
103.0 140.0 82.0 71.0
58.0 105.0 137.0 99.0
76.0 130.0 68.0 124.0
83.0 99.0 83.0 128.0
103.0 140.0 130.0 52.0
100.0 154.0 59.0 100.0
96.0 127.0 94.0 68.0
75.0 131.0 112.0 67.0
148.0 176.0 37.0 143.0
82.0 92.0 158.0 83.0
78.0 113.0 102.0 82.0
110.0 137.0 123.0 52.0
129.0 146.0 64.0 80.0
83.0 116.0 72.0 127.0
82.0 136.0 121.0 63.0
91.0 128.0 58.0 123.0
79.0 105.0 121.0 80.0
139.0 157.0 89.0 52.0
70.0 95.0 154.0 92.0
113.0 144.0 119.0 52.0
171.0 151.0 49.0 92.0
104.0 128.0 72.0 84.0
112.0 136.0 141.0 50.0
141.0 158.0 41.0 117.0
122.0 165.0 83.0 59.0
85.0 118.0 89.0 80.0
94.0 132.0 84.0 73.0
145.0 184.0 118.0 42.0
144.0 130.0 45.0 125.0
118.0 139.0 69.0 80.0
133.0 149.0 61.0 82.0
91.0 154.0 47.0 165.0
120.0 158.0 79.0 64.0
69.0 106.0 104.0 98.0
136.0 157.0 72.0 66.0
143.0 151.0 57.0 86.0
101.0 162.0 115.0 51.0
167.0 147.0 50.0 89.0
93.0 121.0 130.0 61.0
155.0 146.0 47.0 97.0
127.0 150.0 62.0 84.0
122.0 130.0 90.0 62.0
85.0 127.0 70.0 104.0
145.0 151.0 61.0 80.0
146.0 186.0 60.0 77.0
76.0 122.0 81.0 102.0
156.0 161.0 43.0 105.0
123.0 129.0 50.0 124.0
86.0 103.0 79.0 127.0
115.0 179.0 112.0 46.0
136.0 135.0 84.0 61.0
93.0 107.0 97.0 78.0
93.0 113.0 88.0 79.0
66.0 87.0 141.0 112.0
151.0 146.0 41.0 119.0
140.0 173.0 90.0 51.0
138.0 149.0 41.0 148.0
127.0 172.0 81.0 56.0
79.0 119.0 123.0 72.0
92.0 122.0 71.0 99.0
124.0 141.0 87.0 62.0
79.0 110.0 81.0 120.0
88.0 121.0 75.0 100.0
75.0 107.0 152.0 77.0
165.0 132.0 52.0 90.0
61.0 106.0 107.0 110.0
118.0 158.0 78.0 66.0
73.0 94.0 162.0 88.0
77.0 96.0 100.0 105.0
132.0 128.0 45.0 136.0
112.0 129.0 166.0 50.0
75.0 112.0 87.0 109.0
123.0 156.0 46.0 121.0
162.0 170.0 81.0 53.0
102.0 153.0 91.0 60.0
97.0 144.0 141.0 52.0
136.0 159.0 62.0 80.0
76.0 108.0 152.0 76.0
65.0 91.0 135.0 110.0
149.0 167.0 72.0 63.0
115.0 130.0 73.0 76.0
115.0 143.0 64.0 87.0
72.0 90.0 105.0 124.0
100.0 163.0 113.0 52.0
145.0 187.0 83.0 52.0
77.0 81.0 123.0 116.0
76.0 93.0 193.0 82.0
113.0 141.0 84.0 66.0
130.0 168.0 137.0 43.0
103.0 139.0 109.0 56.0
129.0 155.0 100.0 51.0
119.0 132.0 110.0 54.0
65.0 89.0 150.0 111.0
82.0 102.0 136.0 77.0
62.0 108.0 112.0 99.0
89.0 91.0 84.0 139.0
95.0 110.0 92.0 77.0
81.0 97.0 91.0 114.0
93.0 136.0 146.0 54.0
94.0 114.0 79.0 96.0
97.0 135.0 67.0 95.0
91.0 125.0 85.0 77.0
111.0 126.0 114.0 58.0
98.0 122.0 73.0 88.0
116.0 139.0 69.0 81.0
135.0 158.0 60.0 81.0
139.0 139.0 47.0 116.0
120.0 138.0 91.0 59.0
125.0 119.0 118.0 54.0
96.0 139.0 55.0 120.0
76.0 89.0 101.0 131.0
146.0 150.0 61.0 80.0
90.0 131.0 95.0 65.0
134.0 160.0 78.0 62.0
98.0 128.0 72.0 88.0
188.0 135.0 48.0 92.0
99.0 140.0 49.0 150.0
145.0 156.0 62.0 79.0
89.0 126.0 64.0 119.0
70.0 107.0 123.0 85.0
105.0 114.0 97.0 68.0
74.0 92.0 150.0 92.0
74.0 108.0 154.0 75.0
71.0 99.0 129.0 96.0
133.0 156.0 67.0 70.0
105.0 150.0 88.0 63.0
88.0 136.0 146.0 55.0
76.0 112.0 112.0 82.0
156.0 140.0 53.0 90.0
148.0 157.0 42.0 114.0
91.0 130.0 70.0 96.0
110.0 139.0 46.0 153.0
151.0 123.0 57.0 95.0
87.0 124.0 73.0 101.0
116.0 136.0 85.0 66.0
106.0 153.0 44.0 148.0
65.0 109.0 123.0 89.0
109.0 136.0 76.0 74.0
126.0 195.0 134.0 41.0
155.0 187.0 93.0 45.0
160.0 133.0 58.0 84.0
132.0 151.0 108.0 49.0
97.0 125.0 79.0 80.0
103.0 135.0 57.0 106.0
128.0 131.0 73.0 74.0
85.0 120.0 122.0 68.0
134.0 131.0 59.0 92.0
95.0 120.0 84.0 78.0
87.0 133.0 69.0 101.0
143.0 164.0 74.0 61.0
129.0 145.0 75.0 69.0
151.0 176.0 94.0 45.0
157.0 169.0 96.0 45.0
95.0 107.0 95.0 79.0
120.0 145.0 105.0 52.0
80.0 94.0 195.0 79.0
87.0 116.0 87.0 84.0
81.0 83.0 99.0 137.0
76.0 98.0 137.0 88.0
110.0 128.0 69.0 85.0
171.0 161.0 42.0 102.0
86.0 117.0 65.0 143.0
119.0 164.0 46.0 118.0
74.0 83.0 141.0 109.0
133.0 159.0 103.0 48.0
96.0 140.0 56.0 111.0
117.0 129.0 166.0 49.0
78.0 116.0 127.0 72.0
143.0 142.0 47.0 104.0
93.0 101.0 100.0 82.0
93.0 106.0 73.0 126.0
141.0 199.0 87.0 49.0
100.0 134.0 67.0 94.0
104.0 101.0 82.0 93.0
82.0 117.0 80.0 101.0
85.0 110.0 84.0 97.0
141.0 148.0 41.0 135.0
157.0 165.0 100.0 44.0
131.0 151.0 78.0 63.0
108.0 147.0 96.0 56.0
140.0 139.0 83.0 60.0
121.0 123.0 75.0 76.0
134.0 137.0 58.0 92.0
148.0 163.0 73.0 63.0
66.0 96.0 153.0 96.0
90.0 118.0 75.0 103.0
131.0 182.0 113.0 43.0
84.0 120.0 105.0 70.0
158.0 134.0 61.0 81.0
101.0 132.0 93.0 64.0
81.0 114.0 80.0 108.0
82.0 107.0 111.0 81.0
81.0 101.0 124.0 80.0
144.0 137.0 59.0 87.0
129.0 133.0 53.0 108.0
90.0 123.0 62.0 132.0
85.0 122.0 66.0 124.0
90.0 114.0 107.0 69.0
77.0 96.0 128.0 89.0
149.0 158.0 102.0 46.0
135.0 163.0 78.0 59.0
91.0 95.0 173.0 71.0
120.0 133.0 61.0 96.0
74.0 94.0 128.0 97.0
87.0 119.0 70.0 115.0
138.0 158.0 117.0 45.0
66.0 100.0 102.0 119.0
79.0 111.0 80.0 117.0
146.0 164.0 76.0 58.0
144.0 157.0 65.0 69.0
79.0 113.0 76.0 125.0
115.0 170.0 44.0 124.0
180.0 151.0 56.0 82.0
96.0 126.0 60.0 111.0
92.0 128.0 70.0 99.0
141.0 148.0 65.0 77.0
80.0 96.0 131.0 82.0
97.0 116.0 71.0 102.0
68.0 85.0 139.0 116.0
85.0 107.0 81.0 111.0
98.0 117.0 66.0 114.0
87.0 108.0 109.0 76.0
82.0 98.0 136.0 80.0
81.0 120.0 72.0 118.0
82.0 119.0 76.0 109.0
89.0 113.0 71.0 123.0
135.0 175.0 86.0 52.0
141.0 179.0 97.0 46.0
150.0 156.0 74.0 62.0
133.0 146.0 52.0 97.0
93.0 126.0 91.0 70.0
134.0 140.0 57.0 95.0
95.0 120.0 75.0 88.0
91.0 128.0 100.0 66.0
149.0 187.0 59.0 78.0
73.0 106.0 109.0 87.0
84.0 108.0 74.0 153.0
152.0 184.0 90.0 47.0
110.0 154.0 70.0 75.0
136.0 133.0 50.0 109.0
146.0 157.0 67.0 68.0
133.0 155.0 60.0 82.0
107.0 133.0 66.0 88.0
99.0 102.0 71.0 132.0
65.0 93.0 135.0 104.0
93.0 142.0 119.0 56.0
109.0 163.0 117.0 49.0
81.0 136.0 108.0 66.0
68.0 102.0 132.0 95.0
144.0 168.0 96.0 47.0
136.0 157.0 102.0 48.0
81.0 122.0 67.0 139.0
109.0 127.0 83.0 69.0
83.0 101.0 82.0 133.0
97.0 106.0 81.0 98.0
148.0 138.0 42.0 128.0
79.0 109.0 113.0 78.0
71.0 97.0 147.0 89.0
92.0 107.0 70.0 137.0
102.0 162.0 113.0 51.0
139.0 134.0 62.0 85.0
99.0 132.0 74.0 83.0
88.0 122.0 96.0 71.0
119.0 149.0 83.0 64.0
82.0 119.0 84.0 93.0
99.0 141.0 55.0 112.0
125.0 169.0 90.0 52.0
102.0 129.0 54.0 130.0
92.0 121.0 67.0 111.0
76.0 75.0 124.0 132.0
106.0 157.0 99.0 54.0
159.0 127.0 54.0 92.0
90.0 105.0 81.0 107.0
83.0 120.0 73.0 109.0
85.0 109.0 85.0 97.0
84.0 100.0 187.0 73.0
177.0 143.0 47.0 93.0
79.0 90.0 135.0 96.0
98.0 130.0 130.0 56.0
76.0 124.0 138.0 68.0
130.0 133.0 64.0 84.0
94.0 117.0 82.0 80.0
81.0 97.0 143.0 79.0
111.0 145.0 82.0 67.0
112.0 154.0 147.0 45.0
78.0 128.0 63.0 139.0
102.0 121.0 54.0 154.0
70.0 100.0 140.0 91.0
75.0 110.0 170.0 74.0
109.0 128.0 52.0 126.0
109.0 131.0 75.0 77.0
97.0 131.0 66.0 99.0
104.0 144.0 50.0 126.0
163.0 166.0 39.0 118.0
80.0 85.0 164.0 90.0
118.0 150.0 43.0 158.0
78.0 106.0 87.0 113.0
90.0 122.0 93.0 73.0
56.0 111.0 128.0 98.0
94.0 124.0 72.0 95.0
112.0 145.0 55.0 106.0
96.0 126.0 78.0 82.0
118.0 138.0 89.0 60.0
131.0 142.0 68.0 75.0
95.0 116.0 61.0 146.0
84.0 143.0 131.0 58.0
174.0 130.0 55.0 86.0
130.0 167.0 88.0 54.0
105.0 135.0 51.0 137.0
113.0 158.0 141.0 46.0
83.0 108.0 93.0 87.0
91.0 123.0 114.0 65.0
118.0 132.0 65.0 90.0
95.0 134.0 65.0 103.0
113.0 147.0 61.0 90.0
86.0 127.0 123.0 63.0
89.0 115.0 85.0 84.0
120.0 147.0 62.0 87.0
118.0 160.0 82.0 62.0
97.0 130.0 73.0 87.0
150.0 142.0 42.0 121.0
175.0 145.0 61.0 77.0
112.0 159.0 105.0 50.0
116.0 141.0 130.0 50.0
130.0 175.0 39.0 137.0
125.0 160.0 105.0 48.0
80.0 103.0 124.0 78.0
123.0 162.0 98.0 51.0
87.0 93.0 86.0 135.0
80.0 125.0 138.0 65.0
86.0 126.0 117.0 64.0
112.0 148.0 46.0 135.0
80.0 131.0 112.0 66.0
74.0 88.0 103.0 128.0
129.0 151.0 148.0 43.0
81.0 103.0 104.0 90.0
105.0 148.0 115.0 53.0
120.0 153.0 50.0 107.0
85.0 123.0 81.0 87.0
127.0 155.0 49.0 103.0
150.0 162.0 93.0 49.0
160.0 170.0 79.0 54.0
106.0 147.0 62.0 90.0
111.0 139.0 51.0 121.0
97.0 119.0 80.0 80.0
126.0 121.0 52.0 120.0
148.0 159.0 70.0 65.0
120.0 137.0 74.0 73.0
67.0 93.0 119.0 114.0
161.0 143.0 38.0 171.0
125.0 143.0 46.0 128.0
102.0 131.0 63.0 100.0
128.0 117.0 54.0 116.0
83.0 95.0 141.0 81.0
81.0 95.0 89.0 144.0
122.0 135.0 127.0 51.0
100.0 145.0 50.0 132.0
160.0 148.0 40.0 114.0
77.0 101.0 88.0 136.0
131.0 155.0 67.0 73.0
74.0 84.0 113.0 127.0
146.0 176.0 82.0 53.0
85.0 123.0 64.0 134.0
87.0 112.0 105.0 74.0
163.0 170.0 40.0 111.0
102.0 153.0 60.0 96.0
114.0 141.0 141.0 49.0
83.0 124.0 137.0 65.0
87.0 115.0 156.0 65.0
144.0 143.0 58.0 87.0
90.0 130.0 78.0 84.0
134.0 124.0 47.0 132.0
96.0 115.0 86.0 79.0
109.0 158.0 46.0 134.0
92.0 99.0 172.0 70.0
126.0 150.0 166.0 44.0
75.0 107.0 87.0 117.0
73.0 86.0 111.0 126.0
128.0 176.0 115.0 45.0
153.0 142.0 43.0 115.0
75.0 108.0 114.0 85.0
134.0 148.0 45.0 119.0
75.0 102.0 94.0 99.0
65.0 98.0 105.0 122.0
69.0 93.0 125.0 107.0
138.0 175.0 60.0 78.0
133.0 144.0 53.0 100.0
123.0 131.0 51.0 115.0
146.0 159.0 62.0 78.0
82.0 132.0 79.0 88.0
143.0 137.0 46.0 119.0
74.0 77.0 132.0 126.0
88.0 127.0 60.0 136.0
85.0 111.0 126.0 73.0
142.0 174.0 103.0 44.0
136.0 133.0 60.0 88.0
109.0 143.0 158.0 48.0
75.0 84.0 109.0 130.0
142.0 134.0 43.0 129.0
139.0 139.0 51.0 101.0
78.0 89.0 96.0 129.0
64.0 91.0 128.0 118.0
98.0 125.0 114.0 60.0
85.0 133.0 63.0 116.0
119.0 129.0 88.0 65.0
128.0 165.0 154.0 42.0
69.0 87.0 144.0 105.0
120.0 151.0 51.0 105.0
118.0 149.0 64.0 83.0
134.0 166.0 134.0 43.0
70.0 111.0 102.0 91.0
76.0 125.0 131.0 68.0
138.0 153.0 95.0 51.0
81.0 112.0 79.0 116.0
125.0 136.0 56.0 100.0
126.0 169.0 97.0 49.0
127.0 166.0 81.0 59.0
126.0 165.0 102.0 49.0
82.0 114.0 91.0 83.0
92.0 145.0 94.0 61.0
129.0 154.0 63.0 81.0
72.0 121.0 80.0 110.0
145.0 160.0 56.0 85.0
129.0 157.0 74.0 65.0
112.0 143.0 109.0 54.0
85.0 118.0 79.0 104.0
124.0 160.0 107.0 48.0
62.0 93.0 130.0 114.0
87.0 125.0 75.0 95.0
87.0 109.0 96.0 82.0
113.0 154.0 48.0 120.0
79.0 89.0 103.0 117.0
130.0 130.0 58.0 98.0
75.0 100.0 97.0 103.0
67.0 91.0 133.0 108.0
67.0 94.0 118.0 116.0
105.0 149.0 47.0 151.0
115.0 158.0 102.0 52.0
103.0 141.0 49.0 137.0
87.0 130.0 59.0 128.0
151.0 126.0 62.0 84.0
152.0 189.0 75.0 59.0
110.0 154.0 83.0 65.0
87.0 96.0 82.0 135.0
63.0 85.0 157.0 119.0
134.0 157.0 70.0 67.0
63.0 88.0 149.0 119.0
73.0 123.0 79.0 105.0
77.0 103.0 89.0 113.0
127.0 137.0 80.0 66.0
182.0 153.0 43.0 101.0
160.0 135.0 47.0 98.0
170.0 135.0 50.0 95.0
118.0 133.0 51.0 117.0
104.0 125.0 56.0 126.0
136.0 139.0 99.0 53.0
113.0 156.0 129.0 47.0
128.0 148.0 73.0 69.0
120.0 187.0 115.0 44.0
109.0 125.0 76.0 77.0
123.0 164.0 94.0 53.0
71.0 78.0 150.0 129.0
93.0 132.0 78.0 79.0
146.0 135.0 47.0 111.0
68.0 85.0 133.0 118.0
158.0 159.0 71.0 63.0
80.0 82.0 167.0 92.0
70.0 117.0 88.0 104.0
133.0 163.0 122.0 44.0
133.0 168.0 148.0 42.0
147.0 160.0 60.0 79.0
79.0 124.0 70.0 122.0
64.0 108.0 119.0 96.0
100.0 124.0 74.0 84.0
69.0 89.0 125.0 114.0
190.0 148.0 61.0 76.0
115.0 133.0 56.0 108.0
95.0 126.0 53.0 159.0
84.0 121.0 80.0 96.0
104.0 142.0 50.0 130.0
92.0 123.0 82.0 79.0
154.0 156.0 75.0 60.0
103.0 156.0 114.0 53.0
167.0 131.0 50.0 97.0
110.0 140.0 78.0 72.0
66.0 98.0 112.0 114.0
151.0 168.0 63.0 72.0
112.0 139.0 64.0 90.0
135.0 126.0 51.0 111.0
74.0 85.0 123.0 115.0
130.0 171.0 85.0 55.0
128.0 132.0 76.0 70.0
76.0 82.0 111.0 131.0
137.0 158.0 62.0 80.0
105.0 144.0 49.0 134.0
82.0 113.0 111.0 75.0
73.0 106.0 92.0 103.0
136.0 181.0 101.0 44.0
134.0 146.0 103.0 50.0
169.0 142.0 45.0 102.0
172.0 162.0 36.0 162.0
106.0 170.0 129.0 46.0
129.0 168.0 101.0 48.0
125.0 127.0 53.0 111.0
126.0 150.0 75.0 67.0
87.0 111.0 85.0 89.0
109.0 139.0 107.0 55.0
101.0 128.0 70.0 92.0
81.0 95.0 93.0 115.0
73.0 117.0 90.0 96.0
74.0 77.0 126.0 128.0
104.0 123.0 55.0 127.0
135.0 149.0 45.0 116.0
97.0 117.0 61.0 133.0
137.0 137.0 50.0 105.0
79.0 118.0 95.0 81.0
77.0 98.0 92.0 118.0
89.0 129.0 71.0 97.0
78.0 129.0 101.0 71.0
78.0 85.0 163.0 94.0
111.0 125.0 55.0 118.0
82.0 113.0 85.0 93.0
116.0 120.0 181.0 52.0
81.0 108.0 117.0 76.0
124.0 128.0 77.0 71.0
130.0 166.0 39.0 144.0
92.0 146.0 54.0 117.0
85.0 118.0 69.0 127.0
138.0 175.0 94.0 47.0
89.0 137.0 50.0 149.0
135.0 124.0 61.0 93.0
128.0 177.0 105.0 45.0
175.0 138.0 46.0 99.0
124.0 146.0 73.0 70.0
105.0 124.0 94.0 66.0
77.0 122.0 142.0 67.0
95.0 135.0 92.0 66.0
152.0 154.0 48.0 95.0
132.0 131.0 62.0 88.0
90.0 108.0 94.0 82.0
82.0 101.0 122.0 82.0
60.0 95.0 151.0 109.0
94.0 135.0 123.0 58.0
92.0 115.0 95.0 75.0
169.0 141.0 53.0 88.0
124.0 153.0 85.0 60.0
67.0 95.0 119.0 108.0
97.0 139.0 116.0 57.0
134.0 141.0 119.0 48.0
107.0 132.0 88.0 66.0
127.0 125.0 149.0 49.0
129.0 133.0 65.0 85.0
95.0 130.0 76.0 83.0
96.0 162.0 117.0 51.0
71.0 94.0 147.0 93.0
116.0 148.0 55.0 102.0
70.0 98.0 105.0 110.0
87.0 121.0 62.0 148.0
127.0 156.0 77.0 65.0
87.0 120.0 82.0 90.0
129.0 162.0 66.0 73.0
103.0 114.0 96.0 69.0
93.0 132.0 71.0 92.0
90.0 126.0 70.0 100.0
80.0 101.0 97.0 95.0
71.0 90.0 109.0 127.0
123.0 127.0 49.0 133.0
122.0 171.0 141.0 43.0
95.0 115.0 66.0 122.0
86.0 127.0 154.0 61.0
128.0 146.0 42.0 147.0
79.0 77.0 110.0 144.0
96.0 127.0 67.0 99.0
119.0 152.0 67.0 77.0
79.0 122.0 83.0 94.0
73.0 115.0 98.0 88.0
90.0 113.0 170.0 63.0
145.0 164.0 76.0 60.0
78.0 138.0 135.0 59.0
120.0 150.0 80.0 64.0
92.0 101.0 75.0 133.0
139.0 148.0 45.0 110.0
82.0 129.0 63.0 133.0
99.0 144.0 99.0 58.0
89.0 126.0 61.0 124.0
109.0 150.0 93.0 58.0
80.0 112.0 96.0 85.0
87.0 120.0 147.0 62.0
87.0 117.0 84.0 89.0
85.0 134.0 57.0 136.0
139.0 170.0 97.0 47.0
85.0 124.0 75.0 100.0
81.0 105.0 154.0 72.0
129.0 153.0 71.0 67.0
94.0 147.0 115.0 56.0
97.0 130.0 60.0 107.0
96.0 124.0 84.0 74.0
81.0 101.0 85.0 124.0
76.0 125.0 77.0 105.0
133.0 146.0 122.0 47.0
62.0 86.0 163.0 115.0
144.0 176.0 77.0 57.0
98.0 99.0 73.0 133.0
67.0 89.0 125.0 119.0
127.0 149.0 50.0 103.0
110.0 146.0 94.0 58.0
135.0 145.0 64.0 78.0
86.0 105.0 154.0 71.0
95.0 124.0 89.0 74.0
135.0 158.0 75.0 64.0
76.0 143.0 122.0 61.0
75.0 92.0 100.0 119.0
74.0 101.0 129.0 88.0
139.0 151.0 66.0 75.0
106.0 130.0 50.0 143.0
123.0 165.0 110.0 47.0
72.0 100.0 93.0 119.0
136.0 164.0 56.0 87.0
156.0 132.0 51.0 95.0
139.0 129.0 57.0 96.0
84.0 109.0 87.0 89.0
77.0 90.0 98.0 123.0
131.0 160.0 82.0 56.0
126.0 135.0 63.0 87.0
113.0 175.0 119.0 46.0
117.0 138.0 59.0 98.0
66.0 103.0 135.0 96.0
127.0 157.0 47.0 110.0
82.0 117.0 86.0 87.0
110.0 153.0 48.0 127.0
97.0 101.0 70.0 140.0
128.0 165.0 113.0 46.0
83.0 97.0 194.0 73.0
118.0 148.0 65.0 82.0
99.0 134.0 91.0 67.0
154.0 136.0 49.0 99.0
79.0 98.0 167.0 80.0
178.0 139.0 51.0 88.0
122.0 153.0 58.0 91.0
90.0 106.0 69.0 145.0
72.0 79.0 134.0 122.0
93.0 144.0 138.0 54.0
92.0 116.0 88.0 77.0
113.0 154.0 86.0 60.0
123.0 146.0 44.0 142.0
150.0 175.0 86.0 50.0
106.0 140.0 58.0 101.0
80.0 142.0 106.0 64.0
131.0 123.0 55.0 108.0
178.0 133.0 52.0 88.0
103.0 140.0 56.0 109.0
123.0 129.0 89.0 63.0
126.0 160.0 118.0 47.0
98.0 128.0 53.0 140.0
164.0 145.0 46.0 100.0
88.0 125.0 160.0 60.0
77.0 84.0 178.0 93.0
81.0 144.0 128.0 59.0
151.0 180.0 38.0 130.0
157.0 136.0 48.0 103.0
121.0 173.0 40.0 143.0
86.0 114.0 148.0 66.0
134.0 137.0 48.0 113.0
86.0 120.0 150.0 63.0
101.0 153.0 79.0 69.0
169.0 139.0 46.0 101.0
75.0 94.0 195.0 80.0
125.0 131.0 70.0 79.0
138.0 138.0 59.0 89.0
113.0 140.0 72.0 80.0
59.0 111.0 124.0 97.0
75.0 94.0 96.0 127.0
143.0 136.0 45.0 122.0
133.0 155.0 63.0 80.0
141.0 155.0 75.0 62.0
113.0 144.0 173.0 47.0
121.0 160.0 44.0 125.0
95.0 119.0 60.0 140.0
114.0 137.0 82.0 68.0
124.0 144.0 66.0 79.0
175.0 165.0 51.0 87.0
165.0 138.0 51.0 90.0
126.0 143.0 77.0 68.0
70.0 80.0 148.0 124.0
116.0 139.0 66.0 83.0
98.0 140.0 130.0 53.0
109.0 146.0 95.0 57.0
80.0 98.0 100.0 97.0
100.0 133.0 57.0 114.0
73.0 95.0 148.0 88.0
128.0 152.0 56.0 90.0
146.0 171.0 88.0 50.0
69.0 81.0 150.0 122.0
71.0 84.0 147.0 111.0
63.0 100.0 107.0 118.0
93.0 119.0 68.0 112.0
147.0 154.0 43.0 114.0
128.0 144.0 62.0 86.0
70.0 83.0 131.0 122.0
80.0 123.0 69.0 127.0
133.0 167.0 96.0 50.0
178.0 164.0 45.0 98.0
105.0 135.0 63.0 99.0
132.0 179.0 122.0 43.0
115.0 164.0 113.0 48.0
84.0 130.0 101.0 69.0
109.0 134.0 62.0 101.0
65.0 106.0 120.0 93.0
88.0 109.0 81.0 103.0
119.0 154.0 86.0 59.0
164.0 142.0 42.0 108.0
122.0 151.0 93.0 56.0
127.0 165.0 115.0 46.0
90.0 136.0 111.0 61.0
84.0 95.0 89.0 124.0
124.0 149.0 60.0 87.0
116.0 133.0 67.0 83.0
167.0 164.0 42.0 105.0
106.0 132.0 93.0 63.0
119.0 134.0 100.0 56.0
140.0 158.0 72.0 64.0
111.0 133.0 80.0 70.0
94.0 154.0 46.0 159.0
120.0 141.0 72.0 73.0
65.0 91.0 133.0 113.0
122.0 135.0 72.0 76.0
70.0 85.0 166.0 108.0
129.0 161.0 42.0 127.0
115.0 131.0 84.0 67.0
83.0 93.0 180.0 77.0
88.0 97.0 194.0 72.0
178.0 150.0 46.0 96.0
90.0 90.0 85.0 137.0
124.0 172.0 40.0 130.0
142.0 131.0 44.0 137.0
178.0 161.0 44.0 100.0
67.0 93.0 108.0 132.0
86.0 137.0 94.0 68.0
66.0 102.0 104.0 112.0
92.0 85.0 88.0 139.0
141.0 176.0 59.0 79.0
95.0 120.0 69.0 106.0
82.0 107.0 87.0 97.0
91.0 103.0 101.0 79.0
114.0 148.0 71.0 72.0
111.0 159.0 107.0 50.0
112.0 145.0 48.0 128.0
113.0 146.0 133.0 48.0
93.0 135.0 125.0 58.0
122.0 152.0 90.0 55.0
75.0 111.0 100.0 87.0
142.0 173.0 38.0 136.0
110.0 128.0 89.0 65.0
81.0 128.0 79.0 92.0
127.0 133.0 114.0 52.0
89.0 123.0 77.0 92.0
68.0 101.0 110.0 107.0
108.0 135.0 76.0 76.0
118.0 123.0 64.0 97.0
95.0 131.0 95.0 64.0
112.0 133.0 59.0 102.0
135.0 152.0 68.0 72.0
89.0 132.0 66.0 104.0
87.0 122.0 169.0 61.0
120.0 166.0 118.0 47.0
72.0 99.0 145.0 84.0
78.0 83.0 176.0 95.0
138.0 167.0 63.0 74.0
