50.0 111.0 114.0 115.0
136.0 44.0 120.0 143.0
121.0 55.0 101.0 115.0
48.0 85.0 133.0 145.0
91.0 121.0 84.0 74.0
98.0 73.0 88.0 99.0
81.0 83.0 86.0 107.0
44.0 97.0 143.0 145.0
120.0 78.0 82.0 81.0
139.0 81.0 72.0 78.0
85.0 70.0 88.0 110.0
75.0 115.0 84.0 91.0
108.0 65.0 97.0 94.0
88.0 83.0 82.0 101.0
42.0 122.0 131.0 138.0
52.0 112.0 110.0 112.0
42.0 151.0 107.0 147.0
150.0 116.0 52.0 73.0
87.0 54.0 116.0 137.0
89.0 63.0 100.0 113.0
64.0 90.0 99.0 113.0
82.0 65.0 96.0 115.0
82.0 54.0 122.0 145.0
115.0 111.0 59.0 82.0
53.0 76.0 131.0 139.0
102.0 72.0 82.0 100.0
115.0 78.0 85.0 81.0
66.0 121.0 97.0 83.0
77.0 115.0 77.0 97.0
110.0 44.0 140.0 153.0
63.0 120.0 91.0 94.0
69.0 67.0 106.0 118.0
81.0 56.0 120.0 141.0
135.0 57.0 88.0 108.0
49.0 134.0 115.0 98.0
97.0 73.0 89.0 99.0
55.0 125.0 103.0 88.0
42.0 147.0 125.0 131.0
76.0 88.0 71.0 122.0
72.0 65.0 108.0 121.0
58.0 70.0 117.0 135.0
48.0 116.0 113.0 117.0
91.0 61.0 100.0 116.0
73.0 64.0 112.0 124.0
121.0 59.0 86.0 112.0
89.0 66.0 85.0 115.0
67.0 99.0 88.0 102.0
63.0 92.0 99.0 108.0
43.0 133.0 119.0 119.0
84.0 125.0 82.0 81.0
74.0 60.0 110.0 136.0
120.0 45.0 125.0 136.0
68.0 125.0 90.0 86.0
90.0 68.0 95.0 102.0
63.0 112.0 96.0 90.0
53.0 138.0 96.0 104.0
95.0 110.0 71.0 89.0
100.0 59.0 105.0 112.0
63.0 65.0 106.0 140.0
117.0 66.0 92.0 87.0
95.0 96.0 76.0 91.0
131.0 48.0 113.0 127.0
85.0 56.0 104.0 135.0
122.0 60.0 95.0 99.0
91.0 65.0 91.0 112.0
99.0 45.0 141.0 180.0
55.0 118.0 95.0 108.0
84.0 52.0 135.0 164.0
75.0 55.0 155.0 156.0
92.0 48.0 147.0 156.0
111.0 93.0 80.0 78.0
77.0 56.0 123.0 140.0
126.0 42.0 133.0 152.0
60.0 100.0 99.0 105.0
65.0 77.0 104.0 121.0
108.0 58.0 93.0 117.0
118.0 46.0 118.0 135.0
103.0 94.0 77.0 80.0
137.0 41.0 133.0 150.0
59.0 73.0 113.0 135.0
91.0 91.0 72.0 98.0
113.0 54.0 105.0 117.0
125.0 106.0 77.0 61.0
86.0 75.0 88.0 104.0
147.0 83.0 65.0 80.0
150.0 78.0 76.0 76.0
93.0 72.0 89.0 101.0
46.0 94.0 136.0 142.0
44.0 122.0 125.0 122.0
83.0 84.0 92.0 100.0
115.0 44.0 135.0 155.0
48.0 96.0 127.0 118.0
71.0 140.0 83.0 88.0
149.0 97.0 58.0 75.0
52.0 78.0 130.0 144.0
70.0 117.0 84.0 92.0
37.0 139.0 150.0 143.0
42.0 126.0 126.0 131.0
52.0 113.0 106.0 103.0
110.0 118.0 82.0 65.0
91.0 48.0 146.0 188.0
110.0 105.0 74.0 75.0
66.0 89.0 94.0 109.0
89.0 59.0 106.0 119.0
54.0 136.0 103.0 87.0
39.0 163.0 129.0 144.0
43.0 113.0 135.0 139.0
98.0 94.0 79.0 90.0
128.0 57.0 92.0 111.0
112.0 77.0 78.0 95.0
80.0 91.0 90.0 98.0
127.0 51.0 99.0 130.0
118.0 54.0 101.0 118.0
75.0 78.0 103.0 99.0
67.0 76.0 102.0 121.0
60.0 79.0 104.0 132.0
105.0 112.0 73.0 77.0
38.0 127.0 154.0 155.0
144.0 45.0 119.0 134.0
73.0 111.0 90.0 86.0
109.0 55.0 104.0 119.0
60.0 66.0 122.0 153.0
140.0 109.0 57.0 73.0
95.0 47.0 156.0 143.0
53.0 108.0 100.0 124.0
83.0 53.0 136.0 133.0
105.0 60.0 91.0 114.0
155.0 51.0 99.0 118.0
113.0 132.0 64.0 78.0
109.0 72.0 81.0 94.0
45.0 104.0 132.0 135.0
137.0 82.0 75.0 78.0
95.0 57.0 110.0 120.0
133.0 97.0 70.0 70.0
125.0 104.0 68.0 71.0
159.0 86.0 64.0 79.0
125.0 91.0 72.0 80.0
116.0 83.0 74.0 87.0
126.0 59.0 87.0 104.0
77.0 117.0 85.0 88.0
107.0 108.0 75.0 75.0
109.0 54.0 103.0 121.0
96.0 136.0 74.0 76.0
89.0 51.0 132.0 140.0
125.0 59.0 86.0 109.0
132.0 74.0 72.0 90.0
103.0 61.0 88.0 117.0
44.0 95.0 151.0 155.0
175.0 82.0 67.0 78.0
46.0 92.0 136.0 159.0
79.0 54.0 139.0 149.0
149.0 82.0 69.0 80.0
151.0 102.0 56.0 72.0
157.0 76.0 69.0 84.0
126.0 51.0 110.0 121.0
79.0 65.0 100.0 127.0
108.0 45.0 128.0 140.0
55.0 103.0 113.0 102.0
80.0 74.0 90.0 111.0
156.0 109.0 56.0 68.0
90.0 116.0 84.0 78.0
81.0 144.0 85.0 76.0
46.0 150.0 107.0 118.0
127.0 65.0 77.0 101.0
135.0 82.0 75.0 79.0
86.0 61.0 104.0 116.0
133.0 69.0 76.0 92.0
49.0 109.0 115.0 116.0
97.0 86.0 91.0 86.0
77.0 62.0 120.0 117.0
71.0 62.0 108.0 133.0
114.0 47.0 128.0 128.0
69.0 76.0 94.0 122.0
49.0 114.0 111.0 116.0
127.0 41.0 130.0 155.0
83.0 107.0 75.0 96.0
54.0 71.0 158.0 160.0
116.0 76.0 83.0 86.0
84.0 98.0 75.0 93.0
45.0 105.0 126.0 139.0
173.0 122.0 55.0 68.0
111.0 101.0 69.0 84.0
116.0 87.0 83.0 75.0
160.0 79.0 65.0 84.0
56.0 71.0 121.0 150.0
88.0 88.0 78.0 95.0
61.0 64.0 152.0 162.0
119.0 82.0 69.0 90.0
72.0 94.0 76.0 117.0
149.0 74.0 76.0 82.0
138.0 83.0 75.0 76.0
99.0 56.0 111.0 117.0
90.0 62.0 97.0 121.0
124.0 92.0 70.0 74.0
108.0 91.0 78.0 81.0
132.0 74.0 83.0 79.0
56.0 81.0 113.0 133.0
94.0 54.0 98.0 142.0
124.0 54.0 98.0 118.0
73.0 118.0 87.0 88.0
84.0 83.0 93.0 91.0
53.0 99.0 118.0 113.0
99.0 47.0 134.0 133.0
94.0 68.0 83.0 112.0
87.0 55.0 110.0 132.0
62.0 66.0 117.0 140.0
104.0 78.0 86.0 88.0
105.0 49.0 134.0 121.0
62.0 98.0 106.0 97.0
61.0 68.0 116.0 138.0
67.0 70.0 110.0 118.0
106.0 64.0 77.0 119.0
130.0 89.0 75.0 72.0
123.0 85.0 77.0 79.0
111.0 56.0 103.0 113.0
128.0 90.0 71.0 72.0
81.0 104.0 78.0 97.0
139.0 72.0 78.0 81.0
68.0 75.0 102.0 124.0
47.0 134.0 110.0 116.0
48.0 92.0 119.0 137.0
103.0 89.0 69.0 98.0
156.0 47.0 116.0 121.0
116.0 73.0 77.0 96.0
40.0 160.0 123.0 142.0
107.0 53.0 101.0 132.0
46.0 87.0 150.0 150.0
57.0 112.0 100.0 104.0
45.0 101.0 127.0 144.0
110.0 77.0 83.0 91.0
41.0 108.0 150.0 152.0
98.0 60.0 102.0 114.0
78.0 106.0 90.0 85.0
134.0 71.0 71.0 94.0
147.0 46.0 121.0 120.0
82.0 58.0 118.0 127.0
91.0 49.0 137.0 153.0
136.0 47.0 128.0 119.0
139.0 43.0 135.0 135.0
146.0 71.0 80.0 81.0
62.0 140.0 88.0 95.0
133.0 65.0 83.0 94.0
53.0 125.0 98.0 106.0
49.0 82.0 148.0 151.0
96.0 114.0 85.0 72.0
58.0 68.0 130.0 152.0
72.0 134.0 87.0 86.0
71.0 65.0 105.0 131.0
107.0 54.0 104.0 124.0
90.0 78.0 94.0 93.0
88.0 116.0 78.0 85.0
100.0 56.0 109.0 114.0
49.0 79.0 143.0 157.0
73.0 65.0 94.0 134.0
101.0 50.0 117.0 132.0
101.0 45.0 171.0 141.0
132.0 54.0 94.0 116.0
142.0 84.0 76.0 72.0
87.0 79.0 100.0 91.0
48.0 88.0 138.0 139.0
114.0 42.0 158.0 168.0
81.0 52.0 149.0 178.0
90.0 118.0 79.0 82.0
119.0 105.0 70.0 73.0
103.0 125.0 69.0 78.0
54.0 126.0 87.0 114.0
100.0 69.0 89.0 102.0
40.0 127.0 128.0 146.0
55.0 114.0 93.0 111.0
82.0 64.0 109.0 111.0
53.0 111.0 105.0 106.0
71.0 125.0 93.0 81.0
50.0 151.0 101.0 111.0
136.0 45.0 115.0 139.0
106.0 122.0 74.0 73.0
40.0 123.0 154.0 140.0
64.0 93.0 94.0 108.0
66.0 125.0 88.0 91.0
95.0 71.0 87.0 102.0
45.0 94.0 143.0 153.0
112.0 61.0 92.0 103.0
51.0 141.0 107.0 102.0
120.0 94.0 66.0 85.0
127.0 43.0 138.0 139.0
144.0 98.0 69.0 67.0
124.0 71.0 89.0 77.0
115.0 53.0 101.0 124.0
74.0 64.0 118.0 114.0
119.0 113.0 73.0 66.0
69.0 104.0 81.0 98.0
147.0 94.0 58.0 80.0
133.0 56.0 87.0 118.0
55.0 123.0 103.0 94.0
123.0 61.0 79.0 108.0
118.0 49.0 112.0 132.0
116.0 124.0 62.0 76.0
143.0 43.0 128.0 136.0
66.0 87.0 99.0 106.0
45.0 129.0 118.0 110.0
76.0 92.0 86.0 103.0
115.0 41.0 137.0 156.0
41.0 111.0 155.0 146.0
80.0 75.0 88.0 111.0
105.0 106.0 74.0 78.0
99.0 62.0 91.0 108.0
52.0 131.0 110.0 91.0
85.0 52.0 141.0 153.0
87.0 51.0 134.0 141.0
90.0 52.0 123.0 141.0
98.0 101.0 69.0 91.0
138.0 79.0 77.0 76.0
118.0 43.0 136.0 148.0
89.0 134.0 80.0 75.0
131.0 49.0 108.0 126.0
96.0 65.0 86.0 116.0
64.0 103.0 91.0 108.0
50.0 80.0 147.0 149.0
97.0 46.0 149.0 153.0
63.0 99.0 91.0 110.0
37.0 134.0 161.0 147.0
76.0 67.0 102.0 120.0
81.0 108.0 88.0 85.0
113.0 84.0 72.0 87.0
95.0 138.0 77.0 74.0
83.0 118.0 88.0 77.0
137.0 56.0 92.0 108.0
144.0 83.0 76.0 72.0
125.0 54.0 102.0 113.0
76.0 127.0 90.0 79.0
60.0 81.0 106.0 122.0
77.0 124.0 89.0 82.0
88.0 64.0 95.0 117.0
56.0 69.0 141.0 155.0
101.0 103.0 76.0 78.0
72.0 137.0 89.0 81.0
92.0 97.0 79.0 88.0
116.0 82.0 82.0 83.0
108.0 49.0 109.0 137.0
82.0 53.0 135.0 136.0
98.0 118.0 76.0 79.0
89.0 48.0 153.0 188.0
53.0 82.0 112.0 133.0
69.0 138.0 82.0 91.0
44.0 102.0 137.0 147.0
95.0 67.0 88.0 109.0
95.0 77.0 101.0 84.0
44.0 106.0 145.0 128.0
75.0 84.0 100.0 98.0
51.0 104.0 116.0 122.0
80.0 94.0 85.0 96.0
48.0 84.0 143.0 147.0
106.0 109.0 79.0 70.0
89.0 53.0 122.0 134.0
58.0 110.0 94.0 105.0
124.0 63.0 86.0 99.0
76.0 73.0 87.0 122.0
109.0 94.0 69.0 85.0
64.0 86.0 96.0 118.0
77.0 76.0 88.0 108.0
41.0 121.0 142.0 145.0
140.0 53.0 98.0 117.0
46.0 117.0 127.0 114.0
83.0 97.0 85.0 92.0
61.0 97.0 103.0 106.0
52.0 87.0 124.0 134.0
169.0 80.0 67.0 81.0
73.0 61.0 121.0 136.0
130.0 45.0 128.0 131.0
104.0 71.0 81.0 100.0
128.0 40.0 142.0 161.0
123.0 52.0 103.0 123.0
46.0 115.0 123.0 121.0
113.0 100.0 77.0 76.0
99.0 93.0 72.0 94.0
128.0 86.0 75.0 77.0
98.0 95.0 76.0 90.0
84.0 55.0 121.0 132.0
70.0 93.0 88.0 108.0
87.0 96.0 77.0 96.0
53.0 140.0 93.0 106.0
156.0 93.0 56.0 82.0
119.0 68.0 78.0 98.0
60.0 106.0 100.0 97.0
41.0 160.0 127.0 128.0
124.0 65.0 85.0 94.0
118.0 53.0 98.0 126.0
135.0 102.0 69.0 65.0
72.0 137.0 87.0 83.0
79.0 58.0 108.0 139.0
138.0 97.0 65.0 74.0
46.0 105.0 127.0 124.0
88.0 50.0 152.0 140.0
115.0 97.0 71.0 80.0
118.0 94.0 74.0 78.0
44.0 100.0 148.0 139.0
125.0 46.0 121.0 129.0
88.0 122.0 84.0 75.0
117.0 68.0 85.0 93.0
130.0 106.0 72.0 65.0
66.0 121.0 95.0 85.0
95.0 88.0 79.0 91.0
98.0 51.0 114.0 136.0
51.0 92.0 119.0 123.0
43.0 100.0 155.0 150.0
73.0 89.0 88.0 106.0
65.0 104.0 95.0 100.0
93.0 84.0 89.0 89.0
111.0 55.0 97.0 123.0
44.0 124.0 111.0 131.0
93.0 75.0 86.0 102.0
89.0 105.0 77.0 90.0
77.0 100.0 83.0 95.0
88.0 112.0 81.0 83.0
104.0 44.0 147.0 148.0
52.0 127.0 108.0 94.0
86.0 50.0 160.0 170.0
92.0 114.0 81.0 80.0
99.0 85.0 81.0 91.0
122.0 53.0 90.0 129.0
101.0 96.0 68.0 89.0
81.0 119.0 82.0 86.0
126.0 99.0 70.0 70.0
57.0 70.0 142.0 147.0
161.0 56.0 94.0 102.0
82.0 72.0 86.0 107.0
111.0 126.0 73.0 72.0
176.0 57.0 96.0 95.0
139.0 55.0 93.0 115.0
42.0 108.0 149.0 144.0
111.0 93.0 73.0 85.0
149.0 52.0 94.0 120.0
53.0 109.0 104.0 117.0
135.0 115.0 64.0 68.0
109.0 102.0 69.0 82.0
114.0 51.0 115.0 119.0
80.0 53.0 150.0 147.0
88.0 59.0 105.0 126.0
95.0 59.0 99.0 119.0
62.0 106.0 89.0 100.0
98.0 47.0 126.0 163.0
108.0 121.0 78.0 69.0
49.0 162.0 103.0 109.0
69.0 70.0 103.0 116.0
131.0 64.0 75.0 103.0
81.0 62.0 96.0 127.0
76.0 77.0 81.0 121.0
115.0 65.0 86.0 98.0
69.0 59.0 128.0 148.0
80.0 85.0 92.0 100.0
118.0 71.0 96.0 79.0
120.0 54.0 97.0 120.0
100.0 44.0 171.0 164.0
103.0 79.0 84.0 91.0
51.0 80.0 131.0 146.0
106.0 55.0 101.0 124.0
103.0 74.0 84.0 97.0
102.0 65.0 88.0 105.0
55.0 98.0 113.0 109.0
88.0 58.0 98.0 135.0
116.0 106.0 68.0 78.0
115.0 93.0 69.0 86.0
79.0 82.0 102.0 92.0
79.0 74.0 91.0 114.0
71.0 86.0 101.0 99.0
137.0 46.0 118.0 125.0
39.0 128.0 150.0 147.0
102.0 61.0 99.0 109.0
80.0 73.0 96.0 109.0
86.0 52.0 140.0 136.0
137.0 64.0 82.0 95.0
115.0 77.0 85.0 82.0
62.0 102.0 97.0 105.0
79.0 117.0 94.0 78.0
112.0 134.0 67.0 76.0
79.0 87.0 88.0 103.0
114.0 50.0 107.0 130.0
114.0 118.0 67.0 74.0
57.0 123.0 88.0 104.0
61.0 70.0 104.0 125.0
126.0 47.0 125.0 124.0
54.0 125.0 95.0 108.0
112.0 51.0 111.0 124.0
158.0 92.0 70.0 67.0
85.0 68.0 93.0 112.0
98.0 54.0 104.0 128.0
109.0 87.0 65.0 94.0
110.0 125.0 68.0 78.0
94.0 82.0 79.0 101.0
65.0 137.0 89.0 85.0
82.0 86.0 93.0 97.0
148.0 135.0 57.0 69.0
50.0 105.0 113.0 126.0
38.0 131.0 155.0 145.0
55.0 119.0 101.0 97.0
44.0 108.0 125.0 136.0
121.0 95.0 73.0 76.0
145.0 51.0 96.0 123.0
136.0 50.0 113.0 115.0
64.0 68.0 113.0 129.0
146.0 59.0 89.0 100.0
66.0 63.0 115.0 144.0
82.0 134.0 82.0 77.0
144.0 64.0 79.0 95.0
156.0 49.0 114.0 116.0
131.0 51.0 111.0 113.0
97.0 45.0 148.0 180.0
66.0 73.0 99.0 128.0
178.0 79.0 63.0 85.0
114.0 107.0 64.0 78.0
74.0 103.0 86.0 95.0
85.0 114.0 80.0 84.0
101.0 59.0 103.0 110.0
133.0 49.0 112.0 121.0
42.0 105.0 144.0 150.0
122.0 92.0 75.0 76.0
82.0 56.0 117.0 132.0
110.0 63.0 98.0 99.0
60.0 87.0 99.0 118.0
65.0 64.0 126.0 144.0
151.0 53.0 101.0 107.0
77.0 55.0 142.0 154.0
51.0 114.0 90.0 129.0
46.0 146.0 104.0 123.0
55.0 92.0 120.0 113.0
45.0 109.0 120.0 128.0
111.0 64.0 85.0 104.0
146.0 42.0 140.0 141.0
152.0 57.0 94.0 101.0
47.0 127.0 105.0 124.0
56.0 74.0 124.0 140.0
130.0 55.0 97.0 114.0
66.0 110.0 84.0 102.0
51.0 105.0 117.0 116.0
106.0 59.0 90.0 120.0
146.0 44.0 123.0 138.0
144.0 42.0 140.0 142.0
99.0 113.0 70.0 83.0
88.0 53.0 141.0 127.0
113.0 83.0 78.0 85.0
113.0 117.0 67.0 77.0
141.0 56.0 93.0 106.0
78.0 137.0 90.0 78.0
86.0 49.0 161.0 174.0
79.0 117.0 92.0 80.0
73.0 69.0 100.0 117.0
145.0 48.0 111.0 123.0
154.0 81.0 72.0 77.0
56.0 124.0 90.0 106.0
120.0 96.0 72.0 78.0
76.0 59.0 120.0 129.0
61.0 115.0 89.0 107.0
104.0 107.0 69.0 84.0
63.0 96.0 93.0 111.0
125.0 44.0 125.0 147.0
107.0 90.0 61.0 103.0
51.0 131.0 98.0 113.0
81.0 107.0 79.0 95.0
111.0 46.0 117.0 140.0
165.0 89.0 63.0 74.0
61.0 87.0 98.0 118.0
96.0 70.0 87.0 103.0
114.0 83.0 82.0 80.0
109.0 48.0 124.0 128.0
126.0 117.0 71.0 65.0
128.0 86.0 76.0 76.0
113.0 63.0 85.0 102.0
82.0 93.0 82.0 97.0
157.0 72.0 76.0 82.0
118.0 86.0 75.0 78.0
54.0 103.0 113.0 108.0
159.0 61.0 84.0 96.0
87.0 69.0 92.0 110.0
67.0 60.0 144.0 161.0
101.0 75.0 95.0 85.0
116.0 48.0 127.0 122.0
62.0 123.0 96.0 89.0
51.0 122.0 100.0 113.0
51.0 77.0 126.0 152.0
152.0 92.0 69.0 71.0
167.0 55.0 99.0 100.0
80.0 112.0 82.0 89.0
119.0 65.0 96.0 87.0
149.0 78.0 80.0 73.0
91.0 51.0 133.0 125.0
129.0 109.0 65.0 70.0
115.0 62.0 89.0 102.0
141.0 58.0 92.0 101.0
118.0 97.0 68.0 78.0
133.0 95.0 61.0 80.0
53.0 77.0 124.0 140.0
97.0 74.0 92.0 91.0
50.0 89.0 126.0 125.0
154.0 95.0 63.0 73.0
79.0 62.0 105.0 123.0
99.0 78.0 77.0 100.0
49.0 100.0 113.0 127.0
102.0 48.0 123.0 133.0
94.0 47.0 155.0 162.0
86.0 51.0 142.0 162.0
109.0 79.0 87.0 83.0
76.0 104.0 82.0 94.0
82.0 89.0 80.0 100.0
128.0 75.0 82.0 77.0
124.0 57.0 91.0 113.0
55.0 81.0 121.0 127.0
67.0 95.0 86.0 105.0
139.0 118.0 58.0 73.0
70.0 76.0 94.0 115.0
46.0 122.0 118.0 113.0
153.0 43.0 131.0 131.0
124.0 65.0 70.0 109.0
68.0 62.0 118.0 136.0
124.0 64.0 72.0 109.0
168.0 105.0 54.0 71.0
94.0 48.0 160.0 137.0
42.0 115.0 136.0 146.0
59.0 116.0 104.0 94.0
84.0 109.0 78.0 89.0
56.0 87.0 111.0 112.0
120.0 85.0 79.0 78.0
161.0 45.0 118.0 133.0
65.0 136.0 90.0 88.0
41.0 123.0 136.0 141.0
160.0 87.0 59.0 80.0
122.0 58.0 87.0 113.0
61.0 154.0 94.0 87.0
144.0 88.0 68.0 73.0
131.0 43.0 131.0 140.0
113.0 128.0 70.0 73.0
139.0 52.0 91.0 125.0
61.0 67.0 123.0 145.0
106.0 52.0 105.0 131.0
52.0 91.0 107.0 138.0
74.0 58.0 121.0 137.0
61.0 105.0 97.0 103.0
101.0 89.0 84.0 84.0
66.0 67.0 116.0 121.0
113.0 109.0 68.0 80.0
52.0 101.0 110.0 121.0
95.0 135.0 74.0 79.0
91.0 80.0 89.0 94.0
50.0 82.0 126.0 142.0
110.0 60.0 98.0 103.0
124.0 73.0 82.0 83.0
38.0 132.0 143.0 151.0
73.0 150.0 90.0 77.0
53.0 97.0 112.0 120.0
103.0 53.0 110.0 127.0
106.0 66.0 93.0 94.0
136.0 69.0 82.0 81.0
93.0 60.0 93.0 127.0
55.0 87.0 116.0 128.0
67.0 134.0 98.0 79.0
152.0 77.0 72.0 82.0
105.0 43.0 139.0 168.0
162.0 68.0 77.0 90.0
140.0 48.0 103.0 136.0
114.0 56.0 94.0 118.0
71.0 97.0 93.0 93.0
113.0 60.0 89.0 109.0
111.0 45.0 122.0 141.0
58.0 82.0 111.0 126.0
117.0 70.0 82.0 95.0
91.0 75.0 94.0 96.0
81.0 54.0 132.0 144.0
65.0 118.0 88.0 94.0
140.0 85.0 72.0 72.0
97.0 54.0 111.0 124.0
123.0 43.0 131.0 147.0
118.0 81.0 86.0 78.0
108.0 138.0 78.0 67.0
73.0 94.0 84.0 100.0
56.0 113.0 101.0 102.0
51.0 106.0 113.0 115.0
100.0 108.0 74.0 79.0
114.0 57.0 96.0 114.0
58.0 85.0 106.0 121.0
138.0 123.0 59.0 70.0
78.0 90.0 90.0 100.0
83.0 71.0 95.0 101.0
71.0 125.0 91.0 83.0
104.0 45.0 142.0 151.0
121.0 48.0 110.0 132.0
53.0 73.0 150.0 153.0
106.0 48.0 116.0 137.0
71.0 60.0 127.0 140.0
121.0 66.0 77.0 93.0
43.0 110.0 130.0 145.0
51.0 145.0 102.0 103.0
103.0 68.0 91.0 91.0
52.0 90.0 126.0 124.0
65.0 137.0 91.0 83.0
129.0 50.0 103.0 130.0
70.0 127.0 80.0 94.0
143.0 55.0 97.0 106.0
40.0 125.0 133.0 151.0
129.0 61.0 74.0 107.0
43.0 97.0 150.0 156.0
88.0 80.0 90.0 99.0
136.0 71.0 79.0 83.0
121.0 64.0 88.0 97.0
81.0 71.0 106.0 98.0
120.0 81.0 86.0 75.0
135.0 60.0 79.0 105.0
76.0 61.0 107.0 138.0
48.0 125.0 110.0 115.0
76.0 83.0 93.0 107.0
72.0 61.0 125.0 137.0
140.0 96.0 65.0 72.0
63.0 78.0 108.0 118.0
122.0 93.0 70.0 80.0
99.0 96.0 76.0 82.0
43.0 115.0 124.0 146.0
106.0 96.0 77.0 78.0
59.0 90.0 100.0 120.0
43.0 104.0 141.0 148.0
109.0 70.0 75.0 106.0
116.0 44.0 125.0 148.0
64.0 81.0 94.0 123.0
44.0 105.0 136.0 140.0
99.0 91.0 87.0 82.0
113.0 78.0 82.0 90.0
39.0 132.0 134.0 147.0
111.0 68.0 82.0 97.0
101.0 80.0 84.0 85.0
86.0 109.0 82.0 83.0
78.0 123.0 83.0 89.0
130.0 113.0 60.0 74.0
146.0 45.0 118.0 134.0
47.0 109.0 107.0 126.0
78.0 54.0 144.0 155.0
39.0 130.0 139.0 152.0
48.0 128.0 95.0 129.0
42.0 120.0 138.0 133.0
65.0 81.0 94.0 116.0
106.0 87.0 87.0 81.0
86.0 64.0 93.0 125.0
70.0 93.0 94.0 102.0
42.0 119.0 143.0 137.0
87.0 64.0 95.0 118.0
122.0 56.0 98.0 113.0
49.0 115.0 110.0 111.0
45.0 120.0 121.0 112.0
77.0 67.0 103.0 108.0
117.0 73.0 81.0 87.0
121.0 57.0 96.0 110.0
137.0 110.0 56.0 76.0
113.0 52.0 102.0 130.0
81.0 59.0 108.0 128.0
68.0 59.0 147.0 153.0
63.0 95.0 83.0 123.0
52.0 105.0 118.0 108.0
66.0 116.0 91.0 92.0
146.0 102.0 61.0 68.0
102.0 55.0 111.0 116.0
79.0 139.0 83.0 82.0
174.0 82.0 71.0 75.0
145.0 84.0 74.0 73.0
51.0 81.0 137.0 136.0
55.0 73.0 124.0 141.0
145.0 95.0 67.0 73.0
47.0 108.0 126.0 112.0
132.0 84.0 82.0 69.0
132.0 47.0 120.0 128.0
156.0 68.0 85.0 84.0
44.0 160.0 101.0 135.0
71.0 70.0 92.0 119.0
54.0 129.0 91.0 108.0
47.0 147.0 110.0 113.0
89.0 49.0 147.0 160.0
133.0 55.0 100.0 109.0
95.0 64.0 97.0 110.0
100.0 116.0 75.0 75.0
103.0 44.0 138.0 159.0
74.0 125.0 89.0 82.0
113.0 93.0 77.0 79.0
82.0 94.0 67.0 111.0
131.0 126.0 63.0 68.0
65.0 102.0 90.0 106.0
111.0 53.0 105.0 123.0
79.0 120.0 89.0 81.0
84.0 83.0 91.0 93.0
108.0 43.0 139.0 161.0
85.0 81.0 89.0 99.0
77.0 70.0 98.0 112.0
46.0 93.0 143.0 141.0
59.0 74.0 111.0 130.0
167.0 78.0 67.0 84.0
77.0 124.0 87.0 84.0
101.0 120.0 70.0 79.0
110.0 57.0 97.0 117.0
59.0 72.0 121.0 130.0
73.0 85.0 91.0 104.0
82.0 116.0 79.0 89.0
74.0 57.0 127.0 153.0
55.0 71.0 133.0 148.0
40.0 121.0 162.0 150.0
86.0 97.0 86.0 86.0
94.0 46.0 163.0 167.0
91.0 83.0 92.0 89.0
113.0 147.0 70.0 70.0
43.0 119.0 133.0 125.0
57.0 121.0 93.0 101.0
87.0 87.0 88.0 94.0
159.0 65.0 81.0 88.0
96.0 78.0 88.0 94.0
92.0 61.0 97.0 116.0
166.0 54.0 103.0 100.0
147.0 98.0 67.0 68.0
91.0 83.0 94.0 87.0
53.0 90.0 121.0 121.0
157.0 52.0 106.0 105.0
90.0 60.0 103.0 121.0
98.0 86.0 85.0 91.0
78.0 55.0 141.0 142.0
92.0 52.0 123.0 125.0
99.0 51.0 115.0 130.0
55.0 96.0 111.0 119.0
66.0 114.0 94.0 90.0
99.0 60.0 99.0 110.0
94.0 121.0 80.0 76.0
137.0 85.0 72.0 77.0
115.0 71.0 83.0 95.0
122.0 42.0 148.0 144.0
79.0 128.0 80.0 86.0
97.0 48.0 127.0 132.0
62.0 104.0 97.0 102.0
116.0 60.0 83.0 112.0
66.0 61.0 119.0 144.0
78.0 66.0 106.0 120.0
80.0 57.0 123.0 129.0
98.0 94.0 78.0 91.0
66.0 107.0 80.0 108.0
42.0 101.0 143.0 160.0
52.0 104.0 114.0 115.0
123.0 56.0 100.0 109.0
48.0 133.0 106.0 112.0
64.0 63.0 136.0 149.0
134.0 98.0 63.0 74.0
43.0 124.0 122.0 121.0
146.0 50.0 116.0 110.0
41.0 132.0 127.0 132.0
57.0 128.0 96.0 90.0
49.0 124.0 107.0 109.0
128.0 58.0 91.0 104.0
109.0 53.0 108.0 124.0
46.0 95.0 126.0 140.0
142.0 99.0 65.0 67.0
98.0 85.0 82.0 95.0
82.0 99.0 85.0 88.0
51.0 118.0 98.0 116.0
80.0 65.0 105.0 111.0
83.0 52.0 142.0 161.0
105.0 110.0 78.0 73.0
123.0 60.0 82.0 109.0
95.0 52.0 110.0 128.0
46.0 102.0 135.0 122.0
120.0 74.0 82.0 84.0
72.0 102.0 83.0 101.0
74.0 124.0 90.0 84.0
170.0 80.0 63.0 84.0
120.0 100.0 68.0 73.0
111.0 58.0 88.0 113.0
97.0 110.0 73.0 84.0
117.0 92.0 78.0 76.0
62.0 143.0 92.0 89.0
41.0 118.0 135.0 156.0
106.0 59.0 98.0 112.0
52.0 99.0 114.0 127.0
108.0 112.0 69.0 79.0
60.0 86.0 106.0 115.0
53.0 91.0 114.0 122.0
146.0 47.0 113.0 126.0
45.0 106.0 128.0 126.0
59.0 68.0 125.0 142.0
174.0 64.0 89.0 84.0
51.0 117.0 94.0 123.0
46.0 98.0 131.0 134.0
55.0 105.0 99.0 106.0
84.0 58.0 109.0 131.0
61.0 141.0 94.0 90.0
79.0 67.0 94.0 112.0
113.0 67.0 86.0 97.0
142.0 54.0 97.0 111.0
74.0 56.0 140.0 144.0
67.0 105.0 91.0 93.0
88.0 54.0 125.0 122.0
106.0 46.0 121.0 139.0
123.0 95.0 65.0 83.0
103.0 66.0 92.0 97.0
63.0 62.0 135.0 157.0
111.0 127.0 72.0 72.0
95.0 66.0 91.0 108.0
101.0 91.0 77.0 85.0
74.0 107.0 78.0 99.0
159.0 75.0 66.0 91.0
96.0 62.0 97.0 107.0
98.0 64.0 98.0 103.0
108.0 80.0 85.0 81.0
108.0 103.0 77.0 74.0
102.0 133.0 73.0 73.0
150.0 59.0 87.0 101.0
41.0 126.0 128.0 143.0
131.0 83.0 77.0 75.0
106.0 79.0 75.0 97.0
90.0 53.0 112.0 135.0
43.0 106.0 136.0 143.0
119.0 62.0 87.0 101.0
77.0 75.0 94.0 106.0
133.0 88.0 76.0 70.0
154.0 65.0 76.0 97.0
106.0 45.0 133.0 155.0
58.0 81.0 103.0 135.0
79.0 55.0 133.0 133.0
56.0 75.0 112.0 136.0
96.0 125.0 71.0 80.0
134.0 40.0 135.0 161.0
62.0 83.0 100.0 123.0
53.0 75.0 141.0 146.0
112.0 110.0 79.0 69.0
86.0 91.0 87.0 88.0
126.0 85.0 82.0 72.0
79.0 86.0 86.0 107.0
114.0 66.0 89.0 92.0
177.0 84.0 66.0 78.0
47.0 105.0 124.0 122.0
131.0 70.0 82.0 84.0
67.0 78.0 92.0 112.0
116.0 52.0 98.0 131.0
163.0 55.0 95.0 107.0
127.0 139.0 73.0 62.0
101.0 57.0 93.0 123.0
97.0 58.0 103.0 119.0
70.0 87.0 95.0 104.0
79.0 57.0 122.0 132.0
46.0 100.0 127.0 136.0
100.0 140.0 81.0 68.0
51.0 102.0 109.0 130.0
93.0 49.0 136.0 145.0
115.0 76.0 90.0 80.0
121.0 82.0 61.0 97.0
125.0 126.0 57.0 80.0
121.0 112.0 70.0 69.0
122.0 47.0 117.0 133.0
94.0 49.0 135.0 128.0
64.0 87.0 110.0 103.0
82.0 70.0 91.0 109.0
129.0 55.0 101.0 111.0
104.0 50.0 104.0 135.0
121.0 77.0 70.0 93.0
123.0 49.0 109.0 126.0
128.0 52.0 95.0 127.0
65.0 98.0 88.0 109.0
114.0 76.0 97.0 77.0
143.0 63.0 80.0 99.0
96.0 74.0 88.0 100.0
150.0 42.0 133.0 142.0
120.0 76.0 75.0 90.0
91.0 58.0 110.0 119.0
89.0 56.0 110.0 121.0
70.0 63.0 119.0 133.0
75.0 68.0 105.0 118.0
71.0 103.0 92.0 91.0
126.0 76.0 78.0 77.0
105.0 79.0 85.0 88.0
57.0 104.0 106.0 105.0
59.0 67.0 133.0 153.0
53.0 120.0 102.0 104.0
150.0 58.0 90.0 101.0
109.0 79.0 85.0 85.0
83.0 54.0 131.0 132.0
107.0 49.0 108.0 143.0
53.0 79.0 120.0 131.0
153.0 90.0 66.0 73.0
108.0 96.0 69.0 85.0
99.0 83.0 86.0 89.0
39.0 123.0 161.0 151.0
140.0 79.0 69.0 83.0
120.0 99.0 63.0 82.0
96.0 151.0 80.0 68.0
91.0 98.0 76.0 89.0
48.0 91.0 126.0 136.0
52.0 86.0 130.0 132.0
118.0 69.0 82.0 94.0
76.0 97.0 78.0 103.0
135.0 85.0 80.0 70.0
136.0 106.0 61.0 72.0
54.0 91.0 118.0 117.0
114.0 92.0 80.0 78.0
126.0 92.0 62.0 81.0
91.0 86.0 80.0 98.0
98.0 104.0 70.0 89.0
85.0 111.0 78.0 87.0
97.0 50.0 122.0 130.0
60.0 70.0 109.0 141.0
126.0 87.0 71.0 77.0
64.0 129.0 90.0 91.0
111.0 86.0 69.0 94.0
147.0 113.0 55.0 72.0
91.0 76.0 88.0 98.0
59.0 98.0 101.0 110.0
51.0 135.0 100.0 110.0
113.0 55.0 96.0 122.0
91.0 104.0 69.0 93.0
130.0 53.0 95.0 122.0
65.0 63.0 134.0 149.0
91.0 50.0 138.0 126.0
50.0 120.0 123.0 97.0
82.0 132.0 85.0 80.0
96.0 58.0 95.0 130.0
138.0 52.0 98.0 122.0
61.0 88.0 103.0 110.0
84.0 60.0 98.0 130.0
44.0 133.0 108.0 129.0
39.0 159.0 135.0 141.0
170.0 139.0 55.0 68.0
120.0 52.0 102.0 126.0
66.0 150.0 92.0 79.0
44.0 110.0 120.0 131.0
107.0 88.0 88.0 77.0
127.0 44.0 126.0 145.0
146.0 100.0 52.0 78.0
86.0 126.0 76.0 84.0
79.0 60.0 104.0 128.0
57.0 95.0 106.0 111.0
139.0 94.0 59.0 83.0
54.0 73.0 138.0 155.0
83.0 51.0 156.0 151.0
87.0 139.0 79.0 78.0
69.0 65.0 112.0 133.0
101.0 131.0 80.0 68.0
107.0 86.0 76.0 91.0
73.0 57.0 137.0 152.0
111.0 63.0 88.0 105.0
50.0 121.0 104.0 111.0
57.0 84.0 103.0 134.0
123.0 92.0 84.0 66.0
98.0 80.0 89.0 90.0
72.0 81.0 87.0 115.0
81.0 101.0 74.0 103.0
58.0 75.0 114.0 130.0
52.0 109.0 120.0 105.0
111.0 113.0 63.0 84.0
108.0 61.0 95.0 109.0
82.0 127.0 82.0 85.0
123.0 79.0 81.0 79.0
95.0 119.0 76.0 83.0
58.0 117.0 96.0 91.0
99.0 124.0 73.0 79.0
109.0 160.0 80.0 64.0
121.0 49.0 105.0 131.0
124.0 132.0 70.0 67.0
81.0 88.0 88.0 97.0
90.0 76.0 90.0 100.0
80.0 92.0 82.0 104.0
71.0 58.0 131.0 140.0
65.0 80.0 97.0 126.0
42.0 104.0 148.0 154.0
49.0 90.0 125.0 148.0
101.0 67.0 88.0 97.0
132.0 60.0 82.0 108.0
116.0 100.0 63.0 85.0
58.0 84.0 113.0 120.0
91.0 74.0 99.0 93.0
46.0 90.0 155.0 144.0
68.0 115.0 83.0 95.0
91.0 63.0 91.0 117.0
97.0 97.0 76.0 88.0
128.0 56.0 93.0 114.0
116.0 95.0 77.0 76.0
64.0 79.0 107.0 117.0
82.0 52.0 153.0 159.0
135.0 69.0 68.0 99.0
113.0 44.0 154.0 137.0
123.0 80.0 70.0 88.0
89.0 97.0 80.0 90.0
103.0 90.0 82.0 84.0
92.0 69.0 86.0 106.0
179.0 73.0 71.0 85.0
118.0 51.0 102.0 131.0
92.0 127.0 68.0 89.0
63.0 103.0 93.0 107.0
131.0 50.0 116.0 114.0
87.0 58.0 105.0 131.0
120.0 111.0 71.0 69.0
117.0 91.0 78.0 77.0
38.0 136.0 144.0 141.0
132.0 44.0 135.0 135.0
85.0 121.0 74.0 89.0
91.0 115.0 85.0 75.0
67.0 136.0 90.0 85.0
42.0 118.0 141.0 140.0
51.0 84.0 129.0 138.0
144.0 62.0 76.0 100.0
85.0 122.0 81.0 80.0
97.0 57.0 107.0 117.0
71.0 76.0 96.0 111.0
103.0 75.0 84.0 93.0
184.0 75.0 75.0 79.0
113.0 56.0 100.0 115.0
133.0 99.0 69.0 70.0
96.0 101.0 80.0 82.0
102.0 47.0 128.0 134.0
66.0 94.0 94.0 102.0
