145.0 116.0 95.0 53.0
96.0 94.0 95.0 83.0
114.0 99.0 137.0 54.0
74.0 108.0 122.0 83.0
63.0 99.0 133.0 109.0
168.0 79.0 49.0 151.0
90.0 103.0 95.0 90.0
168.0 132.0 124.0 45.0
133.0 79.0 64.0 108.0
58.0 123.0 137.0 106.0
115.0 92.0 78.0 84.0
112.0 87.0 95.0 73.0
57.0 103.0 150.0 111.0
47.0 122.0 164.0 141.0
103.0 97.0 87.0 72.0
132.0 125.0 140.0 48.0
121.0 127.0 139.0 49.0
123.0 107.0 84.0 68.0
65.0 96.0 129.0 120.0
64.0 150.0 147.0 80.0
55.0 125.0 162.0 93.0
58.0 100.0 144.0 133.0
78.0 89.0 113.0 107.0
62.0 124.0 134.0 92.0
81.0 94.0 102.0 114.0
62.0 108.0 142.0 98.0
103.0 78.0 92.0 94.0
61.0 112.0 145.0 101.0
121.0 69.0 77.0 116.0
102.0 126.0 126.0 57.0
119.0 90.0 75.0 84.0
117.0 97.0 76.0 80.0
92.0 112.0 101.0 71.0
63.0 125.0 140.0 85.0
114.0 84.0 72.0 97.0
131.0 117.0 142.0 50.0
83.0 93.0 122.0 85.0
62.0 115.0 130.0 105.0
74.0 112.0 130.0 81.0
128.0 90.0 89.0 72.0
67.0 128.0 116.0 97.0
72.0 90.0 123.0 108.0
63.0 121.0 147.0 84.0
102.0 79.0 79.0 141.0
94.0 110.0 132.0 62.0
101.0 95.0 93.0 77.0
147.0 110.0 117.0 52.0
134.0 110.0 133.0 50.0
62.0 95.0 139.0 121.0
138.0 70.0 66.0 124.0
89.0 75.0 106.0 112.0
111.0 84.0 80.0 87.0
105.0 67.0 90.0 128.0
85.0 95.0 104.0 92.0
109.0 82.0 76.0 110.0
69.0 135.0 137.0 75.0
42.0 151.0 165.0 142.0
80.0 93.0 111.0 99.0
82.0 79.0 109.0 147.0
144.0 166.0 140.0 44.0
72.0 129.0 130.0 71.0
75.0 103.0 121.0 93.0
80.0 117.0 141.0 70.0
145.0 156.0 147.0 44.0
52.0 101.0 161.0 132.0
99.0 121.0 107.0 63.0
143.0 83.0 82.0 80.0
175.0 99.0 99.0 59.0
148.0 76.0 57.0 117.0
79.0 113.0 108.0 87.0
111.0 96.0 96.0 71.0
99.0 71.0 101.0 105.0
54.0 107.0 145.0 132.0
82.0 100.0 104.0 98.0
76.0 120.0 121.0 75.0
50.0 114.0 150.0 146.0
133.0 102.0 135.0 52.0
85.0 107.0 130.0 70.0
150.0 109.0 98.0 58.0
111.0 71.0 76.0 135.0
104.0 71.0 88.0 121.0
103.0 101.0 98.0 68.0
140.0 85.0 62.0 95.0
137.0 94.0 90.0 69.0
66.0 136.0 146.0 74.0
87.0 119.0 115.0 71.0
96.0 92.0 89.0 101.0
87.0 136.0 138.0 61.0
73.0 104.0 138.0 82.0
86.0 83.0 99.0 137.0
91.0 89.0 106.0 90.0
63.0 128.0 128.0 92.0
169.0 88.0 68.0 86.0
100.0 113.0 103.0 65.0
128.0 61.0 76.0 133.0
92.0 82.0 101.0 106.0
46.0 123.0 157.0 146.0
82.0 104.0 113.0 87.0
78.0 105.0 121.0 86.0
166.0 154.0 130.0 42.0
111.0 79.0 75.0 107.0
58.0 123.0 159.0 85.0
87.0 91.0 112.0 84.0
135.0 72.0 74.0 97.0
61.0 101.0 133.0 131.0
49.0 139.0 153.0 111.0
72.0 115.0 122.0 87.0
101.0 84.0 97.0 83.0
99.0 93.0 103.0 76.0
99.0 76.0 93.0 107.0
119.0 106.0 87.0 68.0
101.0 121.0 92.0 68.0
177.0 85.0 71.0 85.0
65.0 96.0 136.0 105.0
131.0 79.0 72.0 93.0
75.0 127.0 146.0 70.0
133.0 106.0 93.0 60.0
91.0 114.0 112.0 69.0
57.0 122.0 125.0 126.0
70.0 132.0 163.0 71.0
72.0 90.0 120.0 123.0
130.0 76.0 79.0 89.0
49.0 125.0 154.0 117.0
98.0 92.0 81.0 106.0
89.0 76.0 99.0 132.0
87.0 84.0 93.0 143.0
79.0 108.0 110.0 90.0
45.0 147.0 157.0 127.0
109.0 67.0 86.0 123.0
114.0 95.0 101.0 68.0
102.0 88.0 82.0 100.0
75.0 128.0 121.0 72.0
158.0 87.0 84.0 75.0
45.0 150.0 174.0 121.0
74.0 135.0 152.0 69.0
92.0 92.0 91.0 106.0
63.0 134.0 128.0 89.0
175.0 113.0 92.0 55.0
61.0 113.0 140.0 103.0
105.0 79.0 83.0 104.0
58.0 127.0 138.0 100.0
100.0 117.0 114.0 61.0
107.0 117.0 146.0 53.0
55.0 128.0 147.0 99.0
150.0 105.0 87.0 62.0
92.0 96.0 89.0 94.0
147.0 58.0 74.0 138.0
136.0 142.0 142.0 45.0
56.0 116.0 147.0 104.0
77.0 86.0 136.0 89.0
69.0 123.0 124.0 84.0
56.0 106.0 154.0 116.0
150.0 85.0 72.0 86.0
59.0 115.0 129.0 116.0
136.0 64.0 70.0 130.0
103.0 88.0 89.0 86.0
132.0 154.0 138.0 46.0
150.0 112.0 112.0 50.0
100.0 67.0 96.0 133.0
98.0 90.0 95.0 87.0
119.0 79.0 78.0 90.0
106.0 100.0 112.0 62.0
56.0 106.0 149.0 118.0
101.0 84.0 86.0 101.0
146.0 132.0 145.0 44.0
57.0 107.0 145.0 119.0
96.0 101.0 99.0 79.0
117.0 122.0 110.0 55.0
88.0 109.0 110.0 76.0
101.0 77.0 87.0 119.0
60.0 107.0 140.0 104.0
102.0 75.0 99.0 90.0
104.0 77.0 88.0 104.0
92.0 83.0 97.0 110.0
150.0 73.0 61.0 101.0
136.0 72.0 71.0 101.0
90.0 94.0 91.0 97.0
82.0 85.0 121.0 96.0
161.0 106.0 84.0 64.0
110.0 83.0 78.0 99.0
83.0 112.0 130.0 70.0
81.0 118.0 125.0 72.0
142.0 75.0 71.0 92.0
117.0 139.0 135.0 50.0
71.0 97.0 117.0 117.0
120.0 82.0 66.0 116.0
116.0 88.0 78.0 86.0
73.0 147.0 166.0 66.0
92.0 73.0 99.0 137.0
72.0 92.0 137.0 95.0
80.0 135.0 125.0 67.0
113.0 101.0 124.0 58.0
65.0 99.0 132.0 110.0
82.0 76.0 119.0 111.0
81.0 120.0 138.0 65.0
77.0 85.0 115.0 116.0
90.0 118.0 99.0 74.0
61.0 140.0 165.0 83.0
136.0 99.0 80.0 71.0
68.0 109.0 132.0 87.0
106.0 67.0 92.0 118.0
47.0 126.0 167.0 111.0
62.0 97.0 140.0 116.0
79.0 91.0 119.0 100.0
75.0 82.0 119.0 137.0
139.0 104.0 132.0 51.0
109.0 70.0 84.0 121.0
137.0 57.0 76.0 140.0
81.0 96.0 113.0 95.0
64.0 116.0 143.0 82.0
111.0 95.0 77.0 81.0
87.0 133.0 132.0 63.0
117.0 126.0 121.0 51.0
97.0 109.0 146.0 56.0
91.0 141.0 131.0 58.0
136.0 85.0 87.0 75.0
92.0 112.0 96.0 75.0
155.0 132.0 89.0 51.0
74.0 143.0 149.0 67.0
109.0 75.0 77.0 128.0
71.0 131.0 162.0 73.0
73.0 85.0 125.0 117.0
87.0 97.0 114.0 80.0
79.0 119.0 112.0 76.0
101.0 79.0 82.0 126.0
55.0 100.0 149.0 158.0
86.0 86.0 115.0 87.0
110.0 76.0 82.0 103.0
134.0 80.0 82.0 83.0
46.0 148.0 151.0 127.0
83.0 105.0 136.0 71.0
112.0 151.0 138.0 51.0
155.0 83.0 74.0 85.0
61.0 122.0 153.0 85.0
155.0 146.0 150.0 43.0
106.0 81.0 98.0 83.0
55.0 124.0 137.0 118.0
79.0 94.0 118.0 99.0
58.0 108.0 139.0 123.0
67.0 106.0 114.0 119.0
124.0 81.0 67.0 101.0
92.0 69.0 109.0 116.0
88.0 91.0 98.0 100.0
59.0 113.0 149.0 97.0
164.0 77.0 68.0 92.0
127.0 114.0 107.0 55.0
124.0 85.0 77.0 84.0
105.0 70.0 90.0 112.0
75.0 93.0 125.0 96.0
107.0 71.0 80.0 140.0
63.0 112.0 125.0 108.0
99.0 96.0 93.0 81.0
73.0 90.0 133.0 97.0
127.0 86.0 57.0 110.0
61.0 106.0 129.0 119.0
121.0 87.0 68.0 94.0
103.0 87.0 79.0 98.0
141.0 117.0 114.0 51.0
94.0 90.0 91.0 104.0
131.0 68.0 70.0 121.0
107.0 135.0 136.0 52.0
132.0 138.0 120.0 50.0
119.0 102.0 86.0 69.0
61.0 118.0 126.0 110.0
52.0 120.0 141.0 159.0
77.0 154.0 152.0 66.0
103.0 76.0 82.0 136.0
128.0 97.0 106.0 60.0
78.0 103.0 108.0 102.0
130.0 100.0 73.0 74.0
68.0 142.0 168.0 72.0
115.0 65.0 83.0 125.0
84.0 93.0 104.0 94.0
87.0 130.0 106.0 69.0
101.0 76.0 87.0 125.0
44.0 146.0 163.0 136.0
83.0 77.0 110.0 127.0
153.0 115.0 90.0 57.0
59.0 99.0 143.0 126.0
54.0 113.0 145.0 128.0
134.0 108.0 115.0 54.0
64.0 119.0 132.0 95.0
115.0 86.0 109.0 67.0
86.0 110.0 109.0 81.0
96.0 97.0 102.0 80.0
142.0 103.0 80.0 68.0
147.0 77.0 60.0 103.0
68.0 91.0 124.0 128.0
66.0 101.0 129.0 110.0
140.0 77.0 61.0 115.0
114.0 81.0 80.0 91.0
100.0 77.0 81.0 144.0
69.0 140.0 161.0 72.0
115.0 78.0 76.0 96.0
58.0 117.0 137.0 109.0
82.0 137.0 144.0 62.0
179.0 119.0 99.0 52.0
136.0 63.0 72.0 127.0
103.0 120.0 94.0 65.0
80.0 126.0 127.0 71.0
64.0 116.0 119.0 108.0
90.0 89.0 108.0 91.0
60.0 107.0 131.0 138.0
79.0 99.0 124.0 85.0
83.0 80.0 110.0 111.0
125.0 97.0 127.0 55.0
78.0 100.0 124.0 88.0
64.0 107.0 148.0 91.0
71.0 104.0 109.0 121.0
67.0 90.0 141.0 103.0
59.0 108.0 141.0 112.0
77.0 101.0 108.0 104.0
100.0 108.0 86.0 78.0
118.0 70.0 73.0 125.0
78.0 98.0 108.0 104.0
97.0 151.0 149.0 55.0
140.0 107.0 89.0 62.0
74.0 109.0 110.0 102.0
60.0 90.0 149.0 123.0
91.0 110.0 101.0 73.0
93.0 85.0 98.0 104.0
73.0 108.0 129.0 85.0
86.0 82.0 101.0 121.0
61.0 123.0 136.0 96.0
73.0 87.0 117.0 121.0
153.0 113.0 85.0 60.0
90.0 117.0 119.0 68.0
110.0 67.0 89.0 112.0
129.0 133.0 129.0 50.0
89.0 114.0 107.0 75.0
107.0 74.0 80.0 124.0
98.0 73.0 95.0 122.0
106.0 86.0 82.0 88.0
155.0 116.0 93.0 54.0
145.0 77.0 52.0 161.0
126.0 96.0 84.0 73.0
98.0 69.0 102.0 109.0
93.0 133.0 120.0 62.0
90.0 80.0 103.0 109.0
74.0 100.0 116.0 107.0
146.0 117.0 112.0 52.0
97.0 74.0 89.0 141.0
122.0 102.0 107.0 61.0
143.0 77.0 59.0 123.0
132.0 66.0 68.0 138.0
67.0 110.0 124.0 100.0
84.0 134.0 133.0 62.0
166.0 93.0 83.0 73.0
157.0 89.0 89.0 71.0
58.0 138.0 171.0 84.0
82.0 90.0 102.0 113.0
90.0 89.0 111.0 88.0
55.0 103.0 159.0 117.0
125.0 80.0 64.0 115.0
69.0 103.0 124.0 96.0
57.0 138.0 127.0 102.0
148.0 159.0 117.0 45.0
57.0 102.0 143.0 133.0
95.0 89.0 89.0 103.0
100.0 94.0 79.0 103.0
79.0 75.0 119.0 127.0
130.0 63.0 74.0 130.0
126.0 79.0 61.0 133.0
119.0 110.0 132.0 53.0
85.0 131.0 148.0 61.0
82.0 96.0 101.0 102.0
156.0 85.0 76.0 81.0
96.0 82.0 93.0 104.0
70.0 140.0 154.0 73.0
142.0 67.0 66.0 136.0
135.0 76.0 66.0 112.0
76.0 106.0 129.0 82.0
72.0 104.0 140.0 80.0
129.0 109.0 80.0 68.0
106.0 72.0 86.0 126.0
100.0 81.0 104.0 79.0
136.0 68.0 73.0 118.0
106.0 72.0 84.0 134.0
123.0 112.0 132.0 51.0
107.0 70.0 85.0 122.0
78.0 86.0 112.0 123.0
110.0 92.0 89.0 77.0
81.0 72.0 117.0 125.0
81.0 102.0 121.0 82.0
82.0 125.0 125.0 68.0
87.0 89.0 103.0 100.0
93.0 90.0 94.0 103.0
78.0 93.0 105.0 123.0
95.0 83.0 90.0 114.0
86.0 83.0 112.0 99.0
98.0 87.0 101.0 83.0
44.0 142.0 166.0 144.0
104.0 94.0 81.0 89.0
99.0 73.0 109.0 88.0
92.0 93.0 100.0 91.0
64.0 107.0 138.0 100.0
81.0 91.0 109.0 108.0
122.0 94.0 89.0 72.0
86.0 111.0 144.0 64.0
62.0 104.0 135.0 113.0
115.0 78.0 67.0 138.0
69.0 103.0 135.0 93.0
85.0 124.0 118.0 69.0
152.0 102.0 70.0 74.0
101.0 139.0 153.0 54.0
150.0 82.0 50.0 112.0
65.0 93.0 131.0 126.0
154.0 95.0 74.0 78.0
93.0 125.0 143.0 56.0
98.0 115.0 127.0 61.0
71.0 110.0 115.0 103.0
120.0 88.0 80.0 83.0
116.0 96.0 133.0 57.0
98.0 83.0 91.0 99.0
142.0 101.0 90.0 64.0
63.0 131.0 169.0 77.0
113.0 73.0 77.0 123.0
70.0 96.0 136.0 92.0
92.0 93.0 108.0 76.0
95.0 80.0 90.0 137.0
101.0 79.0 89.0 110.0
114.0 125.0 155.0 51.0
51.0 116.0 147.0 147.0
74.0 105.0 119.0 95.0
94.0 78.0 92.0 139.0
99.0 86.0 89.0 91.0
131.0 115.0 146.0 49.0
56.0 109.0 144.0 122.0
97.0 77.0 91.0 126.0
157.0 97.0 72.0 77.0
99.0 75.0 89.0 122.0
61.0 122.0 150.0 86.0
149.0 105.0 104.0 56.0
71.0 125.0 134.0 74.0
85.0 74.0 109.0 133.0
139.0 122.0 140.0 47.0
118.0 85.0 86.0 79.0
60.0 107.0 130.0 141.0
79.0 109.0 104.0 92.0
64.0 102.0 128.0 115.0
126.0 83.0 76.0 88.0
58.0 102.0 148.0 112.0
51.0 113.0 152.0 143.0
60.0 129.0 137.0 91.0
78.0 109.0 119.0 85.0
107.0 86.0 91.0 82.0
61.0 109.0 147.0 102.0
97.0 117.0 123.0 62.0
81.0 92.0 135.0 78.0
57.0 113.0 143.0 109.0
79.0 140.0 150.0 63.0
140.0 102.0 91.0 64.0
103.0 107.0 133.0 58.0
95.0 96.0 133.0 66.0
59.0 127.0 140.0 89.0
105.0 78.0 88.0 90.0
126.0 88.0 85.0 78.0
75.0 110.0 128.0 81.0
54.0 120.0 162.0 102.0
113.0 76.0 78.0 99.0
53.0 113.0 143.0 139.0
140.0 98.0 82.0 70.0
143.0 113.0 87.0 59.0
145.0 72.0 63.0 124.0
60.0 96.0 139.0 150.0
113.0 79.0 72.0 121.0
180.0 143.0 108.0 45.0
181.0 123.0 96.0 51.0
80.0 88.0 104.0 116.0
147.0 82.0 61.0 97.0
54.0 113.0 148.0 124.0
65.0 88.0 141.0 116.0
104.0 133.0 127.0 54.0
60.0 136.0 151.0 84.0
110.0 73.0 77.0 125.0
53.0 116.0 147.0 117.0
170.0 127.0 114.0 47.0
109.0 94.0 128.0 60.0
136.0 73.0 59.0 141.0
106.0 123.0 119.0 55.0
44.0 143.0 157.0 157.0
124.0 92.0 74.0 83.0
112.0 80.0 71.0 122.0
100.0 84.0 100.0 85.0
177.0 134.0 97.0 49.0
77.0 95.0 117.0 101.0
103.0 77.0 79.0 139.0
102.0 123.0 148.0 55.0
69.0 92.0 133.0 108.0
97.0 69.0 103.0 108.0
67.0 95.0 131.0 110.0
88.0 91.0 101.0 94.0
99.0 91.0 133.0 66.0
139.0 79.0 70.0 94.0
81.0 97.0 111.0 97.0
70.0 147.0 154.0 70.0
144.0 129.0 118.0 49.0
62.0 113.0 147.0 90.0
78.0 80.0 118.0 123.0
87.0 82.0 100.0 128.0
65.0 105.0 136.0 101.0
56.0 128.0 149.0 88.0
90.0 75.0 105.0 113.0
115.0 69.0 78.0 127.0
144.0 82.0 69.0 87.0
50.0 116.0 152.0 132.0
80.0 97.0 112.0 97.0
89.0 110.0 96.0 79.0
84.0 107.0 113.0 76.0
55.0 106.0 147.0 129.0
77.0 96.0 132.0 86.0
96.0 70.0 98.0 128.0
72.0 99.0 122.0 102.0
108.0 69.0 87.0 113.0
126.0 92.0 75.0 79.0
133.0 98.0 90.0 67.0
73.0 109.0 137.0 77.0
99.0 81.0 81.0 138.0
95.0 80.0 102.0 99.0
79.0 138.0 130.0 68.0
90.0 69.0 109.0 125.0
134.0 67.0 66.0 146.0
52.0 111.0 163.0 117.0
129.0 84.0 66.0 94.0
66.0 126.0 120.0 93.0
127.0 61.0 79.0 128.0
146.0 61.0 69.0 160.0
49.0 123.0 152.0 131.0
70.0 111.0 129.0 87.0
90.0 94.0 102.0 92.0
94.0 81.0 102.0 94.0
92.0 77.0 102.0 111.0
88.0 80.0 99.0 126.0
102.0 82.0 85.0 107.0
128.0 135.0 148.0 47.0
73.0 108.0 123.0 86.0
74.0 88.0 119.0 116.0
76.0 101.0 115.0 94.0
92.0 88.0 105.0 91.0
81.0 141.0 161.0 61.0
60.0 115.0 131.0 105.0
93.0 110.0 113.0 69.0
142.0 92.0 60.0 90.0
95.0 86.0 93.0 102.0
114.0 127.0 107.0 57.0
118.0 65.0 79.0 121.0
129.0 137.0 105.0 51.0
111.0 119.0 139.0 52.0
78.0 141.0 149.0 65.0
128.0 74.0 81.0 92.0
57.0 102.0 146.0 123.0
104.0 73.0 83.0 135.0
175.0 159.0 123.0 43.0
95.0 111.0 92.0 72.0
164.0 89.0 79.0 77.0
71.0 86.0 132.0 108.0
88.0 81.0 104.0 112.0
120.0 67.0 77.0 118.0
87.0 101.0 99.0 89.0
76.0 99.0 124.0 93.0
99.0 140.0 160.0 54.0
56.0 116.0 158.0 99.0
120.0 162.0 139.0 49.0
114.0 73.0 76.0 130.0
82.0 86.0 122.0 92.0
153.0 147.0 96.0 49.0
80.0 92.0 117.0 97.0
137.0 75.0 64.0 105.0
90.0 126.0 129.0 62.0
84.0 122.0 141.0 64.0
91.0 85.0 112.0 87.0
97.0 84.0 91.0 94.0
65.0 110.0 141.0 86.0
61.0 135.0 130.0 90.0
74.0 96.0 133.0 92.0
52.0 108.0 158.0 126.0
66.0 105.0 130.0 98.0
131.0 68.0 69.0 128.0
134.0 78.0 74.0 91.0
69.0 87.0 126.0 144.0
98.0 88.0 92.0 93.0
58.0 122.0 127.0 115.0
102.0 90.0 147.0 60.0
117.0 107.0 105.0 59.0
116.0 83.0 77.0 92.0
66.0 110.0 121.0 109.0
90.0 135.0 154.0 57.0
88.0 108.0 117.0 75.0
80.0 98.0 123.0 83.0
147.0 120.0 125.0 48.0
71.0 140.0 153.0 73.0
79.0 91.0 113.0 105.0
93.0 93.0 94.0 87.0
117.0 103.0 94.0 63.0
76.0 99.0 126.0 92.0
125.0 95.0 66.0 89.0
91.0 88.0 110.0 86.0
69.0 106.0 131.0 95.0
96.0 79.0 95.0 111.0
160.0 128.0 106.0 48.0
134.0 80.0 73.0 89.0
92.0 87.0 107.0 83.0
107.0 73.0 79.0 131.0
62.0 108.0 146.0 96.0
107.0 91.0 88.0 81.0
141.0 77.0 61.0 110.0
78.0 86.0 115.0 113.0
89.0 92.0 93.0 107.0
140.0 110.0 144.0 48.0
77.0 136.0 111.0 73.0
168.0 139.0 123.0 44.0
141.0 70.0 61.0 158.0
100.0 94.0 87.0 90.0
98.0 103.0 93.0 80.0
76.0 120.0 116.0 79.0
43.0 152.0 159.0 142.0
100.0 74.0 87.0 136.0
110.0 90.0 66.0 112.0
89.0 122.0 105.0 69.0
80.0 110.0 110.0 88.0
58.0 104.0 141.0 124.0
74.0 81.0 122.0 128.0
95.0 92.0 85.0 110.0
70.0 96.0 129.0 107.0
62.0 123.0 157.0 81.0
78.0 126.0 117.0 73.0
141.0 76.0 84.0 85.0
53.0 129.0 160.0 93.0
74.0 98.0 113.0 109.0
95.0 115.0 103.0 68.0
78.0 91.0 108.0 117.0
66.0 95.0 128.0 113.0
122.0 72.0 70.0 130.0
80.0 112.0 113.0 82.0
51.0 117.0 160.0 111.0
125.0 102.0 103.0 62.0
75.0 93.0 118.0 103.0
77.0 117.0 118.0 81.0
107.0 66.0 94.0 109.0
81.0 95.0 121.0 89.0
88.0 106.0 144.0 64.0
76.0 105.0 121.0 91.0
85.0 79.0 108.0 111.0
95.0 95.0 102.0 81.0
91.0 78.0 97.0 129.0
78.0 119.0 113.0 79.0
58.0 117.0 153.0 96.0
119.0 92.0 83.0 76.0
121.0 97.0 111.0 62.0
93.0 85.0 92.0 114.0
59.0 120.0 141.0 103.0
80.0 88.0 111.0 109.0
134.0 90.0 65.0 88.0
68.0 88.0 139.0 106.0
97.0 94.0 116.0 69.0
69.0 89.0 127.0 116.0
80.0 106.0 122.0 77.0
128.0 95.0 83.0 73.0
58.0 109.0 133.0 142.0
138.0 74.0 69.0 98.0
81.0 86.0 123.0 95.0
53.0 111.0 150.0 133.0
78.0 137.0 133.0 69.0
85.0 131.0 114.0 65.0
65.0 116.0 142.0 79.0
100.0 85.0 115.0 75.0
124.0 86.0 68.0 95.0
112.0 76.0 76.0 120.0
149.0 109.0 115.0 52.0
92.0 116.0 112.0 67.0
103.0 81.0 80.0 123.0
148.0 100.0 77.0 72.0
79.0 105.0 120.0 83.0
88.0 120.0 112.0 69.0
61.0 119.0 121.0 118.0
58.0 97.0 146.0 139.0
72.0 110.0 123.0 88.0
44.0 164.0 178.0 126.0
128.0 72.0 69.0 123.0
88.0 98.0 109.0 83.0
144.0 84.0 52.0 118.0
125.0 61.0 80.0 137.0
119.0 69.0 78.0 118.0
70.0 123.0 123.0 81.0
111.0 99.0 109.0 65.0
49.0 120.0 148.0 153.0
76.0 100.0 128.0 89.0
55.0 135.0 182.0 91.0
71.0 122.0 122.0 83.0
81.0 117.0 140.0 67.0
76.0 114.0 114.0 89.0
131.0 112.0 88.0 62.0
142.0 96.0 96.0 63.0
144.0 106.0 80.0 65.0
125.0 98.0 92.0 66.0
138.0 137.0 116.0 49.0
82.0 106.0 118.0 80.0
89.0 96.0 118.0 78.0
51.0 116.0 154.0 121.0
124.0 73.0 68.0 138.0
76.0 128.0 146.0 69.0
70.0 83.0 126.0 131.0
113.0 138.0 117.0 52.0
102.0 75.0 90.0 108.0
88.0 130.0 128.0 59.0
127.0 77.0 68.0 99.0
110.0 85.0 97.0 76.0
108.0 91.0 88.0 79.0
146.0 75.0 59.0 109.0
93.0 78.0 100.0 108.0
106.0 81.0 81.0 94.0
62.0 137.0 141.0 83.0
99.0 79.0 103.0 88.0
124.0 147.0 144.0 48.0
96.0 105.0 91.0 82.0
92.0 121.0 119.0 63.0
65.0 126.0 121.0 96.0
164.0 158.0 105.0 44.0
66.0 86.0 132.0 121.0
126.0 67.0 75.0 115.0
99.0 72.0 95.0 113.0
57.0 123.0 138.0 107.0
71.0 115.0 132.0 79.0
53.0 109.0 151.0 137.0
101.0 89.0 90.0 89.0
117.0 67.0 80.0 121.0
82.0 91.0 112.0 101.0
44.0 149.0 164.0 128.0
100.0 93.0 130.0 63.0
76.0 100.0 108.0 113.0
144.0 83.0 77.0 84.0
94.0 91.0 99.0 86.0
62.0 102.0 128.0 128.0
79.0 93.0 112.0 102.0
77.0 121.0 145.0 70.0
128.0 124.0 139.0 50.0
127.0 74.0 84.0 88.0
83.0 91.0 115.0 91.0
48.0 117.0 165.0 126.0
82.0 85.0 111.0 108.0
76.0 140.0 138.0 67.0
70.0 82.0 130.0 122.0
63.0 88.0 139.0 119.0
57.0 95.0 149.0 138.0
145.0 75.0 63.0 102.0
88.0 73.0 108.0 122.0
152.0 147.0 121.0 44.0
54.0 133.0 154.0 101.0
119.0 82.0 70.0 96.0
106.0 96.0 101.0 66.0
128.0 101.0 117.0 56.0
94.0 109.0 115.0 67.0
96.0 78.0 89.0 135.0
44.0 139.0 164.0 151.0
88.0 77.0 101.0 136.0
108.0 83.0 79.0 91.0
86.0 83.0 105.0 106.0
166.0 130.0 90.0 50.0
173.0 87.0 88.0 73.0
95.0 79.0 92.0 122.0
116.0 92.0 122.0 61.0
120.0 87.0 93.0 74.0
67.0 115.0 134.0 83.0
126.0 80.0 84.0 82.0
91.0 122.0 125.0 63.0
136.0 84.0 77.0 85.0
95.0 105.0 88.0 83.0
134.0 113.0 124.0 51.0
158.0 88.0 76.0 78.0
64.0 91.0 134.0 125.0
134.0 120.0 114.0 52.0
94.0 113.0 126.0 63.0
79.0 99.0 119.0 90.0
123.0 100.0 92.0 67.0
113.0 89.0 78.0 85.0
46.0 132.0 168.0 126.0
75.0 92.0 135.0 92.0
83.0 119.0 117.0 74.0
103.0 91.0 88.0 85.0
80.0 92.0 110.0 103.0
180.0 102.0 77.0 70.0
79.0 126.0 121.0 72.0
155.0 127.0 119.0 46.0
56.0 92.0 154.0 132.0
94.0 97.0 101.0 81.0
103.0 93.0 90.0 80.0
137.0 80.0 97.0 73.0
107.0 80.0 86.0 87.0
88.0 86.0 94.0 125.0
114.0 98.0 123.0 59.0
82.0 107.0 133.0 73.0
97.0 73.0 113.0 92.0
104.0 78.0 86.0 111.0
50.0 125.0 156.0 106.0
68.0 104.0 131.0 96.0
73.0 149.0 159.0 69.0
132.0 91.0 93.0 70.0
99.0 94.0 107.0 75.0
91.0 86.0 98.0 108.0
74.0 142.0 141.0 70.0
67.0 110.0 120.0 106.0
68.0 115.0 133.0 80.0
102.0 103.0 97.0 74.0
108.0 85.0 73.0 111.0
85.0 97.0 107.0 86.0
111.0 92.0 85.0 75.0
46.0 133.0 169.0 124.0
72.0 101.0 110.0 117.0
97.0 115.0 137.0 60.0
83.0 110.0 108.0 83.0
122.0 79.0 70.0 100.0
60.0 107.0 151.0 99.0
113.0 72.0 74.0 143.0
61.0 99.0 142.0 115.0
76.0 86.0 123.0 108.0
74.0 99.0 123.0 101.0
88.0 92.0 120.0 79.0
90.0 129.0 120.0 63.0
78.0 109.0 105.0 95.0
120.0 106.0 119.0 53.0
100.0 136.0 143.0 55.0
77.0 76.0 119.0 124.0
131.0 102.0 82.0 71.0
136.0 105.0 107.0 54.0
132.0 83.0 67.0 93.0
111.0 95.0 98.0 69.0
113.0 97.0 113.0 62.0
90.0 77.0 102.0 124.0
60.0 135.0 137.0 88.0
84.0 127.0 129.0 65.0
127.0 135.0 129.0 50.0
75.0 89.0 115.0 118.0
138.0 125.0 151.0 46.0
116.0 133.0 141.0 51.0
138.0 98.0 63.0 83.0
76.0 90.0 112.0 116.0
57.0 132.0 143.0 96.0
81.0 90.0 111.0 107.0
70.0 100.0 118.0 109.0
146.0 74.0 57.0 139.0
76.0 105.0 124.0 87.0
148.0 94.0 72.0 79.0
84.0 81.0 101.0 140.0
76.0 83.0 111.0 131.0
55.0 117.0 157.0 105.0
63.0 98.0 141.0 104.0
78.0 85.0 109.0 128.0
96.0 132.0 134.0 56.0
168.0 101.0 81.0 69.0
109.0 82.0 79.0 104.0
72.0 117.0 136.0 73.0
67.0 89.0 127.0 127.0
62.0 121.0 148.0 87.0
87.0 91.0 102.0 97.0
84.0 91.0 103.0 106.0
87.0 87.0 96.0 116.0
51.0 153.0 167.0 103.0
51.0 126.0 164.0 105.0
129.0 88.0 85.0 77.0
103.0 112.0 117.0 59.0
143.0 78.0 59.0 118.0
146.0 65.0 68.0 128.0
97.0 73.0 96.0 121.0
81.0 112.0 133.0 71.0
86.0 121.0 120.0 65.0
100.0 84.0 90.0 98.0
132.0 90.0 64.0 92.0
59.0 107.0 148.0 104.0
70.0 110.0 146.0 76.0
86.0 109.0 130.0 68.0
84.0 104.0 122.0 72.0
124.0 97.0 97.0 66.0
77.0 91.0 116.0 113.0
88.0 109.0 121.0 71.0
81.0 126.0 111.0 74.0
74.0 88.0 128.0 107.0
98.0 108.0 115.0 67.0
83.0 109.0 147.0 67.0
125.0 96.0 89.0 71.0
71.0 96.0 135.0 89.0
72.0 99.0 107.0 147.0
108.0 96.0 100.0 70.0
114.0 94.0 112.0 63.0
76.0 133.0 138.0 70.0
127.0 85.0 69.0 94.0
98.0 95.0 100.0 82.0
121.0 86.0 76.0 85.0
148.0 117.0 138.0 46.0
92.0 76.0 97.0 127.0
68.0 90.0 133.0 110.0
113.0 92.0 84.0 79.0
43.0 163.0 168.0 133.0
114.0 95.0 110.0 65.0
46.0 140.0 171.0 116.0
59.0 97.0 146.0 119.0
94.0 78.0 98.0 114.0
91.0 77.0 104.0 109.0
137.0 119.0 139.0 49.0
114.0 123.0 96.0 61.0
112.0 75.0 78.0 113.0
57.0 135.0 134.0 101.0
80.0 136.0 133.0 64.0
103.0 147.0 132.0 53.0
72.0 93.0 115.0 128.0
129.0 117.0 107.0 54.0
82.0 84.0 107.0 121.0
137.0 98.0 98.0 64.0
84.0 98.0 110.0 89.0
67.0 100.0 122.0 115.0
105.0 97.0 86.0 76.0
120.0 102.0 108.0 57.0
106.0 119.0 108.0 59.0
105.0 87.0 88.0 84.0
52.0 136.0 159.0 101.0
103.0 73.0 89.0 118.0
89.0 86.0 101.0 99.0
84.0 80.0 106.0 136.0
142.0 78.0 63.0 98.0
102.0 85.0 96.0 82.0
77.0 113.0 122.0 81.0
71.0 97.0 122.0 104.0
168.0 70.0 60.0 140.0
75.0 120.0 122.0 78.0
171.0 103.0 79.0 68.0
114.0 79.0 71.0 103.0
166.0 84.0 66.0 87.0
74.0 81.0 119.0 138.0
87.0 109.0 101.0 82.0
145.0 84.0 52.0 113.0
68.0 116.0 141.0 78.0
81.0 135.0 119.0 68.0
144.0 75.0 63.0 107.0
110.0 76.0 81.0 110.0
118.0 81.0 68.0 108.0
127.0 102.0 84.0 70.0
125.0 107.0 88.0 65.0
93.0 101.0 103.0 75.0
63.0 104.0 142.0 97.0
93.0 81.0 92.0 117.0
79.0 122.0 139.0 70.0
85.0 86.0 98.0 129.0
68.0 94.0 122.0 122.0
94.0 80.0 91.0 130.0
127.0 110.0 96.0 59.0
54.0 116.0 149.0 106.0
111.0 85.0 69.0 107.0
102.0 129.0 149.0 54.0
116.0 81.0 69.0 100.0
57.0 129.0 157.0 87.0
84.0 111.0 104.0 82.0
94.0 85.0 95.0 107.0
114.0 91.0 99.0 69.0
43.0 142.0 163.0 157.0
110.0 72.0 83.0 116.0
83.0 108.0 106.0 89.0
161.0 103.0 81.0 67.0
55.0 107.0 147.0 121.0
78.0 126.0 158.0 66.0
169.0 89.0 81.0 76.0
123.0 79.0 66.0 107.0
158.0 113.0 88.0 56.0
116.0 90.0 79.0 81.0
90.0 100.0 102.0 79.0
68.0 103.0 118.0 114.0
110.0 115.0 134.0 54.0
73.0 101.0 116.0 103.0
101.0 72.0 97.0 104.0
61.0 117.0 140.0 101.0
131.0 77.0 59.0 132.0
84.0 101.0 112.0 83.0
65.0 120.0 129.0 92.0
141.0 106.0 91.0 61.0
156.0 81.0 78.0 83.0
92.0 74.0 102.0 126.0
96.0 73.0 98.0 112.0
63.0 129.0 143.0 82.0
150.0 91.0 94.0 66.0
156.0 67.0 62.0 148.0
103.0 116.0 128.0 55.0
147.0 116.0 123.0 50.0
132.0 87.0 72.0 86.0
82.0 98.0 117.0 89.0
120.0 72.0 71.0 122.0
53.0 122.0 150.0 109.0
127.0 70.0 68.0 129.0
48.0 129.0 148.0 159.0
96.0 129.0 132.0 57.0
52.0 115.0 161.0 116.0
88.0 126.0 131.0 63.0
91.0 83.0 94.0 117.0
52.0 143.0 164.0 98.0
101.0 84.0 89.0 95.0
142.0 78.0 59.0 123.0
98.0 79.0 86.0 130.0
134.0 94.0 70.0 81.0
91.0 79.0 112.0 92.0
112.0 109.0 132.0 57.0
56.0 102.0 156.0 117.0
148.0 111.0 99.0 56.0
139.0 77.0 62.0 102.0
70.0 117.0 122.0 88.0
69.0 134.0 162.0 73.0
81.0 108.0 110.0 86.0
101.0 134.0 113.0 60.0
101.0 74.0 92.0 113.0
95.0 92.0 122.0 70.0
81.0 108.0 122.0 75.0
110.0 124.0 137.0 53.0
81.0 123.0 127.0 70.0
77.0 101.0 114.0 91.0
163.0 119.0 113.0 49.0
110.0 133.0 98.0 58.0
95.0 74.0 103.0 110.0
87.0 110.0 108.0 78.0
73.0 138.0 157.0 70.0
143.0 134.0 117.0 49.0
68.0 98.0 141.0 91.0
87.0 91.0 95.0 112.0
122.0 88.0 59.0 111.0
65.0 112.0 132.0 98.0
85.0 125.0 137.0 64.0
84.0 75.0 112.0 120.0
87.0 134.0 145.0 58.0
143.0 71.0 59.0 166.0
88.0 107.0 91.0 92.0
105.0 82.0 81.0 103.0
97.0 83.0 103.0 92.0
68.0 103.0 125.0 99.0
100.0 116.0 137.0 56.0
152.0 80.0 59.0 96.0
60.0 129.0 181.0 83.0
96.0 109.0 127.0 63.0
90.0 81.0 96.0 127.0
89.0 66.0 114.0 121.0
75.0 120.0 117.0 82.0
55.0 109.0 142.0 133.0
109.0 89.0 87.0 83.0
73.0 101.0 124.0 93.0
145.0 68.0 63.0 150.0
163.0 81.0 64.0 94.0
144.0 140.0 127.0 46.0
158.0 99.0 95.0 60.0
59.0 93.0 144.0 144.0
87.0 81.0 106.0 108.0
148.0 82.0 81.0 82.0
109.0 81.0 93.0 84.0
45.0 132.0 159.0 131.0
102.0 92.0 117.0 70.0
74.0 89.0 120.0 112.0
64.0 135.0 163.0 78.0
156.0 164.0 127.0 43.0
