55.0 104.0 145.0 148.0
182.0 63.0 82.0 96.0
62.0 155.0 113.0 105.0
54.0 92.0 182.0 178.0
88.0 181.0 85.0 86.0
83.0 99.0 101.0 121.0
100.0 63.0 157.0 168.0
65.0 117.0 120.0 116.0
96.0 84.0 115.0 112.0
150.0 48.0 111.0 151.0
58.0 114.0 131.0 126.0
115.0 131.0 78.0 70.0
121.0 62.0 113.0 120.0
137.0 93.0 85.0 73.0
113.0 165.0 70.0 75.0
73.0 75.0 180.0 151.0
77.0 85.0 136.0 136.0
81.0 78.0 142.0 142.0
78.0 77.0 142.0 154.0
78.0 76.0 170.0 129.0
151.0 130.0 70.0 64.0
71.0 82.0 159.0 139.0
97.0 151.0 74.0 88.0
41.0 153.0 150.0 136.0
91.0 108.0 89.0 107.0
89.0 103.0 95.0 112.0
143.0 67.0 91.0 99.0
178.0 43.0 123.0 156.0
160.0 78.0 84.0 76.0
89.0 69.0 142.0 153.0
55.0 150.0 113.0 123.0
101.0 97.0 100.0 95.0
133.0 89.0 75.0 87.0
66.0 94.0 149.0 129.0
122.0 76.0 79.0 118.0
123.0 57.0 117.0 145.0
37.0 148.0 180.0 148.0
67.0 125.0 118.0 101.0
133.0 133.0 72.0 63.0
45.0 105.0 175.0 163.0
104.0 88.0 89.0 115.0
55.0 105.0 153.0 137.0
48.0 156.0 130.0 120.0
92.0 100.0 96.0 104.0
152.0 81.0 82.0 79.0
202.0 164.0 56.0 62.0
106.0 112.0 74.0 93.0
75.0 73.0 183.0 175.0
121.0 59.0 114.0 149.0
112.0 84.0 108.0 85.0
80.0 108.0 106.0 111.0
118.0 87.0 82.0 91.0
176.0 87.0 71.0 79.0
163.0 53.0 88.0 123.0
81.0 73.0 151.0 162.0
143.0 117.0 64.0 74.0
135.0 75.0 78.0 103.0
69.0 158.0 107.0 99.0
187.0 118.0 62.0 65.0
44.0 172.0 147.0 117.0
89.0 73.0 124.0 153.0
98.0 84.0 120.0 102.0
79.0 79.0 139.0 148.0
124.0 83.0 83.0 98.0
82.0 92.0 119.0 121.0
83.0 78.0 132.0 143.0
61.0 120.0 124.0 117.0
123.0 122.0 72.0 79.0
133.0 67.0 101.0 102.0
168.0 59.0 81.0 102.0
105.0 124.0 83.0 78.0
81.0 104.0 110.0 107.0
169.0 54.0 73.0 137.0
46.0 119.0 153.0 146.0
134.0 97.0 79.0 79.0
66.0 83.0 167.0 151.0
151.0 107.0 78.0 66.0
88.0 88.0 112.0 115.0
89.0 127.0 101.0 80.0
129.0 65.0 88.0 123.0
107.0 59.0 163.0 181.0
51.0 160.0 126.0 117.0
147.0 71.0 87.0 89.0
132.0 125.0 64.0 79.0
96.0 151.0 76.0 89.0
76.0 100.0 111.0 125.0
95.0 119.0 87.0 90.0
55.0 101.0 160.0 143.0
95.0 89.0 100.0 110.0
49.0 115.0 151.0 141.0
87.0 72.0 155.0 144.0
58.0 105.0 144.0 131.0
112.0 68.0 99.0 138.0
125.0 70.0 101.0 110.0
111.0 59.0 147.0 165.0
96.0 106.0 97.0 90.0
145.0 69.0 86.0 93.0
125.0 86.0 95.0 78.0
104.0 62.0 143.0 158.0
101.0 106.0 84.0 98.0
49.0 104.0 178.0 152.0
98.0 94.0 90.0 113.0
64.0 97.0 137.0 140.0
138.0 76.0 88.0 91.0
58.0 109.0 139.0 129.0
165.0 45.0 111.0 151.0
84.0 77.0 139.0 143.0
76.0 117.0 107.0 109.0
99.0 79.0 114.0 114.0
164.0 147.0 62.0 62.0
132.0 80.0 87.0 89.0
58.0 131.0 130.0 110.0
106.0 86.0 108.0 92.0
49.0 152.0 122.0 126.0
144.0 69.0 80.0 104.0
115.0 101.0 86.0 81.0
110.0 85.0 107.0 90.0
99.0 64.0 160.0 173.0
67.0 108.0 124.0 123.0
83.0 178.0 98.0 81.0
91.0 158.0 85.0 85.0
92.0 120.0 83.0 98.0
134.0 59.0 94.0 137.0
95.0 104.0 88.0 105.0
75.0 77.0 164.0 150.0
91.0 94.0 113.0 101.0
76.0 87.0 124.0 145.0
103.0 99.0 94.0 93.0
135.0 51.0 120.0 155.0
90.0 137.0 79.0 95.0
130.0 73.0 92.0 97.0
169.0 63.0 66.0 115.0
63.0 109.0 131.0 122.0
156.0 73.0 73.0 90.0
126.0 68.0 106.0 104.0
59.0 135.0 118.0 111.0
104.0 117.0 81.0 87.0
51.0 108.0 147.0 151.0
74.0 108.0 108.0 121.0
106.0 104.0 81.0 91.0
99.0 154.0 82.0 78.0
97.0 109.0 91.0 95.0
48.0 138.0 155.0 114.0
105.0 71.0 118.0 121.0
124.0 100.0 76.0 83.0
113.0 77.0 106.0 106.0
90.0 98.0 112.0 98.0
44.0 167.0 150.0 115.0
50.0 101.0 166.0 159.0
40.0 120.0 180.0 164.0
71.0 177.0 95.0 102.0
156.0 114.0 66.0 72.0
131.0 62.0 89.0 125.0
107.0 94.0 78.0 108.0
121.0 94.0 90.0 80.0
158.0 105.0 71.0 69.0
52.0 159.0 121.0 119.0
83.0 77.0 143.0 143.0
91.0 108.0 90.0 106.0
53.0 94.0 188.0 178.0
149.0 145.0 61.0 68.0
126.0 88.0 93.0 72.0
147.0 51.0 87.0 157.0
108.0 139.0 74.0 81.0
136.0 77.0 81.0 95.0
142.0 76.0 85.0 91.0
136.0 131.0 67.0 67.0
66.0 158.0 91.0 119.0
150.0 58.0 81.0 124.0
92.0 121.0 87.0 92.0
79.0 120.0 118.0 85.0
85.0 110.0 89.0 115.0
105.0 86.0 109.0 98.0
69.0 127.0 107.0 108.0
79.0 112.0 115.0 99.0
39.0 145.0 170.0 144.0
105.0 82.0 103.0 112.0
87.0 97.0 110.0 107.0
120.0 61.0 113.0 135.0
72.0 156.0 115.0 85.0
158.0 88.0 59.0 95.0
164.0 75.0 72.0 87.0
63.0 122.0 112.0 125.0
72.0 160.0 99.0 100.0
119.0 75.0 92.0 115.0
76.0 91.0 122.0 135.0
58.0 117.0 116.0 140.0
65.0 111.0 129.0 118.0
152.0 65.0 89.0 100.0
80.0 148.0 94.0 93.0
93.0 103.0 91.0 107.0
169.0 84.0 72.0 79.0
108.0 80.0 107.0 104.0
139.0 74.0 81.0 96.0
79.0 83.0 143.0 123.0
54.0 129.0 127.0 126.0
46.0 123.0 141.0 148.0
112.0 154.0 68.0 80.0
76.0 131.0 99.0 103.0
156.0 105.0 70.0 74.0
141.0 59.0 83.0 130.0
76.0 136.0 106.0 91.0
74.0 90.0 138.0 132.0
105.0 105.0 77.0 99.0
150.0 66.0 78.0 111.0
139.0 69.0 86.0 103.0
79.0 91.0 134.0 114.0
89.0 103.0 96.0 111.0
65.0 160.0 103.0 108.0
74.0 104.0 121.0 109.0
131.0 68.0 84.0 116.0
83.0 92.0 122.0 107.0
113.0 80.0 107.0 95.0
148.0 46.0 136.0 180.0
48.0 108.0 166.0 151.0
72.0 110.0 114.0 114.0
140.0 71.0 84.0 97.0
62.0 90.0 154.0 157.0
102.0 68.0 142.0 121.0
61.0 130.0 121.0 114.0
90.0 85.0 132.0 98.0
60.0 98.0 144.0 139.0
117.0 64.0 104.0 135.0
94.0 69.0 140.0 149.0
43.0 140.0 159.0 133.0
117.0 123.0 70.0 84.0
166.0 86.0 73.0 78.0
112.0 86.0 89.0 98.0
103.0 97.0 87.0 107.0
75.0 107.0 116.0 111.0
123.0 66.0 94.0 118.0
99.0 85.0 126.0 94.0
44.0 138.0 141.0 149.0
65.0 88.0 153.0 146.0
102.0 100.0 83.0 100.0
119.0 75.0 107.0 100.0
100.0 108.0 89.0 88.0
89.0 96.0 107.0 109.0
103.0 83.0 117.0 99.0
175.0 91.0 62.0 84.0
85.0 97.0 114.0 108.0
100.0 65.0 132.0 166.0
76.0 105.0 113.0 114.0
99.0 77.0 116.0 125.0
122.0 84.0 93.0 89.0
152.0 109.0 78.0 62.0
90.0 72.0 158.0 136.0
41.0 111.0 213.0 181.0
155.0 73.0 73.0 94.0
143.0 48.0 114.0 177.0
140.0 49.0 142.0 178.0
51.0 146.0 121.0 128.0
118.0 64.0 109.0 125.0
150.0 63.0 78.0 112.0
103.0 75.0 115.0 115.0
105.0 64.0 138.0 147.0
104.0 105.0 93.0 87.0
44.0 136.0 146.0 145.0
99.0 74.0 114.0 130.0
65.0 82.0 163.0 166.0
136.0 58.0 86.0 149.0
78.0 92.0 134.0 119.0
46.0 130.0 144.0 143.0
131.0 78.0 88.0 90.0
93.0 150.0 94.0 72.0
46.0 144.0 133.0 134.0
68.0 146.0 90.0 118.0
69.0 104.0 126.0 126.0
174.0 94.0 61.0 79.0
135.0 61.0 100.0 122.0
119.0 73.0 104.0 108.0
91.0 73.0 147.0 128.0
99.0 156.0 81.0 76.0
146.0 49.0 117.0 160.0
55.0 105.0 151.0 139.0
48.0 128.0 148.0 127.0
104.0 115.0 87.0 83.0
61.0 131.0 120.0 112.0
79.0 131.0 94.0 100.0
67.0 82.0 171.0 140.0
148.0 63.0 87.0 109.0
86.0 112.0 93.0 108.0
66.0 84.0 156.0 149.0
115.0 70.0 102.0 123.0
121.0 55.0 135.0 178.0
62.0 102.0 154.0 123.0
53.0 108.0 158.0 132.0
191.0 43.0 92.0 183.0
148.0 75.0 84.0 87.0
136.0 60.0 89.0 136.0
91.0 75.0 150.0 117.0
160.0 143.0 72.0 56.0
60.0 103.0 147.0 130.0
182.0 46.0 101.0 151.0
113.0 61.0 140.0 138.0
61.0 106.0 135.0 135.0
89.0 180.0 90.0 82.0
119.0 61.0 127.0 126.0
118.0 97.0 78.0 93.0
96.0 67.0 136.0 150.0
66.0 90.0 147.0 141.0
63.0 148.0 116.0 100.0
153.0 51.0 97.0 144.0
80.0 98.0 120.0 114.0
82.0 114.0 112.0 92.0
133.0 81.0 89.0 79.0
79.0 93.0 129.0 106.0
81.0 108.0 96.0 120.0
90.0 105.0 104.0 97.0
129.0 94.0 86.0 75.0
87.0 130.0 91.0 93.0
94.0 71.0 147.0 130.0
162.0 132.0 74.0 56.0
184.0 92.0 77.0 66.0
84.0 108.0 94.0 115.0
60.0 105.0 143.0 130.0
89.0 109.0 88.0 111.0
114.0 77.0 102.0 107.0
63.0 103.0 139.0 123.0
98.0 71.0 121.0 142.0
108.0 69.0 106.0 137.0
123.0 73.0 96.0 104.0
155.0 48.0 95.0 161.0
64.0 95.0 141.0 145.0
119.0 81.0 86.0 100.0
101.0 67.0 146.0 134.0
122.0 141.0 72.0 68.0
43.0 123.0 165.0 146.0
84.0 138.0 90.0 92.0
138.0 111.0 66.0 81.0
102.0 76.0 120.0 115.0
68.0 110.0 107.0 130.0
93.0 87.0 101.0 125.0
100.0 96.0 101.0 98.0
104.0 89.0 100.0 100.0
42.0 145.0 140.0 144.0
51.0 127.0 133.0 127.0
102.0 65.0 137.0 153.0
130.0 65.0 88.0 119.0
116.0 73.0 99.0 117.0
63.0 139.0 94.0 126.0
83.0 79.0 121.0 141.0
134.0 64.0 102.0 108.0
91.0 127.0 90.0 89.0
74.0 91.0 144.0 120.0
82.0 106.0 106.0 107.0
150.0 67.0 76.0 104.0
96.0 82.0 105.0 128.0
117.0 60.0 114.0 154.0
84.0 85.0 125.0 119.0
71.0 97.0 126.0 134.0
71.0 109.0 120.0 117.0
93.0 142.0 98.0 74.0
120.0 72.0 108.0 106.0
91.0 100.0 100.0 105.0
150.0 97.0 83.0 68.0
154.0 110.0 77.0 62.0
156.0 65.0 81.0 103.0
74.0 111.0 112.0 115.0
70.0 98.0 134.0 120.0
81.0 108.0 104.0 112.0
136.0 115.0 77.0 68.0
92.0 112.0 90.0 100.0
77.0 114.0 96.0 116.0
46.0 111.0 171.0 146.0
80.0 99.0 111.0 118.0
76.0 112.0 107.0 114.0
72.0 175.0 99.0 99.0
57.0 105.0 154.0 135.0
122.0 64.0 92.0 133.0
126.0 82.0 83.0 97.0
110.0 60.0 135.0 149.0
137.0 72.0 86.0 98.0
60.0 130.0 113.0 125.0
192.0 143.0 67.0 56.0
167.0 68.0 75.0 96.0
105.0 67.0 127.0 129.0
81.0 71.0 167.0 174.0
112.0 70.0 105.0 128.0
120.0 70.0 101.0 119.0
103.0 107.0 82.0 91.0
40.0 113.0 206.0 178.0
101.0 66.0 124.0 169.0
97.0 66.0 146.0 161.0
135.0 73.0 96.0 91.0
168.0 81.0 86.0 68.0
117.0 58.0 123.0 157.0
88.0 87.0 127.0 111.0
87.0 86.0 122.0 121.0
60.0 110.0 142.0 121.0
117.0 144.0 73.0 71.0
63.0 90.0 162.0 141.0
42.0 129.0 155.0 152.0
86.0 145.0 88.0 93.0
99.0 87.0 108.0 104.0
126.0 127.0 78.0 66.0
141.0 122.0 71.0 71.0
108.0 106.0 81.0 89.0
65.0 94.0 165.0 121.0
68.0 95.0 138.0 135.0
81.0 125.0 99.0 98.0
103.0 105.0 84.0 97.0
102.0 86.0 116.0 93.0
147.0 105.0 79.0 67.0
110.0 106.0 75.0 93.0
101.0 72.0 114.0 134.0
48.0 101.0 173.0 158.0
95.0 77.0 124.0 125.0
77.0 74.0 158.0 161.0
121.0 66.0 106.0 122.0
68.0 88.0 144.0 140.0
99.0 76.0 123.0 119.0
109.0 58.0 154.0 167.0
138.0 66.0 83.0 114.0
43.0 114.0 179.0 177.0
76.0 113.0 119.0 99.0
92.0 94.0 98.0 113.0
121.0 60.0 121.0 136.0
101.0 69.0 118.0 144.0
74.0 133.0 108.0 96.0
91.0 130.0 82.0 93.0
174.0 75.0 72.0 86.0
144.0 50.0 105.0 153.0
89.0 97.0 105.0 109.0
55.0 90.0 197.0 182.0
42.0 117.0 180.0 168.0
39.0 124.0 175.0 174.0
95.0 114.0 88.0 97.0
76.0 89.0 141.0 121.0
104.0 103.0 82.0 99.0
118.0 61.0 111.0 152.0
127.0 91.0 87.0 77.0
150.0 62.0 85.0 112.0
88.0 118.0 93.0 96.0
69.0 92.0 142.0 138.0
109.0 63.0 122.0 156.0
59.0 122.0 126.0 125.0
162.0 75.0 67.0 95.0
86.0 123.0 86.0 101.0
172.0 44.0 122.0 157.0
56.0 97.0 155.0 148.0
66.0 149.0 97.0 117.0
59.0 86.0 178.0 184.0
95.0 104.0 89.0 104.0
47.0 149.0 131.0 126.0
77.0 91.0 128.0 128.0
101.0 64.0 155.0 151.0
92.0 73.0 137.0 135.0
145.0 122.0 68.0 68.0
146.0 53.0 117.0 131.0
104.0 95.0 83.0 106.0
44.0 140.0 157.0 128.0
125.0 71.0 105.0 98.0
70.0 81.0 158.0 152.0
111.0 74.0 108.0 114.0
159.0 87.0 66.0 87.0
147.0 99.0 62.0 86.0
116.0 66.0 106.0 129.0
42.0 163.0 162.0 114.0
69.0 115.0 116.0 116.0
64.0 106.0 133.0 125.0
108.0 71.0 115.0 121.0
120.0 84.0 86.0 98.0
105.0 116.0 79.0 85.0
53.0 93.0 200.0 191.0
50.0 138.0 131.0 127.0
55.0 109.0 136.0 142.0
151.0 69.0 81.0 97.0
104.0 114.0 82.0 90.0
88.0 127.0 104.0 80.0
47.0 108.0 170.0 164.0
68.0 93.0 151.0 127.0
91.0 104.0 100.0 102.0
179.0 139.0 61.0 64.0
124.0 95.0 78.0 87.0
123.0 90.0 82.0 88.0
62.0 117.0 123.0 124.0
162.0 76.0 71.0 87.0
50.0 156.0 129.0 118.0
45.0 141.0 138.0 139.0
181.0 61.0 64.0 118.0
152.0 57.0 81.0 125.0
63.0 167.0 100.0 114.0
121.0 67.0 97.0 124.0
41.0 139.0 163.0 142.0
58.0 169.0 119.0 107.0
99.0 110.0 90.0 90.0
43.0 119.0 159.0 155.0
132.0 86.0 90.0 75.0
142.0 73.0 73.0 106.0
80.0 118.0 94.0 109.0
120.0 96.0 92.0 79.0
142.0 51.0 95.0 160.0
92.0 71.0 142.0 138.0
132.0 81.0 89.0 83.0
84.0 95.0 110.0 116.0
122.0 105.0 76.0 77.0
43.0 108.0 195.0 184.0
47.0 146.0 128.0 134.0
80.0 77.0 147.0 146.0
67.0 100.0 140.0 124.0
41.0 163.0 142.0 137.0
153.0 49.0 93.0 155.0
78.0 90.0 113.0 144.0
80.0 75.0 148.0 156.0
163.0 91.0 67.0 81.0
54.0 112.0 156.0 128.0
85.0 87.0 117.0 124.0
54.0 102.0 168.0 136.0
130.0 71.0 98.0 98.0
72.0 109.0 122.0 109.0
170.0 45.0 100.0 153.0
143.0 75.0 68.0 105.0
101.0 102.0 84.0 101.0
99.0 66.0 128.0 167.0
93.0 67.0 150.0 169.0
110.0 89.0 82.0 108.0
128.0 51.0 146.0 201.0
100.0 93.0 105.0 95.0
106.0 68.0 110.0 137.0
134.0 99.0 81.0 73.0
72.0 106.0 115.0 117.0
177.0 115.0 68.0 65.0
155.0 69.0 74.0 97.0
56.0 165.0 122.0 105.0
115.0 60.0 132.0 139.0
110.0 70.0 115.0 123.0
123.0 58.0 104.0 155.0
126.0 85.0 102.0 77.0
60.0 112.0 129.0 131.0
57.0 107.0 149.0 134.0
94.0 69.0 135.0 154.0
70.0 76.0 171.0 182.0
151.0 95.0 73.0 76.0
123.0 98.0 85.0 78.0
83.0 91.0 126.0 114.0
118.0 78.0 91.0 109.0
97.0 115.0 90.0 84.0
38.0 152.0 157.0 146.0
132.0 94.0 76.0 83.0
112.0 100.0 82.0 91.0
129.0 61.0 93.0 137.0
73.0 96.0 130.0 113.0
123.0 95.0 78.0 91.0
90.0 103.0 96.0 108.0
41.0 147.0 144.0 150.0
162.0 65.0 75.0 99.0
139.0 165.0 68.0 62.0
146.0 58.0 92.0 119.0
97.0 93.0 97.0 109.0
123.0 56.0 125.0 160.0
158.0 54.0 95.0 126.0
38.0 137.0 183.0 151.0
160.0 78.0 89.0 71.0
120.0 63.0 118.0 120.0
145.0 57.0 96.0 127.0
93.0 72.0 117.0 154.0
51.0 143.0 128.0 126.0
57.0 92.0 174.0 153.0
109.0 119.0 79.0 80.0
115.0 99.0 68.0 105.0
125.0 77.0 96.0 92.0
173.0 51.0 70.0 144.0
150.0 74.0 81.0 86.0
68.0 107.0 122.0 116.0
115.0 81.0 105.0 95.0
79.0 84.0 126.0 130.0
50.0 132.0 134.0 132.0
50.0 97.0 206.0 186.0
64.0 102.0 143.0 124.0
51.0 162.0 122.0 116.0
66.0 80.0 174.0 163.0
56.0 128.0 139.0 110.0
54.0 153.0 113.0 121.0
198.0 157.0 57.0 63.0
109.0 62.0 144.0 143.0
183.0 136.0 62.0 62.0
113.0 73.0 106.0 111.0
123.0 128.0 70.0 75.0
73.0 165.0 94.0 101.0
53.0 155.0 125.0 110.0
108.0 66.0 134.0 125.0
70.0 105.0 131.0 112.0
127.0 83.0 76.0 98.0
84.0 121.0 99.0 93.0
97.0 71.0 124.0 143.0
100.0 83.0 108.0 113.0
170.0 62.0 72.0 110.0
116.0 86.0 100.0 83.0
71.0 89.0 125.0 147.0
167.0 108.0 64.0 72.0
62.0 139.0 118.0 104.0
128.0 136.0 73.0 66.0
85.0 157.0 86.0 92.0
104.0 89.0 108.0 92.0
82.0 131.0 102.0 89.0
51.0 118.0 142.0 141.0
71.0 79.0 163.0 154.0
80.0 136.0 102.0 91.0
66.0 114.0 121.0 119.0
78.0 110.0 93.0 124.0
160.0 118.0 64.0 69.0
41.0 175.0 158.0 119.0
172.0 119.0 64.0 66.0
86.0 77.0 137.0 137.0
88.0 104.0 97.0 106.0
92.0 148.0 87.0 83.0
36.0 167.0 182.0 131.0
124.0 63.0 95.0 124.0
61.0 126.0 139.0 101.0
114.0 147.0 77.0 67.0
53.0 115.0 151.0 125.0
50.0 128.0 132.0 140.0
118.0 82.0 91.0 100.0
115.0 99.0 77.0 96.0
73.0 115.0 103.0 115.0
98.0 127.0 90.0 74.0
97.0 95.0 87.0 115.0
41.0 141.0 157.0 146.0
42.0 176.0 153.0 119.0
116.0 62.0 120.0 134.0
104.0 86.0 107.0 101.0
86.0 84.0 122.0 127.0
71.0 124.0 111.0 102.0
60.0 124.0 138.0 108.0
129.0 82.0 79.0 94.0
141.0 67.0 86.0 107.0
144.0 67.0 76.0 109.0
153.0 82.0 73.0 82.0
98.0 64.0 164.0 175.0
102.0 84.0 122.0 91.0
101.0 101.0 92.0 97.0
87.0 78.0 114.0 142.0
36.0 144.0 168.0 162.0
144.0 47.0 161.0 192.0
54.0 91.0 194.0 191.0
107.0 94.0 89.0 97.0
50.0 108.0 154.0 148.0
88.0 158.0 94.0 79.0
79.0 76.0 160.0 136.0
115.0 62.0 112.0 153.0
87.0 75.0 118.0 160.0
96.0 65.0 154.0 163.0
142.0 68.0 86.0 100.0
52.0 97.0 175.0 163.0
145.0 77.0 81.0 89.0
81.0 78.0 123.0 161.0
57.0 119.0 126.0 133.0
83.0 119.0 111.0 86.0
145.0 61.0 91.0 113.0
132.0 75.0 88.0 100.0
82.0 138.0 89.0 99.0
110.0 67.0 103.0 138.0
60.0 92.0 165.0 147.0
43.0 153.0 159.0 120.0
46.0 160.0 131.0 121.0
86.0 149.0 92.0 82.0
116.0 74.0 96.0 116.0
67.0 105.0 141.0 110.0
60.0 129.0 124.0 115.0
112.0 105.0 82.0 83.0
154.0 115.0 73.0 65.0
48.0 139.0 125.0 135.0
142.0 82.0 81.0 80.0
110.0 102.0 87.0 83.0
138.0 83.0 87.0 72.0
104.0 141.0 76.0 79.0
95.0 68.0 135.0 163.0
66.0 143.0 115.0 101.0
75.0 110.0 103.0 121.0
149.0 55.0 95.0 130.0
138.0 49.0 128.0 194.0
69.0 145.0 115.0 93.0
88.0 81.0 125.0 128.0
139.0 61.0 83.0 130.0
146.0 110.0 77.0 69.0
93.0 105.0 98.0 95.0
134.0 104.0 77.0 76.0
119.0 60.0 121.0 138.0
87.0 88.0 115.0 124.0
85.0 82.0 126.0 125.0
146.0 92.0 73.0 79.0
39.0 155.0 161.0 134.0
52.0 98.0 160.0 173.0
75.0 88.0 118.0 148.0
116.0 68.0 96.0 131.0
74.0 121.0 110.0 105.0
158.0 53.0 85.0 138.0
63.0 98.0 155.0 119.0
159.0 80.0 71.0 86.0
175.0 104.0 72.0 65.0
127.0 99.0 73.0 85.0
77.0 121.0 110.0 95.0
130.0 79.0 84.0 96.0
114.0 145.0 78.0 69.0
177.0 43.0 132.0 160.0
42.0 140.0 148.0 145.0
54.0 127.0 132.0 122.0
123.0 62.0 99.0 132.0
83.0 106.0 97.0 115.0
176.0 42.0 129.0 167.0
67.0 102.0 132.0 124.0
44.0 132.0 154.0 142.0
70.0 122.0 100.0 123.0
95.0 72.0 107.0 155.0
58.0 103.0 157.0 127.0
137.0 125.0 72.0 68.0
43.0 112.0 179.0 185.0
98.0 118.0 84.0 89.0
156.0 78.0 69.0 93.0
113.0 83.0 90.0 108.0
83.0 112.0 97.0 107.0
37.0 120.0 191.0 184.0
88.0 68.0 167.0 165.0
86.0 146.0 90.0 90.0
70.0 101.0 129.0 121.0
72.0 109.0 100.0 131.0
67.0 91.0 142.0 145.0
61.0 165.0 115.0 107.0
116.0 58.0 132.0 167.0
69.0 78.0 160.0 185.0
43.0 157.0 141.0 125.0
104.0 83.0 125.0 89.0
161.0 137.0 60.0 69.0
89.0 79.0 128.0 120.0
91.0 117.0 89.0 93.0
93.0 109.0 89.0 98.0
72.0 92.0 129.0 134.0
120.0 121.0 65.0 88.0
131.0 69.0 103.0 96.0
51.0 151.0 127.0 120.0
126.0 74.0 97.0 98.0
73.0 122.0 117.0 94.0
138.0 124.0 76.0 67.0
168.0 55.0 86.0 116.0
136.0 107.0 75.0 76.0
90.0 137.0 90.0 84.0
97.0 69.0 154.0 124.0
161.0 65.0 76.0 104.0
65.0 114.0 125.0 121.0
51.0 104.0 164.0 146.0
170.0 56.0 86.0 112.0
77.0 73.0 161.0 186.0
85.0 98.0 112.0 108.0
157.0 69.0 79.0 89.0
118.0 72.0 108.0 110.0
41.0 169.0 157.0 121.0
118.0 75.0 104.0 104.0
74.0 145.0 99.0 102.0
53.0 154.0 127.0 109.0
56.0 111.0 149.0 120.0
159.0 45.0 98.0 169.0
111.0 113.0 76.0 82.0
96.0 86.0 109.0 114.0
107.0 81.0 107.0 106.0
58.0 127.0 122.0 125.0
102.0 128.0 81.0 78.0
143.0 115.0 73.0 69.0
179.0 82.0 78.0 72.0
172.0 126.0 63.0 63.0
101.0 90.0 93.0 103.0
80.0 144.0 100.0 89.0
163.0 47.0 114.0 146.0
119.0 69.0 95.0 128.0
81.0 97.0 100.0 130.0
156.0 139.0 62.0 68.0
131.0 57.0 91.0 148.0
62.0 95.0 144.0 150.0
50.0 142.0 126.0 129.0
85.0 103.0 103.0 108.0
59.0 108.0 129.0 143.0
40.0 116.0 189.0 179.0
60.0 168.0 100.0 119.0
69.0 120.0 118.0 107.0
148.0 47.0 127.0 170.0
153.0 162.0 68.0 56.0
152.0 67.0 81.0 96.0
57.0 126.0 123.0 125.0
155.0 74.0 87.0 79.0
91.0 106.0 94.0 103.0
156.0 114.0 61.0 77.0
98.0 65.0 142.0 165.0
78.0 130.0 111.0 84.0
73.0 151.0 98.0 102.0
63.0 101.0 140.0 133.0
92.0 138.0 84.0 89.0
137.0 56.0 95.0 143.0
121.0 121.0 80.0 72.0
76.0 80.0 168.0 125.0
142.0 62.0 86.0 119.0
67.0 132.0 113.0 105.0
68.0 86.0 141.0 158.0
39.0 132.0 174.0 144.0
158.0 56.0 83.0 121.0
45.0 131.0 136.0 149.0
128.0 125.0 72.0 76.0
69.0 155.0 103.0 104.0
93.0 154.0 80.0 85.0
46.0 153.0 139.0 120.0
52.0 134.0 127.0 120.0
107.0 74.0 114.0 115.0
57.0 103.0 141.0 153.0
75.0 114.0 111.0 110.0
99.0 98.0 94.0 102.0
107.0 65.0 121.0 145.0
123.0 72.0 97.0 109.0
177.0 56.0 74.0 120.0
58.0 94.0 165.0 147.0
142.0 64.0 87.0 113.0
127.0 73.0 92.0 98.0
79.0 106.0 109.0 112.0
43.0 130.0 172.0 130.0
147.0 170.0 76.0 50.0
70.0 132.0 110.0 97.0
103.0 87.0 97.0 110.0
73.0 92.0 135.0 127.0
125.0 56.0 120.0 153.0
157.0 55.0 84.0 132.0
67.0 147.0 104.0 106.0
198.0 133.0 66.0 57.0
92.0 158.0 83.0 84.0
120.0 76.0 94.0 108.0
71.0 117.0 99.0 126.0
86.0 114.0 111.0 89.0
106.0 83.0 115.0 92.0
46.0 150.0 131.0 130.0
82.0 124.0 93.0 100.0
73.0 103.0 117.0 121.0
81.0 87.0 131.0 114.0
137.0 101.0 78.0 74.0
124.0 79.0 102.0 85.0
147.0 100.0 83.0 64.0
97.0 110.0 88.0 95.0
108.0 94.0 86.0 98.0
121.0 113.0 79.0 77.0
82.0 123.0 108.0 86.0
38.0 150.0 163.0 142.0
51.0 124.0 130.0 135.0
187.0 110.0 64.0 68.0
90.0 122.0 96.0 87.0
94.0 67.0 148.0 152.0
74.0 160.0 91.0 103.0
52.0 102.0 162.0 149.0
160.0 111.0 65.0 72.0
129.0 85.0 90.0 82.0
76.0 81.0 142.0 141.0
143.0 57.0 80.0 150.0
67.0 114.0 121.0 118.0
80.0 88.0 130.0 123.0
148.0 68.0 85.0 98.0
118.0 144.0 71.0 70.0
139.0 50.0 113.0 156.0
47.0 111.0 159.0 157.0
97.0 127.0 79.0 90.0
45.0 120.0 150.0 144.0
164.0 99.0 65.0 76.0
106.0 98.0 83.0 100.0
68.0 143.0 114.0 98.0
182.0 104.0 69.0 66.0
48.0 132.0 137.0 135.0
132.0 119.0 71.0 76.0
154.0 52.0 101.0 135.0
136.0 127.0 82.0 60.0
90.0 67.0 175.0 180.0
101.0 113.0 84.0 92.0
77.0 93.0 128.0 123.0
129.0 114.0 81.0 71.0
83.0 140.0 82.0 103.0
61.0 102.0 142.0 137.0
181.0 44.0 105.0 160.0
110.0 110.0 82.0 77.0
71.0 110.0 123.0 113.0
105.0 84.0 86.0 123.0
139.0 114.0 67.0 78.0
121.0 70.0 92.0 121.0
110.0 86.0 97.0 97.0
60.0 128.0 117.0 124.0
96.0 104.0 89.0 101.0
130.0 68.0 95.0 109.0
68.0 131.0 114.0 104.0
98.0 70.0 116.0 156.0
88.0 122.0 94.0 91.0
95.0 74.0 143.0 118.0
41.0 143.0 145.0 150.0
56.0 88.0 191.0 182.0
103.0 63.0 142.0 171.0
99.0 83.0 93.0 130.0
81.0 79.0 131.0 140.0
68.0 118.0 117.0 114.0
92.0 99.0 105.0 103.0
136.0 53.0 89.0 162.0
57.0 115.0 133.0 133.0
120.0 75.0 100.0 105.0
104.0 68.0 132.0 129.0
96.0 118.0 88.0 90.0
120.0 68.0 109.0 116.0
117.0 76.0 99.0 107.0
147.0 108.0 67.0 77.0
48.0 109.0 158.0 156.0
73.0 129.0 114.0 95.0
51.0 98.0 171.0 182.0
131.0 67.0 87.0 117.0
123.0 97.0 83.0 83.0
38.0 140.0 166.0 162.0
73.0 94.0 135.0 121.0
146.0 106.0 72.0 75.0
157.0 108.0 72.0 66.0
45.0 156.0 141.0 127.0
161.0 71.0 82.0 82.0
90.0 75.0 160.0 110.0
118.0 65.0 96.0 135.0
66.0 97.0 145.0 129.0
196.0 112.0 57.0 72.0
57.0 123.0 135.0 117.0
112.0 57.0 166.0 201.0
55.0 116.0 135.0 133.0
82.0 80.0 125.0 143.0
152.0 128.0 64.0 67.0
83.0 99.0 104.0 118.0
153.0 62.0 88.0 103.0
57.0 129.0 117.0 128.0
113.0 62.0 115.0 157.0
136.0 85.0 70.0 94.0
122.0 74.0 101.0 102.0
160.0 48.0 107.0 146.0
54.0 115.0 139.0 136.0
91.0 162.0 95.0 73.0
83.0 138.0 98.0 89.0
69.0 167.0 112.0 93.0
53.0 130.0 124.0 127.0
41.0 112.0 186.0 180.0
108.0 67.0 112.0 139.0
153.0 60.0 75.0 122.0
153.0 54.0 84.0 139.0
72.0 119.0 106.0 116.0
83.0 96.0 116.0 107.0
88.0 74.0 128.0 155.0
63.0 89.0 161.0 149.0
86.0 69.0 151.0 168.0
43.0 142.0 146.0 145.0
62.0 103.0 142.0 129.0
121.0 56.0 131.0 156.0
119.0 71.0 108.0 110.0
122.0 77.0 87.0 105.0
72.0 118.0 124.0 99.0
70.0 158.0 99.0 102.0
73.0 99.0 115.0 127.0
71.0 103.0 129.0 116.0
169.0 79.0 76.0 76.0
115.0 68.0 101.0 129.0
77.0 125.0 104.0 95.0
108.0 75.0 118.0 110.0
176.0 69.0 65.0 100.0
70.0 155.0 113.0 91.0
89.0 84.0 112.0 124.0
111.0 130.0 87.0 66.0
80.0 108.0 120.0 97.0
39.0 150.0 151.0 146.0
36.0 142.0 174.0 158.0
116.0 82.0 99.0 96.0
134.0 50.0 145.0 202.0
89.0 129.0 88.0 92.0
138.0 105.0 65.0 85.0
55.0 96.0 169.0 154.0
81.0 141.0 97.0 88.0
180.0 47.0 91.0 154.0
137.0 79.0 81.0 83.0
74.0 86.0 148.0 131.0
115.0 82.0 90.0 107.0
145.0 74.0 68.0 104.0
100.0 124.0 89.0 76.0
66.0 142.0 117.0 100.0
108.0 93.0 90.0 95.0
75.0 117.0 117.0 100.0
69.0 95.0 141.0 122.0
47.0 104.0 180.0 165.0
102.0 66.0 129.0 145.0
48.0 147.0 124.0 134.0
152.0 49.0 92.0 164.0
51.0 112.0 148.0 148.0
137.0 58.0 84.0 141.0
58.0 119.0 121.0 131.0
67.0 79.0 183.0 156.0
66.0 98.0 136.0 135.0
61.0 85.0 180.0 166.0
91.0 67.0 169.0 176.0
49.0 119.0 139.0 143.0
91.0 90.0 107.0 109.0
84.0 113.0 97.0 106.0
75.0 83.0 137.0 139.0
116.0 135.0 77.0 69.0
112.0 136.0 70.0 80.0
124.0 90.0 82.0 84.0
67.0 80.0 162.0 174.0
92.0 67.0 145.0 178.0
48.0 114.0 158.0 138.0
142.0 79.0 79.0 84.0
99.0 100.0 88.0 104.0
94.0 75.0 119.0 141.0
183.0 106.0 67.0 67.0
151.0 81.0 84.0 78.0
175.0 44.0 112.0 160.0
49.0 113.0 151.0 149.0
49.0 106.0 164.0 154.0
68.0 113.0 123.0 111.0
58.0 164.0 123.0 105.0
47.0 132.0 134.0 145.0
59.0 152.0 124.0 103.0
53.0 110.0 147.0 141.0
103.0 62.0 153.0 177.0
47.0 137.0 130.0 141.0
98.0 87.0 111.0 106.0
69.0 81.0 156.0 167.0
157.0 150.0 61.0 67.0
177.0 90.0 57.0 90.0
60.0 95.0 162.0 135.0
61.0 166.0 113.0 108.0
44.0 147.0 140.0 130.0
111.0 65.0 126.0 130.0
47.0 143.0 138.0 125.0
152.0 66.0 81.0 106.0
155.0 77.0 81.0 83.0
70.0 83.0 149.0 150.0
98.0 110.0 91.0 91.0
89.0 66.0 181.0 180.0
117.0 103.0 78.0 84.0
101.0 98.0 104.0 89.0
119.0 98.0 78.0 90.0
79.0 106.0 102.0 119.0
66.0 141.0 98.0 120.0
99.0 109.0 88.0 94.0
36.0 151.0 175.0 146.0
135.0 149.0 69.0 64.0
138.0 52.0 102.0 159.0
136.0 120.0 77.0 67.0
130.0 50.0 157.0 198.0
145.0 72.0 83.0 93.0
142.0 147.0 74.0 55.0
52.0 99.0 180.0 146.0
176.0 93.0 64.0 81.0
75.0 136.0 101.0 99.0
89.0 74.0 136.0 139.0
98.0 79.0 126.0 111.0
49.0 112.0 159.0 149.0
185.0 130.0 60.0 65.0
44.0 122.0 164.0 149.0
160.0 57.0 84.0 119.0
63.0 95.0 152.0 138.0
105.0 91.0 84.0 106.0
61.0 87.0 164.0 155.0
75.0 102.0 125.0 113.0
175.0 64.0 70.0 103.0
99.0 108.0 85.0 98.0
81.0 108.0 103.0 113.0
67.0 88.0 136.0 156.0
55.0 113.0 141.0 134.0
70.0 117.0 108.0 120.0
97.0 63.0 170.0 175.0
105.0 98.0 93.0 94.0
68.0 137.0 120.0 94.0
68.0 106.0 135.0 112.0
99.0 69.0 142.0 129.0
87.0 68.0 167.0 167.0
131.0 133.0 78.0 64.0
125.0 139.0 67.0 72.0
104.0 70.0 118.0 136.0
158.0 66.0 79.0 101.0
41.0 129.0 167.0 150.0
86.0 73.0 154.0 146.0
62.0 110.0 128.0 120.0
71.0 112.0 125.0 105.0
132.0 76.0 79.0 102.0
77.0 79.0 149.0 141.0
190.0 154.0 65.0 56.0
104.0 85.0 126.0 84.0
60.0 84.0 186.0 186.0
134.0 78.0 81.0 90.0
61.0 96.0 161.0 133.0
69.0 83.0 148.0 157.0
72.0 87.0 137.0 141.0
124.0 71.0 103.0 103.0
104.0 72.0 123.0 121.0
85.0 69.0 175.0 190.0
164.0 49.0 95.0 139.0
95.0 142.0 80.0 87.0
159.0 52.0 90.0 137.0
86.0 148.0 96.0 83.0
143.0 63.0 78.0 123.0
67.0 141.0 103.0 112.0
136.0 142.0 67.0 64.0
71.0 75.0 175.0 159.0
84.0 74.0 162.0 133.0
95.0 149.0 82.0 84.0
110.0 64.0 126.0 141.0
102.0 98.0 97.0 95.0
118.0 70.0 110.0 112.0
107.0 102.0 85.0 90.0
70.0 94.0 136.0 133.0
69.0 105.0 125.0 121.0
42.0 154.0 152.0 128.0
83.0 90.0 127.0 117.0
126.0 55.0 121.0 140.0
95.0 83.0 111.0 125.0
86.0 105.0 105.0 104.0
42.0 166.0 142.0 131.0
99.0 105.0 89.0 97.0
70.0 114.0 111.0 122.0
102.0 99.0 96.0 93.0
108.0 157.0 74.0 77.0
59.0 93.0 162.0 151.0
58.0 87.0 191.0 210.0
122.0 98.0 71.0 96.0
150.0 113.0 76.0 64.0
141.0 49.0 134.0 162.0
93.0 116.0 88.0 98.0
94.0 95.0 96.0 110.0
93.0 131.0 82.0 91.0
179.0 55.0 65.0 136.0
65.0 116.0 123.0 115.0
41.0 134.0 166.0 148.0
80.0 101.0 112.0 112.0
59.0 168.0 111.0 115.0
53.0 97.0 164.0 154.0
149.0 119.0 69.0 66.0
65.0 146.0 113.0 103.0
89.0 68.0 172.0 159.0
69.0 135.0 104.0 105.0
122.0 104.0 87.0 73.0
96.0 139.0 91.0 75.0
101.0 86.0 98.0 117.0
132.0 54.0 96.0 161.0
184.0 120.0 58.0 71.0
121.0 99.0 83.0 84.0
63.0 94.0 151.0 142.0
60.0 85.0 185.0 166.0
89.0 86.0 110.0 125.0
95.0 84.0 100.0 129.0
59.0 89.0 173.0 150.0
54.0 95.0 188.0 171.0
88.0 70.0 152.0 152.0
73.0 81.0 154.0 142.0
117.0 71.0 103.0 118.0
77.0 80.0 138.0 139.0
55.0 118.0 138.0 128.0
57.0 159.0 121.0 109.0
83.0 155.0 89.0 92.0
106.0 82.0 91.0 122.0
102.0 78.0 114.0 109.0
61.0 160.0 116.0 107.0
49.0 121.0 139.0 135.0
83.0 70.0 159.0 151.0
89.0 106.0 88.0 113.0
51.0 101.0 164.0 152.0
150.0 46.0 110.0 167.0
125.0 53.0 119.0 171.0
45.0 143.0 137.0 134.0
137.0 85.0 84.0 79.0
130.0 60.0 102.0 133.0
64.0 93.0 139.0 150.0
127.0 69.0 103.0 105.0
45.0 104.0 187.0 176.0
59.0 114.0 130.0 125.0
134.0 130.0 68.0 73.0
40.0 146.0 148.0 150.0
82.0 71.0 158.0 164.0
104.0 71.0 124.0 127.0
40.0 169.0 152.0 129.0
117.0 85.0 95.0 95.0
87.0 111.0 88.0 107.0
131.0 70.0 90.0 106.0
165.0 68.0 67.0 105.0
128.0 59.0 102.0 138.0
77.0 111.0 102.0 113.0
93.0 99.0 108.0 99.0
95.0 83.0 131.0 105.0
73.0 84.0 147.0 136.0
39.0 128.0 180.0 168.0
88.0 101.0 99.0 113.0
96.0 132.0 77.0 92.0
78.0 101.0 113.0 119.0
55.0 124.0 129.0 126.0
86.0 99.0 103.0 111.0
80.0 136.0 94.0 99.0
74.0 88.0 133.0 138.0
75.0 79.0 140.0 159.0
144.0 58.0 101.0 121.0
135.0 50.0 122.0 161.0
79.0 155.0 85.0 101.0
177.0 85.0 61.0 87.0
157.0 81.0 71.0 87.0
75.0 148.0 98.0 99.0
193.0 143.0 60.0 61.0
89.0 141.0 89.0 87.0
104.0 73.0 117.0 122.0
149.0 61.0 80.0 118.0
149.0 133.0 61.0 71.0
67.0 135.0 93.0 124.0
95.0 84.0 109.0 120.0
105.0 106.0 82.0 90.0
81.0 164.0 100.0 82.0
80.0 78.0 141.0 150.0
169.0 49.0 93.0 137.0
88.0 95.0 105.0 112.0
189.0 146.0 59.0 63.0
122.0 100.0 75.0 88.0
142.0 88.0 70.0 87.0
50.0 112.0 160.0 137.0
121.0 80.0 86.0 99.0
60.0 107.0 140.0 128.0
127.0 52.0 130.0 168.0
56.0 151.0 107.0 125.0
112.0 71.0 114.0 118.0
38.0 144.0 169.0 150.0
66.0 105.0 127.0 128.0
147.0 78.0 81.0 87.0
158.0 49.0 91.0 153.0
143.0 108.0 78.0 70.0
117.0 56.0 130.0 176.0
60.0 97.0 152.0 138.0
132.0 121.0 74.0 72.0
59.0 126.0 126.0 117.0
59.0 94.0 163.0 143.0
54.0 113.0 142.0 135.0
82.0 72.0 163.0 157.0
58.0 101.0 147.0 145.0
159.0 82.0 70.0 84.0
86.0 77.0 139.0 135.0
115.0 88.0 100.0 86.0
61.0 130.0 118.0 117.0
90.0 118.0 96.0 90.0
44.0 143.0 153.0 129.0
59.0 151.0 126.0 102.0
129.0 136.0 71.0 65.0
158.0 60.0 78.0 107.0
70.0 106.0 119.0 122.0
80.0 102.0 122.0 100.0
120.0 73.0 91.0 115.0
82.0 91.0 126.0 118.0
118.0 73.0 96.0 118.0
87.0 90.0 122.0 108.0
126.0 72.0 96.0 106.0
119.0 77.0 104.0 92.0
125.0 55.0 105.0 172.0
141.0 125.0 64.0 75.0
193.0 54.0 85.0 121.0
87.0 115.0 104.0 90.0
56.0 89.0 191.0 163.0
116.0 116.0 83.0 73.0
111.0 153.0 66.0 84.0
56.0 116.0 130.0 131.0
65.0 85.0 160.0 151.0
159.0 120.0 61.0 72.0
36.0 135.0 184.0 177.0
128.0 115.0 70.0 79.0
76.0 127.0 119.0 85.0
113.0 90.0 88.0 95.0
72.0 97.0 138.0 116.0
94.0 73.0 111.0 157.0
61.0 93.0 148.0 156.0
121.0 68.0 98.0 122.0
58.0 91.0 170.0 145.0
57.0 132.0 127.0 111.0
75.0 139.0 89.0 110.0
87.0 145.0 85.0 91.0
51.0 117.0 149.0 137.0
77.0 141.0 93.0 97.0
115.0 84.0 102.0 89.0
49.0 146.0 129.0 125.0
68.0 136.0 122.0 93.0
109.0 85.0 112.0 88.0
70.0 104.0 120.0 129.0
121.0 109.0 76.0 82.0
116.0 133.0 74.0 73.0
76.0 122.0 95.0 111.0
107.0 82.0 121.0 86.0
38.0 166.0 161.0 129.0
111.0 92.0 77.0 99.0
124.0 60.0 113.0 139.0
60.0 120.0 107.0 140.0
123.0 54.0 137.0 168.0
144.0 62.0 85.0 119.0
68.0 103.0 138.0 116.0
135.0 63.0 97.0 108.0
73.0 136.0 113.0 93.0
138.0 91.0 73.0 80.0
48.0 163.0 122.0 121.0
158.0 90.0 73.0 78.0
108.0 85.0 100.0 106.0
70.0 129.0 118.0 94.0
120.0 54.0 155.0 196.0
64.0 90.0 161.0 138.0
65.0 129.0 116.0 111.0
96.0 159.0 88.0 75.0
95.0 80.0 105.0 133.0
145.0 114.0 82.0 60.0
92.0 81.0 111.0 133.0
144.0 59.0 80.0 131.0
119.0 74.0 96.0 115.0
130.0 124.0 80.0 66.0
75.0 153.0 94.0 98.0
46.0 133.0 131.0 143.0
84.0 101.0 115.0 101.0
44.0 139.0 143.0 145.0
111.0 75.0 116.0 102.0
62.0 91.0 158.0 144.0
53.0 104.0 165.0 144.0
120.0 86.0 89.0 90.0
167.0 43.0 136.0 184.0
108.0 87.0 96.0 97.0
98.0 123.0 90.0 81.0
62.0 81.0 181.0 162.0
122.0 57.0 112.0 155.0
40.0 123.0 161.0 160.0
85.0 116.0 96.0 100.0
170.0 130.0 64.0 65.0
142.0 58.0 91.0 133.0
114.0 71.0 100.0 123.0
83.0 83.0 119.0 131.0
91.0 68.0 156.0 147.0
62.0 88.0 165.0 149.0
97.0 70.0 121.0 156.0
68.0 98.0 124.0 137.0
103.0 132.0 80.0 77.0
79.0 150.0 95.0 94.0
82.0 75.0 148.0 139.0
153.0 47.0 92.0 171.0
79.0 138.0 94.0 99.0
105.0 80.0 91.0 127.0
168.0 67.0 83.0 84.0
133.0 69.0 82.0 114.0
102.0 64.0 131.0 167.0
183.0 78.0 70.0 83.0
162.0 115.0 60.0 75.0
86.0 78.0 135.0 135.0
40.0 153.0 154.0 142.0
159.0 95.0 75.0 69.0
80.0 73.0 150.0 178.0
141.0 70.0 89.0 96.0
116.0 108.0 79.0 80.0
44.0 108.0 182.0 170.0
125.0 169.0 73.0 65.0
75.0 74.0 168.0 160.0
44.0 146.0 142.0 137.0
149.0 48.0 110.0 160.0
156.0 65.0 77.0 107.0
113.0 69.0 100.0 128.0
80.0 176.0 99.0 84.0
96.0 110.0 87.0 99.0
43.0 116.0 171.0 167.0
113.0 163.0 71.0 76.0
93.0 78.0 121.0 121.0
59.0 113.0 139.0 125.0
109.0 76.0 92.0 124.0
78.0 103.0 114.0 110.0
123.0 55.0 132.0 158.0
52.0 110.0 160.0 129.0
178.0 102.0 67.0 69.0
83.0 129.0 100.0 89.0
84.0 75.0 153.0 131.0
120.0 101.0 75.0 89.0
133.0 52.0 107.0 158.0
36.0 158.0 172.0 145.0
99.0 88.0 102.0 109.0
63.0 106.0 124.0 137.0
148.0 159.0 64.0 64.0
97.0 78.0 126.0 113.0
103.0 98.0 86.0 105.0
50.0 100.0 174.0 158.0
107.0 63.0 143.0 144.0
77.0 167.0 86.0 102.0
92.0 108.0 90.0 103.0
149.0 111.0 83.0 58.0
146.0 47.0 130.0 182.0
68.0 170.0 100.0 103.0
37.0 164.0 178.0 135.0
88.0 80.0 132.0 122.0
142.0 90.0 84.0 70.0
105.0 69.0 114.0 139.0
87.0 104.0 105.0 102.0
89.0 113.0 90.0 100.0
117.0 66.0 104.0 127.0
119.0 56.0 136.0 160.0
41.0 155.0 148.0 134.0
106.0 112.0 85.0 82.0
96.0 171.0 85.0 76.0
71.0 78.0 168.0 159.0
65.0 119.0 117.0 118.0
53.0 96.0 172.0 153.0
94.0 98.0 96.0 107.0
186.0 157.0 64.0 58.0
74.0 82.0 147.0 143.0
129.0 53.0 114.0 157.0
84.0 89.0 119.0 114.0
45.0 119.0 175.0 137.0
157.0 113.0 68.0 69.0
55.0 93.0 174.0 152.0
75.0 92.0 140.0 115.0
95.0 87.0 103.0 118.0
95.0 105.0 87.0 104.0
79.0 78.0 133.0 160.0
51.0 104.0 162.0 148.0
147.0 114.0 67.0 74.0
168.0 115.0 74.0 60.0
120.0 96.0 80.0 91.0
147.0 46.0 145.0 181.0
64.0 119.0 100.0 141.0
148.0 52.0 88.0 153.0
104.0 66.0 146.0 127.0
100.0 101.0 91.0 99.0
92.0 144.0 91.0 81.0
53.0 147.0 122.0 123.0
176.0 89.0 80.0 69.0
40.0 138.0 180.0 134.0
161.0 93.0 69.0 80.0
37.0 138.0 168.0 173.0
112.0 73.0 107.0 117.0
136.0 72.0 88.0 99.0
47.0 123.0 141.0 144.0
52.0 150.0 122.0 121.0
72.0 146.0 94.0 109.0
87.0 132.0 87.0 90.0
104.0 63.0 135.0 164.0
56.0 130.0 126.0 118.0
61.0 104.0 130.0 144.0
66.0 136.0 116.0 103.0
60.0 117.0 122.0 126.0
155.0 151.0 62.0 66.0
57.0 175.0 105.0 121.0
89.0 89.0 119.0 104.0
134.0 55.0 99.0 151.0
144.0 64.0 92.0 105.0
149.0 52.0 90.0 147.0
154.0 45.0 143.0 185.0
84.0 124.0 95.0 95.0
153.0 45.0 157.0 182.0
158.0 102.0 77.0 67.0
142.0 48.0 140.0 186.0
124.0 72.0 99.0 104.0
101.0 142.0 81.0 77.0
61.0 137.0 107.0 118.0
74.0 87.0 138.0 135.0
135.0 69.0 86.0 104.0
119.0 55.0 141.0 173.0
65.0 91.0 151.0 143.0
66.0 95.0 143.0 132.0
71.0 114.0 114.0 112.0
163.0 52.0 91.0 133.0
131.0 122.0 70.0 74.0
97.0 86.0 104.0 117.0
37.0 127.0 198.0 168.0
173.0 92.0 62.0 85.0
153.0 79.0 70.0 91.0
100.0 68.0 137.0 129.0
62.0 102.0 131.0 146.0
74.0 94.0 133.0 118.0
65.0 177.0 105.0 105.0
39.0 166.0 158.0 131.0
98.0 103.0 89.0 100.0
141.0 55.0 88.0 144.0
122.0 99.0 81.0 83.0
72.0 83.0 139.0 151.0
120.0 130.0 75.0 71.0
78.0 75.0 165.0 146.0
35.0 160.0 187.0 157.0
41.0 119.0 183.0 166.0
158.0 168.0 63.0 58.0
169.0 43.0 140.0 153.0
105.0 81.0 101.0 116.0
114.0 62.0 127.0 143.0
95.0 97.0 100.0 102.0
67.0 97.0 148.0 120.0
68.0 99.0 142.0 118.0
54.0 106.0 148.0 137.0
66.0 123.0 117.0 108.0
89.0 127.0 90.0 91.0
81.0 110.0 95.0 114.0
166.0 70.0 62.0 105.0
86.0 118.0 105.0 89.0
68.0 91.0 140.0 143.0
82.0 150.0 91.0 93.0
163.0 100.0 58.0 84.0
155.0 45.0 115.0 178.0
65.0 132.0 117.0 104.0
60.0 109.0 133.0 132.0
94.0 66.0 149.0 164.0
111.0 82.0 110.0 91.0
72.0 114.0 126.0 98.0
56.0 92.0 178.0 168.0
93.0 74.0 127.0 139.0
83.0 109.0 103.0 104.0
58.0 133.0 117.0 118.0
153.0 64.0 81.0 108.0
142.0 54.0 82.0 155.0
125.0 59.0 108.0 139.0
84.0 161.0 93.0 83.0
94.0 133.0 89.0 80.0
61.0 165.0 93.0 129.0
163.0 49.0 89.0 150.0
58.0 146.0 116.0 113.0
97.0 120.0 82.0 91.0
135.0 65.0 95.0 108.0
106.0 61.0 162.0 162.0
115.0 124.0 77.0 77.0
157.0 79.0 70.0 89.0
108.0 99.0 81.0 97.0
126.0 102.0 79.0 77.0
185.0 123.0 71.0 57.0
60.0 162.0 122.0 101.0
40.0 136.0 157.0 160.0
130.0 84.0 76.0 91.0
80.0 117.0 98.0 108.0
127.0 58.0 98.0 147.0
75.0 125.0 93.0 114.0
94.0 69.0 138.0 151.0
105.0 66.0 125.0 146.0
98.0 82.0 104.0 126.0
71.0 120.0 119.0 104.0
139.0 68.0 93.0 100.0
57.0 121.0 129.0 128.0
40.0 143.0 179.0 132.0
137.0 77.0 81.0 91.0
99.0 78.0 132.0 105.0
43.0 133.0 163.0 135.0
65.0 94.0 141.0 145.0
159.0 55.0 70.0 142.0
115.0 90.0 84.0 97.0
70.0 87.0 142.0 146.0
115.0 58.0 133.0 171.0
76.0 91.0 132.0 125.0
65.0 101.0 146.0 119.0
58.0 88.0 178.0 171.0
157.0 63.0 77.0 106.0
54.0 100.0 158.0 154.0
106.0 80.0 110.0 104.0
129.0 82.0 76.0 97.0
109.0 109.0 75.0 94.0
70.0 79.0 174.0 163.0
59.0 97.0 166.0 128.0
37.0 141.0 177.0 160.0
95.0 68.0 147.0 151.0
57.0 92.0 169.0 158.0
64.0 122.0 118.0 116.0
122.0 59.0 120.0 137.0
84.0 105.0 109.0 101.0
85.0 73.0 145.0 161.0
96.0 124.0 85.0 85.0
140.0 117.0 78.0 65.0
149.0 76.0 88.0 82.0
100.0 122.0 79.0 91.0
183.0 99.0 68.0 70.0
140.0 104.0 66.0 84.0
85.0 75.0 143.0 138.0
86.0 106.0 111.0 96.0
69.0 91.0 146.0 136.0
163.0 71.0 87.0 74.0
130.0 54.0 118.0 149.0
79.0 100.0 111.0 117.0
103.0 70.0 117.0 138.0
99.0 110.0 89.0 91.0
152.0 59.0 85.0 114.0
142.0 113.0 75.0 69.0
87.0 95.0 100.0 119.0
53.0 107.0 165.0 132.0
70.0 89.0 140.0 142.0
58.0 104.0 149.0 128.0
70.0 91.0 140.0 136.0
77.0 98.0 108.0 128.0
174.0 42.0 125.0 198.0
90.0 125.0 95.0 87.0
96.0 83.0 129.0 101.0
66.0 77.0 178.0 181.0
166.0 136.0 64.0 62.0
88.0 84.0 117.0 129.0
145.0 78.0 76.0 93.0
82.0 93.0 132.0 102.0
108.0 85.0 101.0 105.0
59.0 96.0 160.0 141.0
72.0 81.0 163.0 144.0
62.0 85.0 169.0 157.0
55.0 100.0 172.0 136.0
90.0 108.0 92.0 105.0
91.0 145.0 89.0 82.0
126.0 76.0 91.0 92.0
42.0 138.0 154.0 141.0
106.0 99.0 80.0 102.0
134.0 66.0 96.0 102.0
77.0 139.0 96.0 100.0
107.0 76.0 109.0 114.0
145.0 49.0 130.0 152.0
124.0 56.0 131.0 149.0
91.0 114.0 97.0 91.0
81.0 117.0 103.0 99.0
39.0 172.0 167.0 119.0
78.0 86.0 142.0 117.0
159.0 134.0 59.0 71.0
167.0 56.0 75.0 124.0
123.0 139.0 70.0 72.0
91.0 82.0 133.0 104.0
72.0 146.0 102.0 101.0
49.0 159.0 131.0 116.0
144.0 55.0 85.0 145.0
164.0 76.0 76.0 79.0
162.0 50.0 95.0 144.0
95.0 101.0 95.0 104.0
127.0 155.0 74.0 63.0
59.0 101.0 161.0 127.0
159.0 49.0 106.0 137.0
44.0 113.0 169.0 147.0
44.0 124.0 150.0 151.0
123.0 60.0 103.0 150.0
191.0 108.0 64.0 66.0
62.0 108.0 143.0 116.0
83.0 105.0 112.0 101.0
78.0 118.0 107.0 102.0
97.0 85.0 113.0 111.0
95.0 65.0 164.0 182.0
77.0 95.0 123.0 114.0
103.0 91.0 91.0 104.0
106.0 62.0 126.0 164.0
115.0 71.0 108.0 114.0
50.0 149.0 134.0 119.0
113.0 124.0 81.0 74.0
104.0 65.0 133.0 146.0
98.0 127.0 79.0 85.0
84.0 77.0 149.0 133.0
94.0 118.0 94.0 86.0
72.0 104.0 114.0 128.0
154.0 91.0 62.0 88.0
127.0 71.0 95.0 105.0
143.0 160.0 70.0 58.0
105.0 60.0 160.0 187.0
49.0 129.0 129.0 138.0
74.0 80.0 144.0 161.0
110.0 105.0 81.0 88.0
107.0 88.0 86.0 109.0
55.0 123.0 131.0 125.0
128.0 80.0 87.0 90.0
83.0 90.0 123.0 121.0
74.0 76.0 165.0 154.0
121.0 72.0 101.0 111.0
108.0 159.0 73.0 76.0
37.0 175.0 165.0 146.0
185.0 90.0 67.0 74.0
167.0 52.0 80.0 138.0
115.0 75.0 93.0 119.0
157.0 106.0 80.0 63.0
91.0 69.0 147.0 145.0
138.0 51.0 104.0 165.0
45.0 112.0 172.0 149.0
158.0 97.0 85.0 61.0
114.0 70.0 96.0 130.0
57.0 88.0 180.0 173.0
123.0 64.0 100.0 124.0
109.0 64.0 148.0 124.0
73.0 145.0 99.0 103.0
39.0 122.0 191.0 180.0
64.0 116.0 115.0 127.0
100.0 84.0 115.0 103.0
107.0 90.0 84.0 105.0
87.0 131.0 89.0 92.0
52.0 109.0 155.0 142.0
98.0 101.0 97.0 96.0
127.0 54.0 133.0 156.0
65.0 125.0 103.0 125.0
111.0 63.0 130.0 130.0
78.0 93.0 126.0 119.0
140.0 48.0 139.0 191.0
85.0 77.0 116.0 162.0
99.0 71.0 100.0 156.0
72.0 102.0 134.0 110.0
42.0 164.0 159.0 115.0
163.0 109.0 71.0 64.0
98.0 77.0 120.0 122.0
138.0 48.0 149.0 191.0
60.0 88.0 167.0 160.0
108.0 118.0 83.0 80.0
93.0 75.0 125.0 139.0
111.0 72.0 100.0 128.0
50.0 99.0 171.0 169.0
152.0 53.0 86.0 139.0
117.0 81.0 92.0 102.0
88.0 82.0 118.0 132.0
129.0 69.0 85.0 121.0
55.0 102.0 153.0 143.0
101.0 144.0 80.0 75.0
69.0 119.0 115.0 115.0
86.0 122.0 101.0 87.0
119.0 63.0 123.0 126.0
80.0 90.0 125.0 126.0
151.0 76.0 70.0 96.0
95.0 117.0 82.0 98.0
131.0 113.0 65.0 83.0
59.0 122.0 125.0 126.0
59.0 102.0 150.0 132.0
99.0 92.0 98.0 105.0
140.0 68.0 80.0 111.0
93.0 65.0 174.0 181.0
115.0 57.0 137.0 169.0
78.0 107.0 108.0 110.0
35.0 159.0 184.0 177.0
114.0 75.0 115.0 101.0
185.0 125.0 64.0 62.0
100.0 75.0 113.0 124.0
58.0 185.0 109.0 116.0
49.0 105.0 171.0 154.0
94.0 107.0 96.0 95.0
55.0 108.0 151.0 133.0
96.0 102.0 82.0 109.0
38.0 160.0 152.0 141.0
64.0 120.0 123.0 112.0
143.0 87.0 77.0 79.0
108.0 61.0 131.0 170.0
139.0 65.0 78.0 116.0
54.0 103.0 160.0 137.0
141.0 128.0 69.0 68.0
94.0 89.0 105.0 108.0
180.0 87.0 67.0 77.0
134.0 97.0 86.0 72.0
139.0 57.0 95.0 141.0
132.0 60.0 94.0 137.0
155.0 81.0 76.0 84.0
103.0 62.0 154.0 176.0
113.0 108.0 76.0 88.0
144.0 101.0 67.0 82.0
109.0 79.0 102.0 104.0
138.0 54.0 92.0 152.0
75.0 113.0 98.0 124.0
132.0 112.0 76.0 75.0
62.0 106.0 133.0 134.0
149.0 57.0 85.0 132.0
90.0 93.0 119.0 101.0
94.0 84.0 108.0 124.0
68.0 80.0 178.0 146.0
69.0 94.0 130.0 145.0
123.0 85.0 99.0 81.0
101.0 63.0 143.0 179.0
97.0 88.0 100.0 115.0
96.0 122.0 92.0 84.0
77.0 109.0 103.0 119.0
169.0 47.0 102.0 146.0
66.0 100.0 133.0 132.0
164.0 47.0 94.0 155.0
165.0 119.0 58.0 74.0
55.0 126.0 126.0 128.0
101.0 99.0 85.0 106.0
100.0 64.0 134.0 173.0
108.0 79.0 122.0 92.0
62.0 156.0 99.0 118.0
66.0 81.0 169.0 161.0
154.0 65.0 76.0 111.0
41.0 122.0 164.0 162.0
102.0 120.0 82.0 87.0
97.0 73.0 121.0 125.0
65.0 106.0 130.0 123.0
100.0 81.0 98.0 129.0
96.0 135.0 87.0 80.0
111.0 62.0 123.0 154.0
104.0 69.0 136.0 123.0
75.0 139.0 100.0 99.0
132.0 71.0 88.0 106.0
54.0 104.0 155.0 140.0
76.0 98.0 123.0 117.0
65.0 79.0 181.0 194.0
74.0 102.0 123.0 117.0
110.0 63.0 125.0 152.0
158.0 51.0 89.0 141.0
72.0 91.0 137.0 133.0
46.0 117.0 153.0 154.0
90.0 83.0 115.0 128.0
121.0 100.0 81.0 85.0
119.0 70.0 100.0 121.0
148.0 111.0 61.0 82.0
70.0 80.0 153.0 168.0
178.0 91.0 58.0 86.0
96.0 99.0 90.0 107.0
107.0 64.0 143.0 132.0
76.0 86.0 139.0 135.0
57.0 108.0 154.0 123.0
101.0 74.0 122.0 120.0
115.0 56.0 152.0 176.0
101.0 87.0 93.0 116.0
118.0 57.0 124.0 144.0
45.0 160.0 132.0 125.0
164.0 94.0 69.0 73.0
88.0 103.0 103.0 106.0
71.0 129.0 94.0 116.0
71.0 141.0 94.0 110.0
124.0 118.0 69.0 81.0
147.0 56.0 81.0 137.0
91.0 74.0 132.0 138.0
127.0 57.0 100.0 153.0
78.0 85.0 125.0 143.0
64.0 83.0 167.0 168.0
50.0 135.0 128.0 135.0
87.0 108.0 96.0 105.0
76.0 118.0 119.0 95.0
112.0 65.0 121.0 124.0
170.0 52.0 91.0 126.0
115.0 77.0 85.0 117.0
110.0 84.0 100.0 104.0
87.0 77.0 125.0 144.0
146.0 53.0 111.0 137.0
113.0 57.0 149.0 182.0
116.0 103.0 78.0 88.0
153.0 106.0 64.0 80.0
143.0 82.0 81.0 76.0
132.0 83.0 76.0 90.0
99.0 68.0 132.0 150.0
120.0 71.0 114.0 103.0
65.0 139.0 114.0 105.0
79.0 74.0 163.0 153.0
127.0 79.0 91.0 90.0
64.0 96.0 158.0 124.0
140.0 56.0 105.0 128.0
60.0 139.0 119.0 107.0
102.0 70.0 114.0 143.0
158.0 64.0 86.0 96.0
109.0 66.0 107.0 139.0
107.0 110.0 80.0 85.0
137.0 92.0 89.0 72.0
153.0 103.0 83.0 63.0
99.0 119.0 82.0 90.0
74.0 129.0 102.0 105.0
130.0 150.0 75.0 58.0
76.0 102.0 119.0 111.0
74.0 74.0 167.0 176.0
143.0 134.0 64.0 69.0
55.0 119.0 131.0 132.0
39.0 146.0 164.0 144.0
92.0 123.0 94.0 80.0
122.0 71.0 98.0 113.0
91.0 77.0 112.0 144.0
81.0 137.0 97.0 95.0
102.0 121.0 80.0 85.0
72.0 95.0 123.0 137.0
162.0 90.0 62.0 88.0
50.0 105.0 159.0 146.0
49.0 107.0 169.0 141.0
100.0 89.0 111.0 95.0
191.0 115.0 63.0 63.0
51.0 107.0 162.0 142.0
86.0 102.0 105.0 105.0
43.0 150.0 143.0 140.0
74.0 134.0 93.0 110.0
90.0 101.0 89.0 116.0
101.0 81.0 116.0 109.0
69.0 106.0 130.0 115.0
150.0 155.0 63.0 62.0
115.0 63.0 103.0 152.0
71.0 86.0 153.0 133.0
71.0 122.0 107.0 114.0
74.0 143.0 98.0 104.0
52.0 117.0 137.0 130.0
58.0 125.0 126.0 124.0
53.0 116.0 140.0 132.0
101.0 77.0 98.0 138.0
66.0 107.0 115.0 135.0
181.0 42.0 118.0 158.0
154.0 61.0 81.0 110.0
150.0 70.0 73.0 97.0
53.0 114.0 140.0 140.0
109.0 61.0 134.0 162.0
72.0 121.0 118.0 99.0
97.0 83.0 110.0 117.0
74.0 78.0 164.0 144.0
172.0 73.0 62.0 98.0
67.0 116.0 126.0 107.0
60.0 138.0 121.0 106.0
172.0 93.0 72.0 75.0
77.0 104.0 124.0 105.0
168.0 122.0 73.0 57.0
82.0 96.0 124.0 108.0
133.0 58.0 99.0 137.0
44.0 107.0 194.0 183.0
65.0 155.0 99.0 113.0
164.0 52.0 75.0 144.0
95.0 75.0 121.0 129.0
85.0 70.0 164.0 143.0
107.0 60.0 148.0 174.0
80.0 171.0 103.0 82.0
64.0 87.0 155.0 149.0
147.0 64.0 86.0 106.0
104.0 120.0 79.0 87.0
78.0 104.0 111.0 112.0
187.0 117.0 63.0 65.0
63.0 84.0 165.0 155.0
96.0 66.0 154.0 156.0
66.0 103.0 130.0 128.0
67.0 148.0 102.0 107.0
54.0 120.0 128.0 130.0
121.0 56.0 125.0 162.0
162.0 151.0 63.0 64.0
41.0 157.0 156.0 124.0
116.0 80.0 100.0 97.0
118.0 55.0 144.0 199.0
157.0 50.0 99.0 144.0
98.0 91.0 95.0 110.0
70.0 77.0 178.0 172.0
57.0 150.0 117.0 117.0
89.0 100.0 97.0 111.0
169.0 51.0 81.0 139.0
84.0 133.0 94.0 90.0
130.0 61.0 93.0 133.0
50.0 157.0 127.0 119.0
90.0 99.0 97.0 112.0
109.0 129.0 75.0 83.0
146.0 48.0 118.0 163.0
149.0 116.0 79.0 59.0
114.0 59.0 115.0 159.0
51.0 139.0 124.0 133.0
91.0 166.0 81.0 86.0
48.0 116.0 148.0 139.0
43.0 156.0 141.0 136.0
57.0 98.0 153.0 145.0
113.0 64.0 116.0 124.0
109.0 105.0 80.0 91.0
105.0 74.0 112.0 125.0
59.0 172.0 117.0 104.0
151.0 88.0 77.0 78.0
96.0 80.0 124.0 110.0
138.0 67.0 78.0 117.0
99.0 62.0 173.0 195.0
139.0 110.0 77.0 72.0
187.0 49.0 84.0 141.0
157.0 59.0 79.0 118.0
40.0 155.0 148.0 146.0
154.0 105.0 72.0 73.0
90.0 108.0 106.0 91.0
132.0 111.0 77.0 75.0
93.0 88.0 115.0 109.0
87.0 105.0 90.0 116.0
41.0 135.0 165.0 144.0
69.0 100.0 138.0 116.0
156.0 44.0 116.0 165.0
152.0 117.0 64.0 70.0
128.0 55.0 107.0 152.0
48.0 127.0 134.0 144.0
107.0 61.0 154.0 164.0
149.0 49.0 100.0 167.0
66.0 92.0 147.0 135.0
65.0 109.0 126.0 123.0
68.0 120.0 113.0 115.0
77.0 108.0 118.0 105.0
105.0 141.0 74.0 78.0
90.0 77.0 123.0 142.0
97.0 149.0 90.0 74.0
83.0 129.0 89.0 100.0
100.0 62.0 164.0 185.0
104.0 94.0 99.0 95.0
71.0 84.0 143.0 153.0
47.0 101.0 184.0 167.0
104.0 64.0 132.0 158.0
83.0 123.0 105.0 86.0
87.0 93.0 111.0 115.0
61.0 90.0 169.0 147.0
81.0 140.0 102.0 89.0
98.0 97.0 82.0 115.0
108.0 78.0 108.0 112.0
82.0 100.0 110.0 110.0
137.0 101.0 71.0 81.0
61.0 84.0 177.0 192.0
128.0 54.0 113.0 170.0
50.0 114.0 150.0 145.0
125.0 61.0 110.0 129.0
103.0 77.0 116.0 113.0
133.0 129.0 73.0 69.0
79.0 113.0 104.0 106.0
60.0 161.0 124.0 100.0
91.0 72.0 147.0 138.0
182.0 111.0 68.0 63.0
35.0 161.0 176.0 141.0
142.0 49.0 122.0 165.0
62.0 92.0 159.0 136.0
62.0 104.0 134.0 134.0
107.0 98.0 91.0 90.0
177.0 122.0 67.0 62.0
101.0 61.0 165.0 172.0
87.0 117.0 87.0 106.0
59.0 100.0 161.0 130.0
56.0 94.0 173.0 144.0
88.0 73.0 144.0 142.0
40.0 144.0 151.0 157.0
130.0 59.0 100.0 138.0
72.0 78.0 159.0 152.0
132.0 59.0 100.0 136.0
74.0 148.0 89.0 109.0
98.0 67.0 141.0 142.0
169.0 64.0 57.0 122.0
69.0 124.0 96.0 126.0
52.0 96.0 183.0 162.0
106.0 72.0 110.0 121.0
144.0 98.0 77.0 75.0
95.0 98.0 98.0 102.0
47.0 115.0 157.0 154.0
41.0 152.0 159.0 134.0
93.0 66.0 169.0 185.0
134.0 116.0 76.0 69.0
38.0 133.0 178.0 163.0
59.0 112.0 134.0 131.0
62.0 127.0 118.0 110.0
95.0 69.0 149.0 132.0
40.0 158.0 165.0 125.0
54.0 137.0 118.0 120.0
118.0 73.0 99.0 115.0
79.0 89.0 134.0 120.0
70.0 90.0 138.0 143.0
147.0 55.0 91.0 138.0
42.0 126.0 160.0 150.0
70.0 97.0 132.0 129.0
95.0 93.0 106.0 102.0
113.0 104.0 68.0 99.0
82.0 74.0 161.0 140.0
82.0 103.0 104.0 113.0
102.0 98.0 88.0 104.0
124.0 136.0 74.0 69.0
56.0 96.0 163.0 147.0
93.0 77.0 132.0 123.0
122.0 67.0 99.0 118.0
174.0 47.0 90.0 157.0
100.0 140.0 82.0 79.0
114.0 58.0 147.0 168.0
87.0 76.0 123.0 153.0
83.0 115.0 89.0 109.0
113.0 59.0 142.0 161.0
125.0 96.0 80.0 83.0
69.0 85.0 137.0 156.0
137.0 49.0 142.0 191.0
82.0 121.0 92.0 108.0
94.0 116.0 94.0 87.0
122.0 53.0 168.0 203.0
84.0 100.0 111.0 107.0
150.0 108.0 69.0 73.0
124.0 54.0 118.0 184.0
101.0 117.0 86.0 84.0
111.0 69.0 115.0 123.0
93.0 142.0 83.0 89.0
115.0 83.0 98.0 98.0
152.0 55.0 90.0 128.0
182.0 55.0 80.0 114.0
163.0 57.0 83.0 109.0
177.0 122.0 71.0 58.0
75.0 131.0 103.0 102.0
47.0 126.0 144.0 136.0
124.0 78.0 95.0 96.0
104.0 69.0 106.0 153.0
65.0 88.0 156.0 143.0
76.0 148.0 90.0 102.0
97.0 79.0 126.0 112.0
149.0 47.0 109.0 180.0
118.0 123.0 77.0 76.0
118.0 93.0 85.0 87.0
90.0 76.0 126.0 140.0
110.0 76.0 103.0 110.0
147.0 60.0 76.0 123.0
92.0 76.0 120.0 139.0
80.0 122.0 106.0 92.0
42.0 135.0 150.0 149.0
101.0 82.0 114.0 107.0
172.0 48.0 84.0 150.0
100.0 103.0 88.0 98.0
68.0 96.0 130.0 136.0
63.0 94.0 161.0 132.0
78.0 72.0 162.0 173.0
129.0 56.0 103.0 144.0
73.0 77.0 161.0 165.0
57.0 95.0 172.0 142.0
85.0 129.0 95.0 91.0
105.0 77.0 99.0 123.0
142.0 119.0 74.0 66.0
52.0 115.0 152.0 133.0
93.0 68.0 161.0 139.0
126.0 96.0 79.0 80.0
147.0 53.0 91.0 146.0
163.0 102.0 72.0 67.0
153.0 56.0 80.0 136.0
63.0 134.0 111.0 112.0
102.0 108.0 82.0 93.0
86.0 74.0 167.0 125.0
76.0 73.0 183.0 173.0
96.0 74.0 126.0 125.0
126.0 60.0 103.0 142.0
71.0 100.0 130.0 122.0
90.0 68.0 159.0 168.0
67.0 112.0 126.0 115.0
50.0 119.0 139.0 139.0
181.0 86.0 63.0 84.0
108.0 59.0 153.0 180.0
76.0 76.0 165.0 137.0
180.0 110.0 58.0 76.0
106.0 65.0 138.0 138.0
65.0 95.0 150.0 135.0
168.0 48.0 95.0 145.0
70.0 92.0 142.0 128.0
116.0 75.0 86.0 125.0
129.0 71.0 94.0 103.0
123.0 89.0 97.0 75.0
159.0 103.0 61.0 77.0
112.0 64.0 116.0 140.0
59.0 134.0 116.0 118.0
91.0 112.0 94.0 98.0
95.0 130.0 86.0 84.0
66.0 109.0 121.0 121.0
38.0 130.0 176.0 167.0
88.0 75.0 155.0 118.0
109.0 75.0 107.0 118.0
122.0 98.0 82.0 85.0
88.0 94.0 103.0 117.0
64.0 107.0 139.0 118.0
67.0 121.0 122.0 108.0
117.0 97.0 80.0 92.0
133.0 78.0 71.0 106.0
129.0 68.0 93.0 114.0
131.0 129.0 69.0 74.0
91.0 97.0 86.0 124.0
108.0 97.0 89.0 93.0
137.0 60.0 90.0 129.0
131.0 51.0 126.0 163.0
96.0 76.0 120.0 123.0
87.0 73.0 154.0 138.0
60.0 87.0 175.0 164.0
64.0 101.0 148.0 121.0
109.0 138.0 75.0 76.0
81.0 94.0 107.0 126.0
117.0 55.0 164.0 192.0
113.0 91.0 77.0 98.0
90.0 108.0 103.0 94.0
103.0 99.0 98.0 89.0
117.0 79.0 105.0 96.0
152.0 90.0 70.0 82.0
120.0 78.0 87.0 106.0
81.0 76.0 135.0 158.0
146.0 52.0 105.0 144.0
51.0 115.0 146.0 142.0
40.0 163.0 151.0 131.0
122.0 83.0 86.0 97.0
102.0 99.0 90.0 99.0
