85.0 84.0 96.0 113.0
85.0 64.0 119.0 116.0
123.0 40.0 136.0 146.0
95.0 68.0 114.0 102.0
92.0 51.0 122.0 132.0
90.0 59.0 133.0 103.0
89.0 58.0 125.0 118.0
84.0 55.0 123.0 130.0
87.0 104.0 91.0 96.0
86.0 86.0 92.0 107.0
91.0 73.0 120.0 94.0
86.0 78.0 99.0 115.0
89.0 74.0 108.0 105.0
114.0 45.0 135.0 119.0
105.0 52.0 141.0 99.0
93.0 69.0 102.0 113.0
85.0 167.0 93.0 87.0
94.0 113.0 83.0 93.0
86.0 54.0 135.0 119.0
89.0 84.0 99.0 106.0
101.0 50.0 133.0 115.0
90.0 146.0 93.0 83.0
94.0 82.0 91.0 112.0
89.0 60.0 114.0 120.0
95.0 94.0 96.0 93.0
95.0 83.0 92.0 109.0
88.0 85.0 104.0 96.0
103.0 53.0 129.0 110.0
93.0 95.0 84.0 104.0
111.0 41.0 137.0 137.0
94.0 130.0 89.0 84.0
91.0 59.0 126.0 109.0
100.0 48.0 135.0 115.0
91.0 57.0 137.0 107.0
88.0 60.0 121.0 114.0
108.0 43.0 142.0 132.0
98.0 50.0 149.0 102.0
87.0 64.0 132.0 101.0
85.0 65.0 120.0 112.0
104.0 44.0 130.0 143.0
89.0 73.0 107.0 109.0
91.0 51.0 129.0 126.0
106.0 46.0 138.0 119.0
89.0 62.0 119.0 114.0
