91.0 145.0 95.0 78.0
91.0 96.0 74.0 125.0
73.0 135.0 167.0 63.0
159.0 168.0 43.0 164.0
107.0 57.0 100.0 117.0
88.0 155.0 96.0 80.0
83.0 101.0 83.0 113.0
100.0 72.0 87.0 114.0
118.0 40.0 116.0 153.0
92.0 156.0 84.0 85.0
93.0 70.0 97.0 112.0
94.0 77.0 93.0 106.0
124.0 59.0 79.0 127.0
105.0 50.0 106.0 130.0
101.0 90.0 101.0 80.0
85.0 97.0 104.0 93.0
94.0 99.0 104.0 82.0
99.0 68.0 105.0 103.0
96.0 107.0 73.0 116.0
136.0 38.0 108.0 177.0
122.0 50.0 91.0 135.0
79.0 156.0 93.0 90.0
72.0 83.0 125.0 99.0
120.0 61.0 71.0 144.0
81.0 98.0 108.0 91.0
164.0 182.0 44.0 136.0
111.0 53.0 98.0 124.0
76.0 122.0 122.0 76.0
102.0 81.0 70.0 124.0
113.0 51.0 102.0 126.0
99.0 63.0 105.0 111.0
82.0 78.0 87.0 125.0
128.0 81.0 61.0 136.0
77.0 133.0 125.0 67.0
110.0 72.0 86.0 106.0
91.0 56.0 112.0 123.0
68.0 114.0 109.0 94.0
98.0 74.0 147.0 82.0
114.0 139.0 53.0 132.0
105.0 51.0 130.0 116.0
105.0 76.0 96.0 92.0
91.0 87.0 85.0 106.0
105.0 78.0 76.0 111.0
88.0 110.0 69.0 128.0
88.0 158.0 85.0 88.0
72.0 71.0 116.0 116.0
150.0 63.0 65.0 127.0
102.0 81.0 73.0 123.0
147.0 82.0 58.0 138.0
98.0 103.0 94.0 87.0
125.0 87.0 63.0 124.0
73.0 74.0 99.0 123.0
96.0 67.0 98.0 111.0
149.0 47.0 81.0 158.0
80.0 113.0 106.0 87.0
88.0 73.0 111.0 103.0
73.0 102.0 122.0 88.0
76.0 129.0 96.0 95.0
77.0 108.0 110.0 88.0
103.0 79.0 89.0 103.0
122.0 46.0 90.0 154.0
83.0 115.0 131.0 69.0
114.0 54.0 91.0 130.0
91.0 63.0 106.0 118.0
79.0 149.0 105.0 77.0
141.0 51.0 76.0 154.0
98.0 145.0 72.0 102.0
111.0 42.0 119.0 145.0
100.0 56.0 97.0 130.0
74.0 116.0 101.0 93.0
129.0 81.0 62.0 128.0
102.0 53.0 132.0 113.0
83.0 94.0 125.0 81.0
115.0 42.0 106.0 154.0
105.0 51.0 142.0 112.0
100.0 92.0 72.0 119.0
87.0 76.0 80.0 131.0
61.0 162.0 152.0 72.0
89.0 104.0 70.0 130.0
83.0 81.0 96.0 111.0
132.0 131.0 48.0 153.0
105.0 96.0 87.0 91.0
80.0 106.0 91.0 106.0
72.0 127.0 103.0 88.0
92.0 141.0 91.0 84.0
71.0 143.0 94.0 101.0
97.0 94.0 69.0 127.0
143.0 114.0 51.0 143.0
126.0 86.0 60.0 138.0
109.0 54.0 153.0 97.0
85.0 91.0 110.0 90.0
85.0 76.0 107.0 103.0
110.0 57.0 104.0 113.0
93.0 63.0 110.0 110.0
88.0 89.0 146.0 76.0
104.0 91.0 99.0 80.0
114.0 75.0 67.0 122.0
73.0 92.0 108.0 103.0
72.0 139.0 115.0 79.0
108.0 44.0 109.0 146.0
132.0 99.0 54.0 147.0
129.0 47.0 89.0 143.0
118.0 51.0 89.0 136.0
110.0 45.0 133.0 123.0
99.0 115.0 61.0 127.0
112.0 62.0 95.0 109.0
127.0 40.0 117.0 137.0
95.0 51.0 119.0 129.0
63.0 163.0 134.0 75.0
90.0 102.0 116.0 73.0
129.0 108.0 54.0 142.0
142.0 83.0 58.0 142.0
80.0 110.0 102.0 93.0
96.0 95.0 96.0 90.0
130.0 182.0 50.0 128.0
153.0 49.0 77.0 152.0
88.0 75.0 96.0 113.0
70.0 160.0 138.0 68.0
111.0 47.0 113.0 128.0
87.0 82.0 118.0 89.0
79.0 170.0 100.0 79.0
94.0 104.0 64.0 129.0
73.0 120.0 114.0 84.0
72.0 158.0 173.0 59.0
69.0 88.0 115.0 106.0
103.0 50.0 102.0 141.0
120.0 109.0 54.0 145.0
109.0 106.0 55.0 161.0
73.0 99.0 114.0 93.0
67.0 171.0 122.0 75.0
91.0 69.0 102.0 109.0
107.0 51.0 96.0 134.0
90.0 66.0 119.0 102.0
113.0 51.0 87.0 147.0
90.0 65.0 106.0 112.0
100.0 75.0 79.0 121.0
110.0 54.0 91.0 134.0
90.0 87.0 120.0 80.0
85.0 93.0 98.0 98.0
129.0 60.0 69.0 142.0
145.0 150.0 46.0 145.0
112.0 53.0 87.0 144.0
147.0 140.0 47.0 151.0
113.0 108.0 76.0 93.0
89.0 98.0 87.0 101.0
119.0 43.0 109.0 139.0
118.0 121.0 52.0 147.0
144.0 142.0 48.0 131.0
81.0 80.0 126.0 90.0
117.0 47.0 144.0 110.0
141.0 162.0 46.0 130.0
128.0 137.0 57.0 108.0
116.0 134.0 61.0 107.0
82.0 118.0 89.0 98.0
76.0 125.0 81.0 118.0
118.0 55.0 79.0 143.0
114.0 116.0 56.0 128.0
94.0 58.0 130.0 109.0
92.0 149.0 76.0 96.0
145.0 98.0 55.0 140.0
91.0 51.0 116.0 136.0
65.0 153.0 165.0 67.0
96.0 78.0 71.0 133.0
122.0 49.0 91.0 140.0
103.0 47.0 114.0 134.0
112.0 50.0 115.0 120.0
83.0 170.0 94.0 83.0
110.0 51.0 140.0 108.0
113.0 102.0 57.0 145.0
134.0 54.0 76.0 139.0
108.0 47.0 130.0 120.0
82.0 137.0 106.0 77.0
73.0 85.0 113.0 103.0
73.0 116.0 126.0 74.0
82.0 105.0 97.0 96.0
95.0 57.0 110.0 121.0
89.0 49.0 123.0 138.0
93.0 66.0 96.0 116.0
103.0 106.0 62.0 126.0
112.0 60.0 81.0 125.0
109.0 48.0 146.0 112.0
87.0 98.0 73.0 126.0
70.0 73.0 105.0 124.0
136.0 65.0 66.0 136.0
130.0 56.0 81.0 128.0
86.0 75.0 89.0 121.0
95.0 61.0 123.0 108.0
108.0 52.0 99.0 131.0
93.0 113.0 94.0 86.0
82.0 97.0 128.0 80.0
88.0 92.0 98.0 98.0
77.0 120.0 132.0 68.0
117.0 109.0 57.0 128.0
123.0 104.0 56.0 139.0
101.0 65.0 95.0 113.0
81.0 75.0 108.0 105.0
86.0 79.0 86.0 123.0
119.0 57.0 85.0 126.0
118.0 76.0 73.0 111.0
68.0 146.0 163.0 66.0
100.0 62.0 105.0 111.0
90.0 49.0 130.0 134.0
126.0 40.0 113.0 153.0
80.0 119.0 82.0 114.0
85.0 79.0 86.0 124.0
132.0 97.0 64.0 104.0
168.0 116.0 48.0 179.0
72.0 107.0 136.0 80.0
113.0 49.0 119.0 115.0
102.0 54.0 94.0 136.0
120.0 89.0 63.0 126.0
86.0 76.0 103.0 106.0
116.0 41.0 108.0 148.0
163.0 80.0 57.0 146.0
101.0 59.0 120.0 106.0
161.0 143.0 45.0 159.0
83.0 122.0 88.0 98.0
94.0 89.0 73.0 126.0
106.0 96.0 71.0 114.0
73.0 96.0 114.0 96.0
84.0 131.0 68.0 126.0
122.0 87.0 63.0 127.0
110.0 59.0 81.0 135.0
110.0 107.0 78.0 93.0
117.0 46.0 131.0 117.0
138.0 32.0 136.0 177.0
133.0 44.0 100.0 135.0
142.0 60.0 77.0 112.0
91.0 70.0 88.0 120.0
109.0 97.0 69.0 114.0
132.0 120.0 50.0 154.0
118.0 68.0 85.0 101.0
113.0 43.0 143.0 122.0
149.0 34.0 129.0 159.0
96.0 68.0 124.0 90.0
86.0 125.0 82.0 103.0
87.0 74.0 152.0 91.0
113.0 49.0 94.0 139.0
105.0 90.0 67.0 124.0
128.0 45.0 89.0 158.0
133.0 41.0 103.0 148.0
151.0 168.0 47.0 114.0
117.0 87.0 61.0 142.0
108.0 76.0 72.0 123.0
150.0 141.0 46.0 160.0
119.0 39.0 118.0 147.0
90.0 130.0 64.0 127.0
120.0 76.0 66.0 128.0
123.0 100.0 60.0 127.0
94.0 52.0 123.0 124.0
106.0 133.0 65.0 108.0
77.0 78.0 133.0 101.0
77.0 109.0 104.0 93.0
107.0 112.0 62.0 119.0
83.0 115.0 71.0 125.0
85.0 53.0 129.0 132.0
171.0 119.0 47.0 162.0
130.0 161.0 47.0 143.0
107.0 92.0 67.0 120.0
104.0 57.0 123.0 107.0
112.0 46.0 133.0 119.0
82.0 137.0 93.0 92.0
89.0 70.0 110.0 105.0
98.0 110.0 86.0 94.0
81.0 99.0 124.0 78.0
97.0 74.0 109.0 93.0
106.0 60.0 103.0 110.0
142.0 155.0 48.0 129.0
84.0 122.0 79.0 113.0
84.0 76.0 142.0 92.0
133.0 39.0 112.0 149.0
77.0 160.0 127.0 65.0
99.0 63.0 85.0 128.0
89.0 81.0 124.0 86.0
115.0 105.0 60.0 129.0
76.0 128.0 99.0 93.0
101.0 64.0 107.0 103.0
75.0 118.0 110.0 86.0
115.0 94.0 61.0 134.0
117.0 69.0 80.0 107.0
96.0 60.0 104.0 119.0
87.0 86.0 122.0 80.0
109.0 98.0 66.0 119.0
133.0 86.0 61.0 130.0
85.0 72.0 142.0 96.0
75.0 119.0 96.0 99.0
92.0 99.0 85.0 101.0
107.0 72.0 77.0 116.0
93.0 69.0 100.0 112.0
126.0 43.0 106.0 140.0
115.0 62.0 75.0 128.0
65.0 147.0 143.0 73.0
115.0 96.0 65.0 117.0
78.0 73.0 108.0 115.0
128.0 88.0 60.0 129.0
94.0 132.0 63.0 126.0
107.0 58.0 107.0 111.0
145.0 53.0 75.0 153.0
85.0 138.0 79.0 105.0
161.0 135.0 47.0 149.0
110.0 61.0 76.0 135.0
79.0 124.0 105.0 87.0
75.0 96.0 116.0 92.0
92.0 76.0 74.0 130.0
103.0 63.0 96.0 114.0
102.0 59.0 127.0 102.0
92.0 77.0 81.0 120.0
125.0 45.0 101.0 138.0
105.0 45.0 117.0 137.0
105.0 60.0 95.0 122.0
93.0 82.0 75.0 127.0
81.0 110.0 134.0 70.0
123.0 58.0 81.0 132.0
117.0 84.0 64.0 122.0
111.0 68.0 72.0 130.0
92.0 120.0 76.0 109.0
104.0 103.0 95.0 80.0
141.0 154.0 47.0 141.0
148.0 77.0 58.0 150.0
117.0 58.0 85.0 127.0
78.0 71.0 126.0 105.0
88.0 58.0 143.0 112.0
111.0 67.0 87.0 107.0
129.0 75.0 62.0 136.0
122.0 39.0 111.0 161.0
75.0 127.0 80.0 111.0
83.0 100.0 71.0 135.0
126.0 104.0 55.0 149.0
160.0 91.0 53.0 161.0
94.0 60.0 113.0 114.0
95.0 149.0 69.0 110.0
136.0 40.0 107.0 150.0
125.0 36.0 128.0 159.0
111.0 50.0 89.0 149.0
73.0 130.0 161.0 68.0
128.0 62.0 68.0 152.0
68.0 105.0 104.0 105.0
130.0 101.0 56.0 141.0
119.0 53.0 79.0 146.0
73.0 165.0 118.0 71.0
97.0 79.0 90.0 105.0
90.0 87.0 76.0 125.0
121.0 44.0 125.0 120.0
142.0 81.0 58.0 145.0
117.0 41.0 137.0 125.0
90.0 63.0 105.0 120.0
116.0 47.0 129.0 114.0
71.0 148.0 128.0 69.0
94.0 54.0 122.0 122.0
99.0 54.0 117.0 122.0
85.0 95.0 114.0 85.0
133.0 92.0 56.0 159.0
126.0 49.0 87.0 149.0
113.0 121.0 53.0 135.0
73.0 154.0 153.0 63.0
95.0 76.0 137.0 83.0
92.0 64.0 99.0 120.0
129.0 50.0 90.0 129.0
119.0 47.0 105.0 129.0
149.0 61.0 68.0 159.0
92.0 67.0 102.0 112.0
90.0 97.0 113.0 80.0
79.0 76.0 91.0 122.0
97.0 50.0 133.0 123.0
119.0 39.0 131.0 141.0
102.0 81.0 104.0 85.0
130.0 37.0 130.0 152.0
65.0 144.0 146.0 75.0
114.0 64.0 75.0 125.0
85.0 60.0 133.0 113.0
76.0 106.0 109.0 91.0
66.0 139.0 106.0 90.0
71.0 108.0 117.0 86.0
119.0 45.0 92.0 166.0
86.0 112.0 83.0 107.0
91.0 65.0 148.0 98.0
116.0 42.0 135.0 131.0
120.0 96.0 58.0 146.0
121.0 47.0 92.0 150.0
77.0 112.0 125.0 76.0
84.0 113.0 83.0 108.0
90.0 58.0 112.0 120.0
129.0 122.0 51.0 134.0
129.0 42.0 95.0 161.0
148.0 97.0 53.0 160.0
79.0 104.0 107.0 90.0
107.0 58.0 86.0 132.0
126.0 65.0 67.0 137.0
88.0 130.0 78.0 106.0
117.0 148.0 54.0 124.0
91.0 54.0 136.0 117.0
77.0 79.0 104.0 112.0
128.0 92.0 59.0 135.0
103.0 63.0 101.0 112.0
109.0 47.0 149.0 116.0
112.0 62.0 89.0 112.0
86.0 62.0 107.0 121.0
67.0 154.0 147.0 70.0
142.0 39.0 102.0 162.0
97.0 58.0 104.0 122.0
95.0 118.0 93.0 83.0
87.0 72.0 118.0 100.0
101.0 91.0 70.0 121.0
126.0 43.0 102.0 141.0
95.0 86.0 103.0 91.0
66.0 149.0 117.0 80.0
115.0 47.0 100.0 137.0
95.0 55.0 111.0 125.0
75.0 73.0 116.0 106.0
106.0 63.0 83.0 129.0
104.0 69.0 122.0 86.0
85.0 122.0 69.0 127.0
65.0 174.0 162.0 65.0
74.0 94.0 90.0 117.0
70.0 153.0 123.0 74.0
71.0 87.0 103.0 114.0
88.0 52.0 136.0 127.0
63.0 150.0 141.0 76.0
81.0 118.0 77.0 118.0
152.0 70.0 61.0 174.0
121.0 37.0 134.0 144.0
94.0 95.0 80.0 111.0
110.0 75.0 80.0 109.0
64.0 98.0 107.0 109.0
140.0 55.0 72.0 137.0
130.0 54.0 78.0 137.0
95.0 109.0 88.0 94.0
137.0 97.0 55.0 154.0
71.0 85.0 111.0 107.0
74.0 101.0 98.0 106.0
81.0 76.0 100.0 114.0
105.0 69.0 79.0 121.0
81.0 73.0 85.0 129.0
85.0 119.0 87.0 98.0
80.0 87.0 117.0 92.0
102.0 102.0 61.0 139.0
83.0 84.0 111.0 96.0
69.0 92.0 117.0 97.0
143.0 161.0 45.0 150.0
133.0 141.0 49.0 144.0
79.0 87.0 105.0 102.0
73.0 132.0 98.0 93.0
141.0 36.0 150.0 142.0
78.0 85.0 132.0 90.0
73.0 83.0 123.0 99.0
85.0 170.0 95.0 80.0
72.0 136.0 97.0 97.0
132.0 39.0 107.0 167.0
85.0 131.0 83.0 98.0
72.0 125.0 108.0 90.0
140.0 54.0 72.0 176.0
139.0 36.0 157.0 138.0
142.0 155.0 47.0 138.0
115.0 65.0 87.0 106.0
136.0 39.0 109.0 148.0
70.0 131.0 100.0 93.0
78.0 101.0 138.0 77.0
105.0 107.0 73.0 107.0
86.0 116.0 77.0 114.0
129.0 63.0 72.0 115.0
102.0 82.0 79.0 113.0
93.0 110.0 75.0 114.0
94.0 102.0 75.0 118.0
103.0 84.0 86.0 102.0
101.0 70.0 85.0 117.0
68.0 113.0 98.0 109.0
126.0 66.0 71.0 124.0
104.0 53.0 99.0 126.0
159.0 146.0 46.0 148.0
96.0 74.0 87.0 113.0
113.0 64.0 82.0 115.0
75.0 94.0 109.0 96.0
74.0 107.0 96.0 104.0
118.0 45.0 94.0 151.0
83.0 108.0 132.0 69.0
91.0 151.0 89.0 80.0
124.0 55.0 83.0 131.0
147.0 108.0 52.0 151.0
83.0 109.0 79.0 115.0
70.0 163.0 144.0 67.0
77.0 118.0 124.0 73.0
115.0 50.0 150.0 103.0
97.0 61.0 109.0 113.0
120.0 70.0 68.0 135.0
142.0 105.0 53.0 148.0
118.0 62.0 100.0 100.0
102.0 101.0 92.0 87.0
84.0 78.0 136.0 89.0
70.0 145.0 134.0 73.0
122.0 41.0 119.0 138.0
75.0 112.0 107.0 93.0
140.0 37.0 109.0 157.0
131.0 84.0 60.0 142.0
81.0 99.0 148.0 76.0
116.0 97.0 59.0 139.0
83.0 103.0 107.0 87.0
96.0 84.0 78.0 116.0
123.0 48.0 98.0 130.0
114.0 43.0 127.0 126.0
74.0 151.0 151.0 63.0
91.0 64.0 119.0 105.0
121.0 102.0 56.0 144.0
80.0 86.0 104.0 104.0
133.0 114.0 54.0 130.0
126.0 71.0 67.0 127.0
96.0 45.0 127.0 140.0
80.0 148.0 176.0 52.0
87.0 99.0 115.0 78.0
91.0 95.0 81.0 108.0
78.0 126.0 108.0 81.0
98.0 124.0 83.0 92.0
79.0 98.0 102.0 98.0
153.0 64.0 64.0 136.0
76.0 73.0 148.0 103.0
83.0 77.0 120.0 97.0
109.0 110.0 61.0 121.0
98.0 83.0 105.0 87.0
76.0 104.0 98.0 103.0
96.0 78.0 80.0 118.0
157.0 90.0 54.0 152.0
154.0 46.0 84.0 156.0
111.0 126.0 60.0 114.0
71.0 99.0 98.0 110.0
78.0 124.0 68.0 134.0
83.0 96.0 96.0 102.0
167.0 43.0 91.0 157.0
129.0 93.0 62.0 122.0
113.0 60.0 95.0 114.0
87.0 102.0 76.0 121.0
85.0 82.0 105.0 101.0
124.0 55.0 81.0 136.0
126.0 91.0 60.0 130.0
83.0 107.0 130.0 70.0
121.0 52.0 84.0 136.0
85.0 124.0 65.0 134.0
153.0 43.0 93.0 158.0
93.0 91.0 89.0 103.0
114.0 56.0 90.0 123.0
73.0 148.0 160.0 62.0
74.0 108.0 94.0 108.0
122.0 50.0 85.0 139.0
121.0 51.0 81.0 157.0
99.0 76.0 84.0 112.0
84.0 66.0 102.0 122.0
144.0 126.0 49.0 151.0
93.0 65.0 144.0 97.0
112.0 46.0 106.0 140.0
82.0 67.0 102.0 122.0
122.0 69.0 72.0 117.0
135.0 100.0 53.0 156.0
101.0 88.0 68.0 125.0
84.0 77.0 88.0 124.0
95.0 113.0 62.0 128.0
119.0 63.0 68.0 157.0
133.0 41.0 99.0 149.0
96.0 70.0 92.0 114.0
85.0 108.0 106.0 85.0
90.0 67.0 105.0 113.0
106.0 44.0 114.0 141.0
93.0 80.0 114.0 87.0
126.0 44.0 93.0 148.0
114.0 40.0 134.0 140.0
128.0 52.0 83.0 134.0
80.0 114.0 133.0 69.0
112.0 47.0 126.0 121.0
77.0 85.0 119.0 98.0
89.0 117.0 84.0 102.0
114.0 52.0 92.0 134.0
82.0 105.0 105.0 90.0
116.0 43.0 123.0 129.0
66.0 105.0 102.0 109.0
155.0 169.0 44.0 160.0
68.0 111.0 101.0 103.0
67.0 167.0 140.0 69.0
94.0 132.0 68.0 114.0
183.0 136.0 45.0 176.0
120.0 59.0 80.0 129.0
100.0 67.0 101.0 106.0
88.0 91.0 113.0 84.0
98.0 65.0 105.0 108.0
120.0 79.0 66.0 117.0
71.0 168.0 110.0 80.0
105.0 98.0 68.0 118.0
84.0 113.0 66.0 133.0
88.0 67.0 88.0 128.0
102.0 72.0 73.0 128.0
99.0 58.0 97.0 127.0
145.0 87.0 57.0 140.0
93.0 107.0 116.0 69.0
81.0 125.0 119.0 70.0
74.0 69.0 143.0 111.0
129.0 130.0 56.0 111.0
144.0 107.0 53.0 142.0
99.0 63.0 94.0 122.0
112.0 165.0 56.0 123.0
104.0 52.0 99.0 135.0
115.0 141.0 50.0 146.0
67.0 80.0 106.0 118.0
119.0 46.0 109.0 128.0
145.0 106.0 52.0 157.0
107.0 129.0 59.0 120.0
102.0 61.0 139.0 95.0
98.0 65.0 85.0 125.0
106.0 60.0 107.0 108.0
85.0 150.0 80.0 99.0
82.0 103.0 158.0 71.0
98.0 73.0 94.0 106.0
71.0 126.0 84.0 114.0
112.0 72.0 74.0 116.0
85.0 102.0 90.0 103.0
94.0 72.0 84.0 123.0
107.0 64.0 93.0 109.0
152.0 84.0 56.0 153.0
98.0 69.0 94.0 111.0
118.0 48.0 89.0 145.0
110.0 48.0 122.0 122.0
104.0 55.0 106.0 119.0
132.0 50.0 77.0 162.0
124.0 78.0 65.0 127.0
155.0 63.0 68.0 121.0
116.0 47.0 99.0 141.0
73.0 132.0 88.0 107.0
147.0 93.0 56.0 138.0
124.0 37.0 114.0 164.0
120.0 120.0 55.0 123.0
139.0 149.0 51.0 115.0
115.0 109.0 69.0 105.0
93.0 56.0 105.0 128.0
89.0 135.0 68.0 118.0
94.0 139.0 77.0 96.0
88.0 126.0 70.0 121.0
98.0 71.0 108.0 97.0
170.0 159.0 44.0 165.0
111.0 60.0 79.0 134.0
78.0 71.0 109.0 114.0
124.0 39.0 117.0 152.0
76.0 93.0 108.0 98.0
166.0 128.0 47.0 147.0
99.0 55.0 116.0 119.0
107.0 57.0 98.0 122.0
126.0 56.0 70.0 146.0
116.0 109.0 56.0 132.0
139.0 80.0 59.0 136.0
124.0 97.0 58.0 138.0
123.0 96.0 63.0 119.0
142.0 44.0 90.0 148.0
131.0 56.0 73.0 140.0
102.0 120.0 73.0 105.0
118.0 39.0 140.0 137.0
72.0 105.0 92.0 112.0
65.0 161.0 169.0 66.0
94.0 72.0 95.0 108.0
130.0 56.0 77.0 134.0
105.0 65.0 77.0 127.0
109.0 110.0 67.0 112.0
137.0 74.0 62.0 138.0
117.0 106.0 60.0 125.0
115.0 48.0 128.0 114.0
110.0 55.0 91.0 125.0
145.0 82.0 57.0 157.0
139.0 49.0 79.0 148.0
104.0 67.0 77.0 124.0
118.0 50.0 96.0 132.0
111.0 51.0 147.0 104.0
92.0 107.0 70.0 122.0
71.0 155.0 158.0 64.0
62.0 98.0 105.0 113.0
85.0 91.0 136.0 77.0
74.0 125.0 120.0 76.0
100.0 86.0 77.0 115.0
80.0 76.0 127.0 100.0
94.0 68.0 107.0 107.0
74.0 167.0 150.0 61.0
79.0 74.0 103.0 116.0
146.0 115.0 50.0 152.0
66.0 155.0 105.0 89.0
81.0 91.0 121.0 86.0
119.0 59.0 88.0 117.0
73.0 125.0 131.0 73.0
71.0 112.0 99.0 103.0
106.0 143.0 62.0 113.0
107.0 47.0 110.0 135.0
103.0 61.0 84.0 127.0
168.0 129.0 46.0 152.0
75.0 71.0 93.0 130.0
80.0 121.0 90.0 98.0
126.0 44.0 107.0 133.0
102.0 88.0 77.0 111.0
113.0 60.0 90.0 115.0
145.0 76.0 59.0 141.0
88.0 92.0 93.0 99.0
86.0 160.0 72.0 113.0
117.0 60.0 87.0 116.0
81.0 127.0 71.0 124.0
88.0 62.0 133.0 103.0
111.0 48.0 94.0 149.0
79.0 103.0 124.0 76.0
86.0 121.0 73.0 120.0
156.0 99.0 50.0 165.0
86.0 85.0 89.0 114.0
137.0 33.0 128.0 185.0
77.0 116.0 98.0 98.0
79.0 89.0 97.0 109.0
84.0 89.0 113.0 91.0
98.0 68.0 79.0 129.0
170.0 78.0 57.0 171.0
106.0 64.0 79.0 127.0
79.0 101.0 106.0 92.0
94.0 67.0 156.0 92.0
90.0 62.0 103.0 122.0
79.0 91.0 115.0 90.0
104.0 151.0 65.0 107.0
83.0 131.0 69.0 123.0
94.0 48.0 133.0 133.0
131.0 76.0 61.0 141.0
127.0 135.0 50.0 141.0
115.0 101.0 60.0 134.0
112.0 51.0 105.0 119.0
104.0 93.0 82.0 99.0
74.0 128.0 84.0 110.0
98.0 116.0 63.0 123.0
100.0 137.0 67.0 110.0
86.0 70.0 94.0 121.0
107.0 61.0 106.0 105.0
87.0 153.0 101.0 75.0
103.0 81.0 82.0 104.0
74.0 97.0 105.0 102.0
95.0 110.0 83.0 100.0
108.0 53.0 137.0 105.0
88.0 75.0 101.0 107.0
82.0 110.0 88.0 103.0
139.0 91.0 57.0 135.0
101.0 51.0 111.0 129.0
121.0 39.0 148.0 133.0
125.0 46.0 86.0 153.0
85.0 157.0 98.0 80.0
77.0 153.0 102.0 82.0
125.0 53.0 83.0 134.0
107.0 48.0 101.0 140.0
112.0 52.0 103.0 122.0
150.0 72.0 59.0 148.0
121.0 98.0 61.0 123.0
92.0 58.0 104.0 127.0
157.0 167.0 44.0 159.0
77.0 111.0 87.0 110.0
118.0 64.0 77.0 120.0
81.0 127.0 79.0 114.0
199.0 191.0 42.0 171.0
147.0 151.0 45.0 150.0
106.0 49.0 139.0 117.0
96.0 88.0 91.0 99.0
151.0 108.0 50.0 150.0
80.0 129.0 69.0 127.0
102.0 113.0 60.0 127.0
72.0 150.0 169.0 60.0
96.0 93.0 83.0 105.0
100.0 70.0 144.0 84.0
84.0 86.0 108.0 95.0
77.0 112.0 108.0 87.0
111.0 59.0 78.0 146.0
97.0 56.0 140.0 108.0
123.0 42.0 94.0 168.0
97.0 148.0 71.0 105.0
77.0 114.0 108.0 86.0
164.0 38.0 107.0 158.0
105.0 59.0 149.0 94.0
128.0 130.0 58.0 108.0
103.0 141.0 76.0 93.0
86.0 121.0 85.0 102.0
76.0 137.0 72.0 125.0
90.0 100.0 100.0 86.0
119.0 86.0 64.0 118.0
102.0 69.0 81.0 121.0
120.0 55.0 85.0 129.0
93.0 159.0 68.0 110.0
79.0 74.0 98.0 121.0
86.0 76.0 114.0 98.0
97.0 60.0 117.0 110.0
124.0 38.0 112.0 169.0
91.0 60.0 126.0 111.0
144.0 165.0 48.0 126.0
117.0 44.0 104.0 149.0
103.0 71.0 76.0 127.0
97.0 102.0 97.0 86.0
88.0 104.0 112.0 79.0
114.0 67.0 69.0 129.0
99.0 84.0 97.0 92.0
79.0 158.0 99.0 85.0
78.0 81.0 102.0 112.0
107.0 73.0 90.0 99.0
111.0 74.0 70.0 129.0
119.0 66.0 74.0 114.0
137.0 90.0 58.0 130.0
117.0 53.0 89.0 133.0
110.0 106.0 75.0 98.0
144.0 84.0 57.0 147.0
91.0 50.0 123.0 134.0
102.0 94.0 97.0 84.0
81.0 77.0 115.0 101.0
166.0 154.0 44.0 172.0
105.0 97.0 63.0 133.0
74.0 147.0 108.0 81.0
80.0 101.0 97.0 104.0
67.0 168.0 116.0 76.0
162.0 36.0 114.0 153.0
97.0 107.0 91.0 88.0
79.0 110.0 111.0 81.0
122.0 91.0 63.0 122.0
85.0 105.0 105.0 87.0
127.0 138.0 50.0 135.0
110.0 67.0 91.0 104.0
107.0 63.0 86.0 117.0
120.0 112.0 55.0 140.0
119.0 83.0 64.0 129.0
136.0 33.0 140.0 173.0
86.0 77.0 111.0 99.0
101.0 103.0 69.0 120.0
125.0 135.0 56.0 114.0
100.0 48.0 126.0 131.0
89.0 55.0 130.0 123.0
94.0 91.0 75.0 123.0
121.0 51.0 84.0 145.0
104.0 50.0 97.0 141.0
111.0 53.0 92.0 128.0
68.0 92.0 98.0 118.0
107.0 81.0 68.0 124.0
91.0 93.0 101.0 89.0
90.0 87.0 107.0 87.0
87.0 65.0 90.0 128.0
82.0 149.0 82.0 99.0
157.0 101.0 52.0 151.0
115.0 117.0 58.0 123.0
78.0 89.0 145.0 87.0
114.0 114.0 55.0 134.0
93.0 84.0 79.0 113.0
109.0 108.0 55.0 158.0
85.0 82.0 123.0 88.0
79.0 95.0 89.0 115.0
75.0 91.0 135.0 88.0
80.0 111.0 67.0 134.0
87.0 80.0 107.0 95.0
90.0 68.0 156.0 95.0
94.0 62.0 129.0 104.0
145.0 93.0 55.0 156.0
126.0 80.0 65.0 123.0
71.0 133.0 116.0 78.0
87.0 90.0 92.0 105.0
97.0 98.0 86.0 99.0
82.0 97.0 107.0 93.0
98.0 70.0 100.0 104.0
109.0 115.0 58.0 132.0
109.0 134.0 63.0 108.0
83.0 105.0 120.0 75.0
87.0 94.0 75.0 126.0
162.0 158.0 44.0 174.0
166.0 81.0 56.0 155.0
99.0 74.0 104.0 93.0
128.0 50.0 82.0 144.0
115.0 48.0 145.0 110.0
132.0 34.0 146.0 158.0
108.0 50.0 119.0 119.0
76.0 109.0 156.0 74.0
107.0 105.0 57.0 148.0
98.0 70.0 87.0 118.0
87.0 69.0 101.0 116.0
84.0 98.0 117.0 78.0
108.0 117.0 59.0 122.0
108.0 56.0 86.0 135.0
135.0 45.0 88.0 162.0
131.0 89.0 59.0 138.0
91.0 100.0 72.0 125.0
73.0 105.0 111.0 91.0
86.0 110.0 77.0 115.0
87.0 82.0 87.0 114.0
135.0 34.0 126.0 178.0
96.0 155.0 79.0 91.0
92.0 96.0 128.0 71.0
109.0 43.0 111.0 140.0
93.0 47.0 117.0 141.0
96.0 127.0 70.0 111.0
147.0 143.0 47.0 140.0
76.0 81.0 99.0 115.0
80.0 119.0 92.0 99.0
82.0 84.0 136.0 85.0
87.0 67.0 113.0 104.0
94.0 70.0 85.0 124.0
102.0 70.0 83.0 117.0
130.0 109.0 53.0 141.0
168.0 118.0 48.0 153.0
141.0 149.0 52.0 110.0
108.0 65.0 84.0 117.0
106.0 64.0 82.0 122.0
90.0 79.0 80.0 123.0
94.0 64.0 96.0 119.0
71.0 99.0 112.0 97.0
103.0 55.0 99.0 123.0
81.0 112.0 85.0 108.0
121.0 53.0 76.0 157.0
71.0 120.0 123.0 79.0
105.0 61.0 95.0 119.0
112.0 41.0 121.0 139.0
111.0 45.0 140.0 119.0
129.0 58.0 82.0 125.0
111.0 131.0 67.0 100.0
94.0 96.0 79.0 108.0
136.0 141.0 47.0 158.0
127.0 123.0 58.0 110.0
91.0 73.0 103.0 105.0
147.0 74.0 58.0 157.0
136.0 40.0 100.0 170.0
71.0 139.0 87.0 107.0
68.0 159.0 156.0 65.0
111.0 52.0 98.0 129.0
91.0 60.0 143.0 102.0
94.0 59.0 119.0 114.0
79.0 116.0 117.0 75.0
80.0 127.0 96.0 93.0
89.0 58.0 108.0 128.0
180.0 146.0 44.0 166.0
97.0 96.0 78.0 111.0
108.0 54.0 98.0 126.0
120.0 47.0 83.0 168.0
94.0 109.0 71.0 115.0
115.0 116.0 54.0 133.0
64.0 166.0 111.0 85.0
113.0 82.0 65.0 123.0
95.0 146.0 64.0 119.0
102.0 73.0 113.0 85.0
144.0 35.0 119.0 180.0
80.0 122.0 111.0 76.0
76.0 131.0 109.0 82.0
93.0 56.0 122.0 119.0
147.0 71.0 60.0 139.0
71.0 122.0 159.0 72.0
122.0 45.0 99.0 145.0
99.0 68.0 88.0 115.0
74.0 130.0 95.0 99.0
75.0 111.0 108.0 91.0
105.0 104.0 62.0 133.0
107.0 139.0 55.0 133.0
73.0 111.0 146.0 75.0
72.0 118.0 98.0 99.0
92.0 110.0 106.0 77.0
85.0 98.0 77.0 120.0
128.0 38.0 128.0 148.0
137.0 34.0 145.0 161.0
75.0 87.0 122.0 91.0
108.0 64.0 89.0 112.0
72.0 116.0 76.0 131.0
73.0 129.0 119.0 73.0
72.0 120.0 98.0 98.0
82.0 92.0 105.0 96.0
88.0 70.0 103.0 109.0
63.0 166.0 140.0 74.0
111.0 74.0 65.0 150.0
82.0 104.0 141.0 72.0
75.0 106.0 136.0 79.0
91.0 69.0 146.0 93.0
123.0 62.0 76.0 117.0
79.0 88.0 100.0 105.0
121.0 44.0 142.0 116.0
89.0 86.0 98.0 101.0
98.0 85.0 85.0 106.0
108.0 85.0 69.0 119.0
126.0 66.0 69.0 128.0
73.0 86.0 108.0 106.0
140.0 167.0 48.0 127.0
67.0 170.0 146.0 68.0
87.0 129.0 74.0 112.0
83.0 113.0 92.0 98.0
133.0 77.0 60.0 147.0
70.0 124.0 100.0 98.0
112.0 61.0 92.0 113.0
101.0 117.0 61.0 123.0
79.0 79.0 106.0 107.0
118.0 130.0 52.0 136.0
88.0 56.0 126.0 118.0
79.0 89.0 118.0 90.0
185.0 199.0 42.0 162.0
123.0 85.0 63.0 128.0
79.0 107.0 92.0 104.0
90.0 107.0 63.0 135.0
115.0 49.0 92.0 146.0
82.0 150.0 103.0 77.0
121.0 68.0 65.0 141.0
79.0 112.0 86.0 107.0
94.0 152.0 87.0 80.0
118.0 52.0 101.0 117.0
118.0 77.0 66.0 121.0
106.0 67.0 95.0 105.0
109.0 42.0 124.0 140.0
63.0 147.0 156.0 74.0
82.0 127.0 141.0 60.0
131.0 52.0 73.0 186.0
106.0 59.0 100.0 114.0
92.0 99.0 72.0 126.0
72.0 131.0 154.0 67.0
92.0 145.0 68.0 114.0
99.0 133.0 73.0 103.0
111.0 61.0 102.0 106.0
95.0 87.0 71.0 126.0
99.0 66.0 134.0 89.0
98.0 61.0 126.0 101.0
113.0 59.0 92.0 116.0
141.0 34.0 142.0 166.0
93.0 138.0 79.0 97.0
121.0 91.0 66.0 112.0
88.0 105.0 84.0 107.0
127.0 53.0 77.0 150.0
112.0 138.0 58.0 121.0
74.0 115.0 100.0 98.0
148.0 83.0 56.0 166.0
81.0 120.0 93.0 94.0
71.0 112.0 116.0 87.0
130.0 58.0 73.0 137.0
76.0 93.0 129.0 89.0
113.0 58.0 90.0 120.0
90.0 79.0 116.0 87.0
149.0 83.0 57.0 144.0
73.0 75.0 138.0 104.0
95.0 79.0 93.0 101.0
100.0 64.0 100.0 107.0
169.0 82.0 53.0 175.0
66.0 118.0 106.0 99.0
141.0 71.0 62.0 143.0
88.0 143.0 74.0 110.0
92.0 54.0 118.0 125.0
135.0 72.0 64.0 137.0
106.0 66.0 92.0 106.0
74.0 88.0 106.0 106.0
150.0 89.0 55.0 155.0
91.0 90.0 115.0 83.0
76.0 91.0 84.0 124.0
79.0 118.0 70.0 132.0
106.0 90.0 76.0 106.0
91.0 142.0 76.0 102.0
112.0 46.0 109.0 135.0
100.0 66.0 88.0 118.0
89.0 77.0 101.0 102.0
116.0 61.0 77.0 128.0
120.0 55.0 87.0 128.0
108.0 62.0 100.0 110.0
80.0 161.0 169.0 51.0
96.0 156.0 74.0 100.0
118.0 53.0 97.0 118.0
94.0 54.0 105.0 131.0
146.0 36.0 119.0 160.0
85.0 59.0 106.0 131.0
148.0 73.0 64.0 121.0
124.0 57.0 78.0 138.0
147.0 88.0 56.0 146.0
149.0 94.0 55.0 143.0
75.0 128.0 101.0 88.0
157.0 119.0 48.0 160.0
97.0 63.0 89.0 125.0
78.0 126.0 81.0 114.0
135.0 121.0 49.0 163.0
73.0 113.0 135.0 76.0
110.0 57.0 80.0 146.0
80.0 151.0 114.0 72.0
132.0 123.0 50.0 143.0
109.0 74.0 68.0 143.0
93.0 67.0 82.0 127.0
94.0 143.0 82.0 91.0
134.0 38.0 114.0 145.0
103.0 64.0 80.0 128.0
83.0 148.0 85.0 95.0
84.0 129.0 79.0 108.0
75.0 101.0 113.0 92.0
94.0 68.0 94.0 116.0
83.0 100.0 110.0 86.0
99.0 133.0 87.0 83.0
115.0 44.0 143.0 118.0
108.0 137.0 77.0 89.0
115.0 109.0 58.0 127.0
87.0 51.0 120.0 135.0
74.0 109.0 103.0 100.0
80.0 154.0 100.0 82.0
130.0 58.0 74.0 136.0
69.0 100.0 124.0 89.0
90.0 113.0 104.0 79.0
83.0 88.0 147.0 82.0
77.0 116.0 161.0 69.0
102.0 146.0 61.0 119.0
75.0 125.0 163.0 66.0
72.0 161.0 116.0 76.0
113.0 52.0 108.0 114.0
131.0 52.0 78.0 140.0
152.0 95.0 54.0 154.0
77.0 103.0 97.0 105.0
109.0 100.0 58.0 146.0
101.0 81.0 89.0 102.0
72.0 171.0 166.0 58.0
78.0 120.0 75.0 126.0
148.0 46.0 83.0 163.0
87.0 70.0 146.0 96.0
119.0 96.0 61.0 127.0
105.0 53.0 106.0 122.0
98.0 149.0 67.0 109.0
104.0 113.0 74.0 102.0
106.0 83.0 69.0 123.0
93.0 62.0 113.0 111.0
106.0 56.0 143.0 98.0
119.0 98.0 64.0 116.0
82.0 101.0 134.0 75.0
122.0 64.0 70.0 129.0
72.0 115.0 122.0 81.0
146.0 107.0 52.0 154.0
119.0 104.0 58.0 126.0
78.0 119.0 100.0 92.0
115.0 50.0 92.0 137.0
100.0 62.0 87.0 128.0
96.0 116.0 80.0 99.0
75.0 123.0 72.0 129.0
90.0 88.0 83.0 115.0
131.0 87.0 59.0 141.0
115.0 49.0 115.0 118.0
108.0 49.0 103.0 129.0
70.0 100.0 99.0 108.0
107.0 72.0 66.0 151.0
130.0 106.0 57.0 123.0
80.0 103.0 94.0 105.0
88.0 67.0 138.0 99.0
69.0 126.0 155.0 74.0
94.0 147.0 73.0 105.0
77.0 120.0 114.0 80.0
93.0 61.0 113.0 112.0
105.0 75.0 83.0 109.0
109.0 60.0 110.0 101.0
86.0 77.0 133.0 93.0
134.0 58.0 82.0 120.0
128.0 61.0 75.0 121.0
114.0 73.0 75.0 113.0
82.0 110.0 108.0 86.0
68.0 126.0 104.0 96.0
75.0 106.0 90.0 112.0
87.0 147.0 76.0 105.0
89.0 155.0 86.0 85.0
65.0 134.0 150.0 74.0
79.0 95.0 108.0 94.0
127.0 35.0 124.0 163.0
81.0 125.0 75.0 117.0
91.0 85.0 92.0 105.0
136.0 43.0 94.0 150.0
101.0 59.0 113.0 108.0
101.0 81.0 91.0 99.0
94.0 150.0 70.0 107.0
90.0 87.0 112.0 86.0
91.0 142.0 84.0 91.0
87.0 103.0 123.0 73.0
93.0 88.0 74.0 125.0
94.0 89.0 103.0 86.0
116.0 46.0 89.0 161.0
113.0 45.0 113.0 130.0
73.0 164.0 113.0 75.0
77.0 98.0 95.0 108.0
134.0 89.0 59.0 135.0
72.0 147.0 122.0 73.0
83.0 87.0 91.0 113.0
147.0 62.0 67.0 159.0
78.0 122.0 97.0 94.0
118.0 45.0 104.0 141.0
84.0 124.0 71.0 122.0
140.0 86.0 57.0 147.0
80.0 111.0 95.0 99.0
92.0 53.0 109.0 130.0
115.0 94.0 62.0 128.0
69.0 146.0 88.0 103.0
105.0 84.0 92.0 94.0
75.0 104.0 123.0 84.0
112.0 99.0 59.0 140.0
130.0 115.0 53.0 133.0
72.0 144.0 147.0 66.0
89.0 83.0 116.0 87.0
105.0 122.0 74.0 100.0
80.0 151.0 157.0 56.0
89.0 95.0 130.0 71.0
119.0 46.0 96.0 140.0
117.0 90.0 61.0 138.0
113.0 122.0 57.0 125.0
125.0 37.0 121.0 160.0
103.0 89.0 78.0 106.0
101.0 56.0 94.0 133.0
130.0 67.0 66.0 136.0
106.0 50.0 136.0 113.0
79.0 85.0 131.0 91.0
98.0 59.0 110.0 115.0
85.0 106.0 93.0 98.0
93.0 90.0 121.0 75.0
98.0 69.0 86.0 119.0
84.0 65.0 113.0 114.0
108.0 61.0 90.0 118.0
88.0 100.0 65.0 134.0
106.0 45.0 124.0 133.0
79.0 94.0 122.0 86.0
79.0 108.0 81.0 117.0
113.0 49.0 150.0 107.0
121.0 79.0 63.0 140.0
93.0 75.0 82.0 123.0
130.0 58.0 69.0 145.0
157.0 85.0 55.0 168.0
130.0 42.0 117.0 131.0
123.0 80.0 65.0 126.0
94.0 65.0 109.0 107.0
76.0 94.0 147.0 85.0
96.0 61.0 103.0 118.0
85.0 78.0 90.0 118.0
114.0 95.0 59.0 144.0
125.0 58.0 70.0 143.0
65.0 166.0 158.0 66.0
99.0 71.0 81.0 122.0
172.0 160.0 43.0 170.0
80.0 144.0 90.0 95.0
101.0 71.0 98.0 100.0
87.0 99.0 107.0 84.0
79.0 105.0 148.0 72.0
74.0 164.0 144.0 62.0
84.0 73.0 101.0 113.0
76.0 128.0 116.0 75.0
75.0 125.0 110.0 81.0
153.0 109.0 49.0 155.0
126.0 47.0 84.0 161.0
119.0 63.0 71.0 141.0
143.0 112.0 51.0 154.0
107.0 49.0 110.0 127.0
92.0 63.0 113.0 109.0
119.0 57.0 76.0 146.0
81.0 93.0 134.0 81.0
129.0 36.0 152.0 151.0
77.0 118.0 94.0 99.0
127.0 135.0 51.0 132.0
137.0 85.0 58.0 138.0
135.0 95.0 57.0 132.0
83.0 81.0 122.0 93.0
96.0 63.0 109.0 110.0
126.0 93.0 65.0 109.0
98.0 65.0 118.0 97.0
146.0 123.0 48.0 162.0
116.0 110.0 60.0 122.0
96.0 60.0 123.0 110.0
64.0 153.0 114.0 85.0
82.0 83.0 113.0 96.0
67.0 125.0 86.0 116.0
90.0 116.0 75.0 115.0
114.0 49.0 93.0 142.0
144.0 73.0 59.0 148.0
80.0 105.0 118.0 79.0
131.0 65.0 63.0 142.0
77.0 143.0 149.0 63.0
76.0 156.0 101.0 85.0
97.0 72.0 134.0 85.0
137.0 39.0 106.0 164.0
120.0 57.0 88.0 120.0
154.0 176.0 43.0 152.0
75.0 90.0 137.0 90.0
107.0 49.0 116.0 124.0
129.0 36.0 117.0 182.0
90.0 103.0 74.0 121.0
104.0 70.0 71.0 128.0
102.0 53.0 120.0 117.0
166.0 92.0 52.0 165.0
129.0 42.0 103.0 147.0
106.0 115.0 59.0 126.0
73.0 125.0 90.0 104.0
109.0 88.0 66.0 125.0
109.0 57.0 91.0 122.0
74.0 140.0 85.0 107.0
80.0 78.0 127.0 99.0
86.0 90.0 116.0 84.0
83.0 88.0 104.0 100.0
118.0 39.0 124.0 145.0
133.0 132.0 50.0 139.0
97.0 62.0 102.0 118.0
86.0 115.0 66.0 129.0
113.0 44.0 141.0 125.0
86.0 74.0 82.0 131.0
102.0 156.0 57.0 132.0
85.0 166.0 97.0 78.0
71.0 135.0 135.0 70.0
93.0 90.0 95.0 96.0
73.0 108.0 119.0 82.0
116.0 132.0 52.0 136.0
116.0 74.0 69.0 126.0
90.0 65.0 123.0 103.0
112.0 96.0 76.0 98.0
98.0 60.0 96.0 126.0
119.0 78.0 64.0 135.0
140.0 42.0 97.0 143.0
93.0 69.0 105.0 103.0
103.0 59.0 96.0 125.0
106.0 105.0 63.0 129.0
95.0 81.0 88.0 111.0
121.0 40.0 102.0 170.0
106.0 60.0 97.0 113.0
86.0 103.0 71.0 127.0
133.0 116.0 52.0 142.0
113.0 85.0 67.0 119.0
78.0 125.0 156.0 64.0
132.0 47.0 85.0 152.0
61.0 149.0 159.0 73.0
92.0 110.0 94.0 88.0
129.0 48.0 82.0 147.0
100.0 80.0 99.0 94.0
85.0 68.0 96.0 121.0
87.0 77.0 106.0 103.0
67.0 92.0 115.0 101.0
107.0 108.0 61.0 125.0
110.0 47.0 126.0 123.0
72.0 126.0 125.0 77.0
70.0 144.0 160.0 67.0
117.0 55.0 90.0 123.0
121.0 113.0 57.0 122.0
88.0 123.0 75.0 115.0
116.0 59.0 72.0 145.0
95.0 63.0 116.0 102.0
79.0 141.0 118.0 69.0
85.0 54.0 126.0 128.0
153.0 98.0 51.0 156.0
118.0 111.0 56.0 127.0
104.0 67.0 110.0 96.0
92.0 112.0 64.0 128.0
110.0 108.0 60.0 131.0
134.0 66.0 62.0 151.0
89.0 68.0 109.0 108.0
87.0 129.0 66.0 127.0
77.0 121.0 113.0 76.0
93.0 64.0 129.0 101.0
167.0 48.0 79.0 143.0
129.0 43.0 96.0 153.0
97.0 50.0 116.0 132.0
85.0 82.0 146.0 84.0
113.0 65.0 78.0 116.0
81.0 109.0 124.0 73.0
125.0 49.0 88.0 144.0
116.0 116.0 55.0 129.0
92.0 62.0 125.0 107.0
122.0 44.0 106.0 139.0
78.0 105.0 95.0 104.0
133.0 74.0 61.0 148.0
85.0 85.0 93.0 107.0
114.0 58.0 83.0 135.0
115.0 61.0 72.0 142.0
72.0 162.0 113.0 80.0
108.0 55.0 98.0 125.0
132.0 110.0 52.0 146.0
88.0 142.0 71.0 116.0
165.0 41.0 98.0 152.0
113.0 121.0 68.0 100.0
120.0 54.0 84.0 133.0
100.0 86.0 90.0 97.0
130.0 130.0 49.0 148.0
131.0 54.0 81.0 131.0
143.0 35.0 122.0 164.0
134.0 107.0 54.0 144.0
166.0 81.0 54.0 166.0
121.0 100.0 64.0 112.0
137.0 96.0 56.0 137.0
94.0 138.0 77.0 102.0
132.0 75.0 66.0 122.0
130.0 100.0 57.0 134.0
97.0 152.0 70.0 103.0
68.0 135.0 109.0 85.0
124.0 96.0 59.0 132.0
104.0 71.0 78.0 118.0
66.0 114.0 107.0 98.0
93.0 82.0 99.0 94.0
102.0 58.0 101.0 120.0
79.0 80.0 113.0 102.0
86.0 114.0 90.0 98.0
122.0 54.0 74.0 152.0
72.0 163.0 162.0 59.0
114.0 45.0 107.0 142.0
114.0 46.0 116.0 125.0
69.0 165.0 122.0 74.0
101.0 151.0 75.0 93.0
91.0 90.0 111.0 85.0
102.0 63.0 95.0 116.0
63.0 160.0 149.0 73.0
126.0 142.0 49.0 133.0
82.0 159.0 97.0 85.0
93.0 102.0 72.0 121.0
