75.0 106.0 108.0 93.0
108.0 72.0 86.0 118.0
104.0 76.0 81.0 125.0
102.0 67.0 99.0 121.0
78.0 120.0 129.0 74.0
97.0 88.0 84.0 103.0
107.0 88.0 66.0 126.0
89.0 83.0 112.0 92.0
75.0 147.0 103.0 75.0
134.0 46.0 116.0 166.0
109.0 112.0 59.0 115.0
134.0 43.0 156.0 166.0
127.0 62.0 84.0 134.0
93.0 106.0 91.0 80.0
127.0 47.0 116.0 156.0
87.0 92.0 88.0 100.0
98.0 85.0 102.0 88.0
85.0 85.0 121.0 90.0
86.0 100.0 103.0 88.0
85.0 90.0 100.0 97.0
106.0 64.0 87.0 146.0
121.0 61.0 91.0 133.0
81.0 115.0 95.0 86.0
99.0 66.0 90.0 138.0
75.0 96.0 111.0 98.0
134.0 71.0 67.0 131.0
97.0 90.0 138.0 72.0
85.0 143.0 120.0 60.0
130.0 62.0 86.0 123.0
107.0 63.0 91.0 130.0
122.0 52.0 159.0 121.0
110.0 69.0 82.0 133.0
75.0 145.0 144.0 65.0
92.0 138.0 103.0 61.0
79.0 121.0 130.0 70.0
95.0 114.0 64.0 118.0
94.0 96.0 109.0 80.0
109.0 65.0 93.0 119.0
84.0 133.0 113.0 67.0
130.0 52.0 129.0 120.0
77.0 111.0 102.0 90.0
92.0 117.0 55.0 133.0
98.0 154.0 82.0 73.0
160.0 73.0 60.0 169.0
77.0 101.0 96.0 99.0
76.0 160.0 157.0 61.0
122.0 99.0 55.0 119.0
107.0 104.0 60.0 123.0
111.0 82.0 73.0 121.0
108.0 60.0 91.0 149.0
104.0 132.0 58.0 112.0
88.0 166.0 75.0 91.0
103.0 70.0 98.0 110.0
107.0 83.0 64.0 135.0
75.0 109.0 112.0 88.0
91.0 134.0 118.0 58.0
122.0 51.0 119.0 145.0
88.0 81.0 94.0 111.0
90.0 91.0 91.0 97.0
117.0 54.0 121.0 127.0
85.0 129.0 92.0 78.0
73.0 135.0 152.0 70.0
97.0 138.0 63.0 105.0
142.0 62.0 76.0 154.0
108.0 80.0 65.0 142.0
135.0 47.0 107.0 154.0
77.0 108.0 118.0 85.0
93.0 87.0 68.0 139.0
88.0 64.0 113.0 120.0
81.0 94.0 97.0 99.0
136.0 55.0 89.0 150.0
86.0 98.0 107.0 87.0
118.0 82.0 72.0 119.0
128.0 49.0 144.0 136.0
76.0 133.0 95.0 86.0
102.0 64.0 114.0 105.0
86.0 79.0 122.0 93.0
93.0 149.0 75.0 87.0
109.0 81.0 101.0 79.0
86.0 120.0 68.0 113.0
113.0 57.0 98.0 141.0
106.0 75.0 78.0 133.0
81.0 157.0 110.0 60.0
90.0 151.0 87.0 75.0
89.0 106.0 75.0 108.0
123.0 85.0 58.0 134.0
91.0 88.0 80.0 111.0
93.0 93.0 99.0 88.0
118.0 53.0 97.0 152.0
124.0 75.0 63.0 146.0
97.0 59.0 132.0 112.0
92.0 128.0 82.0 82.0
134.0 76.0 59.0 148.0
87.0 82.0 127.0 88.0
82.0 97.0 105.0 94.0
98.0 107.0 87.0 84.0
113.0 80.0 66.0 135.0
82.0 134.0 123.0 62.0
131.0 75.0 62.0 144.0
113.0 68.0 92.0 118.0
76.0 98.0 110.0 96.0
93.0 99.0 85.0 96.0
97.0 94.0 61.0 137.0
124.0 131.0 50.0 121.0
85.0 98.0 116.0 83.0
105.0 64.0 130.0 101.0
99.0 71.0 122.0 91.0
91.0 84.0 123.0 86.0
90.0 77.0 108.0 99.0
103.0 86.0 76.0 113.0
94.0 83.0 105.0 91.0
92.0 61.0 125.0 122.0
95.0 76.0 114.0 91.0
83.0 85.0 119.0 94.0
84.0 135.0 94.0 78.0
107.0 97.0 56.0 134.0
81.0 94.0 128.0 86.0
93.0 79.0 86.0 118.0
98.0 131.0 64.0 101.0
122.0 51.0 150.0 128.0
154.0 40.0 135.0 186.0
113.0 79.0 72.0 126.0
141.0 66.0 71.0 149.0
145.0 48.0 106.0 171.0
135.0 60.0 84.0 140.0
96.0 163.0 79.0 79.0
77.0 109.0 128.0 80.0
91.0 67.0 130.0 106.0
122.0 67.0 83.0 130.0
82.0 159.0 100.0 68.0
132.0 41.0 152.0 186.0
90.0 105.0 97.0 84.0
95.0 84.0 84.0 108.0
68.0 104.0 91.0 112.0
111.0 64.0 89.0 130.0
130.0 61.0 79.0 156.0
122.0 72.0 70.0 139.0
86.0 133.0 96.0 73.0
133.0 61.0 86.0 133.0
143.0 45.0 130.0 147.0
85.0 128.0 124.0 65.0
94.0 92.0 65.0 135.0
100.0 97.0 77.0 102.0
83.0 116.0 94.0 84.0
90.0 82.0 92.0 110.0
76.0 151.0 142.0 64.0
80.0 157.0 136.0 58.0
91.0 143.0 79.0 88.0
83.0 89.0 119.0 89.0
99.0 101.0 64.0 121.0
83.0 148.0 110.0 64.0
135.0 52.0 98.0 147.0
106.0 81.0 65.0 140.0
120.0 56.0 110.0 130.0
75.0 97.0 126.0 90.0
83.0 97.0 99.0 94.0
118.0 68.0 83.0 123.0
141.0 79.0 57.0 148.0
66.0 97.0 111.0 106.0
102.0 96.0 61.0 124.0
109.0 57.0 104.0 138.0
136.0 54.0 91.0 151.0
98.0 57.0 127.0 123.0
126.0 48.0 161.0 137.0
117.0 78.0 75.0 118.0
77.0 100.0 123.0 84.0
106.0 133.0 54.0 122.0
86.0 96.0 128.0 79.0
134.0 60.0 89.0 126.0
102.0 71.0 88.0 122.0
113.0 150.0 60.0 96.0
118.0 113.0 53.0 122.0
105.0 107.0 59.0 120.0
120.0 55.0 133.0 109.0
124.0 51.0 112.0 146.0
87.0 103.0 100.0 87.0
126.0 51.0 121.0 137.0
129.0 65.0 84.0 125.0
126.0 52.0 102.0 155.0
124.0 69.0 72.0 142.0
87.0 64.0 149.0 115.0
85.0 134.0 85.0 85.0
130.0 96.0 51.0 161.0
93.0 127.0 69.0 102.0
90.0 88.0 87.0 109.0
91.0 135.0 109.0 60.0
106.0 90.0 65.0 129.0
111.0 52.0 159.0 132.0
135.0 71.0 64.0 162.0
97.0 89.0 74.0 111.0
119.0 71.0 72.0 143.0
134.0 44.0 176.0 155.0
99.0 120.0 77.0 88.0
93.0 78.0 112.0 90.0
110.0 53.0 105.0 150.0
107.0 64.0 98.0 126.0
99.0 161.0 67.0 91.0
128.0 49.0 124.0 145.0
145.0 62.0 73.0 167.0
93.0 80.0 112.0 89.0
109.0 57.0 118.0 125.0
85.0 127.0 125.0 65.0
99.0 86.0 100.0 86.0
91.0 92.0 85.0 104.0
148.0 60.0 76.0 157.0
81.0 70.0 149.0 109.0
97.0 99.0 76.0 104.0
73.0 125.0 97.0 89.0
91.0 131.0 111.0 63.0
100.0 76.0 77.0 138.0
98.0 95.0 67.0 123.0
80.0 120.0 106.0 80.0
114.0 107.0 56.0 120.0
81.0 82.0 119.0 97.0
94.0 119.0 82.0 86.0
81.0 132.0 127.0 66.0
77.0 96.0 109.0 97.0
78.0 142.0 115.0 69.0
143.0 43.0 148.0 159.0
110.0 56.0 149.0 117.0
107.0 62.0 115.0 111.0
99.0 91.0 67.0 128.0
98.0 69.0 92.0 117.0
144.0 115.0 46.0 149.0
87.0 100.0 104.0 86.0
90.0 76.0 110.0 101.0
108.0 60.0 104.0 128.0
94.0 105.0 65.0 124.0
78.0 115.0 157.0 75.0
94.0 68.0 109.0 106.0
116.0 57.0 101.0 136.0
77.0 99.0 100.0 98.0
142.0 43.0 127.0 168.0
106.0 82.0 63.0 148.0
121.0 55.0 95.0 147.0
82.0 163.0 109.0 61.0
73.0 101.0 105.0 97.0
141.0 44.0 127.0 155.0
116.0 112.0 57.0 112.0
81.0 150.0 102.0 70.0
98.0 81.0 96.0 95.0
140.0 42.0 164.0 160.0
91.0 150.0 109.0 56.0
129.0 67.0 73.0 148.0
115.0 51.0 115.0 154.0
94.0 61.0 115.0 126.0
109.0 83.0 65.0 130.0
87.0 126.0 111.0 68.0
146.0 43.0 124.0 184.0
73.0 111.0 90.0 101.0
77.0 111.0 124.0 81.0
125.0 87.0 56.0 153.0
139.0 43.0 162.0 158.0
114.0 69.0 83.0 126.0
72.0 138.0 87.0 97.0
92.0 93.0 78.0 114.0
101.0 59.0 104.0 139.0
87.0 127.0 79.0 94.0
124.0 99.0 54.0 122.0
84.0 146.0 79.0 92.0
146.0 40.0 144.0 188.0
102.0 99.0 59.0 129.0
90.0 133.0 66.0 108.0
104.0 78.0 70.0 139.0
134.0 91.0 54.0 135.0
143.0 75.0 61.0 141.0
101.0 110.0 63.0 114.0
86.0 78.0 93.0 118.0
87.0 77.0 121.0 93.0
85.0 109.0 85.0 95.0
147.0 64.0 70.0 156.0
84.0 95.0 118.0 87.0
98.0 66.0 108.0 103.0
97.0 143.0 89.0 65.0
99.0 137.0 95.0 59.0
92.0 84.0 88.0 109.0
88.0 123.0 81.0 93.0
109.0 93.0 64.0 115.0
103.0 140.0 84.0 67.0
81.0 100.0 113.0 88.0
93.0 125.0 61.0 117.0
83.0 120.0 92.0 86.0
78.0 122.0 111.0 78.0
119.0 59.0 89.0 144.0
116.0 57.0 92.0 141.0
79.0 127.0 122.0 72.0
101.0 57.0 121.0 132.0
88.0 148.0 87.0 80.0
107.0 61.0 107.0 122.0
90.0 102.0 74.0 111.0
87.0 132.0 114.0 65.0
93.0 120.0 66.0 110.0
118.0 52.0 128.0 134.0
115.0 79.0 60.0 148.0
131.0 134.0 49.0 116.0
124.0 48.0 153.0 144.0
109.0 93.0 62.0 123.0
116.0 70.0 86.0 116.0
98.0 121.0 62.0 108.0
88.0 101.0 97.0 87.0
93.0 107.0 89.0 88.0
140.0 125.0 45.0 144.0
94.0 125.0 103.0 66.0
142.0 87.0 53.0 151.0
118.0 53.0 112.0 131.0
77.0 151.0 116.0 66.0
106.0 74.0 82.0 118.0
89.0 83.0 82.0 121.0
92.0 86.0 99.0 94.0
136.0 115.0 47.0 154.0
78.0 74.0 119.0 108.0
110.0 77.0 67.0 145.0
83.0 132.0 90.0 84.0
114.0 77.0 68.0 132.0
88.0 109.0 109.0 77.0
79.0 112.0 114.0 81.0
98.0 89.0 86.0 92.0
93.0 93.0 95.0 92.0
134.0 43.0 174.0 162.0
133.0 44.0 136.0 157.0
87.0 115.0 111.0 74.0
80.0 114.0 95.0 89.0
148.0 59.0 82.0 142.0
131.0 50.0 132.0 133.0
137.0 152.0 45.0 128.0
127.0 61.0 88.0 131.0
105.0 58.0 121.0 112.0
97.0 87.0 83.0 106.0
97.0 84.0 76.0 125.0
149.0 64.0 68.0 157.0
106.0 83.0 77.0 112.0
105.0 60.0 103.0 132.0
102.0 87.0 80.0 107.0
107.0 104.0 82.0 80.0
80.0 110.0 84.0 102.0
102.0 94.0 63.0 128.0
93.0 99.0 74.0 110.0
110.0 75.0 72.0 139.0
131.0 60.0 91.0 126.0
103.0 56.0 156.0 122.0
113.0 70.0 71.0 153.0
115.0 71.0 75.0 142.0
88.0 103.0 93.0 88.0
95.0 111.0 79.0 95.0
97.0 159.0 86.0 70.0
74.0 142.0 95.0 82.0
81.0 99.0 108.0 91.0
84.0 92.0 144.0 81.0
83.0 114.0 98.0 83.0
115.0 82.0 71.0 123.0
86.0 100.0 90.0 95.0
90.0 107.0 69.0 118.0
92.0 114.0 79.0 90.0
166.0 61.0 74.0 179.0
140.0 41.0 147.0 182.0
110.0 51.0 139.0 144.0
128.0 114.0 49.0 132.0
116.0 74.0 70.0 135.0
138.0 67.0 72.0 145.0
109.0 73.0 104.0 87.0
94.0 75.0 111.0 94.0
106.0 123.0 52.0 129.0
111.0 62.0 97.0 130.0
99.0 106.0 54.0 142.0
87.0 103.0 92.0 93.0
108.0 61.0 98.0 131.0
116.0 78.0 73.0 124.0
127.0 68.0 81.0 126.0
110.0 75.0 73.0 136.0
81.0 76.0 132.0 100.0
89.0 133.0 116.0 61.0
86.0 87.0 93.0 106.0
80.0 88.0 98.0 105.0
92.0 121.0 78.0 90.0
132.0 41.0 156.0 184.0
105.0 73.0 85.0 125.0
121.0 152.0 53.0 107.0
99.0 113.0 88.0 76.0
94.0 109.0 77.0 99.0
121.0 87.0 60.0 129.0
86.0 85.0 86.0 115.0
113.0 54.0 139.0 120.0
101.0 75.0 105.0 93.0
93.0 80.0 87.0 112.0
99.0 64.0 102.0 130.0
83.0 90.0 128.0 87.0
97.0 126.0 59.0 113.0
96.0 150.0 86.0 72.0
113.0 55.0 108.0 138.0
82.0 104.0 129.0 78.0
95.0 111.0 80.0 89.0
110.0 65.0 88.0 133.0
122.0 57.0 121.0 111.0
92.0 80.0 79.0 126.0
105.0 71.0 100.0 102.0
115.0 51.0 165.0 132.0
93.0 88.0 101.0 90.0
143.0 62.0 75.0 161.0
113.0 66.0 84.0 137.0
88.0 96.0 107.0 87.0
135.0 45.0 139.0 149.0
139.0 44.0 124.0 174.0
90.0 142.0 117.0 56.0
89.0 102.0 115.0 78.0
86.0 95.0 104.0 91.0
79.0 105.0 98.0 94.0
74.0 128.0 92.0 90.0
85.0 136.0 115.0 64.0
92.0 145.0 93.0 69.0
97.0 116.0 57.0 120.0
95.0 96.0 63.0 127.0
122.0 98.0 58.0 112.0
95.0 103.0 62.0 128.0
96.0 81.0 108.0 89.0
93.0 75.0 91.0 120.0
93.0 80.0 102.0 97.0
107.0 84.0 95.0 81.0
154.0 84.0 53.0 153.0
116.0 50.0 167.0 134.0
110.0 135.0 51.0 130.0
83.0 149.0 101.0 71.0
97.0 85.0 89.0 102.0
87.0 134.0 110.0 66.0
104.0 54.0 133.0 137.0
145.0 58.0 79.0 154.0
106.0 65.0 99.0 119.0
78.0 113.0 106.0 85.0
106.0 57.0 116.0 133.0
152.0 55.0 88.0 159.0
138.0 59.0 84.0 148.0
80.0 129.0 89.0 90.0
124.0 58.0 97.0 132.0
109.0 71.0 87.0 120.0
145.0 108.0 49.0 132.0
98.0 133.0 70.0 94.0
111.0 58.0 115.0 116.0
90.0 116.0 112.0 70.0
96.0 155.0 80.0 79.0
132.0 67.0 70.0 153.0
77.0 125.0 93.0 89.0
78.0 118.0 138.0 71.0
79.0 95.0 129.0 85.0
92.0 126.0 104.0 65.0
155.0 42.0 138.0 169.0
134.0 63.0 74.0 146.0
98.0 79.0 79.0 123.0
106.0 81.0 70.0 134.0
89.0 94.0 126.0 79.0
140.0 41.0 162.0 167.0
115.0 102.0 63.0 106.0
97.0 73.0 93.0 114.0
116.0 86.0 57.0 139.0
133.0 65.0 78.0 135.0
124.0 100.0 51.0 129.0
106.0 132.0 70.0 88.0
105.0 123.0 76.0 82.0
87.0 117.0 107.0 75.0
93.0 129.0 114.0 61.0
157.0 46.0 113.0 180.0
85.0 120.0 89.0 88.0
84.0 133.0 122.0 63.0
102.0 65.0 105.0 116.0
135.0 87.0 54.0 153.0
89.0 100.0 95.0 89.0
127.0 142.0 48.0 119.0
120.0 78.0 63.0 136.0
83.0 115.0 111.0 78.0
88.0 110.0 104.0 76.0
107.0 63.0 100.0 125.0
109.0 71.0 81.0 129.0
80.0 129.0 99.0 81.0
103.0 90.0 66.0 128.0
88.0 86.0 105.0 94.0
107.0 84.0 62.0 143.0
98.0 125.0 77.0 87.0
96.0 97.0 69.0 118.0
74.0 104.0 139.0 84.0
132.0 75.0 63.0 138.0
134.0 50.0 96.0 153.0
102.0 138.0 71.0 88.0
96.0 94.0 71.0 113.0
85.0 109.0 69.0 120.0
83.0 87.0 127.0 90.0
93.0 85.0 86.0 108.0
88.0 106.0 98.0 83.0
88.0 79.0 104.0 102.0
98.0 116.0 69.0 101.0
141.0 61.0 82.0 139.0
104.0 62.0 108.0 122.0
85.0 87.0 87.0 115.0
91.0 65.0 132.0 106.0
82.0 106.0 122.0 79.0
77.0 141.0 107.0 74.0
143.0 56.0 84.0 161.0
87.0 108.0 86.0 96.0
97.0 91.0 79.0 107.0
88.0 121.0 128.0 64.0
137.0 65.0 79.0 128.0
98.0 67.0 106.0 111.0
135.0 115.0 48.0 135.0
106.0 57.0 126.0 121.0
125.0 69.0 79.0 124.0
94.0 118.0 65.0 110.0
93.0 77.0 93.0 115.0
94.0 113.0 72.0 103.0
112.0 115.0 53.0 126.0
100.0 82.0 73.0 132.0
136.0 72.0 63.0 141.0
88.0 144.0 112.0 59.0
83.0 86.0 128.0 88.0
73.0 114.0 160.0 80.0
107.0 76.0 84.0 113.0
83.0 103.0 110.0 82.0
118.0 73.0 76.0 127.0
81.0 125.0 86.0 94.0
124.0 67.0 85.0 122.0
92.0 73.0 116.0 99.0
80.0 126.0 94.0 85.0
93.0 63.0 117.0 116.0
81.0 84.0 115.0 98.0
80.0 122.0 105.0 80.0
108.0 58.0 103.0 141.0
120.0 56.0 124.0 117.0
97.0 97.0 59.0 137.0
141.0 47.0 115.0 145.0
93.0 144.0 82.0 80.0
91.0 121.0 64.0 111.0
128.0 90.0 54.0 143.0
99.0 79.0 91.0 104.0
86.0 153.0 73.0 98.0
93.0 95.0 123.0 77.0
141.0 52.0 104.0 134.0
81.0 154.0 118.0 61.0
86.0 120.0 84.0 90.0
85.0 78.0 144.0 92.0
111.0 65.0 87.0 138.0
146.0 113.0 47.0 155.0
77.0 116.0 150.0 74.0
147.0 81.0 55.0 153.0
138.0 49.0 104.0 157.0
79.0 72.0 129.0 106.0
125.0 64.0 87.0 127.0
96.0 72.0 105.0 104.0
90.0 86.0 113.0 88.0
101.0 112.0 87.0 77.0
83.0 99.0 108.0 89.0
76.0 141.0 94.0 83.0
124.0 118.0 47.0 143.0
80.0 131.0 113.0 73.0
107.0 109.0 75.0 87.0
103.0 62.0 110.0 117.0
80.0 127.0 128.0 69.0
85.0 106.0 130.0 74.0
115.0 73.0 71.0 145.0
109.0 116.0 53.0 128.0
98.0 79.0 75.0 135.0
91.0 80.0 111.0 93.0
93.0 71.0 114.0 100.0
130.0 64.0 81.0 137.0
99.0 66.0 103.0 117.0
97.0 95.0 77.0 107.0
114.0 108.0 53.0 127.0
146.0 54.0 87.0 177.0
143.0 63.0 79.0 130.0
123.0 60.0 92.0 129.0
119.0 51.0 145.0 134.0
123.0 130.0 50.0 125.0
80.0 109.0 102.0 89.0
97.0 70.0 86.0 135.0
81.0 92.0 113.0 91.0
100.0 76.0 96.0 109.0
117.0 107.0 55.0 120.0
80.0 108.0 103.0 88.0
135.0 84.0 55.0 151.0
121.0 92.0 53.0 136.0
129.0 52.0 107.0 139.0
88.0 101.0 93.0 91.0
81.0 102.0 102.0 91.0
93.0 97.0 141.0 68.0
93.0 112.0 68.0 111.0
114.0 85.0 61.0 129.0
85.0 110.0 125.0 71.0
101.0 82.0 75.0 122.0
88.0 76.0 87.0 122.0
97.0 78.0 102.0 94.0
106.0 84.0 83.0 100.0
122.0 95.0 52.0 148.0
77.0 91.0 107.0 99.0
83.0 132.0 120.0 66.0
124.0 50.0 118.0 145.0
96.0 83.0 81.0 116.0
111.0 55.0 127.0 126.0
75.0 109.0 119.0 84.0
91.0 94.0 94.0 91.0
97.0 116.0 70.0 101.0
95.0 85.0 73.0 122.0
84.0 147.0 91.0 77.0
95.0 75.0 97.0 102.0
96.0 143.0 68.0 98.0
83.0 118.0 87.0 92.0
107.0 60.0 109.0 114.0
95.0 68.0 107.0 111.0
92.0 130.0 97.0 69.0
88.0 129.0 103.0 68.0
78.0 124.0 107.0 79.0
91.0 131.0 80.0 87.0
84.0 98.0 103.0 92.0
94.0 127.0 81.0 83.0
110.0 83.0 72.0 117.0
107.0 78.0 78.0 121.0
129.0 49.0 118.0 145.0
86.0 96.0 89.0 97.0
95.0 110.0 83.0 88.0
155.0 53.0 91.0 178.0
73.0 111.0 94.0 97.0
112.0 106.0 60.0 110.0
109.0 157.0 69.0 78.0
124.0 57.0 90.0 150.0
92.0 103.0 86.0 93.0
85.0 108.0 135.0 72.0
72.0 109.0 127.0 86.0
82.0 108.0 113.0 82.0
98.0 126.0 71.0 94.0
124.0 46.0 148.0 153.0
100.0 77.0 80.0 118.0
92.0 91.0 69.0 131.0
134.0 63.0 82.0 125.0
88.0 112.0 100.0 77.0
143.0 72.0 62.0 146.0
97.0 59.0 118.0 125.0
100.0 144.0 66.0 94.0
104.0 84.0 63.0 137.0
104.0 122.0 56.0 119.0
91.0 130.0 115.0 60.0
118.0 51.0 130.0 142.0
84.0 131.0 96.0 76.0
95.0 98.0 72.0 110.0
107.0 56.0 156.0 118.0
77.0 110.0 112.0 84.0
82.0 109.0 81.0 104.0
99.0 92.0 96.0 84.0
130.0 81.0 58.0 156.0
108.0 113.0 60.0 110.0
88.0 90.0 80.0 113.0
120.0 70.0 78.0 130.0
112.0 88.0 59.0 126.0
95.0 105.0 90.0 81.0
91.0 68.0 122.0 100.0
103.0 79.0 77.0 121.0
131.0 50.0 127.0 134.0
140.0 112.0 49.0 123.0
91.0 123.0 70.0 104.0
117.0 76.0 62.0 151.0
90.0 113.0 86.0 89.0
91.0 91.0 132.0 77.0
110.0 106.0 51.0 140.0
87.0 128.0 89.0 85.0
100.0 75.0 89.0 116.0
80.0 114.0 119.0 78.0
100.0 134.0 79.0 80.0
85.0 150.0 115.0 60.0
99.0 96.0 68.0 116.0
138.0 68.0 79.0 117.0
141.0 45.0 125.0 170.0
83.0 108.0 136.0 73.0
104.0 76.0 72.0 140.0
95.0 108.0 73.0 103.0
137.0 49.0 109.0 143.0
90.0 109.0 103.0 77.0
87.0 151.0 98.0 67.0
103.0 76.0 71.0 144.0
116.0 81.0 70.0 124.0
120.0 56.0 98.0 141.0
96.0 145.0 93.0 65.0
83.0 117.0 111.0 75.0
144.0 90.0 52.0 160.0
80.0 122.0 127.0 70.0
94.0 137.0 102.0 62.0
89.0 85.0 108.0 93.0
84.0 121.0 113.0 73.0
92.0 152.0 101.0 59.0
90.0 138.0 65.0 108.0
122.0 82.0 58.0 148.0
124.0 142.0 50.0 119.0
83.0 79.0 122.0 96.0
79.0 148.0 102.0 73.0
79.0 109.0 111.0 85.0
123.0 72.0 77.0 121.0
112.0 80.0 74.0 120.0
98.0 94.0 79.0 99.0
84.0 158.0 99.0 69.0
82.0 100.0 111.0 89.0
96.0 80.0 83.0 111.0
92.0 150.0 86.0 76.0
151.0 67.0 68.0 153.0
114.0 53.0 141.0 122.0
94.0 58.0 150.0 122.0
99.0 81.0 89.0 103.0
89.0 130.0 76.0 97.0
144.0 45.0 123.0 169.0
130.0 62.0 83.0 144.0
75.0 107.0 107.0 93.0
85.0 110.0 58.0 142.0
101.0 76.0 83.0 122.0
80.0 122.0 102.0 81.0
135.0 47.0 121.0 141.0
156.0 77.0 58.0 151.0
111.0 110.0 61.0 109.0
81.0 143.0 107.0 68.0
89.0 91.0 116.0 85.0
97.0 138.0 96.0 58.0
136.0 64.0 78.0 135.0
114.0 66.0 86.0 133.0
90.0 111.0 99.0 78.0
110.0 62.0 106.0 117.0
136.0 65.0 76.0 135.0
80.0 108.0 88.0 101.0
92.0 82.0 79.0 123.0
94.0 98.0 105.0 81.0
113.0 81.0 62.0 143.0
149.0 78.0 57.0 156.0
94.0 65.0 125.0 105.0
85.0 91.0 124.0 86.0
145.0 68.0 66.0 139.0
100.0 63.0 103.0 127.0
91.0 122.0 92.0 77.0
147.0 68.0 64.0 164.0
88.0 88.0 84.0 112.0
121.0 142.0 51.0 114.0
114.0 61.0 95.0 133.0
79.0 99.0 122.0 85.0
81.0 117.0 95.0 83.0
78.0 115.0 120.0 77.0
115.0 151.0 56.0 106.0
78.0 117.0 108.0 83.0
111.0 58.0 120.0 115.0
81.0 97.0 117.0 88.0
99.0 139.0 61.0 106.0
86.0 107.0 119.0 75.0
86.0 154.0 85.0 83.0
127.0 47.0 114.0 160.0
122.0 52.0 138.0 122.0
101.0 68.0 105.0 106.0
91.0 90.0 94.0 95.0
94.0 144.0 69.0 97.0
104.0 106.0 85.0 81.0
140.0 60.0 81.0 146.0
93.0 122.0 88.0 80.0
97.0 63.0 135.0 108.0
117.0 77.0 74.0 123.0
107.0 90.0 63.0 129.0
86.0 107.0 77.0 110.0
103.0 84.0 70.0 132.0
78.0 142.0 83.0 95.0
134.0 72.0 65.0 141.0
118.0 53.0 98.0 144.0
92.0 106.0 56.0 145.0
106.0 111.0 67.0 101.0
91.0 78.0 111.0 96.0
133.0 48.0 142.0 136.0
73.0 113.0 90.0 98.0
152.0 46.0 110.0 186.0
94.0 102.0 78.0 99.0
88.0 93.0 112.0 86.0
84.0 123.0 109.0 74.0
102.0 73.0 86.0 121.0
102.0 66.0 96.0 123.0
103.0 66.0 100.0 117.0
109.0 67.0 87.0 127.0
91.0 107.0 84.0 95.0
76.0 93.0 108.0 99.0
100.0 80.0 78.0 123.0
108.0 101.0 53.0 142.0
79.0 94.0 93.0 105.0
104.0 79.0 74.0 133.0
118.0 59.0 94.0 130.0
77.0 89.0 111.0 98.0
85.0 108.0 96.0 85.0
126.0 104.0 55.0 114.0
76.0 145.0 118.0 67.0
84.0 90.0 155.0 83.0
80.0 102.0 116.0 86.0
101.0 87.0 72.0 125.0
154.0 60.0 75.0 165.0
85.0 90.0 104.0 93.0
103.0 145.0 77.0 74.0
82.0 129.0 121.0 69.0
84.0 115.0 65.0 123.0
80.0 124.0 123.0 71.0
96.0 111.0 65.0 113.0
112.0 60.0 101.0 128.0
75.0 119.0 108.0 84.0
75.0 142.0 83.0 98.0
101.0 155.0 72.0 85.0
109.0 64.0 103.0 113.0
89.0 100.0 119.0 78.0
143.0 57.0 83.0 144.0
90.0 83.0 90.0 106.0
103.0 74.0 88.0 118.0
83.0 113.0 99.0 82.0
122.0 75.0 65.0 139.0
111.0 80.0 67.0 133.0
92.0 101.0 66.0 124.0
97.0 86.0 69.0 132.0
97.0 74.0 116.0 93.0
106.0 106.0 74.0 94.0
85.0 85.0 131.0 87.0
92.0 91.0 101.0 89.0
135.0 97.0 51.0 134.0
131.0 61.0 84.0 141.0
131.0 71.0 79.0 113.0
83.0 165.0 99.0 69.0
78.0 103.0 117.0 85.0
81.0 73.0 139.0 103.0
92.0 92.0 122.0 79.0
101.0 83.0 97.0 91.0
141.0 94.0 52.0 135.0
92.0 80.0 81.0 124.0
137.0 62.0 78.0 151.0
90.0 142.0 105.0 62.0
128.0 74.0 69.0 129.0
73.0 115.0 108.0 89.0
89.0 83.0 134.0 82.0
85.0 92.0 100.0 94.0
118.0 52.0 116.0 138.0
93.0 89.0 93.0 95.0
104.0 101.0 76.0 95.0
81.0 118.0 130.0 70.0
93.0 99.0 112.0 78.0
87.0 136.0 72.0 101.0
102.0 68.0 101.0 117.0
83.0 156.0 109.0 61.0
111.0 74.0 80.0 123.0
75.0 118.0 93.0 94.0
73.0 127.0 93.0 90.0
95.0 87.0 73.0 119.0
90.0 118.0 78.0 100.0
94.0 133.0 68.0 103.0
85.0 102.0 109.0 83.0
138.0 144.0 45.0 139.0
97.0 105.0 58.0 132.0
117.0 54.0 107.0 140.0
88.0 93.0 98.0 94.0
105.0 67.0 94.0 122.0
98.0 138.0 89.0 70.0
89.0 127.0 102.0 69.0
126.0 57.0 86.0 158.0
102.0 68.0 95.0 124.0
88.0 82.0 88.0 116.0
80.0 155.0 94.0 77.0
105.0 137.0 63.0 100.0
107.0 115.0 57.0 118.0
92.0 125.0 75.0 96.0
111.0 84.0 61.0 140.0
108.0 55.0 158.0 120.0
89.0 74.0 101.0 115.0
89.0 102.0 144.0 70.0
73.0 103.0 101.0 98.0
113.0 69.0 76.0 139.0
129.0 128.0 48.0 131.0
94.0 89.0 82.0 104.0
95.0 85.0 77.0 118.0
79.0 71.0 114.0 114.0
90.0 89.0 97.0 96.0
129.0 58.0 90.0 137.0
129.0 111.0 50.0 128.0
97.0 89.0 103.0 85.0
81.0 115.0 99.0 82.0
91.0 126.0 101.0 70.0
123.0 50.0 105.0 152.0
94.0 110.0 65.0 117.0
146.0 56.0 89.0 139.0
104.0 97.0 57.0 134.0
73.0 101.0 101.0 101.0
93.0 62.0 129.0 119.0
95.0 116.0 73.0 96.0
147.0 44.0 115.0 172.0
158.0 53.0 92.0 166.0
90.0 91.0 68.0 136.0
88.0 142.0 121.0 56.0
93.0 118.0 83.0 85.0
112.0 91.0 57.0 131.0
115.0 86.0 59.0 139.0
121.0 83.0 68.0 115.0
104.0 147.0 58.0 111.0
141.0 135.0 46.0 128.0
126.0 46.0 125.0 168.0
86.0 145.0 108.0 62.0
94.0 78.0 109.0 94.0
98.0 145.0 67.0 93.0
87.0 98.0 103.0 89.0
96.0 95.0 124.0 72.0
93.0 75.0 86.0 124.0
80.0 117.0 137.0 72.0
116.0 57.0 106.0 128.0
110.0 73.0 85.0 120.0
131.0 70.0 70.0 138.0
112.0 69.0 88.0 116.0
93.0 108.0 82.0 92.0
111.0 75.0 79.0 126.0
113.0 76.0 69.0 142.0
86.0 71.0 101.0 119.0
109.0 105.0 57.0 125.0
120.0 72.0 72.0 138.0
98.0 77.0 94.0 105.0
113.0 92.0 56.0 134.0
122.0 69.0 74.0 141.0
84.0 116.0 119.0 72.0
135.0 147.0 47.0 123.0
109.0 76.0 79.0 121.0
98.0 99.0 88.0 85.0
94.0 76.0 122.0 88.0
106.0 108.0 85.0 78.0
104.0 90.0 98.0 79.0
124.0 70.0 82.0 115.0
93.0 102.0 66.0 118.0
77.0 144.0 143.0 66.0
84.0 74.0 127.0 99.0
118.0 88.0 56.0 151.0
80.0 98.0 123.0 86.0
116.0 107.0 68.0 94.0
109.0 59.0 97.0 133.0
89.0 85.0 78.0 122.0
90.0 88.0 116.0 87.0
88.0 97.0 113.0 83.0
134.0 43.0 136.0 170.0
102.0 78.0 76.0 128.0
156.0 46.0 114.0 180.0
105.0 156.0 71.0 82.0
111.0 59.0 106.0 127.0
88.0 76.0 107.0 105.0
97.0 81.0 114.0 83.0
125.0 49.0 159.0 135.0
94.0 107.0 71.0 106.0
143.0 70.0 68.0 134.0
112.0 67.0 90.0 122.0
78.0 137.0 144.0 65.0
97.0 135.0 89.0 72.0
116.0 76.0 78.0 116.0
81.0 112.0 130.0 73.0
108.0 105.0 55.0 130.0
97.0 111.0 77.0 94.0
105.0 80.0 73.0 131.0
136.0 56.0 87.0 155.0
107.0 62.0 101.0 124.0
96.0 120.0 88.0 78.0
75.0 126.0 92.0 91.0
136.0 68.0 69.0 134.0
141.0 144.0 46.0 125.0
91.0 136.0 73.0 94.0
140.0 86.0 55.0 143.0
99.0 90.0 70.0 121.0
108.0 93.0 66.0 115.0
108.0 73.0 72.0 147.0
90.0 141.0 120.0 57.0
84.0 162.0 108.0 62.0
113.0 85.0 69.0 120.0
141.0 107.0 48.0 156.0
140.0 41.0 143.0 184.0
78.0 143.0 94.0 80.0
93.0 103.0 84.0 94.0
100.0 78.0 95.0 98.0
153.0 64.0 72.0 148.0
122.0 62.0 93.0 129.0
93.0 134.0 108.0 61.0
112.0 107.0 57.0 117.0
86.0 86.0 158.0 84.0
128.0 56.0 92.0 147.0
83.0 115.0 115.0 74.0
96.0 86.0 68.0 139.0
99.0 81.0 81.0 115.0
94.0 132.0 74.0 90.0
120.0 55.0 100.0 133.0
109.0 88.0 71.0 108.0
79.0 88.0 92.0 111.0
93.0 91.0 160.0 73.0
82.0 83.0 118.0 96.0
94.0 104.0 81.0 95.0
141.0 135.0 44.0 139.0
102.0 102.0 54.0 141.0
82.0 113.0 109.0 80.0
88.0 127.0 107.0 67.0
75.0 174.0 125.0 65.0
109.0 83.0 60.0 151.0
101.0 71.0 89.0 120.0
107.0 69.0 98.0 107.0
136.0 73.0 61.0 151.0
110.0 64.0 104.0 111.0
83.0 96.0 117.0 88.0
101.0 89.0 68.0 126.0
129.0 66.0 75.0 140.0
87.0 84.0 105.0 97.0
125.0 50.0 133.0 130.0
92.0 147.0 106.0 57.0
94.0 145.0 108.0 54.0
134.0 67.0 76.0 132.0
152.0 65.0 73.0 140.0
82.0 132.0 97.0 75.0
113.0 70.0 74.0 147.0
104.0 78.0 79.0 122.0
111.0 94.0 60.0 125.0
142.0 42.0 146.0 176.0
112.0 87.0 66.0 126.0
138.0 59.0 85.0 136.0
128.0 105.0 51.0 124.0
102.0 73.0 83.0 130.0
94.0 130.0 66.0 105.0
98.0 162.0 77.0 78.0
91.0 109.0 84.0 92.0
99.0 82.0 80.0 114.0
85.0 112.0 98.0 83.0
107.0 63.0 93.0 128.0
85.0 134.0 119.0 63.0
95.0 79.0 81.0 122.0
82.0 156.0 135.0 59.0
127.0 53.0 137.0 116.0
112.0 72.0 81.0 123.0
131.0 125.0 47.0 130.0
87.0 103.0 104.0 82.0
92.0 133.0 75.0 89.0
106.0 76.0 70.0 144.0
87.0 108.0 126.0 73.0
97.0 81.0 102.0 90.0
76.0 108.0 95.0 96.0
111.0 106.0 53.0 135.0
95.0 82.0 100.0 92.0
97.0 91.0 103.0 83.0
102.0 147.0 69.0 88.0
112.0 56.0 125.0 119.0
93.0 134.0 81.0 83.0
98.0 81.0 77.0 122.0
102.0 77.0 115.0 83.0
146.0 47.0 104.0 171.0
83.0 105.0 80.0 107.0
126.0 51.0 127.0 135.0
87.0 77.0 125.0 91.0
86.0 102.0 81.0 106.0
153.0 44.0 123.0 163.0
101.0 118.0 63.0 107.0
105.0 106.0 62.0 113.0
87.0 116.0 140.0 66.0
82.0 117.0 120.0 71.0
89.0 141.0 90.0 73.0
146.0 59.0 80.0 147.0
96.0 102.0 85.0 91.0
93.0 128.0 101.0 67.0
124.0 53.0 111.0 134.0
111.0 70.0 110.0 85.0
77.0 118.0 106.0 85.0
86.0 96.0 103.0 92.0
73.0 125.0 93.0 93.0
134.0 74.0 65.0 136.0
72.0 130.0 91.0 95.0
104.0 62.0 122.0 109.0
117.0 93.0 54.0 138.0
109.0 91.0 62.0 126.0
80.0 96.0 120.0 88.0
85.0 113.0 73.0 109.0
89.0 145.0 115.0 57.0
104.0 80.0 82.0 111.0
96.0 77.0 99.0 97.0
77.0 146.0 102.0 76.0
99.0 142.0 88.0 66.0
122.0 79.0 59.0 146.0
120.0 53.0 135.0 126.0
72.0 128.0 91.0 98.0
88.0 106.0 143.0 68.0
106.0 104.0 70.0 99.0
86.0 144.0 119.0 59.0
132.0 66.0 80.0 122.0
89.0 74.0 106.0 105.0
96.0 143.0 103.0 56.0
90.0 127.0 68.0 108.0
79.0 149.0 93.0 81.0
70.0 115.0 111.0 91.0
77.0 125.0 105.0 82.0
105.0 58.0 107.0 125.0
119.0 108.0 51.0 130.0
79.0 149.0 95.0 76.0
120.0 135.0 48.0 132.0
78.0 73.0 115.0 114.0
85.0 94.0 105.0 92.0
84.0 139.0 113.0 64.0
76.0 108.0 114.0 87.0
89.0 80.0 136.0 85.0
80.0 131.0 87.0 92.0
115.0 59.0 105.0 124.0
102.0 71.0 84.0 134.0
101.0 79.0 105.0 85.0
122.0 85.0 60.0 134.0
92.0 144.0 102.0 62.0
96.0 66.0 102.0 121.0
92.0 73.0 91.0 128.0
129.0 82.0 57.0 146.0
95.0 102.0 94.0 83.0
136.0 66.0 74.0 143.0
88.0 65.0 117.0 114.0
91.0 114.0 67.0 109.0
99.0 78.0 120.0 81.0
111.0 73.0 72.0 144.0
131.0 57.0 91.0 142.0
108.0 72.0 80.0 130.0
96.0 74.0 103.0 103.0
100.0 115.0 59.0 121.0
134.0 42.0 155.0 178.0
77.0 160.0 131.0 63.0
132.0 58.0 87.0 137.0
88.0 100.0 82.0 106.0
77.0 132.0 86.0 93.0
143.0 54.0 92.0 136.0
90.0 105.0 60.0 135.0
93.0 83.0 86.0 111.0
97.0 104.0 72.0 105.0
109.0 98.0 52.0 144.0
79.0 132.0 119.0 71.0
91.0 115.0 63.0 120.0
78.0 86.0 110.0 102.0
114.0 89.0 55.0 136.0
90.0 116.0 59.0 123.0
106.0 72.0 97.0 107.0
94.0 81.0 75.0 136.0
98.0 70.0 90.0 125.0
101.0 71.0 84.0 135.0
129.0 73.0 68.0 135.0
101.0 70.0 103.0 100.0
92.0 119.0 72.0 97.0
120.0 49.0 133.0 147.0
88.0 80.0 119.0 92.0
96.0 150.0 90.0 65.0
140.0 65.0 80.0 124.0
99.0 86.0 82.0 110.0
96.0 78.0 91.0 110.0
93.0 97.0 74.0 113.0
125.0 56.0 95.0 142.0
113.0 78.0 64.0 138.0
99.0 67.0 111.0 100.0
131.0 93.0 52.0 156.0
111.0 73.0 77.0 129.0
91.0 95.0 94.0 89.0
90.0 88.0 118.0 85.0
132.0 46.0 139.0 151.0
139.0 130.0 46.0 134.0
117.0 66.0 87.0 129.0
111.0 61.0 99.0 122.0
75.0 122.0 115.0 77.0
84.0 141.0 86.0 85.0
92.0 85.0 103.0 92.0
88.0 99.0 97.0 91.0
137.0 45.0 145.0 145.0
79.0 105.0 109.0 87.0
89.0 108.0 114.0 74.0
91.0 116.0 71.0 104.0
101.0 79.0 69.0 141.0
115.0 75.0 66.0 141.0
86.0 130.0 122.0 63.0
93.0 93.0 83.0 101.0
83.0 121.0 104.0 79.0
99.0 127.0 55.0 123.0
87.0 78.0 88.0 122.0
77.0 138.0 108.0 73.0
109.0 86.0 94.0 86.0
121.0 116.0 49.0 131.0
87.0 135.0 90.0 79.0
113.0 70.0 79.0 132.0
87.0 92.0 67.0 138.0
138.0 96.0 50.0 156.0
85.0 116.0 110.0 76.0
96.0 80.0 96.0 101.0
81.0 117.0 107.0 81.0
99.0 75.0 96.0 111.0
100.0 139.0 72.0 87.0
124.0 76.0 61.0 149.0
157.0 54.0 86.0 175.0
112.0 68.0 98.0 110.0
129.0 65.0 83.0 129.0
115.0 72.0 73.0 142.0
89.0 88.0 106.0 92.0
77.0 121.0 114.0 78.0
87.0 88.0 150.0 82.0
91.0 90.0 97.0 94.0
96.0 113.0 58.0 130.0
115.0 69.0 102.0 94.0
109.0 109.0 51.0 132.0
99.0 78.0 83.0 117.0
83.0 150.0 141.0 58.0
138.0 69.0 65.0 144.0
121.0 63.0 89.0 127.0
128.0 84.0 56.0 153.0
112.0 56.0 111.0 132.0
127.0 69.0 73.0 137.0
94.0 131.0 76.0 91.0
94.0 142.0 78.0 86.0
91.0 72.0 99.0 118.0
133.0 49.0 128.0 135.0
97.0 58.0 114.0 131.0
108.0 78.0 71.0 133.0
81.0 101.0 142.0 79.0
144.0 66.0 70.0 149.0
137.0 147.0 46.0 127.0
84.0 95.0 91.0 100.0
97.0 71.0 109.0 98.0
113.0 57.0 124.0 117.0
90.0 104.0 99.0 84.0
86.0 73.0 108.0 108.0
117.0 50.0 126.0 149.0
116.0 101.0 50.0 144.0
94.0 155.0 74.0 88.0
108.0 73.0 92.0 106.0
95.0 95.0 99.0 84.0
149.0 61.0 77.0 149.0
95.0 56.0 145.0 133.0
107.0 108.0 55.0 122.0
98.0 92.0 130.0 70.0
90.0 82.0 107.0 95.0
88.0 88.0 125.0 85.0
104.0 82.0 82.0 108.0
114.0 82.0 61.0 146.0
110.0 78.0 76.0 120.0
137.0 52.0 93.0 156.0
98.0 89.0 107.0 82.0
89.0 82.0 109.0 94.0
90.0 153.0 102.0 58.0
92.0 99.0 66.0 127.0
85.0 153.0 109.0 61.0
124.0 53.0 106.0 135.0
123.0 80.0 70.0 118.0
93.0 139.0 74.0 90.0
122.0 49.0 151.0 140.0
94.0 150.0 81.0 81.0
77.0 122.0 131.0 69.0
78.0 155.0 106.0 69.0
97.0 148.0 65.0 98.0
97.0 99.0 79.0 98.0
79.0 97.0 120.0 88.0
93.0 111.0 84.0 87.0
104.0 63.0 97.0 130.0
121.0 68.0 85.0 112.0
113.0 76.0 76.0 127.0
105.0 65.0 100.0 118.0
113.0 57.0 112.0 128.0
125.0 50.0 119.0 143.0
96.0 73.0 127.0 92.0
80.0 99.0 97.0 99.0
91.0 98.0 82.0 104.0
87.0 94.0 110.0 87.0
91.0 94.0 85.0 101.0
84.0 97.0 91.0 97.0
94.0 156.0 81.0 78.0
104.0 96.0 83.0 88.0
128.0 134.0 48.0 130.0
139.0 46.0 134.0 149.0
95.0 100.0 87.0 92.0
135.0 68.0 77.0 125.0
132.0 124.0 50.0 117.0
96.0 155.0 83.0 72.0
78.0 128.0 129.0 68.0
130.0 52.0 115.0 133.0
81.0 153.0 123.0 61.0
132.0 46.0 122.0 166.0
157.0 51.0 95.0 167.0
104.0 82.0 67.0 136.0
106.0 79.0 90.0 102.0
90.0 88.0 109.0 89.0
80.0 96.0 117.0 91.0
120.0 81.0 61.0 141.0
91.0 94.0 77.0 115.0
109.0 75.0 80.0 124.0
98.0 114.0 54.0 140.0
97.0 93.0 77.0 110.0
103.0 55.0 116.0 137.0
85.0 99.0 113.0 85.0
99.0 117.0 53.0 130.0
106.0 88.0 70.0 119.0
115.0 163.0 62.0 89.0
111.0 72.0 74.0 136.0
140.0 49.0 102.0 168.0
87.0 99.0 97.0 92.0
123.0 69.0 81.0 122.0
132.0 67.0 78.0 132.0
114.0 66.0 91.0 118.0
96.0 64.0 106.0 114.0
83.0 109.0 136.0 71.0
81.0 137.0 104.0 73.0
88.0 110.0 100.0 80.0
121.0 55.0 94.0 155.0
89.0 100.0 111.0 82.0
95.0 94.0 135.0 71.0
127.0 47.0 130.0 143.0
89.0 144.0 80.0 87.0
90.0 108.0 63.0 127.0
101.0 128.0 65.0 100.0
101.0 113.0 70.0 100.0
