126.0 144.0 46.0 125.0
137.0 151.0 46.0 107.0
129.0 142.0 47.0 117.0
114.0 139.0 49.0 123.0
140.0 157.0 40.0 124.0
104.0 127.0 65.0 96.0
87.0 135.0 57.0 120.0
119.0 134.0 52.0 110.0
124.0 149.0 48.0 111.0
136.0 150.0 46.0 109.0
89.0 112.0 90.0 80.0
81.0 89.0 165.0 83.0
79.0 89.0 162.0 86.0
78.0 84.0 169.0 88.0
93.0 127.0 65.0 107.0
81.0 106.0 92.0 91.0
86.0 132.0 64.0 112.0
73.0 113.0 102.0 83.0
100.0 127.0 63.0 105.0
147.0 162.0 39.0 123.0
152.0 167.0 37.0 147.0
132.0 156.0 44.0 115.0
94.0 130.0 58.0 115.0
115.0 140.0 50.0 116.0
72.0 108.0 121.0 83.0
90.0 121.0 81.0 83.0
88.0 128.0 66.0 108.0
78.0 104.0 94.0 91.0
102.0 127.0 53.0 131.0
131.0 145.0 42.0 134.0
182.0 153.0 36.0 157.0
72.0 112.0 113.0 81.0
87.0 82.0 167.0 83.0
87.0 119.0 83.0 83.0
95.0 123.0 67.0 103.0
89.0 131.0 59.0 116.0
70.0 111.0 115.0 83.0
95.0 132.0 52.0 136.0
132.0 146.0 43.0 127.0
141.0 158.0 41.0 117.0
85.0 127.0 70.0 104.0
151.0 146.0 41.0 119.0
92.0 122.0 71.0 99.0
132.0 128.0 45.0 136.0
98.0 122.0 73.0 88.0
70.0 107.0 123.0 85.0
96.0 140.0 56.0 111.0
96.0 126.0 60.0 111.0
80.0 96.0 131.0 82.0
95.0 120.0 75.0 88.0
73.0 106.0 109.0 87.0
99.0 141.0 55.0 112.0
94.0 117.0 82.0 80.0
81.0 97.0 143.0 79.0
109.0 128.0 52.0 126.0
80.0 103.0 124.0 78.0
112.0 148.0 46.0 135.0
97.0 119.0 80.0 80.0
142.0 134.0 43.0 129.0
82.0 114.0 91.0 83.0
73.0 123.0 79.0 105.0
118.0 133.0 51.0 117.0
87.0 111.0 85.0 89.0
92.0 146.0 54.0 117.0
90.0 126.0 70.0 100.0
84.0 109.0 87.0 89.0
82.0 117.0 86.0 87.0
134.0 137.0 48.0 113.0
75.0 94.0 195.0 80.0
142.0 173.0 38.0 136.0
81.0 128.0 79.0 92.0
72.0 99.0 145.0 84.0
