45.0 141.0 117.0 119.0
109.0 49.0 115.0 134.0
135.0 89.0 98.0 73.0
126.0 44.0 111.0 144.0
92.0 86.0 88.0 114.0
85.0 113.0 101.0 76.0
139.0 41.0 115.0 150.0
119.0 72.0 110.0 85.0
120.0 92.0 102.0 71.0
120.0 125.0 84.0 64.0
96.0 84.0 93.0 107.0
88.0 89.0 101.0 104.0
55.0 108.0 116.0 128.0
91.0 170.0 74.0 69.0
89.0 63.0 111.0 122.0
118.0 91.0 76.0 98.0
97.0 62.0 106.0 130.0
127.0 52.0 103.0 128.0
89.0 139.0 83.0 72.0
52.0 98.0 134.0 150.0
91.0 118.0 94.0 70.0
57.0 158.0 88.0 92.0
98.0 173.0 85.0 52.0
69.0 90.0 113.0 117.0
125.0 78.0 78.0 112.0
123.0 104.0 83.0 79.0
94.0 166.0 86.0 55.0
148.0 38.0 141.0 161.0
147.0 62.0 96.0 105.0
99.0 54.0 100.0 154.0
46.0 159.0 118.0 85.0
149.0 133.0 76.0 57.0
67.0 91.0 114.0 116.0
111.0 159.0 79.0 54.0
59.0 88.0 134.0 134.0
92.0 82.0 92.0 114.0
80.0 70.0 104.0 141.0
64.0 100.0 102.0 117.0
94.0 81.0 104.0 98.0
156.0 106.0 79.0 73.0
122.0 98.0 85.0 83.0
96.0 49.0 115.0 161.0
104.0 89.0 83.0 105.0
105.0 83.0 103.0 89.0
101.0 92.0 101.0 83.0
78.0 90.0 118.0 91.0
115.0 96.0 97.0 75.0
49.0 124.0 110.0 109.0
90.0 76.0 90.0 127.0
87.0 98.0 100.0 86.0
116.0 66.0 90.0 123.0
94.0 126.0 86.0 75.0
102.0 72.0 100.0 114.0
74.0 144.0 98.0 69.0
84.0 97.0 99.0 98.0
59.0 83.0 127.0 160.0
146.0 98.0 89.0 69.0
126.0 81.0 91.0 94.0
145.0 77.0 96.0 84.0
44.0 148.0 123.0 103.0
64.0 89.0 116.0 120.0
88.0 125.0 89.0 75.0
144.0 39.0 127.0 155.0
83.0 73.0 108.0 122.0
79.0 55.0 141.0 151.0
86.0 142.0 85.0 72.0
66.0 107.0 108.0 101.0
133.0 70.0 96.0 100.0
101.0 62.0 105.0 129.0
158.0 163.0 78.0 47.0
104.0 86.0 102.0 88.0
63.0 132.0 101.0 89.0
80.0 110.0 91.0 94.0
73.0 136.0 101.0 75.0
136.0 106.0 80.0 75.0
102.0 151.0 85.0 59.0
97.0 64.0 91.0 139.0
115.0 129.0 83.0 65.0
52.0 128.0 108.0 99.0
112.0 47.0 107.0 156.0
42.0 170.0 129.0 95.0
59.0 115.0 124.0 90.0
101.0 73.0 114.0 93.0
91.0 86.0 107.0 98.0
150.0 75.0 103.0 81.0
84.0 72.0 122.0 111.0
97.0 126.0 84.0 73.0
160.0 52.0 96.0 127.0
86.0 82.0 99.0 112.0
62.0 110.0 110.0 100.0
73.0 54.0 145.0 161.0
90.0 92.0 95.0 100.0
140.0 72.0 100.0 88.0
59.0 86.0 125.0 148.0
60.0 102.0 119.0 113.0
60.0 127.0 106.0 93.0
101.0 72.0 104.0 114.0
65.0 78.0 127.0 140.0
68.0 138.0 102.0 78.0
124.0 73.0 101.0 93.0
72.0 141.0 101.0 72.0
78.0 96.0 104.0 102.0
98.0 73.0 123.0 90.0
71.0 89.0 107.0 112.0
126.0 146.0 79.0 53.0
99.0 156.0 77.0 65.0
60.0 145.0 101.0 77.0
106.0 131.0 77.0 74.0
100.0 115.0 91.0 69.0
122.0 152.0 70.0 61.0
106.0 169.0 70.0 64.0
88.0 85.0 112.0 95.0
124.0 82.0 94.0 91.0
109.0 79.0 95.0 102.0
131.0 93.0 96.0 72.0
100.0 58.0 95.0 146.0
82.0 88.0 114.0 97.0
125.0 104.0 90.0 69.0
165.0 58.0 101.0 107.0
53.0 88.0 142.0 155.0
92.0 159.0 91.0 57.0
143.0 112.0 86.0 64.0
59.0 82.0 136.0 161.0
108.0 112.0 85.0 74.0
63.0 91.0 115.0 129.0
65.0 121.0 101.0 92.0
95.0 72.0 94.0 127.0
45.0 133.0 128.0 135.0
61.0 119.0 111.0 91.0
65.0 136.0 101.0 80.0
64.0 114.0 104.0 99.0
100.0 51.0 111.0 147.0
54.0 114.0 121.0 110.0
142.0 105.0 92.0 63.0
61.0 87.0 118.0 146.0
86.0 112.0 95.0 84.0
134.0 84.0 79.0 100.0
102.0 77.0 106.0 100.0
138.0 168.0 71.0 51.0
45.0 165.0 114.0 92.0
174.0 63.0 89.0 109.0
112.0 136.0 74.0 71.0
70.0 87.0 112.0 121.0
65.0 100.0 110.0 108.0
97.0 73.0 92.0 126.0
114.0 70.0 91.0 108.0
61.0 77.0 136.0 161.0
103.0 127.0 80.0 73.0
69.0 73.0 119.0 135.0
101.0 129.0 84.0 71.0
66.0 135.0 104.0 77.0
65.0 74.0 126.0 151.0
46.0 129.0 101.0 135.0
55.0 89.0 124.0 161.0
89.0 144.0 90.0 63.0
85.0 66.0 101.0 139.0
104.0 158.0 77.0 63.0
95.0 97.0 105.0 81.0
80.0 64.0 119.0 131.0
143.0 78.0 90.0 92.0
142.0 59.0 98.0 109.0
44.0 137.0 114.0 141.0
56.0 113.0 118.0 105.0
46.0 153.0 104.0 102.0
103.0 132.0 82.0 70.0
133.0 46.0 112.0 134.0
172.0 86.0 95.0 73.0
134.0 100.0 83.0 78.0
56.0 145.0 105.0 88.0
72.0 86.0 97.0 130.0
129.0 111.0 79.0 74.0
108.0 80.0 114.0 83.0
93.0 127.0 87.0 72.0
55.0 130.0 113.0 88.0
64.0 143.0 99.0 78.0
140.0 65.0 94.0 105.0
78.0 66.0 115.0 136.0
79.0 94.0 107.0 98.0
125.0 66.0 88.0 120.0
80.0 61.0 135.0 126.0
134.0 86.0 104.0 70.0
173.0 47.0 104.0 126.0
73.0 109.0 89.0 101.0
127.0 127.0 82.0 62.0
74.0 94.0 112.0 100.0
95.0 125.0 93.0 67.0
166.0 49.0 107.0 118.0
131.0 177.0 71.0 55.0
118.0 43.0 122.0 150.0
137.0 113.0 84.0 63.0
154.0 52.0 93.0 131.0
90.0 53.0 131.0 145.0
140.0 43.0 120.0 132.0
76.0 86.0 99.0 118.0
54.0 154.0 105.0 88.0
68.0 74.0 132.0 131.0
110.0 129.0 79.0 71.0
82.0 54.0 142.0 144.0
120.0 114.0 83.0 73.0
64.0 131.0 105.0 78.0
93.0 75.0 116.0 93.0
63.0 115.0 99.0 105.0
140.0 48.0 112.0 117.0
103.0 120.0 80.0 79.0
86.0 90.0 87.0 113.0
82.0 75.0 119.0 108.0
61.0 114.0 119.0 88.0
173.0 40.0 131.0 116.0
68.0 85.0 105.0 134.0
82.0 191.0 78.0 70.0
132.0 45.0 95.0 157.0
134.0 45.0 110.0 132.0
66.0 139.0 108.0 71.0
97.0 69.0 105.0 120.0
98.0 84.0 107.0 92.0
68.0 104.0 91.0 116.0
98.0 66.0 116.0 105.0
66.0 73.0 120.0 152.0
86.0 74.0 124.0 100.0
117.0 138.0 72.0 68.0
101.0 82.0 106.0 93.0
81.0 67.0 106.0 135.0
83.0 115.0 104.0 75.0
122.0 42.0 119.0 161.0
78.0 120.0 91.0 86.0
80.0 186.0 75.0 76.0
93.0 70.0 100.0 124.0
68.0 158.0 96.0 72.0
96.0 77.0 96.0 111.0
156.0 51.0 109.0 115.0
87.0 178.0 82.0 65.0
173.0 65.0 86.0 110.0
91.0 56.0 118.0 140.0
156.0 99.0 94.0 62.0
129.0 178.0 75.0 51.0
83.0 171.0 83.0 68.0
71.0 60.0 132.0 153.0
94.0 155.0 74.0 72.0
74.0 92.0 99.0 117.0
57.0 99.0 115.0 139.0
113.0 78.0 83.0 111.0
45.0 136.0 114.0 131.0
62.0 100.0 111.0 114.0
141.0 82.0 106.0 73.0
69.0 67.0 123.0 145.0
54.0 100.0 125.0 142.0
86.0 147.0 89.0 66.0
133.0 111.0 81.0 71.0
78.0 116.0 93.0 91.0
71.0 163.0 84.0 78.0
63.0 80.0 128.0 149.0
47.0 138.0 100.0 109.0
48.0 117.0 120.0 144.0
84.0 161.0 94.0 60.0
66.0 147.0 94.0 78.0
83.0 98.0 102.0 95.0
119.0 75.0 90.0 103.0
127.0 153.0 73.0 54.0
138.0 73.0 94.0 96.0
116.0 119.0 81.0 72.0
68.0 74.0 129.0 134.0
110.0 91.0 97.0 78.0
61.0 97.0 113.0 120.0
50.0 143.0 114.0 86.0
83.0 87.0 97.0 112.0
52.0 97.0 138.0 150.0
92.0 128.0 92.0 67.0
156.0 40.0 119.0 134.0
111.0 69.0 120.0 93.0
148.0 50.0 110.0 116.0
48.0 114.0 126.0 154.0
110.0 84.0 105.0 80.0
131.0 81.0 101.0 80.0
57.0 132.0 98.0 102.0
130.0 43.0 124.0 140.0
78.0 65.0 126.0 132.0
100.0 53.0 99.0 150.0
80.0 81.0 114.0 109.0
103.0 71.0 122.0 93.0
129.0 96.0 92.0 71.0
115.0 42.0 121.0 172.0
121.0 132.0 78.0 65.0
118.0 95.0 96.0 77.0
53.0 152.0 97.0 98.0
49.0 104.0 133.0 160.0
97.0 74.0 106.0 108.0
144.0 86.0 91.0 82.0
50.0 141.0 107.0 96.0
107.0 52.0 106.0 139.0
58.0 133.0 113.0 85.0
111.0 133.0 75.0 71.0
49.0 116.0 132.0 137.0
151.0 42.0 118.0 130.0
68.0 78.0 112.0 136.0
108.0 67.0 121.0 98.0
54.0 102.0 127.0 134.0
84.0 114.0 103.0 72.0
99.0 109.0 94.0 76.0
65.0 148.0 95.0 81.0
117.0 145.0 82.0 56.0
111.0 64.0 97.0 120.0
122.0 86.0 93.0 85.0
128.0 51.0 98.0 130.0
107.0 77.0 96.0 105.0
149.0 66.0 88.0 110.0
137.0 83.0 91.0 88.0
96.0 82.0 93.0 108.0
54.0 92.0 136.0 144.0
63.0 81.0 127.0 134.0
44.0 150.0 109.0 104.0
45.0 145.0 106.0 122.0
147.0 91.0 84.0 82.0
116.0 153.0 72.0 64.0
142.0 92.0 93.0 72.0
144.0 64.0 93.0 109.0
42.0 154.0 129.0 122.0
77.0 141.0 92.0 68.0
82.0 57.0 133.0 138.0
84.0 58.0 104.0 162.0
73.0 163.0 77.0 84.0
98.0 163.0 82.0 61.0
121.0 43.0 117.0 150.0
103.0 166.0 75.0 65.0
112.0 67.0 101.0 115.0
66.0 67.0 146.0 155.0
76.0 118.0 99.0 84.0
86.0 86.0 114.0 94.0
143.0 52.0 88.0 137.0
55.0 100.0 135.0 126.0
117.0 94.0 93.0 81.0
87.0 145.0 81.0 74.0
61.0 83.0 126.0 155.0
94.0 130.0 83.0 74.0
53.0 112.0 115.0 127.0
126.0 42.0 127.0 147.0
141.0 75.0 81.0 104.0
66.0 83.0 118.0 129.0
86.0 168.0 76.0 72.0
139.0 102.0 92.0 66.0
63.0 139.0 111.0 76.0
82.0 76.0 102.0 118.0
163.0 40.0 128.0 120.0
54.0 115.0 126.0 103.0
62.0 99.0 114.0 116.0
114.0 76.0 92.0 103.0
165.0 37.0 160.0 155.0
128.0 46.0 106.0 145.0
73.0 154.0 88.0 77.0
100.0 75.0 98.0 110.0
116.0 84.0 98.0 86.0
88.0 55.0 117.0 154.0
56.0 96.0 131.0 134.0
106.0 105.0 94.0 69.0
43.0 149.0 111.0 119.0
125.0 67.0 96.0 109.0
61.0 141.0 93.0 92.0
48.0 135.0 105.0 109.0
88.0 82.0 93.0 117.0
139.0 102.0 86.0 72.0
144.0 46.0 115.0 125.0
69.0 107.0 106.0 99.0
57.0 96.0 130.0 132.0
153.0 82.0 106.0 70.0
101.0 89.0 113.0 78.0
90.0 81.0 118.0 91.0
75.0 102.0 106.0 92.0
140.0 147.0 72.0 58.0
126.0 90.0 98.0 76.0
131.0 133.0 78.0 60.0
84.0 62.0 115.0 137.0
53.0 123.0 120.0 100.0
164.0 62.0 84.0 116.0
133.0 61.0 97.0 113.0
158.0 73.0 95.0 90.0
122.0 129.0 75.0 65.0
78.0 78.0 100.0 127.0
84.0 133.0 92.0 70.0
90.0 85.0 118.0 88.0
89.0 79.0 118.0 98.0
56.0 109.0 106.0 118.0
134.0 61.0 100.0 109.0
57.0 82.0 133.0 169.0
64.0 71.0 137.0 161.0
44.0 140.0 121.0 119.0
71.0 57.0 141.0 159.0
68.0 154.0 92.0 78.0
125.0 63.0 99.0 113.0
69.0 98.0 107.0 104.0
123.0 89.0 87.0 88.0
140.0 109.0 80.0 73.0
69.0 65.0 123.0 152.0
89.0 132.0 83.0 76.0
82.0 72.0 115.0 122.0
83.0 81.0 98.0 115.0
114.0 98.0 96.0 74.0
115.0 50.0 99.0 147.0
130.0 110.0 85.0 70.0
169.0 75.0 86.0 97.0
106.0 82.0 87.0 109.0
54.0 100.0 118.0 149.0
107.0 93.0 88.0 88.0
68.0 63.0 141.0 178.0
59.0 128.0 104.0 96.0
85.0 170.0 83.0 67.0
152.0 44.0 106.0 134.0
60.0 90.0 115.0 135.0
132.0 112.0 81.0 70.0
115.0 55.0 114.0 115.0
115.0 64.0 116.0 100.0
56.0 101.0 131.0 123.0
150.0 85.0 86.0 88.0
110.0 52.0 102.0 138.0
113.0 48.0 96.0 155.0
105.0 138.0 76.0 72.0
79.0 117.0 97.0 85.0
53.0 109.0 132.0 120.0
103.0 166.0 84.0 56.0
146.0 84.0 90.0 85.0
133.0 133.0 79.0 57.0
80.0 145.0 89.0 70.0
101.0 103.0 96.0 72.0
93.0 51.0 110.0 164.0
96.0 105.0 101.0 73.0
107.0 134.0 79.0 70.0
53.0 160.0 104.0 86.0
72.0 108.0 96.0 101.0
132.0 130.0 80.0 58.0
130.0 76.0 84.0 104.0
70.0 128.0 96.0 84.0
136.0 144.0 77.0 54.0
108.0 134.0 80.0 67.0
59.0 100.0 122.0 118.0
71.0 180.0 86.0 73.0
148.0 49.0 111.0 116.0
86.0 124.0 99.0 68.0
89.0 54.0 116.0 150.0
117.0 78.0 89.0 103.0
75.0 73.0 130.0 114.0
42.0 164.0 115.0 112.0
52.0 96.0 134.0 157.0
55.0 86.0 141.0 170.0
94.0 105.0 99.0 77.0
52.0 95.0 135.0 158.0
136.0 65.0 96.0 106.0
149.0 40.0 120.0 149.0
119.0 50.0 113.0 126.0
131.0 61.0 106.0 106.0
77.0 84.0 108.0 115.0
109.0 48.0 111.0 158.0
112.0 82.0 93.0 98.0
107.0 57.0 116.0 115.0
75.0 161.0 82.0 79.0
124.0 91.0 95.0 78.0
86.0 116.0 96.0 73.0
98.0 85.0 102.0 94.0
115.0 123.0 86.0 67.0
56.0 147.0 114.0 74.0
85.0 161.0 82.0 71.0
85.0 94.0 100.0 100.0
51.0 102.0 142.0 136.0
66.0 111.0 115.0 84.0
133.0 88.0 96.0 78.0
58.0 86.0 135.0 148.0
61.0 89.0 109.0 138.0
150.0 73.0 87.0 99.0
115.0 131.0 77.0 68.0
54.0 158.0 105.0 85.0
70.0 172.0 78.0 86.0
55.0 102.0 128.0 132.0
107.0 62.0 107.0 114.0
122.0 49.0 116.0 125.0
123.0 181.0 71.0 52.0
151.0 83.0 86.0 87.0
105.0 97.0 96.0 78.0
87.0 88.0 93.0 113.0
95.0 133.0 80.0 76.0
92.0 72.0 99.0 127.0
145.0 95.0 85.0 76.0
85.0 128.0 91.0 70.0
114.0 54.0 103.0 131.0
81.0 94.0 101.0 103.0
111.0 74.0 112.0 85.0
91.0 71.0 104.0 124.0
57.0 85.0 133.0 155.0
153.0 165.0 72.0 54.0
56.0 114.0 109.0 106.0
123.0 116.0 86.0 64.0
78.0 119.0 90.0 90.0
74.0 76.0 108.0 137.0
78.0 58.0 121.0 152.0
64.0 77.0 129.0 159.0
116.0 155.0 67.0 67.0
111.0 131.0 80.0 69.0
137.0 68.0 102.0 96.0
106.0 125.0 81.0 73.0
86.0 70.0 115.0 120.0
138.0 119.0 89.0 54.0
93.0 157.0 88.0 60.0
87.0 69.0 131.0 99.0
79.0 126.0 97.0 78.0
49.0 144.0 102.0 96.0
80.0 111.0 96.0 85.0
45.0 147.0 114.0 104.0
86.0 57.0 113.0 157.0
100.0 142.0 83.0 66.0
102.0 139.0 83.0 65.0
59.0 116.0 100.0 113.0
76.0 125.0 95.0 84.0
145.0 70.0 107.0 85.0
90.0 123.0 95.0 70.0
94.0 134.0 81.0 73.0
63.0 121.0 117.0 79.0
66.0 86.0 106.0 137.0
68.0 88.0 113.0 125.0
92.0 78.0 112.0 104.0
112.0 138.0 74.0 70.0
63.0 82.0 118.0 135.0
75.0 135.0 90.0 81.0
63.0 119.0 105.0 96.0
127.0 65.0 105.0 103.0
106.0 46.0 110.0 169.0
58.0 142.0 87.0 102.0
80.0 69.0 115.0 131.0
96.0 47.0 147.0 154.0
64.0 109.0 109.0 96.0
133.0 40.0 124.0 164.0
112.0 43.0 115.0 165.0
94.0 108.0 100.0 71.0
128.0 118.0 84.0 61.0
151.0 39.0 125.0 140.0
106.0 171.0 73.0 60.0
121.0 122.0 81.0 64.0
94.0 86.0 92.0 100.0
91.0 114.0 103.0 70.0
60.0 123.0 96.0 105.0
71.0 114.0 95.0 99.0
89.0 135.0 90.0 67.0
168.0 70.0 87.0 102.0
107.0 68.0 100.0 117.0
113.0 69.0 89.0 123.0
93.0 55.0 104.0 157.0
48.0 112.0 145.0 160.0
95.0 129.0 86.0 72.0
77.0 172.0 87.0 69.0
108.0 148.0 75.0 63.0
150.0 42.0 119.0 133.0
87.0 93.0 106.0 92.0
89.0 165.0 83.0 62.0
103.0 146.0 77.0 66.0
98.0 49.0 125.0 147.0
63.0 75.0 136.0 157.0
133.0 54.0 110.0 107.0
63.0 78.0 126.0 157.0
116.0 120.0 83.0 67.0
46.0 136.0 119.0 104.0
83.0 62.0 116.0 140.0
71.0 81.0 101.0 133.0
88.0 58.0 113.0 143.0
90.0 72.0 100.0 127.0
85.0 54.0 119.0 157.0
102.0 49.0 111.0 155.0
70.0 79.0 118.0 123.0
68.0 82.0 106.0 138.0
66.0 121.0 97.0 87.0
83.0 53.0 117.0 165.0
41.0 159.0 132.0 111.0
52.0 142.0 111.0 89.0
120.0 58.0 105.0 110.0
167.0 37.0 137.0 169.0
127.0 47.0 98.0 148.0
75.0 85.0 93.0 128.0
85.0 183.0 90.0 59.0
153.0 84.0 83.0 89.0
96.0 50.0 106.0 162.0
118.0 133.0 77.0 65.0
52.0 104.0 138.0 130.0
144.0 124.0 80.0 60.0
123.0 41.0 120.0 168.0
49.0 109.0 119.0 157.0
67.0 84.0 111.0 130.0
75.0 62.0 121.0 148.0
97.0 102.0 98.0 73.0
123.0 135.0 75.0 62.0
117.0 127.0 77.0 68.0
63.0 95.0 115.0 114.0
94.0 61.0 118.0 119.0
115.0 81.0 98.0 92.0
128.0 98.0 92.0 75.0
148.0 118.0 82.0 62.0
74.0 60.0 118.0 156.0
86.0 189.0 70.0 77.0
130.0 40.0 143.0 161.0
134.0 43.0 118.0 141.0
143.0 71.0 101.0 93.0
69.0 80.0 120.0 124.0
155.0 78.0 101.0 77.0
119.0 101.0 94.0 70.0
100.0 98.0 99.0 78.0
111.0 95.0 89.0 85.0
105.0 68.0 127.0 91.0
58.0 107.0 115.0 115.0
126.0 111.0 84.0 70.0
86.0 65.0 105.0 137.0
51.0 107.0 141.0 115.0
73.0 93.0 122.0 95.0
99.0 124.0 88.0 72.0
92.0 61.0 107.0 136.0
71.0 88.0 94.0 131.0
73.0 137.0 93.0 80.0
139.0 59.0 104.0 106.0
138.0 39.0 120.0 166.0
99.0 65.0 111.0 116.0
86.0 87.0 96.0 111.0
121.0 52.0 103.0 130.0
132.0 91.0 88.0 79.0
88.0 48.0 112.0 169.0
68.0 90.0 102.0 130.0
99.0 111.0 98.0 70.0
63.0 94.0 124.0 113.0
102.0 111.0 97.0 69.0
81.0 57.0 127.0 151.0
97.0 165.0 73.0 68.0
127.0 61.0 107.0 107.0
42.0 157.0 115.0 117.0
132.0 140.0 72.0 61.0
111.0 172.0 76.0 53.0
77.0 67.0 110.0 137.0
95.0 104.0 97.0 79.0
71.0 102.0 103.0 103.0
70.0 100.0 100.0 110.0
100.0 94.0 92.0 90.0
58.0 101.0 118.0 119.0
70.0 137.0 96.0 80.0
106.0 81.0 89.0 109.0
80.0 123.0 86.0 89.0
117.0 64.0 107.0 108.0
99.0 70.0 93.0 126.0
83.0 104.0 103.0 86.0
61.0 80.0 128.0 158.0
79.0 112.0 99.0 86.0
63.0 161.0 94.0 78.0
114.0 65.0 86.0 128.0
71.0 103.0 87.0 114.0
53.0 127.0 107.0 96.0
96.0 144.0 80.0 70.0
171.0 69.0 87.0 103.0
52.0 115.0 122.0 108.0
137.0 110.0 86.0 66.0
83.0 167.0 85.0 67.0
99.0 96.0 89.0 94.0
112.0 68.0 85.0 128.0
62.0 95.0 108.0 126.0
85.0 149.0 78.0 76.0
107.0 153.0 83.0 56.0
91.0 80.0 106.0 109.0
73.0 75.0 114.0 135.0
48.0 125.0 110.0 129.0
60.0 115.0 99.0 110.0
101.0 55.0 112.0 133.0
50.0 115.0 135.0 112.0
82.0 55.0 133.0 145.0
128.0 72.0 89.0 103.0
78.0 175.0 89.0 64.0
121.0 128.0 72.0 72.0
98.0 51.0 113.0 150.0
89.0 101.0 98.0 87.0
147.0 105.0 83.0 70.0
111.0 77.0 92.0 103.0
139.0 126.0 83.0 55.0
105.0 72.0 101.0 110.0
50.0 104.0 130.0 139.0
108.0 129.0 86.0 65.0
110.0 81.0 81.0 111.0
64.0 141.0 102.0 79.0
136.0 41.0 120.0 150.0
76.0 141.0 96.0 73.0
50.0 111.0 123.0 125.0
64.0 78.0 120.0 152.0
78.0 134.0 95.0 71.0
74.0 68.0 108.0 146.0
59.0 92.0 140.0 127.0
119.0 96.0 85.0 85.0
114.0 67.0 96.0 114.0
119.0 68.0 98.0 105.0
158.0 38.0 138.0 145.0
83.0 55.0 117.0 158.0
116.0 109.0 89.0 70.0
69.0 64.0 123.0 159.0
56.0 97.0 125.0 133.0
55.0 98.0 137.0 133.0
160.0 91.0 93.0 72.0
83.0 69.0 100.0 139.0
101.0 167.0 72.0 67.0
100.0 80.0 90.0 114.0
117.0 109.0 93.0 65.0
133.0 77.0 85.0 99.0
143.0 139.0 83.0 49.0
138.0 57.0 108.0 103.0
114.0 80.0 90.0 102.0
79.0 150.0 96.0 63.0
88.0 136.0 89.0 71.0
44.0 129.0 141.0 158.0
84.0 124.0 98.0 71.0
56.0 87.0 135.0 156.0
72.0 143.0 87.0 81.0
55.0 148.0 115.0 77.0
96.0 74.0 119.0 101.0
147.0 94.0 92.0 70.0
78.0 106.0 111.0 84.0
79.0 83.0 109.0 114.0
153.0 41.0 127.0 127.0
124.0 65.0 91.0 118.0
58.0 110.0 114.0 109.0
96.0 47.0 137.0 164.0
70.0 157.0 93.0 73.0
91.0 93.0 92.0 102.0
84.0 66.0 117.0 126.0
127.0 48.0 111.0 126.0
48.0 159.0 106.0 89.0
81.0 148.0 91.0 65.0
80.0 74.0 112.0 124.0
72.0 84.0 116.0 116.0
132.0 53.0 99.0 123.0
138.0 78.0 103.0 80.0
79.0 131.0 100.0 71.0
131.0 39.0 122.0 181.0
150.0 66.0 99.0 98.0
58.0 84.0 153.0 148.0
145.0 46.0 109.0 126.0
73.0 122.0 96.0 86.0
61.0 106.0 116.0 103.0
124.0 100.0 85.0 79.0
169.0 68.0 90.0 101.0
175.0 80.0 97.0 79.0
79.0 53.0 141.0 158.0
96.0 121.0 94.0 69.0
100.0 95.0 102.0 77.0
141.0 89.0 94.0 74.0
118.0 97.0 91.0 80.0
44.0 134.0 108.0 148.0
156.0 120.0 82.0 58.0
53.0 96.0 126.0 145.0
47.0 121.0 113.0 156.0
119.0 54.0 108.0 125.0
113.0 46.0 106.0 152.0
110.0 129.0 78.0 72.0
85.0 103.0 89.0 102.0
112.0 111.0 82.0 75.0
144.0 42.0 109.0 144.0
151.0 76.0 86.0 97.0
62.0 97.0 110.0 121.0
47.0 135.0 129.0 98.0
49.0 108.0 145.0 147.0
78.0 163.0 82.0 76.0
143.0 67.0 94.0 101.0
137.0 174.0 74.0 49.0
46.0 141.0 126.0 94.0
122.0 113.0 82.0 71.0
99.0 95.0 97.0 89.0
108.0 43.0 119.0 174.0
94.0 60.0 120.0 126.0
165.0 46.0 117.0 115.0
71.0 144.0 82.0 90.0
145.0 47.0 105.0 129.0
180.0 37.0 142.0 143.0
81.0 118.0 101.0 74.0
63.0 144.0 99.0 84.0
80.0 169.0 80.0 74.0
75.0 128.0 88.0 86.0
99.0 84.0 99.0 97.0
67.0 79.0 119.0 134.0
80.0 98.0 112.0 90.0
60.0 84.0 139.0 141.0
103.0 72.0 98.0 115.0
144.0 146.0 77.0 50.0
79.0 99.0 92.0 101.0
48.0 121.0 119.0 140.0
105.0 112.0 92.0 71.0
59.0 104.0 105.0 123.0
66.0 95.0 118.0 107.0
102.0 93.0 99.0 78.0
112.0 166.0 73.0 55.0
77.0 140.0 94.0 71.0
99.0 170.0 76.0 62.0
110.0 45.0 120.0 163.0
95.0 55.0 100.0 148.0
89.0 105.0 91.0 91.0
93.0 93.0 101.0 88.0
50.0 108.0 129.0 136.0
127.0 62.0 87.0 126.0
93.0 97.0 108.0 79.0
150.0 90.0 88.0 79.0
88.0 174.0 74.0 70.0
102.0 132.0 81.0 73.0
51.0 92.0 133.0 161.0
143.0 117.0 86.0 59.0
133.0 95.0 74.0 91.0
51.0 97.0 123.0 168.0
146.0 115.0 70.0 76.0
117.0 126.0 83.0 64.0
47.0 127.0 144.0 107.0
77.0 190.0 75.0 77.0
88.0 68.0 91.0 144.0
130.0 108.0 80.0 77.0
157.0 112.0 84.0 64.0
66.0 88.0 115.0 124.0
98.0 125.0 82.0 76.0
61.0 123.0 92.0 100.0
139.0 44.0 112.0 135.0
73.0 71.0 125.0 130.0
117.0 108.0 83.0 77.0
127.0 99.0 88.0 75.0
76.0 123.0 99.0 81.0
68.0 133.0 98.0 84.0
125.0 40.0 130.0 178.0
81.0 140.0 87.0 75.0
86.0 167.0 83.0 67.0
80.0 161.0 88.0 68.0
66.0 71.0 129.0 160.0
108.0 55.0 102.0 133.0
117.0 83.0 95.0 89.0
79.0 159.0 102.0 56.0
48.0 107.0 145.0 185.0
87.0 141.0 88.0 70.0
77.0 55.0 137.0 161.0
110.0 57.0 107.0 118.0
89.0 61.0 100.0 149.0
107.0 165.0 70.0 62.0
93.0 107.0 91.0 85.0
91.0 73.0 99.0 124.0
47.0 128.0 112.0 124.0
115.0 82.0 104.0 83.0
123.0 107.0 93.0 67.0
84.0 102.0 92.0 100.0
75.0 88.0 110.0 104.0
93.0 62.0 111.0 128.0
78.0 115.0 97.0 88.0
78.0 77.0 109.0 126.0
110.0 70.0 98.0 114.0
110.0 76.0 99.0 97.0
123.0 142.0 74.0 62.0
89.0 89.0 90.0 110.0
106.0 145.0 78.0 66.0
41.0 149.0 123.0 136.0
66.0 162.0 87.0 79.0
83.0 59.0 110.0 147.0
47.0 159.0 123.0 79.0
126.0 102.0 94.0 69.0
53.0 101.0 120.0 150.0
88.0 169.0 83.0 64.0
117.0 63.0 119.0 98.0
73.0 63.0 126.0 148.0
89.0 73.0 103.0 123.0
154.0 51.0 97.0 128.0
90.0 110.0 96.0 79.0
108.0 68.0 92.0 123.0
108.0 97.0 95.0 78.0
150.0 85.0 79.0 95.0
109.0 136.0 80.0 66.0
85.0 167.0 78.0 73.0
120.0 47.0 103.0 144.0
101.0 182.0 74.0 62.0
64.0 93.0 116.0 115.0
110.0 51.0 111.0 137.0
62.0 122.0 118.0 82.0
125.0 56.0 112.0 107.0
107.0 109.0 84.0 78.0
120.0 99.0 93.0 76.0
95.0 67.0 90.0 139.0
62.0 164.0 89.0 78.0
113.0 124.0 82.0 70.0
110.0 126.0 81.0 70.0
125.0 51.0 97.0 139.0
70.0 83.0 107.0 128.0
77.0 81.0 112.0 112.0
61.0 94.0 114.0 124.0
43.0 141.0 110.0 130.0
175.0 38.0 133.0 141.0
54.0 113.0 138.0 100.0
67.0 143.0 94.0 82.0
50.0 119.0 122.0 108.0
74.0 109.0 94.0 94.0
153.0 68.0 99.0 94.0
78.0 99.0 96.0 106.0
49.0 129.0 117.0 99.0
96.0 146.0 75.0 72.0
138.0 75.0 92.0 96.0
151.0 60.0 89.0 116.0
97.0 68.0 120.0 107.0
66.0 77.0 125.0 140.0
75.0 79.0 104.0 129.0
138.0 67.0 106.0 93.0
74.0 120.0 93.0 89.0
136.0 42.0 116.0 143.0
117.0 104.0 78.0 85.0
106.0 101.0 103.0 69.0
82.0 117.0 100.0 71.0
83.0 165.0 80.0 73.0
47.0 123.0 132.0 120.0
74.0 156.0 78.0 86.0
55.0 139.0 101.0 95.0
60.0 80.0 144.0 149.0
124.0 55.0 101.0 123.0
83.0 138.0 82.0 77.0
78.0 117.0 96.0 87.0
119.0 115.0 88.0 68.0
92.0 161.0 83.0 61.0
108.0 53.0 112.0 130.0
114.0 51.0 118.0 125.0
149.0 87.0 91.0 80.0
84.0 142.0 91.0 67.0
63.0 85.0 118.0 132.0
126.0 159.0 76.0 52.0
91.0 144.0 77.0 75.0
164.0 63.0 94.0 105.0
161.0 87.0 91.0 79.0
69.0 63.0 132.0 160.0
71.0 77.0 108.0 134.0
59.0 92.0 122.0 145.0
111.0 72.0 87.0 123.0
87.0 86.0 109.0 98.0
95.0 113.0 93.0 72.0
55.0 91.0 126.0 145.0
101.0 58.0 107.0 132.0
160.0 74.0 92.0 92.0
83.0 184.0 87.0 62.0
70.0 126.0 89.0 94.0
117.0 123.0 78.0 71.0
104.0 82.0 89.0 109.0
115.0 102.0 95.0 69.0
100.0 63.0 100.0 126.0
113.0 51.0 119.0 127.0
129.0 69.0 93.0 106.0
123.0 103.0 97.0 66.0
116.0 60.0 115.0 109.0
71.0 76.0 117.0 133.0
73.0 65.0 121.0 142.0
57.0 87.0 135.0 139.0
78.0 125.0 102.0 74.0
63.0 77.0 135.0 156.0
110.0 116.0 86.0 71.0
161.0 42.0 121.0 126.0
46.0 155.0 106.0 98.0
67.0 78.0 119.0 135.0
142.0 55.0 101.0 114.0
74.0 114.0 98.0 88.0
107.0 141.0 81.0 62.0
137.0 61.0 91.0 112.0
59.0 137.0 112.0 79.0
61.0 110.0 104.0 112.0
63.0 105.0 97.0 115.0
57.0 90.0 116.0 154.0
58.0 120.0 111.0 93.0
120.0 79.0 100.0 87.0
93.0 86.0 96.0 105.0
133.0 90.0 92.0 81.0
83.0 88.0 106.0 102.0
55.0 112.0 113.0 119.0
50.0 98.0 147.0 154.0
127.0 80.0 93.0 90.0
111.0 62.0 108.0 112.0
88.0 78.0 122.0 97.0
92.0 79.0 101.0 110.0
53.0 136.0 113.0 89.0
87.0 108.0 101.0 76.0
121.0 156.0 70.0 60.0
116.0 106.0 99.0 62.0
125.0 83.0 80.0 103.0
71.0 150.0 95.0 75.0
164.0 52.0 96.0 126.0
79.0 118.0 99.0 78.0
77.0 101.0 90.0 112.0
50.0 103.0 137.0 161.0
120.0 65.0 85.0 125.0
112.0 98.0 95.0 77.0
101.0 80.0 94.0 107.0
118.0 146.0 79.0 58.0
77.0 108.0 108.0 87.0
134.0 47.0 100.0 135.0
70.0 109.0 102.0 99.0
65.0 88.0 129.0 112.0
85.0 108.0 102.0 78.0
62.0 82.0 123.0 158.0
101.0 51.0 117.0 134.0
74.0 101.0 95.0 111.0
55.0 165.0 94.0 88.0
127.0 84.0 100.0 82.0
56.0 136.0 85.0 115.0
107.0 67.0 92.0 128.0
80.0 77.0 104.0 127.0
74.0 104.0 102.0 95.0
105.0 159.0 72.0 64.0
71.0 58.0 132.0 160.0
73.0 83.0 110.0 121.0
100.0 60.0 124.0 115.0
119.0 62.0 95.0 120.0
138.0 120.0 78.0 64.0
58.0 94.0 123.0 137.0
124.0 106.0 89.0 70.0
48.0 113.0 133.0 161.0
70.0 103.0 103.0 101.0
109.0 80.0 91.0 103.0
129.0 83.0 106.0 74.0
63.0 153.0 99.0 78.0
95.0 54.0 109.0 147.0
54.0 104.0 136.0 120.0
124.0 44.0 121.0 143.0
64.0 142.0 107.0 73.0
85.0 91.0 109.0 96.0
133.0 44.0 120.0 130.0
47.0 133.0 111.0 123.0
109.0 85.0 102.0 88.0
67.0 70.0 123.0 152.0
54.0 105.0 127.0 121.0
117.0 45.0 104.0 165.0
88.0 72.0 113.0 115.0
131.0 108.0 92.0 64.0
74.0 67.0 117.0 145.0
67.0 69.0 132.0 151.0
110.0 161.0 70.0 61.0
88.0 57.0 117.0 144.0
64.0 88.0 125.0 119.0
90.0 74.0 105.0 118.0
68.0 97.0 101.0 114.0
56.0 102.0 113.0 132.0
90.0 87.0 104.0 94.0
104.0 46.0 128.0 160.0
92.0 69.0 109.0 118.0
83.0 98.0 84.0 113.0
104.0 122.0 90.0 66.0
47.0 114.0 126.0 170.0
49.0 119.0 122.0 125.0
49.0 114.0 143.0 129.0
77.0 121.0 97.0 81.0
92.0 113.0 94.0 80.0
99.0 79.0 114.0 91.0
52.0 162.0 100.0 88.0
58.0 135.0 101.0 95.0
80.0 60.0 108.0 156.0
72.0 93.0 90.0 128.0
73.0 62.0 127.0 152.0
124.0 99.0 91.0 75.0
72.0 63.0 119.0 157.0
88.0 140.0 80.0 74.0
115.0 123.0 77.0 76.0
147.0 50.0 101.0 127.0
70.0 110.0 93.0 103.0
107.0 144.0 77.0 63.0
81.0 77.0 103.0 127.0
139.0 49.0 111.0 119.0
94.0 56.0 105.0 144.0
123.0 144.0 76.0 59.0
61.0 109.0 103.0 114.0
155.0 113.0 88.0 57.0
45.0 144.0 105.0 128.0
60.0 112.0 100.0 114.0
93.0 90.0 93.0 102.0
90.0 151.0 76.0 73.0
113.0 70.0 95.0 113.0
129.0 42.0 118.0 152.0
56.0 84.0 139.0 174.0
106.0 158.0 76.0 61.0
94.0 67.0 109.0 123.0
59.0 83.0 125.0 162.0
90.0 163.0 80.0 68.0
56.0 117.0 105.0 101.0
142.0 68.0 92.0 105.0
87.0 72.0 103.0 126.0
68.0 159.0 88.0 77.0
52.0 116.0 113.0 109.0
61.0 102.0 120.0 110.0
140.0 82.0 95.0 85.0
85.0 107.0 100.0 85.0
72.0 62.0 128.0 156.0
108.0 95.0 90.0 85.0
96.0 168.0 82.0 58.0
135.0 59.0 105.0 107.0
84.0 93.0 102.0 99.0
89.0 91.0 102.0 94.0
80.0 70.0 111.0 134.0
80.0 84.0 102.0 114.0
86.0 71.0 115.0 119.0
56.0 86.0 137.0 158.0
161.0 68.0 82.0 110.0
88.0 60.0 122.0 132.0
58.0 93.0 136.0 128.0
84.0 63.0 114.0 135.0
127.0 68.0 95.0 106.0
151.0 43.0 114.0 133.0
88.0 118.0 97.0 71.0
59.0 94.0 109.0 138.0
100.0 135.0 78.0 73.0
76.0 164.0 96.0 63.0
107.0 50.0 118.0 136.0
72.0 155.0 96.0 71.0
72.0 157.0 97.0 66.0
112.0 85.0 88.0 92.0
74.0 80.0 97.0 131.0
134.0 52.0 112.0 114.0
102.0 54.0 104.0 138.0
121.0 110.0 88.0 69.0
76.0 64.0 121.0 147.0
72.0 111.0 100.0 87.0
62.0 118.0 102.0 101.0
138.0 84.0 92.0 86.0
96.0 91.0 106.0 81.0
75.0 99.0 108.0 97.0
100.0 92.0 80.0 106.0
57.0 105.0 124.0 108.0
53.0 158.0 103.0 89.0
141.0 106.0 92.0 62.0
104.0 89.0 90.0 98.0
118.0 116.0 87.0 66.0
79.0 138.0 95.0 69.0
61.0 79.0 136.0 154.0
80.0 59.0 117.0 155.0
128.0 50.0 107.0 129.0
65.0 70.0 161.0 155.0
102.0 78.0 103.0 100.0
73.0 96.0 110.0 100.0
61.0 93.0 123.0 123.0
65.0 95.0 117.0 111.0
70.0 96.0 116.0 101.0
91.0 62.0 108.0 133.0
125.0 103.0 100.0 62.0
122.0 140.0 83.0 55.0
111.0 72.0 101.0 109.0
43.0 138.0 148.0 162.0
118.0 67.0 87.0 121.0
61.0 111.0 117.0 93.0
109.0 66.0 109.0 111.0
66.0 156.0 100.0 71.0
95.0 70.0 94.0 129.0
85.0 65.0 102.0 141.0
97.0 130.0 77.0 79.0
98.0 81.0 94.0 107.0
142.0 87.0 94.0 79.0
128.0 69.0 94.0 106.0
100.0 56.0 124.0 122.0
78.0 133.0 95.0 77.0
113.0 131.0 84.0 62.0
104.0 152.0 78.0 63.0
57.0 100.0 117.0 130.0
77.0 120.0 104.0 75.0
53.0 124.0 111.0 101.0
122.0 117.0 82.0 70.0
102.0 80.0 104.0 95.0
53.0 103.0 127.0 142.0
119.0 151.0 67.0 66.0
143.0 40.0 114.0 160.0
139.0 90.0 93.0 77.0
45.0 127.0 127.0 163.0
76.0 76.0 117.0 124.0
99.0 47.0 108.0 173.0
104.0 45.0 120.0 172.0
90.0 115.0 100.0 72.0
69.0 62.0 141.0 159.0
115.0 87.0 103.0 76.0
68.0 111.0 84.0 114.0
57.0 104.0 119.0 115.0
106.0 81.0 88.0 110.0
112.0 70.0 95.0 114.0
105.0 86.0 98.0 83.0
146.0 64.0 93.0 106.0
67.0 91.0 102.0 128.0
135.0 68.0 113.0 87.0
75.0 143.0 97.0 66.0
69.0 88.0 103.0 128.0
131.0 80.0 94.0 88.0
58.0 97.0 127.0 130.0
81.0 96.0 113.0 86.0
69.0 83.0 100.0 140.0
49.0 154.0 99.0 97.0
138.0 38.0 145.0 174.0
73.0 175.0 94.0 65.0
74.0 79.0 114.0 121.0
50.0 116.0 126.0 113.0
107.0 47.0 118.0 152.0
64.0 101.0 115.0 98.0
113.0 53.0 109.0 130.0
118.0 42.0 116.0 172.0
128.0 56.0 103.0 110.0
122.0 187.0 74.0 50.0
56.0 85.0 146.0 157.0
102.0 59.0 109.0 118.0
99.0 120.0 92.0 69.0
85.0 51.0 137.0 167.0
70.0 74.0 121.0 130.0
136.0 103.0 92.0 65.0
97.0 151.0 74.0 71.0
45.0 132.0 120.0 145.0
128.0 106.0 82.0 76.0
59.0 78.0 142.0 163.0
92.0 108.0 90.0 86.0
54.0 147.0 112.0 84.0
41.0 158.0 117.0 129.0
53.0 119.0 108.0 113.0
93.0 172.0 82.0 59.0
65.0 83.0 110.0 140.0
60.0 85.0 130.0 142.0
106.0 137.0 83.0 62.0
85.0 121.0 97.0 73.0
144.0 83.0 96.0 80.0
58.0 80.0 141.0 161.0
120.0 146.0 72.0 63.0
90.0 71.0 111.0 118.0
62.0 133.0 108.0 80.0
79.0 72.0 108.0 130.0
109.0 117.0 83.0 73.0
60.0 138.0 96.0 93.0
93.0 53.0 116.0 154.0
157.0 44.0 119.0 116.0
66.0 78.0 123.0 137.0
87.0 95.0 96.0 100.0
72.0 76.0 121.0 126.0
60.0 82.0 144.0 142.0
121.0 119.0 86.0 65.0
145.0 107.0 84.0 65.0
69.0 139.0 95.0 79.0
71.0 107.0 92.0 108.0
128.0 77.0 98.0 87.0
104.0 139.0 76.0 71.0
102.0 124.0 95.0 63.0
123.0 120.0 76.0 72.0
125.0 78.0 94.0 96.0
122.0 109.0 86.0 70.0
132.0 50.0 114.0 117.0
120.0 52.0 109.0 129.0
70.0 69.0 119.0 148.0
106.0 71.0 121.0 90.0
51.0 135.0 119.0 86.0
58.0 126.0 91.0 111.0
82.0 66.0 113.0 135.0
66.0 159.0 95.0 72.0
67.0 80.0 116.0 132.0
92.0 47.0 145.0 162.0
88.0 152.0 92.0 60.0
132.0 110.0 78.0 76.0
75.0 152.0 103.0 59.0
99.0 83.0 91.0 109.0
159.0 43.0 134.0 112.0
82.0 89.0 113.0 95.0
120.0 121.0 78.0 71.0
134.0 74.0 101.0 88.0
157.0 92.0 89.0 75.0
52.0 113.0 142.0 104.0
131.0 40.0 120.0 173.0
63.0 72.0 144.0 159.0
122.0 128.0 81.0 61.0
132.0 104.0 87.0 70.0
130.0 41.0 113.0 165.0
157.0 106.0 88.0 63.0
83.0 91.0 91.0 115.0
53.0 161.0 114.0 74.0
56.0 104.0 111.0 133.0
60.0 165.0 95.0 78.0
61.0 79.0 134.0 156.0
133.0 66.0 87.0 116.0
41.0 176.0 125.0 102.0
94.0 143.0 87.0 66.0
160.0 76.0 108.0 74.0
114.0 90.0 102.0 73.0
98.0 70.0 99.0 121.0
155.0 99.0 85.0 72.0
155.0 57.0 96.0 114.0
121.0 92.0 91.0 79.0
66.0 120.0 106.0 87.0
93.0 109.0 98.0 76.0
105.0 108.0 92.0 75.0
93.0 104.0 88.0 92.0
58.0 102.0 111.0 124.0
89.0 94.0 92.0 96.0
125.0 97.0 100.0 68.0
116.0 116.0 84.0 70.0
121.0 145.0 76.0 60.0
104.0 117.0 81.0 78.0
95.0 69.0 95.0 131.0
76.0 99.0 105.0 98.0
73.0 77.0 110.0 127.0
77.0 139.0 81.0 89.0
70.0 70.0 110.0 149.0
74.0 57.0 134.0 151.0
46.0 126.0 119.0 151.0
118.0 97.0 73.0 98.0
84.0 105.0 100.0 88.0
99.0 48.0 120.0 160.0
63.0 102.0 101.0 120.0
86.0 56.0 119.0 152.0
78.0 108.0 103.0 86.0
92.0 147.0 79.0 71.0
58.0 79.0 139.0 174.0
145.0 53.0 105.0 114.0
54.0 110.0 136.0 111.0
61.0 164.0 93.0 83.0
67.0 92.0 105.0 117.0
101.0 59.0 106.0 131.0
86.0 157.0 89.0 63.0
105.0 48.0 119.0 151.0
70.0 133.0 98.0 79.0
133.0 75.0 105.0 84.0
47.0 136.0 114.0 108.0
133.0 98.0 82.0 80.0
141.0 131.0 76.0 61.0
71.0 87.0 111.0 121.0
101.0 109.0 97.0 70.0
127.0 102.0 75.0 87.0
147.0 46.0 109.0 125.0
78.0 104.0 89.0 107.0
60.0 75.0 141.0 161.0
148.0 72.0 90.0 97.0
162.0 85.0 90.0 80.0
134.0 102.0 68.0 92.0
54.0 101.0 131.0 134.0
109.0 100.0 89.0 77.0
130.0 135.0 69.0 67.0
62.0 83.0 124.0 143.0
137.0 69.0 95.0 101.0
163.0 65.0 91.0 106.0
92.0 124.0 86.0 76.0
105.0 49.0 113.0 149.0
73.0 87.0 103.0 120.0
170.0 71.0 84.0 104.0
107.0 82.0 97.0 98.0
164.0 42.0 116.0 124.0
120.0 53.0 100.0 130.0
86.0 100.0 94.0 94.0
95.0 50.0 114.0 162.0
116.0 126.0 74.0 75.0
74.0 153.0 95.0 71.0
84.0 142.0 92.0 66.0
74.0 126.0 96.0 80.0
104.0 190.0 75.0 60.0
62.0 88.0 136.0 120.0
79.0 63.0 116.0 151.0
66.0 109.0 103.0 101.0
90.0 54.0 116.0 149.0
58.0 145.0 109.0 76.0
92.0 56.0 104.0 150.0
112.0 46.0 116.0 155.0
124.0 91.0 107.0 66.0
59.0 97.0 124.0 121.0
148.0 41.0 120.0 143.0
66.0 108.0 109.0 99.0
94.0 85.0 92.0 108.0
104.0 126.0 83.0 71.0
81.0 89.0 111.0 101.0
67.0 71.0 114.0 151.0
42.0 166.0 117.0 108.0
98.0 118.0 95.0 67.0
81.0 106.0 108.0 79.0
86.0 49.0 140.0 166.0
114.0 124.0 83.0 67.0
80.0 126.0 93.0 73.0
115.0 69.0 100.0 109.0
69.0 174.0 94.0 69.0
114.0 138.0 78.0 63.0
57.0 143.0 109.0 86.0
83.0 52.0 126.0 164.0
141.0 88.0 72.0 100.0
79.0 96.0 97.0 107.0
81.0 108.0 97.0 86.0
102.0 142.0 79.0 66.0
65.0 75.0 127.0 143.0
103.0 110.0 87.0 77.0
129.0 63.0 93.0 112.0
92.0 106.0 94.0 87.0
93.0 175.0 77.0 63.0
122.0 121.0 81.0 67.0
150.0 73.0 105.0 81.0
120.0 77.0 99.0 92.0
60.0 79.0 153.0 148.0
125.0 148.0 70.0 60.0
104.0 90.0 90.0 97.0
172.0 51.0 106.0 115.0
154.0 96.0 96.0 64.0
80.0 116.0 99.0 80.0
128.0 122.0 74.0 69.0
46.0 128.0 120.0 127.0
93.0 115.0 98.0 73.0
56.0 105.0 109.0 125.0
87.0 159.0 85.0 64.0
133.0 67.0 101.0 101.0
58.0 155.0 106.0 77.0
73.0 95.0 100.0 115.0
77.0 98.0 104.0 102.0
76.0 74.0 110.0 133.0
68.0 108.0 105.0 101.0
95.0 58.0 117.0 125.0
99.0 128.0 84.0 72.0
133.0 61.0 103.0 107.0
109.0 141.0 74.0 68.0
141.0 81.0 99.0 81.0
151.0 90.0 99.0 67.0
143.0 81.0 101.0 77.0
61.0 76.0 135.0 165.0
156.0 51.0 97.0 127.0
81.0 185.0 81.0 71.0
76.0 128.0 93.0 80.0
93.0 73.0 93.0 129.0
127.0 115.0 80.0 68.0
124.0 85.0 99.0 77.0
123.0 93.0 91.0 78.0
95.0 139.0 81.0 71.0
166.0 88.0 96.0 73.0
101.0 135.0 85.0 65.0
141.0 141.0 78.0 54.0
48.0 146.0 119.0 86.0
71.0 69.0 128.0 129.0
122.0 74.0 90.0 103.0
51.0 167.0 101.0 92.0
42.0 156.0 124.0 116.0
62.0 78.0 140.0 149.0
58.0 99.0 111.0 133.0
77.0 61.0 112.0 158.0
46.0 121.0 128.0 152.0
135.0 107.0 77.0 79.0
90.0 56.0 111.0 152.0
112.0 73.0 90.0 108.0
88.0 94.0 96.0 101.0
119.0 60.0 106.0 112.0
88.0 79.0 105.0 112.0
155.0 71.0 112.0 78.0
90.0 99.0 98.0 84.0
159.0 67.0 85.0 108.0
125.0 164.0 76.0 53.0
135.0 99.0 86.0 74.0
87.0 191.0 86.0 59.0
69.0 134.0 99.0 82.0
108.0 99.0 97.0 75.0
114.0 83.0 82.0 104.0
76.0 93.0 106.0 101.0
76.0 165.0 82.0 75.0
136.0 68.0 87.0 112.0
64.0 115.0 95.0 100.0
81.0 155.0 85.0 70.0
84.0 71.0 111.0 126.0
137.0 80.0 100.0 81.0
77.0 75.0 113.0 123.0
106.0 56.0 105.0 131.0
129.0 125.0 78.0 62.0
48.0 122.0 110.0 143.0
106.0 100.0 98.0 75.0
144.0 100.0 90.0 64.0
120.0 64.0 104.0 108.0
126.0 75.0 98.0 92.0
109.0 119.0 79.0 75.0
118.0 144.0 73.0 65.0
146.0 44.0 121.0 121.0
155.0 58.0 106.0 103.0
125.0 99.0 89.0 76.0
151.0 38.0 130.0 156.0
91.0 75.0 110.0 111.0
77.0 98.0 117.0 89.0
111.0 44.0 120.0 152.0
79.0 52.0 150.0 157.0
104.0 50.0 95.0 163.0
81.0 79.0 115.0 108.0
101.0 48.0 113.0 160.0
131.0 103.0 84.0 75.0
48.0 131.0 112.0 120.0
153.0 67.0 89.0 105.0
74.0 168.0 90.0 67.0
155.0 47.0 108.0 124.0
68.0 66.0 129.0 160.0
98.0 137.0 82.0 71.0
81.0 92.0 98.0 109.0
99.0 99.0 101.0 74.0
81.0 66.0 115.0 134.0
120.0 45.0 113.0 141.0
138.0 95.0 98.0 65.0
162.0 37.0 152.0 175.0
51.0 106.0 136.0 122.0
60.0 103.0 110.0 114.0
55.0 120.0 116.0 104.0
69.0 129.0 95.0 88.0
97.0 112.0 97.0 73.0
71.0 117.0 102.0 83.0
68.0 114.0 100.0 96.0
82.0 93.0 100.0 103.0
99.0 46.0 117.0 172.0
138.0 66.0 95.0 106.0
101.0 123.0 83.0 76.0
124.0 67.0 93.0 113.0
104.0 165.0 75.0 62.0
118.0 97.0 101.0 70.0
100.0 106.0 95.0 75.0
71.0 97.0 101.0 110.0
40.0 161.0 120.0 114.0
90.0 98.0 99.0 86.0
124.0 71.0 96.0 101.0
130.0 91.0 89.0 80.0
53.0 137.0 104.0 97.0
86.0 104.0 102.0 82.0
76.0 71.0 118.0 133.0
47.0 116.0 123.0 149.0
57.0 113.0 112.0 109.0
116.0 69.0 95.0 113.0
118.0 53.0 101.0 137.0
159.0 93.0 90.0 73.0
62.0 118.0 104.0 99.0
133.0 49.0 95.0 139.0
94.0 115.0 91.0 75.0
134.0 90.0 87.0 85.0
64.0 73.0 139.0 154.0
62.0 109.0 112.0 101.0
94.0 80.0 105.0 100.0
94.0 52.0 113.0 144.0
59.0 110.0 113.0 109.0
103.0 64.0 123.0 102.0
95.0 98.0 96.0 84.0
132.0 171.0 68.0 57.0
54.0 122.0 115.0 96.0
77.0 91.0 95.0 115.0
178.0 37.0 165.0 129.0
57.0 93.0 134.0 134.0
43.0 147.0 126.0 112.0
91.0 57.0 109.0 141.0
69.0 85.0 102.0 135.0
104.0 75.0 94.0 111.0
69.0 115.0 107.0 86.0
88.0 96.0 89.0 100.0
60.0 133.0 104.0 92.0
124.0 141.0 76.0 59.0
57.0 124.0 112.0 93.0
46.0 135.0 117.0 117.0
112.0 79.0 101.0 92.0
85.0 97.0 93.0 102.0
142.0 40.0 129.0 153.0
56.0 154.0 107.0 79.0
83.0 131.0 95.0 68.0
109.0 154.0 76.0 60.0
65.0 108.0 103.0 107.0
70.0 120.0 100.0 91.0
