85.0 84.0 96.0 113.0
112.0 115.0 86.0 83.0
71.0 58.0 114.0 163.0
83.0 63.0 118.0 126.0
130.0 150.0 89.0 65.0
95.0 103.0 82.0 104.0
87.0 104.0 91.0 96.0
87.0 72.0 112.0 111.0
112.0 131.0 88.0 76.0
83.0 88.0 91.0 114.0
86.0 86.0 92.0 107.0
109.0 116.0 89.0 83.0
104.0 97.0 83.0 101.0
83.0 63.0 121.0 123.0
82.0 71.0 119.0 107.0
93.0 112.0 84.0 97.0
121.0 135.0 94.0 63.0
89.0 74.0 108.0 105.0
93.0 69.0 102.0 113.0
72.0 55.0 141.0 167.0
94.0 113.0 83.0 93.0
84.0 60.0 119.0 129.0
85.0 60.0 112.0 135.0
88.0 94.0 90.0 107.0
78.0 57.0 120.0 141.0
79.0 79.0 93.0 132.0
89.0 60.0 114.0 120.0
75.0 58.0 116.0 148.0
93.0 95.0 84.0 104.0
74.0 57.0 118.0 156.0
97.0 88.0 91.0 104.0
75.0 64.0 120.0 132.0
90.0 71.0 101.0 120.0
105.0 120.0 83.0 89.0
88.0 60.0 121.0 114.0
96.0 121.0 81.0 93.0
90.0 97.0 83.0 111.0
85.0 65.0 120.0 112.0
84.0 84.0 101.0 110.0
123.0 116.0 92.0 74.0
80.0 67.0 122.0 120.0
105.0 114.0 89.0 84.0
83.0 60.0 122.0 129.0
72.0 56.0 122.0 165.0
105.0 99.0 92.0 91.0
110.0 134.0 88.0 72.0
