74.0 66.0 140.0 136.0
100.0 91.0 95.0 102.0
107.0 89.0 87.0 107.0
93.0 83.0 98.0 113.0
102.0 68.0 112.0 104.0
87.0 62.0 110.0 136.0
95.0 72.0 102.0 115.0
91.0 85.0 97.0 114.0
153.0 133.0 60.0 94.0
74.0 67.0 136.0 135.0
78.0 77.0 112.0 119.0
151.0 141.0 65.0 86.0
102.0 114.0 76.0 105.0
134.0 129.0 77.0 82.0
91.0 89.0 85.0 119.0
145.0 130.0 75.0 82.0
148.0 139.0 61.0 91.0
89.0 72.0 110.0 112.0
76.0 74.0 114.0 128.0
122.0 97.0 78.0 101.0
93.0 92.0 83.0 119.0
72.0 66.0 133.0 145.0
100.0 122.0 81.0 97.0
112.0 104.0 82.0 99.0
84.0 92.0 99.0 112.0
137.0 131.0 81.0 77.0
92.0 78.0 100.0 116.0
113.0 125.0 87.0 83.0
114.0 85.0 87.0 103.0
140.0 139.0 72.0 84.0
146.0 135.0 61.0 94.0
74.0 97.0 97.0 117.0
118.0 105.0 75.0 102.0
92.0 81.0 105.0 108.0
89.0 69.0 108.0 118.0
64.0 71.0 169.0 147.0
97.0 94.0 85.0 112.0
124.0 78.0 83.0 105.0
119.0 88.0 83.0 103.0
118.0 115.0 87.0 85.0
73.0 69.0 124.0 145.0
101.0 86.0 88.0 113.0
126.0 130.0 66.0 96.0
61.0 76.0 138.0 148.0
144.0 143.0 66.0 86.0
77.0 74.0 119.0 118.0
109.0 104.0 71.0 112.0
91.0 88.0 99.0 108.0
93.0 95.0 85.0 113.0
86.0 60.0 122.0 132.0
110.0 121.0 91.0 83.0
59.0 77.0 133.0 158.0
79.0 65.0 134.0 124.0
116.0 124.0 70.0 98.0
113.0 126.0 65.0 104.0
97.0 88.0 97.0 105.0
99.0 111.0 75.0 110.0
86.0 67.0 120.0 114.0
88.0 86.0 107.0 105.0
107.0 80.0 105.0 96.0
84.0 82.0 118.0 102.0
96.0 68.0 120.0 101.0
131.0 119.0 88.0 77.0
83.0 65.0 132.0 117.0
107.0 87.0 81.0 114.0
130.0 133.0 82.0 77.0
98.0 85.0 95.0 108.0
113.0 115.0 75.0 100.0
109.0 106.0 77.0 105.0
150.0 131.0 56.0 99.0
121.0 125.0 76.0 90.0
119.0 99.0 73.0 107.0
91.0 86.0 83.0 125.0
95.0 69.0 100.0 121.0
126.0 129.0 88.0 75.0
115.0 111.0 91.0 85.0
129.0 128.0 71.0 90.0
117.0 129.0 81.0 85.0
81.0 66.0 137.0 114.0
84.0 59.0 119.0 142.0
