69.0 67.0 106.0 118.0
63.0 65.0 106.0 140.0
103.0 94.0 77.0 80.0
125.0 106.0 77.0 61.0
86.0 75.0 88.0 104.0
93.0 72.0 89.0 101.0
60.0 66.0 122.0 153.0
125.0 104.0 68.0 71.0
151.0 102.0 56.0 72.0
156.0 109.0 56.0 68.0
84.0 98.0 75.0 93.0
173.0 122.0 55.0 68.0
88.0 88.0 78.0 95.0
124.0 92.0 70.0 74.0
84.0 83.0 93.0 91.0
128.0 90.0 71.0 72.0
69.0 104.0 81.0 98.0
109.0 94.0 69.0 85.0
77.0 76.0 88.0 108.0
135.0 102.0 69.0 65.0
101.0 96.0 68.0 89.0
126.0 99.0 70.0 70.0
82.0 72.0 86.0 107.0
109.0 102.0 69.0 82.0
69.0 70.0 103.0 116.0
61.0 70.0 104.0 125.0
118.0 86.0 75.0 78.0
118.0 97.0 68.0 78.0
82.0 89.0 80.0 100.0
67.0 95.0 86.0 105.0
73.0 94.0 84.0 100.0
99.0 96.0 76.0 82.0
106.0 96.0 77.0 78.0
101.0 80.0 84.0 85.0
146.0 102.0 61.0 68.0
71.0 70.0 92.0 119.0
84.0 83.0 91.0 93.0
85.0 81.0 89.0 99.0
66.0 61.0 119.0 144.0
134.0 98.0 63.0 74.0
142.0 99.0 65.0 67.0
120.0 100.0 68.0 73.0
63.0 62.0 135.0 157.0
101.0 91.0 77.0 85.0
108.0 80.0 85.0 81.0
108.0 103.0 77.0 74.0
77.0 75.0 94.0 106.0
67.0 78.0 92.0 112.0
82.0 70.0 91.0 109.0
126.0 76.0 78.0 77.0
91.0 98.0 76.0 89.0
126.0 92.0 62.0 81.0
126.0 87.0 71.0 77.0
147.0 113.0 55.0 72.0
146.0 100.0 52.0 78.0
92.0 69.0 86.0 106.0
