95.0 99.0 84.0 121.0
144.0 118.0 70.0 72.0
163.0 147.0 90.0 46.0
127.0 85.0 59.0 127.0
141.0 96.0 68.0 86.0
102.0 81.0 153.0 83.0
92.0 105.0 147.0 73.0
115.0 131.0 78.0 70.0
120.0 94.0 57.0 150.0
137.0 93.0 85.0 73.0
77.0 85.0 136.0 136.0
78.0 76.0 170.0 129.0
70.0 81.0 143.0 181.0
143.0 134.0 63.0 72.0
115.0 92.0 98.0 85.0
71.0 82.0 159.0 139.0
165.0 163.0 61.0 63.0
138.0 133.0 127.0 46.0
67.0 85.0 164.0 142.0
82.0 79.0 142.0 134.0
133.0 89.0 75.0 87.0
66.0 94.0 149.0 129.0
122.0 76.0 79.0 118.0
136.0 113.0 82.0 67.0
156.0 131.0 59.0 73.0
133.0 133.0 72.0 63.0
116.0 123.0 113.0 60.0
177.0 98.0 42.0 123.0
93.0 87.0 97.0 137.0
113.0 110.0 150.0 59.0
93.0 87.0 93.0 140.0
164.0 123.0 37.0 166.0
202.0 164.0 56.0 62.0
153.0 87.0 57.0 106.0
115.0 117.0 134.0 58.0
106.0 112.0 74.0 93.0
114.0 84.0 70.0 143.0
84.0 81.0 134.0 129.0
131.0 117.0 75.0 73.0
137.0 117.0 113.0 54.0
112.0 84.0 108.0 85.0
77.0 92.0 116.0 141.0
136.0 118.0 69.0 77.0
120.0 115.0 133.0 53.0
118.0 87.0 82.0 91.0
127.0 91.0 56.0 142.0
143.0 117.0 64.0 74.0
126.0 115.0 108.0 60.0
167.0 128.0 47.0 92.0
76.0 80.0 126.0 183.0
95.0 92.0 116.0 100.0
148.0 117.0 52.0 97.0
98.0 84.0 120.0 102.0
140.0 118.0 58.0 89.0
82.0 88.0 114.0 139.0
173.0 146.0 142.0 35.0
133.0 122.0 65.0 80.0
142.0 107.0 56.0 98.0
66.0 83.0 167.0 151.0
88.0 88.0 112.0 115.0
124.0 88.0 67.0 117.0
132.0 125.0 64.0 79.0
95.0 89.0 100.0 110.0
175.0 149.0 53.0 76.0
96.0 106.0 97.0 90.0
125.0 86.0 95.0 78.0
113.0 89.0 111.0 81.0
108.0 109.0 159.0 62.0
98.0 94.0 90.0 113.0
99.0 79.0 114.0 114.0
164.0 147.0 62.0 62.0
104.0 87.0 81.0 139.0
158.0 125.0 85.0 50.0
106.0 86.0 108.0 92.0
202.0 128.0 50.0 80.0
115.0 101.0 86.0 81.0
112.0 95.0 110.0 76.0
118.0 106.0 150.0 57.0
110.0 85.0 107.0 90.0
154.0 129.0 81.0 52.0
194.0 108.0 43.0 108.0
162.0 137.0 70.0 59.0
101.0 91.0 80.0 140.0
126.0 134.0 143.0 46.0
145.0 136.0 60.0 73.0
81.0 89.0 111.0 141.0
164.0 109.0 49.0 100.0
91.0 94.0 113.0 101.0
75.0 84.0 120.0 158.0
107.0 90.0 121.0 82.0
108.0 102.0 132.0 67.0
73.0 81.0 134.0 175.0
106.0 104.0 81.0 91.0
137.0 99.0 91.0 67.0
161.0 129.0 37.0 163.0
96.0 92.0 136.0 85.0
153.0 130.0 69.0 63.0
153.0 107.0 54.0 98.0
90.0 98.0 112.0 98.0
137.0 127.0 114.0 49.0
166.0 165.0 57.0 69.0
161.0 148.0 54.0 77.0
107.0 94.0 78.0 108.0
165.0 78.0 47.0 124.0
190.0 176.0 79.0 48.0
158.0 105.0 71.0 69.0
149.0 145.0 61.0 68.0
126.0 88.0 93.0 72.0
190.0 144.0 57.0 67.0
80.0 83.0 176.0 113.0
121.0 84.0 66.0 134.0
158.0 124.0 48.0 101.0
76.0 81.0 137.0 152.0
136.0 131.0 67.0 67.0
186.0 128.0 43.0 106.0
72.0 84.0 156.0 138.0
105.0 80.0 87.0 139.0
123.0 104.0 70.0 93.0
146.0 128.0 86.0 53.0
109.0 86.0 117.0 84.0
105.0 86.0 109.0 98.0
181.0 180.0 69.0 52.0
159.0 91.0 54.0 106.0
149.0 143.0 71.0 62.0
193.0 141.0 54.0 72.0
87.0 97.0 110.0 107.0
107.0 111.0 86.0 80.0
179.0 109.0 40.0 123.0
146.0 90.0 59.0 106.0
186.0 139.0 51.0 80.0
80.0 87.0 157.0 104.0
158.0 88.0 59.0 95.0
134.0 82.0 58.0 128.0
126.0 156.0 130.0 42.0
142.0 147.0 124.0 41.0
153.0 119.0 92.0 50.0
131.0 116.0 94.0 62.0
160.0 133.0 111.0 39.0
162.0 130.0 81.0 51.0
106.0 99.0 131.0 73.0
79.0 83.0 143.0 123.0
64.0 88.0 145.0 162.0
143.0 84.0 52.0 132.0
148.0 83.0 65.0 98.0
163.0 148.0 87.0 45.0
142.0 97.0 64.0 93.0
91.0 93.0 83.0 152.0
83.0 92.0 122.0 107.0
161.0 97.0 45.0 131.0
140.0 102.0 74.0 78.0
113.0 86.0 72.0 142.0
132.0 96.0 54.0 125.0
129.0 138.0 131.0 46.0
90.0 85.0 132.0 98.0
125.0 92.0 67.0 110.0
79.0 81.0 161.0 121.0
177.0 100.0 42.0 118.0
117.0 123.0 70.0 84.0
156.0 140.0 82.0 50.0
112.0 86.0 89.0 98.0
140.0 109.0 115.0 53.0
99.0 85.0 126.0 94.0
103.0 78.0 92.0 146.0
65.0 88.0 153.0 146.0
184.0 127.0 42.0 107.0
158.0 132.0 94.0 43.0
102.0 100.0 83.0 100.0
143.0 99.0 62.0 93.0
202.0 128.0 45.0 89.0
64.0 88.0 163.0 146.0
103.0 83.0 117.0 99.0
134.0 91.0 67.0 99.0
122.0 84.0 93.0 89.0
131.0 89.0 65.0 101.0
115.0 91.0 112.0 75.0
152.0 109.0 78.0 62.0
152.0 105.0 93.0 55.0
141.0 116.0 108.0 53.0
160.0 141.0 55.0 77.0
98.0 93.0 79.0 143.0
143.0 106.0 100.0 60.0
65.0 82.0 163.0 166.0
72.0 87.0 146.0 134.0
144.0 114.0 84.0 61.0
143.0 105.0 57.0 101.0
126.0 79.0 118.0 77.0
178.0 133.0 49.0 86.0
181.0 133.0 59.0 67.0
165.0 154.0 112.0 38.0
104.0 77.0 88.0 157.0
169.0 99.0 40.0 152.0
71.0 84.0 157.0 141.0
67.0 82.0 171.0 140.0
96.0 100.0 160.0 71.0
88.0 92.0 137.0 93.0
196.0 142.0 47.0 86.0
66.0 84.0 156.0 149.0
117.0 91.0 68.0 121.0
169.0 176.0 81.0 46.0
107.0 113.0 120.0 63.0
186.0 141.0 40.0 118.0
156.0 118.0 54.0 92.0
83.0 83.0 102.0 177.0
91.0 84.0 97.0 151.0
138.0 93.0 60.0 109.0
160.0 143.0 72.0 56.0
141.0 93.0 53.0 125.0
173.0 166.0 71.0 55.0
139.0 134.0 58.0 80.0
149.0 109.0 56.0 95.0
94.0 79.0 110.0 132.0
99.0 88.0 86.0 133.0
144.0 116.0 99.0 54.0
84.0 85.0 124.0 128.0
173.0 90.0 43.0 136.0
128.0 123.0 96.0 59.0
133.0 81.0 89.0 79.0
79.0 93.0 129.0 106.0
140.0 99.0 48.0 132.0
129.0 94.0 86.0 75.0
179.0 117.0 37.0 147.0
190.0 148.0 39.0 117.0
139.0 93.0 53.0 126.0
143.0 103.0 57.0 102.0
132.0 101.0 56.0 115.0
84.0 77.0 115.0 178.0
63.0 103.0 139.0 123.0
60.0 95.0 169.0 133.0
110.0 102.0 75.0 100.0
137.0 106.0 56.0 106.0
119.0 81.0 86.0 100.0
91.0 86.0 92.0 155.0
152.0 129.0 58.0 78.0
130.0 94.0 93.0 71.0
69.0 95.0 154.0 112.0
138.0 111.0 66.0 81.0
93.0 87.0 101.0 125.0
104.0 89.0 100.0 100.0
175.0 140.0 76.0 51.0
79.0 80.0 117.0 177.0
137.0 141.0 81.0 57.0
118.0 114.0 93.0 68.0
130.0 79.0 73.0 110.0
83.0 79.0 121.0 141.0
96.0 82.0 105.0 128.0
94.0 92.0 112.0 102.0
84.0 85.0 125.0 119.0
179.0 146.0 56.0 71.0
193.0 129.0 44.0 97.0
72.0 79.0 141.0 192.0
84.0 86.0 168.0 101.0
102.0 102.0 149.0 70.0
104.0 102.0 128.0 70.0
94.0 87.0 151.0 90.0
154.0 110.0 77.0 62.0
145.0 112.0 55.0 97.0
148.0 90.0 46.0 154.0
191.0 120.0 55.0 75.0
136.0 115.0 77.0 68.0
183.0 103.0 40.0 129.0
79.0 87.0 108.0 165.0
124.0 102.0 69.0 94.0
94.0 89.0 136.0 86.0
88.0 97.0 96.0 121.0
150.0 143.0 100.0 42.0
132.0 117.0 61.0 92.0
192.0 143.0 67.0 56.0
95.0 88.0 96.0 129.0
127.0 108.0 98.0 61.0
82.0 90.0 148.0 104.0
92.0 98.0 77.0 151.0
132.0 93.0 99.0 69.0
91.0 93.0 91.0 138.0
139.0 83.0 64.0 113.0
184.0 93.0 40.0 133.0
99.0 87.0 108.0 104.0
126.0 127.0 78.0 66.0
101.0 90.0 103.0 99.0
108.0 106.0 81.0 89.0
133.0 92.0 56.0 123.0
65.0 94.0 165.0 121.0
186.0 156.0 137.0 35.0
176.0 118.0 47.0 98.0
102.0 86.0 116.0 93.0
147.0 105.0 79.0 67.0
110.0 106.0 75.0 93.0
85.0 84.0 106.0 152.0
99.0 84.0 88.0 140.0
113.0 87.0 119.0 77.0
120.0 110.0 63.0 103.0
183.0 129.0 41.0 115.0
68.0 88.0 144.0 140.0
140.0 81.0 61.0 115.0
71.0 98.0 145.0 112.0
92.0 94.0 98.0 113.0
107.0 90.0 138.0 75.0
210.0 161.0 50.0 73.0
141.0 84.0 64.0 110.0
157.0 130.0 100.0 47.0
76.0 89.0 141.0 121.0
127.0 113.0 65.0 90.0
127.0 91.0 87.0 77.0
113.0 95.0 88.0 87.0
124.0 97.0 111.0 65.0
151.0 157.0 57.0 71.0
85.0 97.0 127.0 97.0
182.0 137.0 38.0 128.0
137.0 128.0 98.0 51.0
104.0 95.0 83.0 106.0
147.0 99.0 62.0 86.0
110.0 116.0 166.0 56.0
182.0 124.0 41.0 116.0
151.0 126.0 57.0 81.0
107.0 95.0 152.0 71.0
131.0 104.0 92.0 69.0
140.0 90.0 49.0 150.0
141.0 88.0 70.0 91.0
147.0 89.0 54.0 109.0
66.0 83.0 156.0 210.0
71.0 83.0 148.0 155.0
97.0 91.0 92.0 119.0
179.0 139.0 61.0 64.0
170.0 124.0 48.0 97.0
124.0 95.0 78.0 87.0
123.0 90.0 82.0 88.0
150.0 136.0 91.0 49.0
140.0 143.0 145.0 41.0
95.0 98.0 129.0 80.0
120.0 87.0 100.0 79.0
141.0 113.0 64.0 84.0
182.0 131.0 41.0 114.0
95.0 85.0 105.0 124.0
98.0 98.0 132.0 76.0
173.0 121.0 69.0 62.0
106.0 92.0 122.0 79.0
127.0 102.0 62.0 109.0
145.0 92.0 58.0 103.0
116.0 97.0 116.0 69.0
132.0 86.0 90.0 75.0
84.0 95.0 110.0 116.0
149.0 132.0 147.0 41.0
122.0 105.0 76.0 77.0
187.0 128.0 50.0 82.0
148.0 82.0 55.0 118.0
106.0 84.0 84.0 131.0
182.0 118.0 44.0 102.0
183.0 141.0 54.0 74.0
97.0 86.0 118.0 105.0
104.0 138.0 106.0 60.0
108.0 91.0 114.0 80.0
85.0 87.0 117.0 124.0
147.0 136.0 55.0 82.0
140.0 126.0 110.0 48.0
98.0 88.0 129.0 87.0
110.0 89.0 82.0 108.0
125.0 102.0 113.0 62.0
99.0 80.0 160.0 90.0
100.0 93.0 105.0 95.0
118.0 82.0 105.0 88.0
87.0 85.0 104.0 150.0
179.0 122.0 52.0 83.0
203.0 130.0 56.0 69.0
134.0 99.0 81.0 73.0
151.0 96.0 55.0 105.0
92.0 96.0 89.0 122.0
131.0 109.0 89.0 65.0
125.0 103.0 99.0 67.0
177.0 111.0 39.0 147.0
126.0 85.0 102.0 77.0
74.0 82.0 127.0 175.0
139.0 141.0 105.0 45.0
70.0 76.0 171.0 182.0
151.0 95.0 73.0 76.0
116.0 102.0 100.0 71.0
77.0 95.0 114.0 125.0
104.0 103.0 94.0 88.0
183.0 141.0 52.0 77.0
73.0 96.0 130.0 113.0
190.0 136.0 51.0 79.0
87.0 82.0 156.0 108.0
179.0 96.0 41.0 130.0
97.0 93.0 97.0 109.0
97.0 85.0 155.0 82.0
77.0 85.0 182.0 116.0
135.0 110.0 58.0 100.0
127.0 116.0 84.0 69.0
169.0 148.0 65.0 59.0
106.0 100.0 71.0 111.0
146.0 110.0 82.0 65.0
147.0 119.0 55.0 87.0
146.0 140.0 53.0 84.0
165.0 139.0 53.0 78.0
148.0 108.0 52.0 106.0
84.0 94.0 143.0 95.0
150.0 86.0 51.0 120.0
115.0 99.0 68.0 105.0
157.0 123.0 49.0 98.0
118.0 111.0 118.0 61.0
79.0 84.0 126.0 130.0
100.0 110.0 96.0 83.0
174.0 120.0 38.0 144.0
165.0 119.0 54.0 83.0
124.0 125.0 101.0 59.0
105.0 128.0 159.0 56.0
66.0 80.0 174.0 163.0
115.0 125.0 150.0 51.0
138.0 88.0 50.0 151.0
198.0 157.0 57.0 63.0
181.0 129.0 40.0 120.0
127.0 107.0 102.0 63.0
200.0 169.0 65.0 55.0
123.0 128.0 70.0 75.0
127.0 83.0 76.0 98.0
69.0 85.0 169.0 134.0
115.0 91.0 123.0 72.0
116.0 86.0 100.0 83.0
71.0 89.0 125.0 147.0
155.0 114.0 47.0 110.0
127.0 92.0 66.0 107.0
127.0 107.0 114.0 59.0
128.0 136.0 73.0 66.0
150.0 155.0 61.0 65.0
92.0 92.0 99.0 121.0
167.0 175.0 69.0 55.0
168.0 131.0 124.0 37.0
133.0 92.0 58.0 120.0
146.0 91.0 47.0 159.0
90.0 89.0 89.0 169.0
172.0 119.0 64.0 66.0
184.0 104.0 43.0 114.0
141.0 108.0 57.0 96.0
127.0 85.0 111.0 74.0
129.0 91.0 72.0 95.0
84.0 88.0 96.0 176.0
90.0 81.0 116.0 134.0
129.0 93.0 63.0 114.0
95.0 76.0 105.0 145.0
97.0 95.0 87.0 115.0
201.0 167.0 74.0 49.0
87.0 87.0 99.0 154.0
175.0 142.0 50.0 81.0
129.0 82.0 79.0 94.0
72.0 92.0 172.0 111.0
99.0 98.0 73.0 142.0
183.0 116.0 39.0 122.0
102.0 84.0 122.0 91.0
73.0 94.0 147.0 113.0
160.0 105.0 66.0 73.0
87.0 78.0 114.0 142.0
142.0 91.0 96.0 66.0
107.0 94.0 89.0 97.0
139.0 93.0 78.0 76.0
127.0 84.0 92.0 82.0
150.0 94.0 93.0 63.0
156.0 105.0 42.0 149.0
163.0 117.0 58.0 79.0
143.0 95.0 48.0 148.0
138.0 136.0 134.0 45.0
163.0 90.0 48.0 123.0
153.0 119.0 57.0 83.0
154.0 101.0 63.0 84.0
136.0 92.0 105.0 65.0
138.0 95.0 60.0 105.0
126.0 107.0 69.0 87.0
166.0 121.0 63.0 70.0
114.0 105.0 101.0 69.0
144.0 143.0 98.0 48.0
109.0 94.0 118.0 79.0
87.0 83.0 116.0 138.0
87.0 82.0 109.0 148.0
105.0 103.0 141.0 68.0
152.0 92.0 56.0 105.0
110.0 102.0 87.0 83.0
138.0 83.0 87.0 72.0
89.0 84.0 172.0 97.0
124.0 137.0 125.0 49.0
124.0 95.0 64.0 115.0
82.0 87.0 105.0 160.0
132.0 113.0 88.0 64.0
93.0 105.0 98.0 95.0
134.0 104.0 77.0 76.0
68.0 89.0 158.0 129.0
195.0 156.0 101.0 39.0
85.0 82.0 126.0 125.0
146.0 92.0 73.0 79.0
124.0 86.0 70.0 116.0
129.0 101.0 62.0 108.0
94.0 86.0 88.0 166.0
75.0 88.0 118.0 148.0
159.0 104.0 48.0 113.0
105.0 87.0 81.0 134.0
63.0 98.0 155.0 119.0
96.0 90.0 118.0 94.0
127.0 99.0 73.0 85.0
116.0 115.0 61.0 106.0
136.0 87.0 53.0 131.0
136.0 110.0 52.0 111.0
173.0 131.0 62.0 67.0
95.0 72.0 107.0 155.0
137.0 125.0 72.0 68.0
109.0 119.0 128.0 59.0
124.0 126.0 114.0 53.0
207.0 143.0 44.0 95.0
109.0 144.0 149.0 46.0
69.0 78.0 160.0 185.0
114.0 94.0 92.0 86.0
131.0 91.0 106.0 66.0
102.0 109.0 90.0 86.0
104.0 83.0 125.0 89.0
161.0 137.0 60.0 69.0
89.0 79.0 128.0 120.0
125.0 85.0 63.0 133.0
107.0 91.0 73.0 140.0
120.0 121.0 65.0 88.0
162.0 139.0 56.0 75.0
211.0 171.0 62.0 59.0
142.0 99.0 62.0 97.0
87.0 81.0 104.0 162.0
136.0 107.0 75.0 76.0
164.0 98.0 53.0 97.0
111.0 122.0 112.0 62.0
132.0 94.0 94.0 68.0
101.0 92.0 91.0 105.0
155.0 138.0 53.0 82.0
171.0 143.0 115.0 37.0
135.0 101.0 70.0 86.0
181.0 125.0 84.0 49.0
169.0 140.0 79.0 51.0
143.0 110.0 55.0 104.0
199.0 159.0 53.0 69.0
96.0 77.0 157.0 98.0
96.0 104.0 113.0 84.0
111.0 113.0 76.0 82.0
74.0 87.0 150.0 125.0
143.0 99.0 53.0 116.0
142.0 107.0 58.0 95.0
125.0 91.0 66.0 114.0
143.0 115.0 73.0 69.0
91.0 95.0 89.0 132.0
74.0 92.0 152.0 114.0
108.0 95.0 71.0 117.0
129.0 113.0 110.0 59.0
172.0 71.0 45.0 139.0
110.0 113.0 76.0 86.0
102.0 84.0 96.0 120.0
172.0 126.0 63.0 63.0
101.0 90.0 93.0 103.0
200.0 138.0 58.0 66.0
81.0 97.0 100.0 130.0
154.0 95.0 49.0 113.0
149.0 90.0 60.0 99.0
152.0 143.0 127.0 38.0
103.0 85.0 79.0 154.0
143.0 113.0 65.0 79.0
108.0 125.0 125.0 60.0
151.0 96.0 59.0 93.0
160.0 180.0 71.0 50.0
153.0 162.0 68.0 56.0
147.0 107.0 51.0 110.0
172.0 142.0 38.0 131.0
81.0 90.0 112.0 140.0
153.0 135.0 52.0 84.0
97.0 79.0 103.0 138.0
119.0 90.0 65.0 132.0
72.0 84.0 129.0 164.0
119.0 91.0 98.0 82.0
98.0 109.0 143.0 67.0
104.0 87.0 84.0 127.0
132.0 75.0 69.0 124.0
121.0 121.0 80.0 72.0
155.0 150.0 93.0 46.0
136.0 100.0 89.0 69.0
116.0 84.0 70.0 125.0
203.0 166.0 52.0 68.0
87.0 91.0 106.0 125.0
74.0 92.0 138.0 126.0
163.0 74.0 53.0 119.0
139.0 112.0 51.0 112.0
112.0 84.0 82.0 114.0
117.0 104.0 141.0 60.0
112.0 95.0 80.0 97.0
95.0 86.0 92.0 146.0
133.0 109.0 67.0 87.0
99.0 98.0 94.0 102.0
126.0 99.0 73.0 89.0
118.0 104.0 99.0 70.0
86.0 94.0 152.0 92.0
119.0 96.0 112.0 66.0
81.0 83.0 173.0 106.0
99.0 99.0 145.0 74.0
180.0 86.0 41.0 134.0
184.0 146.0 97.0 41.0
147.0 170.0 76.0 50.0
178.0 117.0 42.0 117.0
129.0 97.0 55.0 129.0
73.0 92.0 135.0 127.0
164.0 122.0 50.0 97.0
140.0 105.0 74.0 76.0
140.0 110.0 99.0 55.0
198.0 133.0 66.0 57.0
187.0 128.0 48.0 85.0
106.0 83.0 115.0 92.0
140.0 139.0 76.0 61.0
161.0 117.0 62.0 73.0
145.0 114.0 57.0 91.0
138.0 127.0 69.0 71.0
81.0 87.0 131.0 114.0
137.0 101.0 78.0 74.0
194.0 135.0 79.0 49.0
106.0 113.0 140.0 61.0
147.0 100.0 83.0 64.0
96.0 87.0 150.0 84.0
108.0 94.0 86.0 98.0
112.0 125.0 149.0 52.0
143.0 130.0 135.0 45.0
166.0 88.0 53.0 106.0
108.0 107.0 74.0 99.0
140.0 136.0 116.0 45.0
157.0 117.0 79.0 58.0
133.0 84.0 54.0 146.0
195.0 151.0 55.0 68.0
98.0 93.0 92.0 114.0
118.0 144.0 71.0 70.0
183.0 149.0 88.0 42.0
141.0 107.0 58.0 99.0
144.0 123.0 60.0 79.0
101.0 99.0 135.0 75.0
143.0 151.0 146.0 36.0
171.0 135.0 51.0 82.0
103.0 88.0 160.0 76.0
91.0 79.0 158.0 103.0
98.0 76.0 95.0 164.0
96.0 83.0 138.0 94.0
129.0 114.0 81.0 71.0
158.0 132.0 118.0 40.0
169.0 92.0 44.0 139.0
158.0 101.0 47.0 115.0
191.0 144.0 49.0 80.0
110.0 110.0 82.0 77.0
112.0 81.0 82.0 129.0
105.0 84.0 86.0 123.0
125.0 90.0 59.0 121.0
139.0 114.0 67.0 78.0
90.0 89.0 107.0 120.0
77.0 83.0 152.0 126.0
131.0 124.0 65.0 80.0
114.0 83.0 77.0 122.0
137.0 156.0 70.0 62.0
84.0 78.0 167.0 117.0
120.0 116.0 117.0 55.0
114.0 85.0 68.0 163.0
135.0 106.0 75.0 78.0
99.0 83.0 93.0 130.0
81.0 79.0 131.0 140.0
140.0 94.0 50.0 136.0
147.0 108.0 67.0 77.0
133.0 93.0 58.0 116.0
126.0 107.0 67.0 90.0
148.0 106.0 50.0 112.0
73.0 94.0 135.0 121.0
65.0 87.0 164.0 142.0
147.0 110.0 62.0 83.0
88.0 93.0 106.0 120.0
140.0 97.0 88.0 68.0
126.0 100.0 64.0 108.0
90.0 75.0 160.0 110.0
150.0 137.0 108.0 42.0
167.0 138.0 69.0 58.0
161.0 132.0 49.0 88.0
88.0 93.0 173.0 85.0
152.0 128.0 64.0 67.0
152.0 144.0 117.0 38.0
124.0 91.0 65.0 118.0
130.0 90.0 64.0 114.0
91.0 89.0 87.0 176.0
181.0 105.0 41.0 122.0
136.0 85.0 70.0 94.0
175.0 125.0 51.0 85.0
106.0 83.0 89.0 121.0
166.0 106.0 42.0 133.0
123.0 115.0 94.0 66.0
86.0 97.0 84.0 158.0
166.0 156.0 36.0 153.0
83.0 96.0 116.0 107.0
185.0 117.0 40.0 121.0
113.0 91.0 93.0 91.0
101.0 95.0 75.0 126.0
155.0 114.0 54.0 95.0
147.0 100.0 81.0 69.0
188.0 111.0 42.0 113.0
199.0 133.0 55.0 71.0
70.0 89.0 131.0 153.0
94.0 73.0 106.0 168.0
81.0 88.0 121.0 130.0
89.0 84.0 112.0 124.0
143.0 146.0 102.0 45.0
111.0 130.0 87.0 66.0
163.0 119.0 47.0 102.0
138.0 105.0 65.0 85.0
121.0 151.0 162.0 43.0
137.0 79.0 81.0 83.0
120.0 93.0 65.0 121.0
191.0 166.0 69.0 54.0
79.0 83.0 113.0 159.0
91.0 76.0 99.0 173.0
99.0 86.0 159.0 81.0
91.0 85.0 106.0 132.0
108.0 93.0 90.0 95.0
69.0 95.0 141.0 122.0
146.0 129.0 115.0 46.0
91.0 82.0 93.0 181.0
195.0 117.0 56.0 73.0
124.0 121.0 73.0 78.0
165.0 149.0 67.0 58.0
171.0 112.0 46.0 106.0
97.0 84.0 146.0 92.0
68.0 83.0 144.0 173.0
67.0 79.0 183.0 156.0
209.0 159.0 54.0 67.0
97.0 87.0 85.0 148.0
120.0 76.0 73.0 168.0
91.0 90.0 107.0 109.0
75.0 83.0 137.0 139.0
135.0 76.0 69.0 117.0
124.0 90.0 82.0 84.0
202.0 148.0 48.0 80.0
116.0 81.0 103.0 95.0
99.0 100.0 88.0 104.0
79.0 91.0 144.0 110.0
108.0 88.0 126.0 80.0
147.0 103.0 86.0 63.0
91.0 92.0 104.0 116.0
157.0 80.0 66.0 94.0
80.0 99.0 104.0 126.0
150.0 120.0 54.0 94.0
124.0 101.0 112.0 64.0
106.0 72.0 96.0 146.0
194.0 151.0 54.0 69.0
98.0 87.0 111.0 106.0
152.0 120.0 78.0 59.0
60.0 95.0 162.0 135.0
110.0 93.0 76.0 112.0
169.0 121.0 55.0 79.0
158.0 102.0 53.0 103.0
140.0 89.0 68.0 94.0
70.0 83.0 149.0 150.0
131.0 101.0 97.0 67.0
131.0 102.0 102.0 65.0
146.0 84.0 58.0 110.0
99.0 95.0 154.0 73.0
117.0 103.0 78.0 84.0
118.0 90.0 119.0 69.0
89.0 77.0 104.0 173.0
135.0 81.0 71.0 103.0
187.0 138.0 55.0 72.0
136.0 120.0 77.0 67.0
113.0 93.0 101.0 79.0
142.0 147.0 74.0 55.0
103.0 111.0 144.0 63.0
160.0 102.0 42.0 138.0
159.0 113.0 51.0 97.0
170.0 139.0 93.0 42.0
68.0 88.0 157.0 137.0
185.0 130.0 60.0 65.0
92.0 91.0 130.0 94.0
144.0 131.0 107.0 49.0
90.0 81.0 175.0 98.0
130.0 99.0 92.0 71.0
103.0 89.0 75.0 149.0
106.0 95.0 77.0 121.0
136.0 108.0 86.0 66.0
154.0 122.0 130.0 43.0
152.0 107.0 56.0 93.0
105.0 91.0 84.0 106.0
61.0 87.0 164.0 155.0
151.0 126.0 100.0 48.0
84.0 91.0 161.0 92.0
131.0 109.0 65.0 90.0
138.0 105.0 52.0 117.0
67.0 88.0 136.0 156.0
151.0 89.0 52.0 118.0
125.0 90.0 109.0 71.0
125.0 139.0 67.0 72.0
75.0 84.0 145.0 136.0
149.0 89.0 64.0 95.0
83.0 79.0 110.0 178.0
143.0 148.0 62.0 68.0
100.0 106.0 142.0 69.0
109.0 84.0 74.0 134.0
87.0 77.0 106.0 172.0
190.0 154.0 65.0 56.0
119.0 89.0 66.0 128.0
168.0 73.0 47.0 140.0
104.0 85.0 126.0 84.0
134.0 78.0 81.0 90.0
114.0 96.0 112.0 71.0
146.0 120.0 56.0 85.0
68.0 89.0 134.0 153.0
90.0 113.0 152.0 70.0
69.0 83.0 148.0 157.0
86.0 79.0 113.0 155.0
179.0 118.0 41.0 119.0
81.0 93.0 97.0 158.0
152.0 126.0 98.0 49.0
85.0 81.0 100.0 188.0
130.0 114.0 121.0 52.0
174.0 146.0 74.0 53.0
136.0 142.0 67.0 64.0
71.0 75.0 175.0 159.0
146.0 102.0 91.0 61.0
74.0 96.0 141.0 111.0
111.0 102.0 73.0 101.0
102.0 98.0 97.0 95.0
101.0 102.0 125.0 74.0
107.0 102.0 85.0 90.0
143.0 118.0 100.0 53.0
136.0 116.0 72.0 74.0
192.0 134.0 45.0 95.0
114.0 91.0 101.0 81.0
133.0 79.0 58.0 158.0
91.0 89.0 88.0 166.0
127.0 99.0 109.0 63.0
111.0 118.0 72.0 90.0
141.0 142.0 163.0 40.0
102.0 99.0 96.0 93.0
144.0 105.0 52.0 110.0
164.0 124.0 86.0 49.0
154.0 133.0 106.0 43.0
81.0 79.0 165.0 120.0
158.0 122.0 74.0 61.0
133.0 90.0 71.0 91.0
122.0 98.0 71.0 96.0
150.0 113.0 76.0 64.0
140.0 133.0 60.0 77.0
149.0 119.0 69.0 66.0
120.0 117.0 65.0 95.0
184.0 120.0 58.0 71.0
121.0 91.0 73.0 105.0
89.0 86.0 110.0 125.0
95.0 84.0 100.0 129.0
59.0 89.0 173.0 150.0
131.0 96.0 61.0 113.0
149.0 78.0 60.0 114.0
73.0 81.0 154.0 142.0
144.0 132.0 101.0 49.0
77.0 80.0 138.0 139.0
85.0 78.0 111.0 172.0
102.0 78.0 114.0 109.0
188.0 134.0 41.0 106.0
129.0 104.0 57.0 107.0
206.0 135.0 49.0 79.0
182.0 118.0 46.0 99.0
206.0 154.0 51.0 74.0
118.0 110.0 61.0 112.0
97.0 88.0 82.0 156.0
135.0 106.0 62.0 97.0
140.0 116.0 95.0 58.0
176.0 158.0 82.0 45.0
107.0 135.0 166.0 50.0
126.0 91.0 106.0 71.0
98.0 106.0 168.0 67.0
91.0 93.0 124.0 98.0
78.0 82.0 147.0 131.0
73.0 84.0 147.0 136.0
88.0 87.0 156.0 96.0
73.0 89.0 154.0 122.0
74.0 88.0 133.0 138.0
106.0 100.0 176.0 66.0
161.0 122.0 57.0 76.0
198.0 121.0 46.0 90.0
127.0 130.0 61.0 88.0
120.0 80.0 67.0 148.0
159.0 135.0 54.0 80.0
109.0 110.0 119.0 65.0
143.0 113.0 64.0 81.0
193.0 143.0 60.0 61.0
154.0 117.0 52.0 96.0
104.0 89.0 84.0 125.0
136.0 140.0 128.0 44.0
149.0 133.0 61.0 71.0
96.0 104.0 95.0 97.0
151.0 79.0 51.0 132.0
144.0 122.0 70.0 69.0
105.0 106.0 82.0 90.0
189.0 146.0 59.0 63.0
142.0 88.0 70.0 87.0
121.0 80.0 86.0 99.0
135.0 92.0 58.0 115.0
171.0 148.0 43.0 103.0
84.0 86.0 150.0 106.0
137.0 128.0 115.0 47.0
162.0 150.0 137.0 36.0
156.0 166.0 86.0 46.0
132.0 121.0 74.0 72.0
141.0 114.0 111.0 52.0
85.0 92.0 90.0 159.0
65.0 85.0 174.0 139.0
91.0 82.0 101.0 148.0
129.0 136.0 71.0 65.0
132.0 94.0 63.0 111.0
110.0 94.0 105.0 82.0
80.0 102.0 122.0 100.0
86.0 83.0 113.0 142.0
119.0 77.0 104.0 92.0
120.0 86.0 97.0 86.0
144.0 120.0 49.0 102.0
190.0 144.0 55.0 70.0
116.0 116.0 83.0 73.0
159.0 120.0 61.0 72.0
181.0 133.0 57.0 70.0
128.0 115.0 70.0 79.0
113.0 90.0 88.0 95.0
171.0 100.0 45.0 114.0
186.0 131.0 52.0 80.0
58.0 91.0 170.0 145.0
115.0 94.0 134.0 67.0
171.0 136.0 102.0 41.0
115.0 84.0 102.0 89.0
109.0 85.0 112.0 88.0
116.0 133.0 74.0 73.0
164.0 137.0 57.0 72.0
169.0 127.0 72.0 61.0
107.0 82.0 121.0 86.0
168.0 122.0 39.0 141.0
111.0 92.0 77.0 99.0
155.0 101.0 60.0 91.0
139.0 111.0 61.0 90.0
144.0 131.0 139.0 44.0
124.0 119.0 77.0 73.0
138.0 91.0 73.0 80.0
118.0 91.0 96.0 84.0
129.0 90.0 65.0 110.0
92.0 89.0 129.0 98.0
102.0 92.0 97.0 102.0
155.0 87.0 45.0 155.0
95.0 80.0 105.0 133.0
168.0 133.0 38.0 141.0
145.0 114.0 82.0 60.0
176.0 142.0 44.0 101.0
147.0 110.0 61.0 88.0
146.0 84.0 65.0 99.0
103.0 79.0 86.0 155.0
139.0 104.0 61.0 96.0
120.0 86.0 89.0 90.0
108.0 87.0 96.0 97.0
201.0 146.0 52.0 74.0
103.0 115.0 155.0 62.0
62.0 81.0 181.0 162.0
105.0 86.0 140.0 80.0
192.0 115.0 56.0 74.0
182.0 130.0 50.0 84.0
119.0 112.0 142.0 58.0
148.0 114.0 44.0 127.0
87.0 83.0 108.0 147.0
144.0 109.0 94.0 60.0
159.0 170.0 59.0 64.0
139.0 104.0 59.0 101.0
83.0 83.0 119.0 131.0
103.0 83.0 81.0 141.0
174.0 81.0 44.0 142.0
165.0 149.0 58.0 68.0
115.0 84.0 100.0 94.0
138.0 98.0 60.0 104.0
156.0 120.0 77.0 61.0
100.0 93.0 166.0 74.0
171.0 135.0 46.0 91.0
105.0 80.0 91.0 127.0
93.0 83.0 102.0 141.0
162.0 115.0 60.0 75.0
159.0 95.0 75.0 69.0
130.0 83.0 69.0 115.0
128.0 134.0 123.0 47.0
135.0 96.0 60.0 109.0
141.0 122.0 89.0 57.0
93.0 78.0 155.0 101.0
151.0 105.0 47.0 120.0
93.0 78.0 121.0 121.0
149.0 92.0 75.0 78.0
118.0 95.0 110.0 72.0
109.0 76.0 92.0 124.0
84.0 75.0 153.0 131.0
100.0 95.0 128.0 83.0
133.0 82.0 71.0 104.0
173.0 93.0 43.0 119.0
99.0 88.0 102.0 109.0
163.0 124.0 79.0 54.0
162.0 108.0 46.0 114.0
166.0 117.0 44.0 107.0
157.0 133.0 50.0 94.0
149.0 111.0 83.0 58.0
142.0 90.0 84.0 70.0
106.0 112.0 85.0 82.0
147.0 87.0 48.0 151.0
125.0 92.0 66.0 111.0
84.0 89.0 119.0 114.0
75.0 92.0 140.0 115.0
122.0 101.0 118.0 64.0
65.0 83.0 161.0 174.0
179.0 122.0 50.0 86.0
153.0 118.0 108.0 48.0
159.0 97.0 50.0 111.0
113.0 101.0 73.0 100.0
81.0 89.0 137.0 112.0
168.0 115.0 74.0 60.0
154.0 104.0 47.0 116.0
87.0 87.0 106.0 137.0
108.0 114.0 133.0 61.0
112.0 96.0 118.0 73.0
156.0 120.0 50.0 99.0
82.0 80.0 120.0 154.0
95.0 85.0 89.0 153.0
109.0 81.0 114.0 94.0
63.0 85.0 162.0 166.0
86.0 88.0 162.0 97.0
197.0 166.0 42.0 101.0
72.0 83.0 150.0 144.0
120.0 126.0 97.0 62.0
172.0 115.0 47.0 99.0
99.0 97.0 122.0 81.0
112.0 122.0 125.0 57.0
89.0 89.0 119.0 104.0
156.0 135.0 92.0 48.0
91.0 94.0 94.0 122.0
190.0 136.0 46.0 88.0
101.0 99.0 100.0 93.0
130.0 96.0 102.0 66.0
132.0 87.0 58.0 122.0
74.0 87.0 138.0 135.0
95.0 94.0 82.0 133.0
128.0 104.0 63.0 96.0
66.0 95.0 143.0 132.0
154.0 123.0 114.0 45.0
131.0 122.0 70.0 74.0
126.0 83.0 67.0 123.0
93.0 95.0 148.0 81.0
199.0 167.0 43.0 100.0
91.0 86.0 104.0 135.0
72.0 83.0 139.0 151.0
120.0 130.0 75.0 71.0
150.0 147.0 57.0 74.0
171.0 81.0 45.0 135.0
178.0 127.0 37.0 143.0
204.0 176.0 64.0 54.0
139.0 129.0 97.0 53.0
158.0 168.0 63.0 58.0
162.0 99.0 49.0 111.0
95.0 97.0 100.0 102.0
72.0 89.0 146.0 128.0
167.0 78.0 52.0 116.0
85.0 92.0 98.0 145.0
163.0 100.0 58.0 84.0
156.0 89.0 53.0 112.0
111.0 82.0 110.0 91.0
120.0 89.0 61.0 153.0
106.0 84.0 145.0 78.0
86.0 102.0 96.0 115.0
141.0 108.0 89.0 63.0
79.0 79.0 128.0 170.0
190.0 158.0 47.0 84.0
142.0 118.0 118.0 50.0
127.0 82.0 62.0 137.0
105.0 98.0 134.0 72.0
137.0 135.0 63.0 76.0
73.0 77.0 152.0 189.0
74.0 95.0 118.0 133.0
126.0 119.0 114.0 57.0
93.0 92.0 119.0 100.0
187.0 125.0 48.0 90.0
78.0 78.0 124.0 194.0
195.0 153.0 52.0 72.0
100.0 90.0 107.0 99.0
78.0 94.0 162.0 99.0
194.0 151.0 56.0 66.0
185.0 123.0 71.0 57.0
122.0 125.0 127.0 51.0
130.0 84.0 76.0 91.0
113.0 91.0 67.0 130.0
160.0 101.0 52.0 99.0
155.0 79.0 54.0 119.0
179.0 118.0 44.0 105.0
68.0 88.0 167.0 123.0
114.0 92.0 122.0 74.0
86.0 75.0 113.0 189.0
91.0 74.0 111.0 161.0
79.0 96.0 117.0 122.0
152.0 104.0 109.0 53.0
147.0 111.0 89.0 59.0
139.0 106.0 81.0 70.0
126.0 83.0 96.0 84.0
100.0 91.0 77.0 149.0
107.0 89.0 95.0 102.0
141.0 86.0 51.0 148.0
171.0 142.0 89.0 43.0
137.0 106.0 102.0 58.0
165.0 156.0 158.0 34.0
103.0 89.0 151.0 76.0
129.0 82.0 76.0 97.0
160.0 141.0 140.0 36.0
137.0 87.0 68.0 98.0
59.0 97.0 166.0 128.0
113.0 101.0 75.0 99.0
84.0 105.0 109.0 101.0
156.0 124.0 47.0 106.0
135.0 115.0 58.0 93.0
140.0 117.0 78.0 65.0
157.0 120.0 69.0 65.0
106.0 94.0 78.0 114.0
132.0 111.0 85.0 68.0
85.0 75.0 143.0 138.0
111.0 112.0 118.0 64.0
184.0 149.0 40.0 115.0
154.0 126.0 54.0 84.0
87.0 95.0 100.0 119.0
173.0 128.0 68.0 59.0
89.0 80.0 103.0 171.0
183.0 142.0 38.0 127.0
96.0 83.0 129.0 101.0
66.0 77.0 178.0 181.0
166.0 136.0 64.0 62.0
89.0 90.0 97.0 145.0
140.0 133.0 58.0 80.0
150.0 125.0 131.0 45.0
126.0 76.0 91.0 92.0
129.0 141.0 146.0 44.0
105.0 84.0 162.0 80.0
142.0 77.0 57.0 128.0
134.0 124.0 127.0 47.0
120.0 85.0 63.0 136.0
85.0 97.0 131.0 96.0
68.0 83.0 167.0 147.0
110.0 89.0 126.0 77.0
155.0 123.0 53.0 93.0
91.0 91.0 114.0 107.0
78.0 86.0 142.0 117.0
159.0 134.0 59.0 71.0
123.0 139.0 70.0 72.0
91.0 82.0 133.0 104.0
113.0 88.0 75.0 123.0
184.0 140.0 39.0 119.0
191.0 146.0 51.0 76.0
157.0 88.0 59.0 99.0
102.0 94.0 78.0 124.0
85.0 88.0 144.0 103.0
147.0 118.0 91.0 54.0
133.0 82.0 85.0 83.0
77.0 95.0 123.0 114.0
75.0 83.0 124.0 185.0
103.0 91.0 91.0 104.0
117.0 134.0 133.0 47.0
152.0 115.0 48.0 110.0
149.0 138.0 51.0 86.0
131.0 119.0 97.0 60.0
89.0 87.0 148.0 97.0
131.0 99.0 57.0 113.0
90.0 82.0 106.0 143.0
154.0 91.0 62.0 88.0
140.0 84.0 64.0 111.0
144.0 115.0 59.0 87.0
162.0 110.0 45.0 108.0
143.0 160.0 70.0 58.0
160.0 132.0 49.0 94.0
121.0 88.0 98.0 83.0
110.0 105.0 81.0 88.0
114.0 89.0 70.0 119.0
107.0 88.0 86.0 109.0
163.0 153.0 131.0 36.0
70.0 82.0 140.0 192.0
76.0 82.0 132.0 152.0
163.0 157.0 35.0 155.0
156.0 115.0 59.0 83.0
128.0 80.0 87.0 90.0
85.0 96.0 124.0 101.0
117.0 109.0 93.0 70.0
78.0 94.0 113.0 133.0
135.0 114.0 72.0 76.0
150.0 86.0 49.0 123.0
158.0 97.0 85.0 61.0
90.0 96.0 164.0 77.0
83.0 88.0 113.0 136.0
120.0 144.0 139.0 46.0
57.0 88.0 180.0 173.0
146.0 132.0 146.0 42.0
89.0 88.0 100.0 139.0
100.0 84.0 115.0 103.0
130.0 101.0 144.0 57.0
107.0 90.0 84.0 105.0
121.0 135.0 121.0 50.0
98.0 101.0 97.0 96.0
118.0 107.0 134.0 59.0
99.0 71.0 100.0 156.0
167.0 164.0 73.0 54.0
163.0 109.0 71.0 64.0
170.0 133.0 55.0 76.0
148.0 117.0 50.0 100.0
100.0 82.0 148.0 88.0
169.0 116.0 55.0 81.0
117.0 105.0 64.0 113.0
78.0 88.0 112.0 159.0
151.0 141.0 130.0 37.0
123.0 111.0 71.0 84.0
183.0 131.0 49.0 84.0
72.0 97.0 117.0 138.0
136.0 107.0 62.0 91.0
131.0 113.0 65.0 83.0
81.0 85.0 131.0 129.0
195.0 153.0 50.0 75.0
72.0 81.0 175.0 136.0
114.0 93.0 118.0 74.0
96.0 91.0 155.0 81.0
167.0 126.0 46.0 101.0
145.0 115.0 60.0 86.0
65.0 82.0 162.0 169.0
153.0 122.0 82.0 57.0
144.0 145.0 73.0 61.0
157.0 133.0 55.0 79.0
128.0 88.0 73.0 98.0
141.0 94.0 92.0 69.0
150.0 121.0 74.0 62.0
186.0 145.0 37.0 133.0
173.0 128.0 59.0 69.0
153.0 135.0 54.0 81.0
140.0 108.0 50.0 115.0
195.0 141.0 50.0 78.0
153.0 89.0 86.0 69.0
97.0 89.0 139.0 82.0
193.0 159.0 43.0 102.0
109.0 80.0 79.0 148.0
91.0 94.0 125.0 92.0
124.0 87.0 70.0 112.0
96.0 102.0 82.0 109.0
140.0 82.0 57.0 122.0
85.0 96.0 93.0 131.0
139.0 101.0 57.0 106.0
113.0 105.0 75.0 92.0
121.0 106.0 67.0 98.0
163.0 102.0 41.0 150.0
106.0 85.0 131.0 83.0
189.0 122.0 45.0 98.0
100.0 99.0 78.0 118.0
94.0 82.0 94.0 158.0
111.0 91.0 76.0 117.0
94.0 89.0 105.0 108.0
87.0 86.0 104.0 144.0
123.0 88.0 64.0 123.0
166.0 130.0 46.0 100.0
144.0 105.0 54.0 107.0
134.0 97.0 86.0 72.0
139.0 94.0 103.0 63.0
154.0 151.0 80.0 50.0
190.0 135.0 42.0 105.0
97.0 90.0 80.0 169.0
122.0 105.0 63.0 108.0
189.0 134.0 55.0 73.0
144.0 101.0 67.0 82.0
162.0 108.0 44.0 117.0
109.0 79.0 102.0 104.0
124.0 132.0 88.0 60.0
132.0 112.0 76.0 75.0
106.0 84.0 101.0 106.0
140.0 106.0 51.0 116.0
160.0 122.0 52.0 88.0
90.0 93.0 119.0 101.0
195.0 117.0 54.0 76.0
128.0 102.0 67.0 96.0
127.0 98.0 125.0 61.0
78.0 94.0 111.0 134.0
94.0 84.0 108.0 124.0
68.0 80.0 178.0 146.0
160.0 101.0 56.0 90.0
123.0 85.0 99.0 81.0
70.0 81.0 170.0 142.0
99.0 82.0 157.0 86.0
165.0 119.0 58.0 74.0
86.0 85.0 145.0 109.0
101.0 87.0 85.0 139.0
151.0 157.0 59.0 68.0
149.0 138.0 53.0 83.0
67.0 81.0 159.0 185.0
122.0 104.0 122.0 61.0
97.0 73.0 121.0 125.0
100.0 81.0 98.0 129.0
147.0 88.0 52.0 126.0
97.0 77.0 92.0 166.0
105.0 95.0 159.0 72.0
79.0 83.0 157.0 118.0
149.0 117.0 53.0 96.0
89.0 92.0 148.0 91.0
102.0 80.0 126.0 98.0
146.0 108.0 96.0 58.0
139.0 102.0 96.0 63.0
142.0 88.0 68.0 93.0
168.0 170.0 74.0 52.0
155.0 104.0 50.0 104.0
140.0 81.0 53.0 147.0
149.0 128.0 56.0 83.0
148.0 111.0 61.0 82.0
70.0 80.0 153.0 168.0
96.0 99.0 90.0 107.0
173.0 125.0 70.0 60.0
154.0 99.0 54.0 105.0
73.0 86.0 158.0 125.0
133.0 88.0 55.0 132.0
93.0 79.0 107.0 135.0
101.0 87.0 93.0 116.0
153.0 126.0 51.0 89.0
117.0 104.0 74.0 88.0
164.0 94.0 69.0 73.0
110.0 83.0 77.0 132.0
159.0 111.0 84.0 56.0
124.0 118.0 69.0 81.0
161.0 84.0 44.0 157.0
187.0 135.0 52.0 79.0
123.0 96.0 122.0 64.0
188.0 147.0 38.0 118.0
115.0 77.0 85.0 117.0
101.0 90.0 85.0 118.0
156.0 121.0 105.0 47.0
105.0 94.0 119.0 78.0
77.0 84.0 119.0 175.0
143.0 82.0 81.0 76.0
132.0 83.0 76.0 90.0
99.0 79.0 98.0 134.0
64.0 96.0 158.0 124.0
114.0 87.0 127.0 74.0
66.0 92.0 161.0 128.0
161.0 142.0 54.0 78.0
147.0 119.0 57.0 84.0
152.0 85.0 59.0 102.0
107.0 110.0 80.0 85.0
153.0 103.0 83.0 63.0
157.0 130.0 73.0 62.0
130.0 150.0 75.0 58.0
143.0 134.0 64.0 69.0
73.0 84.0 130.0 157.0
91.0 77.0 112.0 144.0
163.0 139.0 91.0 48.0
78.0 82.0 185.0 117.0
95.0 89.0 92.0 125.0
111.0 88.0 74.0 127.0
100.0 89.0 111.0 95.0
81.0 82.0 107.0 187.0
66.0 86.0 143.0 173.0
90.0 101.0 89.0 116.0
169.0 83.0 46.0 128.0
167.0 161.0 75.0 50.0
117.0 105.0 125.0 62.0
135.0 115.0 56.0 96.0
150.0 155.0 63.0 62.0
88.0 90.0 154.0 93.0
74.0 87.0 176.0 117.0
71.0 86.0 153.0 133.0
119.0 113.0 126.0 60.0
69.0 78.0 159.0 188.0
76.0 88.0 139.0 129.0
105.0 98.0 167.0 69.0
82.0 89.0 108.0 144.0
126.0 93.0 62.0 116.0
172.0 115.0 49.0 96.0
104.0 77.0 155.0 87.0
166.0 115.0 48.0 104.0
146.0 120.0 48.0 112.0
129.0 117.0 108.0 57.0
161.0 135.0 77.0 54.0
79.0 84.0 109.0 176.0
168.0 122.0 73.0 57.0
158.0 117.0 53.0 94.0
177.0 100.0 44.0 115.0
140.0 102.0 58.0 102.0
107.0 103.0 75.0 106.0
155.0 81.0 66.0 95.0
92.0 86.0 162.0 91.0
141.0 113.0 93.0 60.0
130.0 80.0 69.0 118.0
111.0 97.0 116.0 74.0
156.0 108.0 41.0 171.0
139.0 114.0 53.0 108.0
133.0 99.0 67.0 92.0
132.0 153.0 161.0 40.0
143.0 111.0 88.0 62.0
148.0 84.0 54.0 124.0
173.0 138.0 67.0 61.0
64.0 87.0 155.0 149.0
182.0 147.0 37.0 134.0
94.0 89.0 170.0 80.0
63.0 84.0 165.0 155.0
153.0 119.0 48.0 107.0
94.0 90.0 91.0 138.0
135.0 87.0 56.0 129.0
74.0 89.0 172.0 116.0
98.0 91.0 95.0 110.0
110.0 84.0 81.0 124.0
173.0 93.0 45.0 116.0
95.0 78.0 97.0 166.0
141.0 115.0 58.0 92.0
108.0 101.0 105.0 75.0
158.0 90.0 44.0 154.0
142.0 119.0 102.0 52.0
149.0 116.0 79.0 59.0
99.0 100.0 141.0 73.0
73.0 85.0 126.0 174.0
139.0 98.0 53.0 119.0
150.0 120.0 51.0 98.0
112.0 92.0 76.0 111.0
131.0 116.0 107.0 55.0
125.0 87.0 66.0 121.0
64.0 85.0 158.0 199.0
139.0 110.0 77.0 72.0
179.0 168.0 61.0 60.0
178.0 111.0 45.0 103.0
125.0 84.0 66.0 124.0
90.0 108.0 106.0 91.0
134.0 130.0 108.0 51.0
117.0 92.0 114.0 71.0
125.0 107.0 69.0 91.0
152.0 117.0 64.0 70.0
93.0 82.0 163.0 87.0
139.0 104.0 94.0 64.0
66.0 92.0 147.0 135.0
115.0 90.0 67.0 129.0
144.0 117.0 72.0 72.0
122.0 124.0 137.0 51.0
158.0 91.0 46.0 138.0
182.0 130.0 52.0 81.0
87.0 93.0 111.0 115.0
184.0 153.0 110.0 37.0
98.0 97.0 82.0 115.0
185.0 137.0 55.0 74.0
111.0 101.0 128.0 64.0
144.0 82.0 63.0 111.0
105.0 72.0 93.0 149.0
71.0 84.0 133.0 175.0
99.0 94.0 138.0 78.0
77.0 98.0 95.0 163.0
137.0 101.0 71.0 81.0
61.0 84.0 177.0 192.0
171.0 133.0 93.0 47.0
75.0 93.0 151.0 112.0
114.0 135.0 143.0 50.0
154.0 160.0 153.0 35.0
173.0 143.0 106.0 39.0
100.0 87.0 89.0 131.0
182.0 111.0 68.0 63.0
97.0 85.0 90.0 144.0
144.0 102.0 56.0 104.0
165.0 78.0 49.0 121.0
62.0 92.0 159.0 136.0
156.0 104.0 55.0 92.0
107.0 98.0 91.0 90.0
177.0 122.0 67.0 62.0
132.0 115.0 72.0 78.0
119.0 90.0 68.0 120.0
141.0 82.0 60.0 117.0
127.0 107.0 61.0 101.0
160.0 94.0 44.0 153.0
106.0 72.0 110.0 121.0
144.0 98.0 77.0 75.0
124.0 120.0 83.0 68.0
95.0 98.0 98.0 102.0
66.0 85.0 146.0 162.0
134.0 116.0 76.0 69.0
156.0 103.0 43.0 150.0
144.0 120.0 51.0 99.0
122.0 107.0 67.0 97.0
152.0 113.0 85.0 57.0
98.0 72.0 99.0 169.0
142.0 82.0 62.0 114.0
151.0 180.0 83.0 48.0
176.0 88.0 43.0 135.0
95.0 93.0 106.0 102.0
126.0 100.0 52.0 140.0
113.0 104.0 68.0 99.0
191.0 146.0 53.0 73.0
152.0 120.0 52.0 95.0
119.0 89.0 80.0 95.0
83.0 82.0 111.0 161.0
89.0 88.0 159.0 94.0
126.0 84.0 61.0 144.0
125.0 96.0 80.0 83.0
69.0 85.0 137.0 156.0
91.0 90.0 99.0 124.0
102.0 95.0 95.0 101.0
105.0 92.0 118.0 83.0
149.0 91.0 82.0 71.0
150.0 108.0 69.0 73.0
166.0 105.0 40.0 149.0
109.0 93.0 68.0 139.0
167.0 138.0 60.0 68.0
177.0 122.0 71.0 58.0
166.0 136.0 80.0 51.0
144.0 110.0 54.0 99.0
151.0 129.0 84.0 54.0
65.0 88.0 156.0 143.0
144.0 85.0 58.0 111.0
118.0 93.0 85.0 87.0
114.0 96.0 95.0 84.0
154.0 124.0 109.0 46.0
133.0 125.0 117.0 51.0
187.0 138.0 53.0 75.0
137.0 137.0 62.0 74.0
125.0 108.0 68.0 88.0
162.0 99.0 47.0 114.0
105.0 77.0 99.0 123.0
142.0 119.0 74.0 66.0
126.0 96.0 79.0 80.0
127.0 91.0 57.0 141.0
134.0 122.0 82.0 65.0
183.0 131.0 47.0 87.0
134.0 146.0 114.0 43.0
122.0 90.0 96.0 77.0
76.0 76.0 165.0 137.0
68.0 84.0 142.0 181.0
68.0 84.0 186.0 132.0
87.0 92.0 127.0 103.0
70.0 92.0 142.0 128.0
175.0 110.0 38.0 148.0
167.0 126.0 48.0 98.0
102.0 73.0 103.0 145.0
97.0 84.0 86.0 161.0
118.0 98.0 65.0 115.0
123.0 89.0 97.0 75.0
94.0 107.0 166.0 70.0
159.0 103.0 61.0 77.0
143.0 117.0 116.0 51.0
174.0 140.0 54.0 75.0
148.0 131.0 127.0 44.0
63.0 82.0 175.0 203.0
176.0 131.0 85.0 48.0
89.0 84.0 95.0 170.0
106.0 86.0 114.0 89.0
90.0 80.0 117.0 131.0
88.0 75.0 155.0 118.0
149.0 131.0 80.0 57.0
88.0 94.0 103.0 117.0
122.0 91.0 70.0 110.0
139.0 83.0 60.0 118.0
141.0 93.0 51.0 128.0
102.0 108.0 169.0 66.0
158.0 101.0 45.0 118.0
133.0 78.0 71.0 106.0
100.0 101.0 154.0 71.0
106.0 105.0 150.0 65.0
91.0 97.0 86.0 124.0
152.0 87.0 46.0 143.0
96.0 76.0 120.0 123.0
176.0 157.0 85.0 46.0
81.0 94.0 107.0 126.0
113.0 91.0 77.0 98.0
90.0 108.0 103.0 94.0
103.0 99.0 98.0 89.0
116.0 88.0 107.0 78.0
131.0 152.0 111.0 44.0
125.0 87.0 64.0 122.0
