126.0 110.0 50.0 149.0
104.0 162.0 63.0 79.0
74.0 82.0 106.0 124.0
108.0 139.0 102.0 53.0
96.0 103.0 73.0 117.0
98.0 135.0 123.0 52.0
92.0 145.0 68.0 87.0
105.0 107.0 65.0 119.0
106.0 100.0 66.0 132.0
106.0 95.0 85.0 92.0
89.0 63.0 111.0 122.0
118.0 91.0 76.0 98.0
104.0 115.0 85.0 76.0
125.0 177.0 53.0 82.0
89.0 139.0 83.0 72.0
91.0 118.0 94.0 70.0
122.0 136.0 84.0 57.0
111.0 106.0 116.0 58.0
109.0 132.0 91.0 62.0
129.0 192.0 63.0 61.0
110.0 127.0 108.0 53.0
125.0 119.0 48.0 142.0
98.0 173.0 85.0 52.0
130.0 163.0 50.0 92.0
102.0 145.0 65.0 86.0
94.0 166.0 86.0 55.0
106.0 123.0 55.0 135.0
113.0 117.0 73.0 87.0
92.0 95.0 75.0 140.0
101.0 135.0 65.0 92.0
92.0 78.0 83.0 154.0
79.0 91.0 140.0 88.0
123.0 118.0 52.0 128.0
155.0 199.0 60.0 65.0
98.0 107.0 73.0 113.0
136.0 155.0 87.0 46.0
111.0 159.0 79.0 54.0
63.0 130.0 123.0 72.0
93.0 94.0 69.0 166.0
100.0 140.0 108.0 51.0
94.0 81.0 104.0 98.0
122.0 137.0 82.0 58.0
152.0 183.0 52.0 78.0
108.0 110.0 65.0 112.0
119.0 128.0 123.0 44.0
94.0 133.0 60.0 117.0
96.0 110.0 73.0 107.0
79.0 78.0 137.0 98.0
88.0 97.0 74.0 144.0
78.0 90.0 118.0 91.0
119.0 135.0 47.0 127.0
79.0 86.0 104.0 113.0
90.0 76.0 90.0 127.0
87.0 98.0 100.0 86.0
77.0 84.0 130.0 97.0
97.0 118.0 56.0 160.0
99.0 123.0 53.0 155.0
78.0 92.0 115.0 96.0
132.0 157.0 52.0 88.0
160.0 194.0 41.0 114.0
83.0 71.0 122.0 118.0
107.0 141.0 73.0 75.0
84.0 97.0 99.0 98.0
84.0 127.0 73.0 103.0
88.0 132.0 134.0 54.0
120.0 164.0 103.0 42.0
79.0 104.0 157.0 74.0
143.0 205.0 51.0 75.0
98.0 109.0 89.0 82.0
64.0 89.0 116.0 120.0
119.0 139.0 47.0 125.0
88.0 125.0 89.0 75.0
83.0 73.0 108.0 122.0
115.0 136.0 48.0 130.0
124.0 99.0 61.0 121.0
102.0 111.0 57.0 155.0
158.0 163.0 78.0 47.0
80.0 110.0 91.0 94.0
142.0 143.0 45.0 108.0
79.0 113.0 118.0 76.0
74.0 100.0 129.0 87.0
102.0 115.0 62.0 119.0
102.0 151.0 85.0 59.0
97.0 64.0 91.0 139.0
75.0 83.0 126.0 107.0
107.0 148.0 63.0 85.0
134.0 128.0 57.0 89.0
131.0 166.0 95.0 42.0
130.0 144.0 59.0 79.0
120.0 109.0 64.0 103.0
102.0 96.0 72.0 121.0
101.0 73.0 114.0 93.0
84.0 72.0 122.0 111.0
119.0 143.0 67.0 76.0
97.0 126.0 84.0 73.0
108.0 118.0 67.0 101.0
101.0 152.0 59.0 91.0
90.0 115.0 88.0 85.0
124.0 163.0 63.0 70.0
86.0 82.0 99.0 112.0
75.0 65.0 119.0 145.0
73.0 54.0 145.0 161.0
117.0 154.0 88.0 49.0
110.0 96.0 75.0 104.0
108.0 144.0 88.0 59.0
104.0 97.0 63.0 143.0
119.0 148.0 89.0 53.0
120.0 142.0 68.0 73.0
123.0 169.0 46.0 97.0
82.0 99.0 78.0 127.0
119.0 129.0 48.0 134.0
135.0 157.0 49.0 96.0
94.0 113.0 65.0 130.0
101.0 144.0 62.0 93.0
121.0 139.0 51.0 105.0
113.0 103.0 67.0 114.0
138.0 121.0 70.0 74.0
89.0 65.0 129.0 111.0
98.0 73.0 123.0 90.0
102.0 104.0 71.0 111.0
78.0 105.0 76.0 144.0
71.0 89.0 107.0 112.0
108.0 86.0 69.0 143.0
126.0 146.0 79.0 53.0
100.0 129.0 128.0 51.0
132.0 171.0 42.0 102.0
106.0 131.0 77.0 74.0
100.0 115.0 91.0 69.0
101.0 131.0 107.0 56.0
93.0 78.0 83.0 145.0
114.0 159.0 54.0 85.0
109.0 98.0 76.0 102.0
115.0 140.0 70.0 76.0
88.0 85.0 112.0 95.0
125.0 128.0 58.0 94.0
124.0 128.0 53.0 105.0
136.0 173.0 138.0 39.0
90.0 118.0 86.0 86.0
81.0 93.0 135.0 85.0
120.0 138.0 127.0 42.0
82.0 88.0 114.0 97.0
67.0 121.0 80.0 115.0
112.0 101.0 62.0 132.0
74.0 80.0 130.0 110.0
117.0 158.0 107.0 43.0
108.0 112.0 85.0 74.0
125.0 154.0 55.0 82.0
96.0 90.0 74.0 142.0
131.0 159.0 62.0 69.0
116.0 130.0 66.0 85.0
119.0 157.0 136.0 40.0
119.0 151.0 118.0 42.0
85.0 128.0 98.0 68.0
116.0 126.0 70.0 83.0
78.0 140.0 77.0 90.0
109.0 124.0 123.0 52.0
138.0 166.0 56.0 79.0
102.0 105.0 87.0 85.0
143.0 171.0 52.0 81.0
71.0 98.0 143.0 87.0
108.0 103.0 81.0 93.0
79.0 65.0 103.0 168.0
86.0 112.0 95.0 84.0
114.0 160.0 99.0 46.0
114.0 109.0 54.0 139.0
117.0 97.0 58.0 139.0
116.0 141.0 44.0 134.0
71.0 81.0 108.0 129.0
76.0 109.0 112.0 83.0
125.0 161.0 67.0 65.0
107.0 146.0 61.0 89.0
138.0 168.0 71.0 51.0
116.0 148.0 46.0 118.0
112.0 136.0 74.0 71.0
121.0 137.0 48.0 118.0
133.0 133.0 85.0 54.0
97.0 73.0 92.0 126.0
107.0 143.0 56.0 99.0
130.0 118.0 73.0 75.0
113.0 159.0 76.0 58.0
97.0 95.0 70.0 139.0
122.0 169.0 71.0 57.0
101.0 76.0 78.0 159.0
75.0 102.0 92.0 110.0
103.0 127.0 80.0 73.0
69.0 73.0 119.0 135.0
124.0 136.0 62.0 85.0
105.0 74.0 73.0 164.0
88.0 115.0 108.0 68.0
110.0 109.0 61.0 129.0
89.0 144.0 90.0 63.0
85.0 66.0 101.0 139.0
104.0 157.0 105.0 45.0
113.0 144.0 120.0 46.0
97.0 139.0 99.0 58.0
95.0 97.0 105.0 81.0
80.0 64.0 119.0 131.0
89.0 131.0 90.0 71.0
83.0 105.0 119.0 78.0
114.0 110.0 68.0 100.0
123.0 156.0 43.0 113.0
88.0 88.0 80.0 142.0
103.0 132.0 82.0 70.0
100.0 114.0 123.0 60.0
111.0 117.0 66.0 99.0
98.0 115.0 67.0 116.0
93.0 128.0 54.0 156.0
72.0 86.0 97.0 130.0
111.0 150.0 55.0 95.0
99.0 135.0 119.0 51.0
127.0 121.0 106.0 48.0
77.0 125.0 80.0 103.0
93.0 127.0 87.0 72.0
114.0 116.0 56.0 123.0
78.0 66.0 115.0 136.0
84.0 94.0 187.0 77.0
116.0 172.0 62.0 70.0
79.0 94.0 107.0 98.0
93.0 115.0 64.0 129.0
104.0 135.0 59.0 107.0
84.0 79.0 133.0 94.0
110.0 107.0 69.0 103.0
80.0 61.0 135.0 126.0
124.0 118.0 59.0 103.0
73.0 109.0 89.0 101.0
120.0 64.0 71.0 176.0
74.0 94.0 112.0 100.0
71.0 78.0 123.0 122.0
111.0 144.0 57.0 97.0
94.0 95.0 75.0 129.0
76.0 86.0 99.0 118.0
104.0 129.0 88.0 65.0
121.0 127.0 45.0 143.0
91.0 95.0 70.0 168.0
92.0 141.0 123.0 52.0
110.0 129.0 79.0 71.0
81.0 111.0 112.0 77.0
100.0 141.0 100.0 55.0
94.0 88.0 105.0 90.0
98.0 139.0 66.0 91.0
95.0 138.0 109.0 54.0
93.0 75.0 116.0 93.0
103.0 120.0 80.0 79.0
142.0 211.0 54.0 73.0
95.0 108.0 88.0 86.0
82.0 91.0 89.0 124.0
86.0 90.0 87.0 113.0
82.0 75.0 119.0 108.0
110.0 125.0 109.0 53.0
109.0 145.0 60.0 90.0
109.0 120.0 121.0 53.0
115.0 126.0 98.0 57.0
143.0 149.0 40.0 142.0
68.0 104.0 91.0 116.0
86.0 92.0 90.0 110.0
99.0 90.0 67.0 169.0
86.0 74.0 124.0 100.0
91.0 98.0 77.0 125.0
134.0 110.0 49.0 138.0
117.0 138.0 72.0 68.0
81.0 67.0 106.0 135.0
136.0 158.0 97.0 43.0
78.0 120.0 91.0 86.0
144.0 152.0 89.0 44.0
113.0 103.0 113.0 60.0
71.0 91.0 120.0 101.0
96.0 77.0 96.0 111.0
114.0 112.0 55.0 137.0
82.0 108.0 80.0 114.0
89.0 107.0 85.0 99.0
122.0 134.0 57.0 96.0
90.0 88.0 76.0 149.0
136.0 203.0 51.0 80.0
78.0 101.0 161.0 77.0
133.0 137.0 44.0 119.0
125.0 142.0 52.0 96.0
129.0 141.0 58.0 82.0
92.0 128.0 79.0 82.0
126.0 134.0 56.0 91.0
110.0 122.0 106.0 57.0
71.0 60.0 132.0 153.0
124.0 165.0 42.0 118.0
69.0 67.0 123.0 145.0
94.0 93.0 72.0 147.0
125.0 87.0 57.0 161.0
130.0 172.0 83.0 46.0
164.0 191.0 53.0 74.0
121.0 131.0 69.0 78.0
67.0 78.0 107.0 149.0
111.0 121.0 48.0 167.0
108.0 154.0 111.0 44.0
124.0 123.0 80.0 65.0
126.0 128.0 65.0 83.0
112.0 119.0 67.0 93.0
98.0 60.0 87.0 175.0
76.0 116.0 90.0 97.0
96.0 139.0 59.0 110.0
111.0 139.0 61.0 92.0
123.0 156.0 66.0 66.0
107.0 120.0 120.0 55.0
112.0 63.0 80.0 149.0
85.0 109.0 94.0 88.0
111.0 103.0 60.0 135.0
128.0 145.0 60.0 80.0
143.0 179.0 133.0 39.0
72.0 73.0 137.0 122.0
118.0 119.0 71.0 84.0
127.0 153.0 73.0 54.0
121.0 174.0 107.0 40.0
122.0 167.0 100.0 42.0
77.0 115.0 149.0 69.0
104.0 136.0 60.0 102.0
122.0 133.0 61.0 87.0
110.0 91.0 97.0 78.0
83.0 87.0 97.0 112.0
92.0 128.0 92.0 67.0
113.0 99.0 72.0 103.0
131.0 134.0 94.0 47.0
118.0 127.0 58.0 100.0
64.0 86.0 152.0 112.0
99.0 95.0 76.0 117.0
80.0 95.0 85.0 128.0
100.0 153.0 70.0 77.0
98.0 129.0 80.0 77.0
102.0 111.0 60.0 149.0
106.0 157.0 65.0 76.0
102.0 92.0 65.0 161.0
59.0 118.0 151.0 79.0
108.0 124.0 58.0 115.0
156.0 188.0 51.0 78.0
78.0 65.0 126.0 132.0
135.0 123.0 53.0 102.0
103.0 114.0 54.0 163.0
80.0 81.0 114.0 109.0
143.0 174.0 55.0 79.0
105.0 110.0 136.0 55.0
100.0 70.0 83.0 154.0
112.0 119.0 60.0 108.0
98.0 111.0 79.0 95.0
103.0 135.0 51.0 135.0
105.0 124.0 53.0 143.0
123.0 143.0 78.0 58.0
125.0 96.0 56.0 145.0
111.0 133.0 75.0 71.0
73.0 65.0 126.0 141.0
87.0 91.0 80.0 137.0
99.0 106.0 107.0 68.0
90.0 102.0 90.0 97.0
94.0 126.0 58.0 133.0
68.0 78.0 112.0 136.0
84.0 91.0 115.0 91.0
97.0 106.0 128.0 64.0
154.0 187.0 54.0 76.0
100.0 126.0 103.0 60.0
114.0 100.0 63.0 128.0
84.0 114.0 103.0 72.0
114.0 173.0 108.0 41.0
135.0 159.0 65.0 67.0
117.0 145.0 82.0 56.0
68.0 98.0 96.0 126.0
102.0 97.0 81.0 101.0
97.0 73.0 82.0 159.0
92.0 159.0 61.0 90.0
132.0 170.0 68.0 61.0
88.0 131.0 59.0 134.0
123.0 96.0 60.0 131.0
109.0 139.0 103.0 51.0
102.0 90.0 72.0 131.0
105.0 95.0 65.0 152.0
79.0 97.0 125.0 83.0
124.0 145.0 41.0 132.0
114.0 153.0 89.0 53.0
78.0 133.0 72.0 105.0
119.0 138.0 69.0 76.0
116.0 131.0 78.0 67.0
99.0 109.0 84.0 87.0
114.0 141.0 101.0 48.0
130.0 155.0 68.0 64.0
105.0 117.0 72.0 91.0
77.0 141.0 92.0 68.0
82.0 57.0 133.0 138.0
84.0 58.0 104.0 162.0
136.0 122.0 50.0 113.0
86.0 113.0 89.0 89.0
107.0 138.0 104.0 52.0
95.0 108.0 70.0 124.0
99.0 142.0 143.0 45.0
103.0 119.0 134.0 53.0
111.0 145.0 96.0 51.0
67.0 118.0 122.0 76.0
115.0 85.0 67.0 134.0
83.0 117.0 94.0 84.0
114.0 144.0 56.0 93.0
101.0 138.0 140.0 46.0
117.0 132.0 65.0 85.0
112.0 122.0 61.0 106.0
86.0 86.0 114.0 94.0
97.0 86.0 78.0 126.0
101.0 143.0 66.0 86.0
118.0 140.0 105.0 47.0
147.0 181.0 58.0 70.0
123.0 143.0 59.0 81.0
83.0 120.0 73.0 114.0
102.0 61.0 86.0 161.0
105.0 159.0 54.0 96.0
116.0 159.0 46.0 105.0
97.0 100.0 77.0 106.0
94.0 130.0 83.0 74.0
71.0 90.0 99.0 126.0
114.0 181.0 99.0 42.0
94.0 132.0 59.0 122.0
93.0 77.0 89.0 127.0
139.0 154.0 49.0 95.0
79.0 66.0 128.0 127.0
82.0 76.0 102.0 118.0
110.0 170.0 60.0 73.0
110.0 113.0 95.0 64.0
98.0 78.0 79.0 148.0
124.0 136.0 70.0 73.0
112.0 126.0 57.0 112.0
146.0 145.0 64.0 68.0
103.0 93.0 95.0 87.0
105.0 154.0 59.0 88.0
107.0 116.0 64.0 107.0
123.0 141.0 111.0 43.0
83.0 100.0 122.0 81.0
112.0 104.0 57.0 144.0
129.0 162.0 69.0 58.0
91.0 102.0 87.0 101.0
89.0 111.0 65.0 152.0
106.0 105.0 94.0 69.0
134.0 153.0 53.0 86.0
102.0 133.0 101.0 56.0
112.0 114.0 69.0 94.0
88.0 82.0 93.0 117.0
125.0 152.0 48.0 100.0
116.0 147.0 94.0 48.0
112.0 122.0 68.0 90.0
101.0 89.0 113.0 78.0
75.0 102.0 106.0 92.0
125.0 143.0 56.0 86.0
114.0 96.0 61.0 136.0
112.0 108.0 66.0 109.0
108.0 73.0 72.0 171.0
140.0 147.0 72.0 58.0
78.0 79.0 112.0 115.0
95.0 55.0 93.0 158.0
77.0 109.0 107.0 84.0
141.0 184.0 59.0 69.0
122.0 129.0 75.0 65.0
78.0 78.0 100.0 127.0
90.0 85.0 118.0 88.0
100.0 105.0 67.0 122.0
134.0 179.0 59.0 72.0
93.0 107.0 121.0 70.0
91.0 142.0 75.0 84.0
131.0 158.0 64.0 69.0
119.0 160.0 57.0 78.0
71.0 69.0 112.0 148.0
71.0 57.0 141.0 159.0
109.0 127.0 118.0 51.0
69.0 98.0 107.0 104.0
70.0 78.0 115.0 133.0
125.0 133.0 62.0 86.0
135.0 199.0 50.0 82.0
105.0 126.0 98.0 60.0
125.0 129.0 56.0 98.0
94.0 124.0 114.0 58.0
69.0 65.0 123.0 152.0
89.0 132.0 83.0 76.0
83.0 81.0 98.0 115.0
121.0 104.0 106.0 59.0
125.0 152.0 82.0 51.0
96.0 125.0 104.0 61.0
107.0 93.0 88.0 88.0
77.0 107.0 142.0 74.0
127.0 99.0 53.0 148.0
141.0 191.0 56.0 75.0
123.0 110.0 74.0 85.0
73.0 115.0 78.0 119.0
76.0 87.0 105.0 114.0
79.0 116.0 77.0 114.0
136.0 167.0 80.0 48.0
116.0 101.0 74.0 92.0
143.0 176.0 78.0 48.0
130.0 153.0 89.0 47.0
134.0 149.0 68.0 65.0
77.0 120.0 150.0 65.0
124.0 148.0 47.0 108.0
120.0 152.0 117.0 42.0
89.0 73.0 87.0 141.0
114.0 92.0 79.0 97.0
102.0 125.0 125.0 52.0
133.0 133.0 79.0 57.0
80.0 145.0 89.0 70.0
120.0 153.0 50.0 99.0
101.0 103.0 96.0 72.0
84.0 111.0 69.0 132.0
116.0 104.0 72.0 97.0
107.0 134.0 79.0 70.0
83.0 120.0 79.0 102.0
132.0 130.0 80.0 58.0
131.0 171.0 51.0 86.0
96.0 131.0 148.0 51.0
109.0 122.0 85.0 70.0
133.0 94.0 51.0 165.0
122.0 133.0 48.0 126.0
95.0 93.0 82.0 114.0
108.0 134.0 80.0 67.0
122.0 136.0 65.0 80.0
130.0 124.0 52.0 108.0
100.0 116.0 71.0 104.0
148.0 160.0 56.0 76.0
146.0 187.0 55.0 76.0
89.0 128.0 85.0 77.0
141.0 161.0 48.0 92.0
86.0 124.0 99.0 68.0
114.0 175.0 51.0 91.0
75.0 73.0 130.0 114.0
130.0 113.0 54.0 112.0
124.0 119.0 133.0 46.0
105.0 144.0 89.0 59.0
135.0 159.0 82.0 49.0
111.0 108.0 103.0 64.0
127.0 110.0 98.0 58.0
126.0 162.0 54.0 82.0
111.0 127.0 73.0 81.0
75.0 117.0 85.0 102.0
109.0 101.0 69.0 116.0
117.0 122.0 48.0 155.0
105.0 112.0 110.0 62.0
136.0 157.0 48.0 96.0
91.0 119.0 63.0 134.0
86.0 131.0 89.0 73.0
109.0 153.0 86.0 54.0
132.0 108.0 49.0 139.0
133.0 136.0 48.0 112.0
86.0 82.0 94.0 125.0
86.0 116.0 96.0 73.0
115.0 189.0 53.0 81.0
94.0 133.0 121.0 54.0
113.0 140.0 64.0 86.0
118.0 134.0 55.0 101.0
93.0 151.0 89.0 60.0
117.0 139.0 85.0 57.0
87.0 118.0 87.0 86.0
66.0 111.0 115.0 84.0
139.0 188.0 55.0 77.0
126.0 138.0 52.0 99.0
117.0 152.0 88.0 53.0
111.0 115.0 61.0 114.0
92.0 100.0 67.0 154.0
112.0 95.0 61.0 148.0
114.0 125.0 63.0 94.0
124.0 127.0 62.0 89.0
110.0 145.0 64.0 84.0
123.0 181.0 71.0 52.0
92.0 67.0 138.0 96.0
87.0 88.0 93.0 113.0
157.0 175.0 81.0 46.0
74.0 108.0 163.0 73.0
85.0 128.0 91.0 70.0
110.0 158.0 46.0 117.0
110.0 84.0 66.0 150.0
126.0 150.0 55.0 83.0
73.0 77.0 124.0 120.0
129.0 159.0 77.0 51.0
93.0 109.0 81.0 98.0
123.0 116.0 86.0 64.0
78.0 119.0 90.0 90.0
96.0 102.0 120.0 71.0
128.0 153.0 87.0 49.0
102.0 134.0 125.0 49.0
86.0 74.0 91.0 143.0
78.0 58.0 121.0 152.0
126.0 123.0 54.0 107.0
125.0 125.0 109.0 47.0
133.0 164.0 65.0 63.0
123.0 114.0 56.0 119.0
77.0 94.0 104.0 109.0
91.0 116.0 103.0 69.0
126.0 148.0 41.0 127.0
133.0 111.0 45.0 175.0
117.0 162.0 45.0 109.0
87.0 69.0 131.0 99.0
96.0 117.0 59.0 151.0
93.0 98.0 71.0 142.0
115.0 134.0 66.0 84.0
98.0 87.0 71.0 150.0
80.0 111.0 96.0 85.0
134.0 137.0 49.0 103.0
126.0 183.0 66.0 62.0
88.0 118.0 92.0 79.0
110.0 108.0 67.0 107.0
119.0 173.0 128.0 40.0
102.0 139.0 83.0 65.0
146.0 170.0 135.0 39.0
85.0 125.0 84.0 86.0
109.0 129.0 96.0 60.0
82.0 92.0 85.0 129.0
118.0 103.0 56.0 145.0
116.0 142.0 67.0 78.0
94.0 134.0 81.0 73.0
63.0 121.0 117.0 79.0
82.0 100.0 111.0 85.0
123.0 144.0 55.0 88.0
88.0 97.0 88.0 107.0
63.0 82.0 118.0 135.0
95.0 86.0 73.0 158.0
92.0 118.0 105.0 64.0
112.0 124.0 99.0 58.0
135.0 173.0 67.0 60.0
118.0 123.0 96.0 58.0
80.0 69.0 115.0 131.0
92.0 56.0 97.0 160.0
64.0 109.0 109.0 96.0
128.0 118.0 84.0 61.0
93.0 93.0 116.0 80.0
92.0 93.0 73.0 146.0
98.0 110.0 62.0 137.0
107.0 127.0 70.0 87.0
121.0 122.0 81.0 64.0
112.0 107.0 70.0 102.0
89.0 83.0 86.0 137.0
107.0 132.0 51.0 132.0
115.0 124.0 104.0 54.0
94.0 86.0 92.0 100.0
91.0 113.0 79.0 100.0
90.0 104.0 85.0 101.0
91.0 114.0 103.0 70.0
95.0 127.0 77.0 88.0
132.0 141.0 88.0 48.0
84.0 114.0 82.0 101.0
89.0 135.0 90.0 67.0
163.0 187.0 45.0 93.0
72.0 75.0 144.0 120.0
124.0 140.0 67.0 73.0
95.0 129.0 86.0 72.0
108.0 148.0 75.0 63.0
99.0 68.0 79.0 172.0
107.0 103.0 103.0 66.0
88.0 101.0 77.0 125.0
77.0 69.0 108.0 144.0
83.0 123.0 85.0 89.0
128.0 152.0 83.0 50.0
84.0 123.0 109.0 65.0
83.0 107.0 76.0 126.0
99.0 138.0 98.0 58.0
103.0 146.0 77.0 66.0
86.0 112.0 76.0 114.0
84.0 109.0 112.0 75.0
99.0 102.0 82.0 98.0
93.0 66.0 88.0 153.0
92.0 154.0 73.0 76.0
81.0 96.0 97.0 105.0
116.0 120.0 83.0 67.0
71.0 81.0 101.0 133.0
91.0 114.0 84.0 92.0
117.0 110.0 53.0 146.0
130.0 178.0 98.0 41.0
117.0 155.0 43.0 125.0
70.0 79.0 118.0 123.0
66.0 121.0 97.0 87.0
83.0 53.0 117.0 165.0
92.0 111.0 76.0 106.0
75.0 85.0 93.0 128.0
84.0 108.0 120.0 75.0
87.0 142.0 65.0 101.0
103.0 132.0 71.0 85.0
124.0 173.0 47.0 95.0
138.0 194.0 51.0 82.0
94.0 70.0 82.0 163.0
110.0 118.0 108.0 58.0
74.0 68.0 113.0 145.0
75.0 62.0 121.0 148.0
121.0 173.0 50.0 87.0
118.0 100.0 55.0 147.0
90.0 96.0 80.0 122.0
97.0 102.0 98.0 73.0
123.0 135.0 75.0 62.0
117.0 127.0 77.0 68.0
85.0 153.0 108.0 52.0
112.0 115.0 68.0 97.0
113.0 145.0 119.0 44.0
99.0 105.0 78.0 101.0
90.0 88.0 79.0 139.0
94.0 61.0 118.0 119.0
67.0 123.0 157.0 69.0
83.0 99.0 98.0 98.0
100.0 130.0 59.0 119.0
95.0 85.0 76.0 146.0
89.0 137.0 74.0 88.0
99.0 107.0 81.0 95.0
74.0 60.0 118.0 156.0
83.0 82.0 95.0 127.0
119.0 116.0 117.0 52.0
125.0 151.0 90.0 47.0
105.0 136.0 101.0 54.0
105.0 118.0 68.0 103.0
114.0 76.0 68.0 157.0
96.0 79.0 83.0 137.0
98.0 114.0 76.0 96.0
106.0 122.0 60.0 114.0
91.0 112.0 95.0 83.0
97.0 128.0 121.0 55.0
106.0 115.0 72.0 96.0
114.0 151.0 54.0 95.0
94.0 152.0 103.0 52.0
95.0 157.0 60.0 92.0
109.0 80.0 72.0 146.0
121.0 99.0 71.0 101.0
86.0 98.0 75.0 146.0
143.0 164.0 92.0 43.0
114.0 101.0 78.0 91.0
86.0 65.0 105.0 137.0
86.0 81.0 84.0 141.0
115.0 168.0 68.0 65.0
96.0 90.0 109.0 83.0
97.0 100.0 83.0 99.0
73.0 93.0 122.0 95.0
84.0 99.0 87.0 112.0
115.0 145.0 94.0 52.0
71.0 88.0 94.0 131.0
130.0 146.0 41.0 120.0
86.0 87.0 96.0 111.0
89.0 109.0 74.0 119.0
126.0 183.0 70.0 55.0
88.0 48.0 112.0 169.0
116.0 131.0 91.0 57.0
98.0 138.0 74.0 84.0
101.0 120.0 105.0 60.0
71.0 100.0 92.0 120.0
87.0 84.0 87.0 127.0
99.0 101.0 70.0 129.0
72.0 83.0 109.0 125.0
111.0 172.0 76.0 53.0
107.0 65.0 83.0 140.0
124.0 151.0 77.0 56.0
101.0 122.0 129.0 55.0
77.0 67.0 110.0 137.0
95.0 104.0 97.0 79.0
95.0 129.0 103.0 61.0
70.0 100.0 100.0 110.0
117.0 132.0 126.0 43.0
124.0 183.0 48.0 87.0
112.0 122.0 105.0 57.0
100.0 94.0 92.0 90.0
103.0 136.0 75.0 79.0
80.0 123.0 86.0 89.0
80.0 66.0 101.0 166.0
92.0 94.0 81.0 116.0
110.0 133.0 63.0 91.0
97.0 109.0 106.0 69.0
84.0 109.0 89.0 95.0
93.0 119.0 81.0 87.0
75.0 105.0 134.0 79.0
105.0 69.0 78.0 160.0
99.0 70.0 93.0 126.0
102.0 104.0 70.0 117.0
92.0 75.0 87.0 139.0
101.0 102.0 65.0 137.0
90.0 139.0 103.0 58.0
71.0 103.0 87.0 114.0
84.0 112.0 87.0 97.0
98.0 130.0 73.0 88.0
96.0 144.0 80.0 70.0
97.0 113.0 106.0 63.0
124.0 87.0 58.0 154.0
82.0 115.0 79.0 104.0
123.0 165.0 66.0 64.0
121.0 132.0 58.0 94.0
79.0 92.0 88.0 126.0
137.0 194.0 59.0 66.0
108.0 114.0 79.0 80.0
85.0 149.0 78.0 76.0
107.0 153.0 83.0 56.0
82.0 105.0 122.0 75.0
110.0 144.0 63.0 88.0
104.0 141.0 123.0 45.0
101.0 137.0 76.0 76.0
116.0 179.0 95.0 43.0
123.0 172.0 103.0 41.0
97.0 94.0 76.0 125.0
92.0 120.0 133.0 58.0
129.0 152.0 50.0 93.0
109.0 163.0 66.0 72.0
110.0 130.0 58.0 106.0
83.0 122.0 89.0 83.0
96.0 116.0 101.0 67.0
110.0 112.0 93.0 66.0
121.0 128.0 72.0 72.0
121.0 124.0 53.0 113.0
114.0 130.0 93.0 58.0
88.0 102.0 78.0 118.0
107.0 124.0 124.0 52.0
110.0 146.0 58.0 92.0
123.0 125.0 57.0 102.0
85.0 80.0 97.0 125.0
69.0 127.0 82.0 102.0
94.0 93.0 79.0 121.0
89.0 118.0 154.0 59.0
106.0 108.0 77.0 93.0
132.0 126.0 85.0 56.0
106.0 96.0 74.0 115.0
105.0 132.0 61.0 101.0
87.0 138.0 94.0 65.0
119.0 166.0 53.0 87.0
110.0 81.0 81.0 111.0
117.0 139.0 48.0 125.0
115.0 56.0 76.0 179.0
106.0 110.0 67.0 114.0
107.0 126.0 74.0 85.0
74.0 122.0 87.0 97.0
115.0 110.0 65.0 104.0
133.0 121.0 63.0 88.0
74.0 68.0 108.0 146.0
99.0 124.0 71.0 97.0
129.0 167.0 58.0 75.0
90.0 85.0 86.0 127.0
74.0 101.0 132.0 84.0
122.0 142.0 44.0 122.0
86.0 65.0 96.0 154.0
117.0 120.0 101.0 55.0
103.0 152.0 94.0 53.0
114.0 111.0 88.0 71.0
125.0 117.0 58.0 105.0
101.0 79.0 74.0 150.0
144.0 179.0 63.0 60.0
141.0 160.0 63.0 68.0
110.0 161.0 52.0 93.0
134.0 156.0 39.0 150.0
107.0 132.0 117.0 51.0
116.0 109.0 89.0 70.0
103.0 139.0 92.0 59.0
69.0 64.0 123.0 159.0
119.0 150.0 49.0 104.0
102.0 72.0 78.0 160.0
119.0 91.0 59.0 158.0
98.0 118.0 82.0 82.0
89.0 153.0 96.0 56.0
117.0 121.0 125.0 48.0
108.0 145.0 121.0 45.0
116.0 122.0 55.0 116.0
131.0 143.0 50.0 98.0
83.0 69.0 100.0 139.0
71.0 78.0 113.0 133.0
117.0 134.0 49.0 128.0
74.0 72.0 148.0 119.0
106.0 144.0 69.0 79.0
92.0 81.0 78.0 162.0
103.0 106.0 70.0 115.0
117.0 109.0 93.0 65.0
90.0 113.0 118.0 67.0
77.0 112.0 88.0 102.0
125.0 175.0 56.0 80.0
74.0 78.0 123.0 115.0
113.0 133.0 51.0 120.0
143.0 139.0 83.0 49.0
143.0 185.0 66.0 58.0
79.0 117.0 172.0 66.0
88.0 136.0 89.0 71.0
85.0 82.0 100.0 114.0
65.0 108.0 122.0 90.0
102.0 100.0 105.0 70.0
119.0 148.0 54.0 92.0
95.0 94.0 81.0 112.0
83.0 111.0 100.0 81.0
68.0 98.0 105.0 112.0
71.0 79.0 121.0 122.0
109.0 107.0 112.0 61.0
115.0 111.0 63.0 108.0
103.0 126.0 110.0 57.0
147.0 181.0 62.0 63.0
100.0 93.0 75.0 119.0
133.0 158.0 40.0 146.0
107.0 120.0 70.0 93.0
72.0 74.0 128.0 123.0
84.0 66.0 117.0 126.0
107.0 125.0 68.0 92.0
81.0 94.0 192.0 79.0
81.0 148.0 91.0 65.0
106.0 113.0 63.0 117.0
72.0 84.0 116.0 116.0
81.0 109.0 74.0 128.0
70.0 108.0 148.0 79.0
141.0 145.0 84.0 47.0
138.0 182.0 60.0 66.0
108.0 66.0 76.0 164.0
113.0 118.0 87.0 69.0
119.0 144.0 105.0 44.0
78.0 81.0 125.0 105.0
128.0 180.0 63.0 66.0
114.0 90.0 60.0 173.0
103.0 97.0 84.0 95.0
112.0 133.0 60.0 96.0
95.0 74.0 87.0 136.0
116.0 102.0 108.0 62.0
105.0 155.0 68.0 74.0
97.0 75.0 105.0 106.0
90.0 140.0 95.0 62.0
97.0 128.0 131.0 54.0
113.0 146.0 68.0 75.0
111.0 129.0 80.0 70.0
81.0 70.0 151.0 103.0
85.0 144.0 102.0 59.0
117.0 153.0 48.0 111.0
126.0 121.0 88.0 60.0
106.0 78.0 76.0 143.0
120.0 120.0 135.0 47.0
120.0 113.0 98.0 59.0
118.0 124.0 48.0 146.0
81.0 67.0 99.0 145.0
102.0 116.0 79.0 89.0
116.0 120.0 97.0 60.0
119.0 154.0 65.0 69.0
81.0 125.0 127.0 60.0
108.0 141.0 122.0 47.0
114.0 134.0 64.0 89.0
117.0 125.0 73.0 77.0
72.0 93.0 150.0 86.0
131.0 123.0 86.0 57.0
127.0 130.0 120.0 46.0
112.0 125.0 100.0 56.0
112.0 111.0 82.0 75.0
97.0 117.0 62.0 131.0
114.0 149.0 69.0 69.0
131.0 172.0 59.0 74.0
96.0 154.0 63.0 90.0
123.0 126.0 102.0 52.0
137.0 174.0 74.0 49.0
97.0 115.0 91.0 74.0
89.0 66.0 115.0 120.0
97.0 63.0 92.0 141.0
94.0 147.0 94.0 59.0
87.0 115.0 71.0 121.0
87.0 126.0 78.0 94.0
122.0 135.0 80.0 61.0
75.0 128.0 88.0 86.0
120.0 159.0 48.0 97.0
80.0 98.0 112.0 90.0
144.0 146.0 77.0 50.0
79.0 99.0 92.0 101.0
66.0 95.0 118.0 107.0
102.0 93.0 99.0 78.0
71.0 105.0 96.0 107.0
115.0 136.0 86.0 60.0
104.0 109.0 75.0 98.0
112.0 166.0 73.0 55.0
123.0 162.0 135.0 40.0
71.0 111.0 104.0 92.0
84.0 63.0 100.0 177.0
67.0 122.0 141.0 72.0
98.0 102.0 76.0 110.0
126.0 149.0 51.0 97.0
112.0 161.0 46.0 112.0
121.0 132.0 49.0 121.0
106.0 148.0 68.0 80.0
87.0 103.0 72.0 132.0
74.0 81.0 123.0 114.0
109.0 94.0 84.0 93.0
89.0 105.0 91.0 91.0
134.0 141.0 65.0 68.0
94.0 103.0 67.0 139.0
133.0 145.0 81.0 52.0
89.0 112.0 139.0 63.0
97.0 113.0 64.0 122.0
101.0 139.0 73.0 79.0
139.0 128.0 64.0 75.0
120.0 149.0 92.0 50.0
70.0 123.0 75.0 119.0
85.0 120.0 71.0 117.0
125.0 148.0 125.0 41.0
122.0 145.0 45.0 120.0
100.0 103.0 95.0 83.0
131.0 151.0 58.0 76.0
105.0 148.0 52.0 112.0
140.0 138.0 90.0 46.0
65.0 89.0 134.0 105.0
124.0 115.0 49.0 143.0
80.0 88.0 135.0 89.0
106.0 99.0 82.0 94.0
88.0 68.0 91.0 144.0
121.0 121.0 56.0 110.0
101.0 134.0 60.0 103.0
64.0 109.0 136.0 86.0
96.0 112.0 127.0 59.0
90.0 100.0 101.0 83.0
99.0 112.0 68.0 111.0
120.0 123.0 111.0 50.0
114.0 146.0 109.0 46.0
122.0 119.0 64.0 92.0
108.0 124.0 76.0 84.0
75.0 86.0 97.0 127.0
87.0 96.0 73.0 149.0
120.0 147.0 41.0 139.0
140.0 147.0 46.0 102.0
129.0 123.0 52.0 115.0
100.0 126.0 89.0 69.0
71.0 124.0 122.0 67.0
111.0 136.0 90.0 58.0
125.0 122.0 54.0 111.0
104.0 98.0 75.0 114.0
114.0 122.0 119.0 50.0
87.0 141.0 88.0 70.0
99.0 133.0 94.0 62.0
110.0 149.0 91.0 53.0
78.0 68.0 103.0 147.0
112.0 134.0 106.0 49.0
109.0 138.0 102.0 53.0
107.0 106.0 79.0 90.0
107.0 117.0 62.0 118.0
93.0 107.0 91.0 85.0
117.0 71.0 68.0 164.0
98.0 115.0 61.0 134.0
95.0 126.0 95.0 65.0
82.0 94.0 155.0 79.0
101.0 149.0 67.0 82.0
71.0 76.0 105.0 146.0
103.0 103.0 90.0 81.0
75.0 88.0 110.0 104.0
79.0 66.0 105.0 155.0
80.0 125.0 71.0 117.0
67.0 72.0 152.0 134.0
103.0 112.0 81.0 83.0
114.0 109.0 52.0 167.0
132.0 145.0 107.0 42.0
106.0 115.0 59.0 132.0
81.0 103.0 109.0 84.0
111.0 84.0 65.0 157.0
74.0 57.0 125.0 177.0
94.0 125.0 103.0 64.0
123.0 142.0 74.0 62.0
97.0 85.0 82.0 121.0
72.0 120.0 94.0 93.0
134.0 170.0 64.0 67.0
89.0 89.0 90.0 110.0
84.0 80.0 119.0 101.0
126.0 132.0 96.0 50.0
72.0 74.0 124.0 127.0
83.0 87.0 88.0 128.0
117.0 100.0 59.0 137.0
115.0 114.0 58.0 120.0
115.0 115.0 57.0 122.0
120.0 177.0 61.0 70.0
111.0 163.0 55.0 84.0
88.0 121.0 102.0 69.0
86.0 105.0 89.0 99.0
78.0 75.0 96.0 145.0
93.0 112.0 79.0 98.0
93.0 111.0 87.0 88.0
87.0 97.0 83.0 114.0
112.0 121.0 78.0 77.0
102.0 73.0 76.0 162.0
117.0 138.0 85.0 58.0
90.0 110.0 96.0 79.0
128.0 131.0 110.0 46.0
121.0 180.0 80.0 49.0
117.0 117.0 52.0 140.0
108.0 97.0 95.0 78.0
102.0 71.0 81.0 152.0
106.0 118.0 145.0 52.0
92.0 134.0 62.0 113.0
107.0 148.0 83.0 60.0
83.0 106.0 172.0 69.0
96.0 93.0 83.0 105.0
72.0 100.0 130.0 87.0
131.0 74.0 60.0 168.0
97.0 143.0 67.0 89.0
129.0 176.0 58.0 73.0
117.0 116.0 67.0 91.0
107.0 114.0 111.0 56.0
107.0 109.0 84.0 78.0
103.0 105.0 59.0 167.0
74.0 60.0 144.0 148.0
94.0 78.0 82.0 151.0
95.0 67.0 90.0 139.0
107.0 126.0 52.0 143.0
129.0 163.0 44.0 101.0
125.0 137.0 54.0 98.0
64.0 110.0 114.0 93.0
110.0 126.0 81.0 70.0
70.0 83.0 107.0 128.0
89.0 63.0 104.0 132.0
77.0 81.0 112.0 112.0
87.0 84.0 137.0 86.0
105.0 142.0 68.0 82.0
128.0 101.0 52.0 151.0
74.0 109.0 94.0 94.0
96.0 135.0 91.0 64.0
78.0 99.0 96.0 106.0
89.0 102.0 78.0 116.0
138.0 154.0 39.0 143.0
96.0 146.0 75.0 72.0
75.0 90.0 128.0 92.0
73.0 103.0 108.0 96.0
83.0 106.0 91.0 98.0
82.0 103.0 87.0 108.0
97.0 124.0 68.0 104.0
126.0 147.0 46.0 112.0
75.0 79.0 104.0 129.0
74.0 120.0 93.0 89.0
117.0 104.0 78.0 85.0
99.0 143.0 127.0 47.0
106.0 101.0 103.0 69.0
115.0 147.0 62.0 81.0
81.0 108.0 85.0 103.0
82.0 117.0 100.0 71.0
95.0 90.0 73.0 146.0
82.0 126.0 106.0 64.0
115.0 139.0 147.0 42.0
70.0 103.0 101.0 107.0
86.0 111.0 122.0 66.0
118.0 177.0 65.0 64.0
114.0 120.0 94.0 61.0
126.0 170.0 42.0 114.0
94.0 118.0 79.0 94.0
127.0 128.0 45.0 131.0
135.0 164.0 61.0 69.0
102.0 136.0 78.0 72.0
83.0 138.0 82.0 77.0
121.0 115.0 51.0 144.0
115.0 101.0 69.0 106.0
135.0 153.0 47.0 101.0
128.0 133.0 55.0 95.0
86.0 102.0 76.0 133.0
79.0 103.0 88.0 111.0
126.0 159.0 76.0 52.0
91.0 144.0 77.0 75.0
93.0 102.0 84.0 100.0
112.0 152.0 90.0 52.0
79.0 111.0 134.0 70.0
99.0 80.0 75.0 160.0
94.0 72.0 88.0 139.0
88.0 116.0 70.0 121.0
67.0 114.0 144.0 76.0
71.0 77.0 108.0 134.0
102.0 104.0 64.0 142.0
113.0 120.0 131.0 50.0
95.0 113.0 93.0 72.0
112.0 128.0 72.0 82.0
120.0 127.0 50.0 128.0
79.0 153.0 146.0 50.0
75.0 106.0 128.0 81.0
117.0 123.0 78.0 71.0
119.0 139.0 51.0 108.0
72.0 83.0 132.0 109.0
128.0 145.0 45.0 118.0
132.0 190.0 53.0 78.0
91.0 108.0 85.0 93.0
122.0 119.0 74.0 78.0
90.0 89.0 78.0 136.0
73.0 65.0 121.0 142.0
112.0 122.0 64.0 101.0
124.0 175.0 83.0 48.0
127.0 113.0 57.0 111.0
105.0 65.0 81.0 162.0
93.0 116.0 81.0 94.0
88.0 74.0 127.0 97.0
110.0 116.0 86.0 71.0
102.0 101.0 84.0 93.0
91.0 78.0 89.0 131.0
103.0 145.0 56.0 106.0
129.0 172.0 48.0 94.0
99.0 116.0 84.0 81.0
80.0 120.0 145.0 63.0
73.0 62.0 135.0 147.0
78.0 106.0 115.0 81.0
111.0 92.0 80.0 100.0
94.0 92.0 99.0 93.0
123.0 126.0 59.0 96.0
107.0 141.0 81.0 62.0
81.0 113.0 148.0 69.0
118.0 142.0 130.0 41.0
87.0 108.0 115.0 73.0
72.0 79.0 139.0 109.0
80.0 100.0 101.0 99.0
74.0 80.0 110.0 125.0
106.0 114.0 68.0 105.0
122.0 123.0 110.0 50.0
139.0 164.0 140.0 39.0
84.0 97.0 90.0 109.0
132.0 170.0 49.0 91.0
87.0 100.0 77.0 132.0
128.0 121.0 47.0 139.0
125.0 162.0 59.0 75.0
84.0 129.0 84.0 82.0
72.0 115.0 139.0 73.0
120.0 154.0 43.0 123.0
87.0 108.0 101.0 76.0
116.0 106.0 99.0 62.0
82.0 66.0 162.0 112.0
126.0 136.0 122.0 42.0
132.0 138.0 87.0 51.0
144.0 171.0 86.0 44.0
89.0 56.0 101.0 171.0
72.0 86.0 130.0 102.0
118.0 146.0 79.0 58.0
70.0 121.0 108.0 78.0
97.0 72.0 82.0 161.0
93.0 94.0 84.0 110.0
128.0 128.0 100.0 49.0
85.0 108.0 102.0 78.0
92.0 63.0 90.0 158.0
102.0 117.0 78.0 86.0
93.0 158.0 121.0 46.0
74.0 101.0 95.0 111.0
114.0 175.0 69.0 59.0
99.0 112.0 73.0 103.0
90.0 99.0 92.0 95.0
77.0 116.0 88.0 98.0
103.0 100.0 67.0 129.0
91.0 114.0 69.0 121.0
124.0 151.0 115.0 41.0
105.0 120.0 61.0 120.0
101.0 103.0 65.0 134.0
104.0 116.0 61.0 122.0
74.0 104.0 102.0 95.0
105.0 159.0 72.0 64.0
86.0 106.0 69.0 150.0
86.0 118.0 159.0 61.0
71.0 58.0 132.0 160.0
73.0 83.0 110.0 121.0
112.0 129.0 68.0 84.0
85.0 107.0 82.0 104.0
132.0 194.0 58.0 71.0
113.0 132.0 94.0 57.0
124.0 126.0 50.0 121.0
70.0 104.0 142.0 81.0
121.0 151.0 48.0 104.0
70.0 103.0 103.0 101.0
118.0 132.0 52.0 117.0
104.0 56.0 85.0 178.0
98.0 116.0 113.0 61.0
110.0 113.0 59.0 125.0
133.0 173.0 56.0 77.0
115.0 137.0 106.0 47.0
112.0 120.0 88.0 67.0
113.0 160.0 85.0 51.0
100.0 53.0 90.0 167.0
113.0 119.0 66.0 96.0
74.0 79.0 106.0 130.0
117.0 117.0 66.0 94.0
74.0 67.0 117.0 145.0
110.0 147.0 122.0 43.0
77.0 78.0 125.0 112.0
117.0 92.0 74.0 105.0
110.0 161.0 70.0 61.0
135.0 147.0 82.0 50.0
111.0 107.0 75.0 91.0
122.0 120.0 47.0 151.0
113.0 172.0 72.0 59.0
68.0 97.0 101.0 114.0
96.0 132.0 62.0 106.0
101.0 119.0 99.0 63.0
122.0 159.0 64.0 71.0
105.0 125.0 93.0 64.0
124.0 119.0 56.0 108.0
82.0 81.0 166.0 89.0
120.0 179.0 53.0 85.0
90.0 87.0 104.0 94.0
125.0 126.0 44.0 151.0
76.0 101.0 84.0 123.0
99.0 98.0 69.0 131.0
107.0 113.0 67.0 106.0
75.0 105.0 137.0 78.0
75.0 68.0 107.0 158.0
66.0 127.0 126.0 71.0
134.0 126.0 43.0 146.0
113.0 161.0 101.0 44.0
116.0 136.0 67.0 81.0
111.0 123.0 134.0 48.0
83.0 98.0 84.0 113.0
93.0 118.0 70.0 107.0
65.0 109.0 176.0 80.0
104.0 122.0 90.0 66.0
130.0 142.0 57.0 85.0
93.0 85.0 75.0 164.0
77.0 121.0 97.0 81.0
107.0 138.0 52.0 121.0
109.0 136.0 51.0 123.0
120.0 153.0 52.0 89.0
129.0 165.0 67.0 63.0
129.0 153.0 69.0 60.0
135.0 148.0 93.0 45.0
104.0 140.0 96.0 55.0
115.0 123.0 53.0 130.0
114.0 154.0 58.0 83.0
80.0 60.0 108.0 156.0
72.0 93.0 90.0 128.0
119.0 149.0 42.0 135.0
121.0 118.0 61.0 99.0
132.0 194.0 62.0 64.0
102.0 111.0 126.0 61.0
96.0 96.0 74.0 127.0
130.0 177.0 46.0 91.0
100.0 124.0 104.0 60.0
104.0 103.0 83.0 88.0
88.0 140.0 80.0 74.0
124.0 128.0 51.0 117.0
90.0 109.0 69.0 130.0
107.0 144.0 77.0 63.0
90.0 106.0 109.0 75.0
83.0 72.0 121.0 116.0
91.0 103.0 72.0 129.0
85.0 110.0 75.0 118.0
90.0 151.0 76.0 73.0
106.0 132.0 65.0 90.0
114.0 166.0 69.0 61.0
112.0 126.0 122.0 49.0
108.0 121.0 72.0 89.0
114.0 109.0 69.0 99.0
95.0 106.0 70.0 125.0
103.0 140.0 95.0 57.0
75.0 100.0 120.0 86.0
116.0 116.0 63.0 102.0
116.0 128.0 57.0 106.0
125.0 111.0 74.0 84.0
85.0 76.0 88.0 144.0
137.0 146.0 64.0 70.0
131.0 141.0 42.0 129.0
127.0 181.0 45.0 96.0
106.0 132.0 59.0 108.0
137.0 156.0 71.0 56.0
76.0 88.0 139.0 93.0
74.0 71.0 153.0 114.0
112.0 87.0 83.0 98.0
98.0 117.0 99.0 67.0
131.0 137.0 54.0 90.0
132.0 132.0 50.0 103.0
76.0 100.0 85.0 126.0
108.0 95.0 90.0 85.0
92.0 113.0 82.0 94.0
84.0 93.0 102.0 99.0
89.0 91.0 102.0 94.0
98.0 76.0 80.0 154.0
80.0 84.0 102.0 114.0
88.0 68.0 89.0 175.0
124.0 84.0 60.0 153.0
101.0 155.0 67.0 79.0
104.0 126.0 63.0 103.0
94.0 156.0 100.0 52.0
100.0 90.0 70.0 146.0
95.0 79.0 125.0 88.0
120.0 186.0 61.0 68.0
91.0 78.0 83.0 159.0
91.0 71.0 86.0 165.0
121.0 130.0 46.0 141.0
84.0 63.0 114.0 135.0
74.0 81.0 141.0 102.0
72.0 112.0 114.0 82.0
106.0 141.0 71.0 76.0
94.0 117.0 86.0 81.0
88.0 118.0 97.0 71.0
100.0 135.0 78.0 73.0
102.0 105.0 66.0 124.0
117.0 147.0 47.0 117.0
110.0 151.0 64.0 81.0
122.0 162.0 99.0 43.0
90.0 93.0 72.0 164.0
101.0 117.0 108.0 62.0
112.0 93.0 61.0 159.0
107.0 121.0 57.0 129.0
112.0 85.0 88.0 92.0
121.0 135.0 50.0 114.0
74.0 80.0 97.0 131.0
91.0 101.0 88.0 99.0
72.0 111.0 100.0 87.0
96.0 120.0 61.0 133.0
89.0 144.0 82.0 72.0
96.0 91.0 106.0 81.0
79.0 73.0 126.0 112.0
62.0 108.0 149.0 84.0
124.0 125.0 102.0 52.0
100.0 78.0 81.0 126.0
75.0 99.0 108.0 97.0
109.0 100.0 75.0 102.0
100.0 92.0 80.0 106.0
126.0 197.0 57.0 73.0
80.0 87.0 97.0 119.0
128.0 146.0 76.0 57.0
104.0 148.0 99.0 52.0
102.0 84.0 83.0 113.0
118.0 116.0 87.0 66.0
143.0 167.0 63.0 65.0
79.0 102.0 95.0 99.0
88.0 130.0 79.0 89.0
92.0 110.0 121.0 68.0
128.0 180.0 102.0 40.0
119.0 87.0 61.0 155.0
120.0 156.0 57.0 79.0
111.0 135.0 62.0 91.0
146.0 172.0 60.0 69.0
73.0 96.0 110.0 100.0
102.0 77.0 75.0 160.0
114.0 165.0 50.0 94.0
128.0 144.0 62.0 74.0
98.0 153.0 59.0 94.0
91.0 103.0 79.0 111.0
82.0 72.0 137.0 103.0
122.0 140.0 83.0 55.0
112.0 93.0 72.0 116.0
98.0 137.0 93.0 62.0
116.0 129.0 71.0 78.0
137.0 170.0 60.0 71.0
96.0 87.0 114.0 84.0
116.0 138.0 88.0 55.0
128.0 148.0 101.0 43.0
85.0 65.0 102.0 141.0
130.0 116.0 55.0 110.0
115.0 147.0 52.0 104.0
97.0 130.0 77.0 79.0
114.0 119.0 61.0 107.0
101.0 94.0 79.0 110.0
99.0 69.0 83.0 161.0
110.0 140.0 49.0 133.0
139.0 151.0 40.0 149.0
64.0 117.0 104.0 93.0
111.0 121.0 110.0 53.0
131.0 111.0 50.0 131.0
103.0 161.0 100.0 46.0
100.0 121.0 76.0 89.0
77.0 120.0 104.0 75.0
105.0 87.0 65.0 168.0
79.0 101.0 105.0 91.0
119.0 151.0 67.0 66.0
99.0 145.0 95.0 56.0
97.0 107.0 61.0 165.0
78.0 99.0 135.0 80.0
112.0 125.0 53.0 133.0
110.0 134.0 59.0 98.0
126.0 107.0 49.0 151.0
113.0 124.0 93.0 61.0
111.0 157.0 126.0 41.0
72.0 95.0 95.0 123.0
68.0 111.0 84.0 114.0
105.0 86.0 98.0 83.0
78.0 107.0 86.0 110.0
114.0 143.0 132.0 42.0
102.0 125.0 94.0 64.0
132.0 144.0 98.0 45.0
128.0 132.0 119.0 43.0
109.0 113.0 58.0 132.0
94.0 140.0 118.0 52.0
114.0 156.0 90.0 50.0
141.0 170.0 70.0 54.0
75.0 143.0 97.0 66.0
98.0 98.0 73.0 125.0
120.0 113.0 55.0 125.0
75.0 127.0 87.0 90.0
87.0 104.0 77.0 122.0
116.0 164.0 58.0 77.0
81.0 96.0 113.0 86.0
103.0 131.0 130.0 50.0
81.0 79.0 128.0 99.0
72.0 101.0 144.0 84.0
100.0 89.0 74.0 139.0
67.0 99.0 134.0 91.0
74.0 79.0 114.0 121.0
120.0 154.0 109.0 42.0
80.0 83.0 90.0 137.0
64.0 101.0 115.0 98.0
126.0 121.0 102.0 53.0
122.0 187.0 74.0 50.0
112.0 118.0 62.0 104.0
79.0 64.0 153.0 124.0
102.0 97.0 68.0 138.0
116.0 118.0 107.0 55.0
81.0 69.0 148.0 113.0
105.0 108.0 80.0 89.0
111.0 114.0 75.0 85.0
112.0 126.0 99.0 57.0
74.0 70.0 141.0 124.0
70.0 74.0 121.0 130.0
113.0 122.0 57.0 117.0
97.0 151.0 74.0 71.0
116.0 143.0 61.0 86.0
97.0 89.0 76.0 139.0
92.0 108.0 90.0 86.0
77.0 108.0 158.0 71.0
79.0 108.0 86.0 107.0
106.0 146.0 89.0 55.0
94.0 70.0 86.0 159.0
118.0 124.0 138.0 46.0
106.0 137.0 83.0 62.0
87.0 114.0 71.0 124.0
90.0 101.0 106.0 80.0
132.0 130.0 66.0 78.0
73.0 102.0 158.0 80.0
114.0 106.0 73.0 96.0
69.0 64.0 132.0 151.0
145.0 199.0 47.0 86.0
69.0 86.0 118.0 119.0
120.0 146.0 72.0 63.0
105.0 99.0 91.0 84.0
133.0 114.0 46.0 173.0
127.0 139.0 90.0 51.0
121.0 144.0 65.0 75.0
110.0 165.0 48.0 101.0
126.0 136.0 98.0 49.0
122.0 125.0 104.0 51.0
108.0 147.0 95.0 52.0
79.0 72.0 108.0 130.0
109.0 117.0 83.0 73.0
112.0 130.0 67.0 88.0
96.0 134.0 110.0 54.0
99.0 59.0 90.0 156.0
128.0 191.0 55.0 78.0
103.0 118.0 64.0 114.0
125.0 133.0 71.0 70.0
83.0 82.0 143.0 90.0
72.0 76.0 121.0 126.0
114.0 147.0 58.0 87.0
110.0 109.0 58.0 138.0
104.0 125.0 56.0 133.0
127.0 135.0 59.0 84.0
124.0 137.0 45.0 124.0
126.0 158.0 84.0 48.0
109.0 60.0 78.0 176.0
128.0 198.0 66.0 59.0
128.0 163.0 56.0 81.0
131.0 159.0 68.0 62.0
128.0 159.0 72.0 58.0
81.0 112.0 121.0 73.0
104.0 139.0 76.0 71.0
123.0 135.0 49.0 116.0
102.0 124.0 95.0 63.0
86.0 133.0 105.0 61.0
102.0 124.0 66.0 103.0
115.0 128.0 52.0 122.0
132.0 130.0 41.0 156.0
74.0 88.0 149.0 93.0
108.0 130.0 96.0 60.0
103.0 106.0 78.0 96.0
109.0 127.0 137.0 47.0
106.0 131.0 58.0 113.0
77.0 126.0 78.0 104.0
110.0 110.0 73.0 96.0
111.0 175.0 54.0 83.0
128.0 123.0 51.0 118.0
110.0 165.0 82.0 52.0
70.0 69.0 119.0 148.0
105.0 169.0 57.0 80.0
117.0 183.0 49.0 92.0
78.0 117.0 71.0 128.0
108.0 69.0 74.0 165.0
124.0 119.0 71.0 81.0
93.0 104.0 71.0 127.0
119.0 133.0 97.0 54.0
109.0 143.0 105.0 50.0
67.0 80.0 116.0 132.0
99.0 100.0 62.0 161.0
93.0 160.0 95.0 53.0
88.0 152.0 92.0 60.0
95.0 140.0 85.0 69.0
99.0 124.0 65.0 106.0
158.0 180.0 61.0 65.0
118.0 104.0 71.0 98.0
75.0 152.0 103.0 59.0
129.0 162.0 51.0 90.0
82.0 89.0 113.0 95.0
126.0 115.0 55.0 114.0
74.0 95.0 105.0 108.0
95.0 160.0 122.0 44.0
120.0 110.0 71.0 91.0
126.0 128.0 50.0 116.0
104.0 73.0 80.0 140.0
112.0 124.0 55.0 123.0
122.0 128.0 81.0 61.0
116.0 139.0 59.0 90.0
102.0 111.0 69.0 109.0
136.0 125.0 102.0 47.0
94.0 90.0 88.0 110.0
67.0 94.0 123.0 105.0
132.0 109.0 53.0 118.0
72.0 98.0 112.0 99.0
70.0 66.0 139.0 139.0
64.0 129.0 77.0 115.0
106.0 98.0 74.0 107.0
109.0 167.0 73.0 59.0
90.0 119.0 87.0 82.0
84.0 91.0 81.0 145.0
81.0 71.0 146.0 108.0
74.0 114.0 138.0 74.0
114.0 153.0 62.0 76.0
90.0 123.0 136.0 56.0
84.0 95.0 111.0 91.0
146.0 158.0 64.0 67.0
105.0 111.0 62.0 127.0
134.0 127.0 61.0 82.0
110.0 130.0 54.0 123.0
93.0 104.0 88.0 92.0
87.0 69.0 124.0 109.0
86.0 118.0 111.0 66.0
112.0 143.0 84.0 59.0
97.0 106.0 72.0 117.0
89.0 94.0 92.0 96.0
116.0 116.0 84.0 70.0
108.0 100.0 77.0 100.0
104.0 117.0 81.0 78.0
118.0 98.0 63.0 122.0
155.0 182.0 56.0 74.0
107.0 110.0 61.0 132.0
114.0 130.0 127.0 46.0
136.0 143.0 86.0 50.0
73.0 77.0 110.0 127.0
149.0 188.0 68.0 56.0
70.0 70.0 110.0 149.0
101.0 149.0 58.0 95.0
88.0 111.0 76.0 111.0
101.0 106.0 79.0 96.0
101.0 105.0 111.0 65.0
74.0 57.0 134.0 151.0
105.0 144.0 60.0 95.0
96.0 111.0 68.0 120.0
78.0 90.0 111.0 101.0
116.0 133.0 57.0 100.0
125.0 157.0 60.0 72.0
92.0 147.0 79.0 71.0
113.0 159.0 75.0 60.0
76.0 112.0 120.0 77.0
78.0 86.0 108.0 109.0
101.0 130.0 67.0 93.0
154.0 189.0 53.0 76.0
67.0 92.0 105.0 117.0
72.0 77.0 126.0 119.0
84.0 127.0 67.0 121.0
89.0 108.0 64.0 154.0
65.0 105.0 127.0 90.0
124.0 131.0 54.0 103.0
111.0 121.0 57.0 121.0
90.0 133.0 67.0 105.0
97.0 133.0 88.0 68.0
94.0 100.0 83.0 103.0
103.0 131.0 89.0 64.0
90.0 138.0 88.0 70.0
98.0 105.0 74.0 110.0
109.0 143.0 100.0 51.0
108.0 119.0 100.0 60.0
127.0 131.0 46.0 129.0
120.0 110.0 54.0 127.0
107.0 89.0 66.0 143.0
91.0 141.0 87.0 68.0
109.0 100.0 89.0 77.0
92.0 127.0 111.0 57.0
107.0 150.0 53.0 103.0
130.0 135.0 69.0 67.0
101.0 144.0 91.0 58.0
92.0 124.0 86.0 76.0
97.0 142.0 68.0 85.0
98.0 138.0 97.0 60.0
125.0 137.0 50.0 108.0
94.0 143.0 97.0 59.0
122.0 136.0 115.0 46.0
86.0 66.0 98.0 146.0
86.0 94.0 120.0 83.0
87.0 91.0 166.0 78.0
102.0 123.0 58.0 127.0
101.0 144.0 70.0 81.0
112.0 109.0 66.0 106.0
88.0 106.0 74.0 125.0
83.0 71.0 94.0 153.0
130.0 192.0 59.0 71.0
80.0 122.0 131.0 63.0
80.0 130.0 86.0 83.0
100.0 116.0 88.0 75.0
125.0 173.0 55.0 81.0
96.0 150.0 61.0 94.0
139.0 173.0 81.0 47.0
92.0 140.0 70.0 88.0
85.0 109.0 74.0 125.0
116.0 126.0 74.0 75.0
127.0 170.0 49.0 93.0
101.0 141.0 57.0 107.0
82.0 119.0 128.0 65.0
129.0 165.0 89.0 45.0
85.0 87.0 100.0 109.0
74.0 107.0 111.0 87.0
104.0 126.0 83.0 71.0
67.0 71.0 114.0 151.0
118.0 113.0 65.0 97.0
91.0 78.0 79.0 163.0
98.0 118.0 95.0 67.0
81.0 106.0 108.0 79.0
110.0 139.0 64.0 87.0
110.0 100.0 72.0 109.0
82.0 67.0 105.0 141.0
107.0 107.0 133.0 57.0
113.0 136.0 52.0 118.0
105.0 138.0 106.0 53.0
115.0 137.0 47.0 134.0
80.0 126.0 93.0 73.0
107.0 129.0 63.0 96.0
85.0 96.0 77.0 142.0
92.0 102.0 78.0 112.0
123.0 167.0 46.0 98.0
82.0 78.0 115.0 108.0
66.0 89.0 119.0 117.0
109.0 152.0 60.0 86.0
79.0 96.0 97.0 107.0
81.0 108.0 97.0 86.0
98.0 110.0 82.0 92.0
98.0 82.0 76.0 146.0
128.0 203.0 52.0 80.0
96.0 117.0 101.0 66.0
97.0 75.0 81.0 153.0
77.0 85.0 106.0 116.0
102.0 142.0 79.0 66.0
103.0 110.0 87.0 77.0
114.0 140.0 68.0 80.0
94.0 114.0 69.0 117.0
107.0 89.0 78.0 111.0
113.0 138.0 47.0 137.0
75.0 109.0 137.0 75.0
79.0 78.0 94.0 140.0
106.0 106.0 73.0 102.0
126.0 131.0 64.0 82.0
125.0 148.0 70.0 60.0
104.0 118.0 70.0 101.0
84.0 114.0 86.0 96.0
109.0 176.0 63.0 71.0
85.0 108.0 108.0 77.0
120.0 152.0 46.0 113.0
109.0 101.0 57.0 170.0
95.0 105.0 71.0 126.0
124.0 112.0 54.0 124.0
129.0 95.0 53.0 151.0
62.0 109.0 181.0 82.0
99.0 128.0 84.0 72.0
100.0 64.0 85.0 161.0
142.0 199.0 57.0 72.0
102.0 87.0 73.0 143.0
109.0 141.0 74.0 68.0
96.0 107.0 67.0 129.0
106.0 149.0 71.0 74.0
131.0 146.0 46.0 104.0
129.0 168.0 99.0 41.0
95.0 139.0 81.0 71.0
101.0 135.0 85.0 65.0
127.0 152.0 96.0 44.0
100.0 114.0 67.0 115.0
71.0 69.0 128.0 129.0
96.0 119.0 116.0 59.0
113.0 131.0 62.0 95.0
99.0 126.0 70.0 97.0
87.0 152.0 75.0 79.0
86.0 94.0 91.0 109.0
110.0 128.0 89.0 63.0
112.0 115.0 121.0 54.0
93.0 132.0 100.0 61.0
86.0 106.0 167.0 67.0
117.0 117.0 76.0 81.0
135.0 161.0 49.0 94.0
62.0 121.0 126.0 80.0
133.0 166.0 43.0 111.0
77.0 61.0 112.0 158.0
124.0 152.0 43.0 116.0
94.0 84.0 125.0 82.0
115.0 108.0 57.0 136.0
106.0 129.0 53.0 138.0
101.0 137.0 52.0 133.0
67.0 92.0 118.0 111.0
108.0 116.0 71.0 96.0
93.0 127.0 77.0 89.0
96.0 124.0 77.0 89.0
118.0 148.0 100.0 45.0
90.0 99.0 98.0 84.0
128.0 146.0 75.0 59.0
129.0 140.0 62.0 75.0
116.0 103.0 57.0 139.0
100.0 114.0 75.0 96.0
110.0 124.0 105.0 57.0
134.0 132.0 47.0 114.0
88.0 116.0 76.0 104.0
118.0 91.0 60.0 151.0
76.0 93.0 106.0 101.0
92.0 101.0 79.0 114.0
67.0 124.0 130.0 72.0
64.0 115.0 95.0 100.0
95.0 123.0 71.0 102.0
73.0 98.0 146.0 84.0
101.0 115.0 70.0 105.0
119.0 123.0 60.0 101.0
129.0 125.0 78.0 62.0
101.0 86.0 70.0 157.0
109.0 119.0 79.0 75.0
118.0 144.0 73.0 65.0
69.0 103.0 152.0 81.0
113.0 141.0 100.0 50.0
125.0 117.0 52.0 127.0
127.0 133.0 49.0 109.0
87.0 105.0 122.0 74.0
136.0 154.0 76.0 51.0
85.0 105.0 88.0 101.0
77.0 98.0 117.0 89.0
85.0 91.0 81.0 127.0
81.0 79.0 115.0 108.0
115.0 135.0 63.0 90.0
124.0 119.0 91.0 61.0
93.0 80.0 82.0 139.0
128.0 135.0 46.0 122.0
88.0 85.0 84.0 131.0
141.0 170.0 66.0 61.0
79.0 58.0 146.0 136.0
71.0 69.0 117.0 147.0
121.0 96.0 56.0 153.0
81.0 92.0 98.0 109.0
94.0 71.0 84.0 150.0
125.0 187.0 49.0 85.0
112.0 123.0 75.0 80.0
135.0 122.0 57.0 95.0
98.0 135.0 71.0 87.0
99.0 99.0 101.0 74.0
81.0 66.0 115.0 134.0
133.0 167.0 53.0 83.0
119.0 119.0 58.0 109.0
125.0 145.0 46.0 116.0
71.0 117.0 102.0 83.0
68.0 114.0 100.0 96.0
82.0 93.0 100.0 103.0
97.0 98.0 88.0 93.0
145.0 159.0 83.0 45.0
111.0 126.0 59.0 109.0
90.0 87.0 90.0 112.0
87.0 106.0 73.0 130.0
99.0 125.0 70.0 98.0
85.0 69.0 95.0 146.0
71.0 97.0 101.0 110.0
90.0 98.0 99.0 86.0
111.0 137.0 61.0 93.0
140.0 179.0 40.0 125.0
86.0 104.0 102.0 82.0
121.0 130.0 60.0 93.0
125.0 150.0 42.0 123.0
100.0 127.0 58.0 121.0
125.0 160.0 72.0 59.0
78.0 132.0 74.0 104.0
100.0 128.0 98.0 62.0
75.0 62.0 137.0 144.0
94.0 115.0 91.0 75.0
94.0 80.0 105.0 100.0
95.0 109.0 131.0 62.0
95.0 98.0 96.0 84.0
132.0 171.0 68.0 57.0
90.0 99.0 120.0 76.0
103.0 102.0 108.0 67.0
100.0 121.0 60.0 126.0
130.0 121.0 55.0 105.0
77.0 91.0 95.0 115.0
89.0 72.0 87.0 172.0
89.0 101.0 119.0 77.0
112.0 165.0 96.0 45.0
76.0 112.0 153.0 72.0
122.0 116.0 62.0 100.0
96.0 127.0 75.0 86.0
154.0 149.0 79.0 49.0
97.0 114.0 62.0 133.0
90.0 122.0 77.0 95.0
121.0 135.0 55.0 97.0
101.0 117.0 72.0 98.0
84.0 120.0 93.0 79.0
116.0 135.0 93.0 56.0
121.0 133.0 89.0 54.0
79.0 72.0 135.0 111.0
130.0 176.0 53.0 80.0
81.0 66.0 101.0 162.0
84.0 99.0 77.0 137.0
126.0 177.0 44.0 98.0
108.0 139.0 100.0 54.0
69.0 115.0 107.0 86.0
88.0 96.0 89.0 100.0
80.0 115.0 73.0 126.0
124.0 141.0 76.0 59.0
128.0 108.0 53.0 134.0
99.0 154.0 101.0 49.0
135.0 173.0 61.0 67.0
84.0 114.0 70.0 130.0
112.0 112.0 63.0 114.0
115.0 99.0 73.0 98.0
83.0 131.0 95.0 68.0
92.0 121.0 66.0 118.0
144.0 199.0 56.0 70.0
115.0 113.0 115.0 55.0
109.0 154.0 76.0 60.0
98.0 144.0 62.0 96.0
111.0 104.0 101.0 65.0
85.0 71.0 96.0 143.0
112.0 145.0 49.0 120.0
