93.0 106.0 91.0 80.0
87.0 92.0 88.0 100.0
115.0 137.0 89.0 59.0
111.0 119.0 80.0 75.0
81.0 81.0 105.0 108.0
107.0 130.0 92.0 60.0
61.0 73.0 143.0 142.0
65.0 74.0 126.0 134.0
79.0 86.0 96.0 110.0
100.0 84.0 96.0 88.0
106.0 104.0 81.0 85.0
103.0 140.0 84.0 67.0
125.0 97.0 84.0 76.0
61.0 72.0 149.0 154.0
125.0 142.0 82.0 63.0
104.0 121.0 78.0 80.0
78.0 74.0 119.0 108.0
60.0 77.0 137.0 139.0
98.0 89.0 86.0 92.0
107.0 104.0 82.0 80.0
125.0 142.0 89.0 56.0
81.0 81.0 101.0 112.0
107.0 130.0 85.0 67.0
107.0 84.0 95.0 81.0
69.0 77.0 114.0 121.0
72.0 90.0 103.0 110.0
118.0 118.0 88.0 65.0
108.0 101.0 87.0 81.0
116.0 158.0 80.0 63.0
88.0 76.0 87.0 122.0
118.0 109.0 88.0 68.0
71.0 73.0 115.0 128.0
95.0 75.0 97.0 102.0
109.0 136.0 87.0 63.0
123.0 102.0 85.0 73.0
86.0 96.0 89.0 97.0
66.0 76.0 117.0 136.0
65.0 70.0 141.0 143.0
61.0 77.0 128.0 133.0
96.0 80.0 83.0 111.0
97.0 138.0 96.0 58.0
104.0 106.0 85.0 81.0
78.0 76.0 115.0 109.0
90.0 83.0 90.0 106.0
122.0 161.0 83.0 58.0
79.0 71.0 114.0 114.0
86.0 71.0 101.0 119.0
98.0 99.0 88.0 85.0
132.0 87.0 92.0 69.0
79.0 88.0 92.0 111.0
121.0 140.0 92.0 54.0
69.0 79.0 110.0 122.0
95.0 82.0 100.0 92.0
96.0 77.0 99.0 97.0
89.0 74.0 106.0 105.0
132.0 139.0 85.0 59.0
117.0 107.0 81.0 78.0
113.0 91.0 92.0 77.0
91.0 95.0 94.0 89.0
58.0 78.0 134.0 144.0
83.0 79.0 104.0 109.0
62.0 81.0 124.0 127.0
86.0 73.0 108.0 108.0
58.0 82.0 119.0 135.0
