145.0 116.0 95.0 53.0
96.0 94.0 95.0 83.0
114.0 99.0 137.0 54.0
140.0 82.0 56.0 126.0
100.0 76.0 102.0 92.0
79.0 73.0 122.0 126.0
112.0 87.0 95.0 73.0
69.0 80.0 153.0 116.0
156.0 124.0 44.0 125.0
103.0 97.0 87.0 72.0
132.0 125.0 140.0 48.0
121.0 127.0 139.0 49.0
123.0 107.0 84.0 68.0
94.0 66.0 114.0 108.0
146.0 167.0 68.0 64.0
138.0 136.0 84.0 59.0
108.0 76.0 98.0 89.0
119.0 90.0 75.0 84.0
117.0 97.0 76.0 80.0
86.0 89.0 149.0 72.0
109.0 102.0 140.0 57.0
129.0 98.0 55.0 113.0
89.0 71.0 127.0 100.0
114.0 84.0 72.0 97.0
71.0 81.0 148.0 117.0
136.0 125.0 48.0 113.0
66.0 82.0 152.0 128.0
79.0 68.0 152.0 144.0
115.0 90.0 120.0 63.0
124.0 92.0 73.0 85.0
143.0 115.0 52.0 101.0
67.0 82.0 141.0 135.0
162.0 132.0 42.0 116.0
109.0 77.0 89.0 89.0
101.0 95.0 93.0 77.0
134.0 110.0 133.0 50.0
139.0 104.0 47.0 140.0
89.0 75.0 106.0 112.0
111.0 84.0 80.0 87.0
105.0 67.0 90.0 128.0
178.0 147.0 82.0 54.0
138.0 104.0 49.0 122.0
99.0 81.0 88.0 112.0
62.0 87.0 152.0 125.0
160.0 119.0 72.0 68.0
111.0 96.0 96.0 71.0
99.0 71.0 101.0 105.0
134.0 117.0 59.0 89.0
141.0 128.0 82.0 60.0
66.0 80.0 155.0 140.0
166.0 162.0 124.0 43.0
111.0 71.0 76.0 135.0
131.0 123.0 57.0 93.0
99.0 83.0 100.0 88.0
125.0 82.0 65.0 107.0
104.0 71.0 88.0 121.0
103.0 101.0 98.0 68.0
140.0 85.0 62.0 95.0
146.0 140.0 139.0 45.0
154.0 137.0 40.0 129.0
126.0 95.0 61.0 100.0
152.0 123.0 82.0 59.0
119.0 90.0 71.0 91.0
100.0 113.0 103.0 65.0
136.0 141.0 57.0 82.0
142.0 106.0 66.0 80.0
74.0 85.0 142.0 96.0
99.0 81.0 94.0 96.0
130.0 115.0 158.0 49.0
166.0 154.0 130.0 42.0
66.0 82.0 164.0 126.0
89.0 88.0 140.0 73.0
111.0 79.0 75.0 107.0
87.0 91.0 112.0 84.0
100.0 77.0 121.0 83.0
141.0 113.0 83.0 62.0
136.0 100.0 54.0 99.0
102.0 98.0 160.0 57.0
138.0 80.0 55.0 168.0
103.0 80.0 118.0 73.0
127.0 125.0 75.0 71.0
101.0 84.0 97.0 83.0
109.0 86.0 69.0 126.0
99.0 93.0 103.0 76.0
99.0 76.0 93.0 107.0
119.0 106.0 87.0 68.0
101.0 121.0 92.0 68.0
74.0 76.0 129.0 134.0
133.0 106.0 93.0 60.0
137.0 89.0 61.0 97.0
96.0 67.0 105.0 118.0
120.0 112.0 82.0 69.0
136.0 130.0 52.0 93.0
126.0 90.0 56.0 144.0
104.0 72.0 102.0 92.0
98.0 67.0 101.0 130.0
84.0 71.0 127.0 113.0
127.0 127.0 91.0 57.0
98.0 73.0 119.0 88.0
140.0 134.0 59.0 82.0
86.0 77.0 138.0 88.0
100.0 87.0 165.0 65.0
124.0 90.0 63.0 106.0
182.0 166.0 101.0 46.0
89.0 76.0 99.0 132.0
157.0 141.0 39.0 126.0
144.0 147.0 71.0 63.0
136.0 109.0 57.0 94.0
136.0 135.0 44.0 129.0
109.0 67.0 86.0 123.0
146.0 105.0 62.0 84.0
144.0 149.0 104.0 50.0
109.0 111.0 81.0 72.0
146.0 151.0 67.0 66.0
105.0 79.0 83.0 104.0
98.0 66.0 103.0 126.0
123.0 96.0 61.0 104.0
100.0 117.0 114.0 61.0
142.0 83.0 52.0 151.0
107.0 117.0 146.0 53.0
92.0 75.0 164.0 83.0
92.0 97.0 119.0 72.0
138.0 133.0 77.0 63.0
136.0 93.0 54.0 110.0
144.0 102.0 49.0 117.0
137.0 94.0 62.0 91.0
104.0 95.0 128.0 65.0
136.0 142.0 142.0 45.0
77.0 86.0 136.0 89.0
118.0 93.0 66.0 98.0
132.0 100.0 151.0 51.0
147.0 109.0 49.0 108.0
116.0 105.0 165.0 53.0
103.0 88.0 89.0 86.0
91.0 78.0 117.0 94.0
192.0 144.0 86.0 53.0
150.0 112.0 112.0 50.0
100.0 67.0 96.0 133.0
119.0 79.0 78.0 90.0
139.0 133.0 101.0 52.0
106.0 100.0 112.0 62.0
101.0 84.0 86.0 101.0
146.0 132.0 145.0 44.0
103.0 65.0 108.0 97.0
117.0 122.0 110.0 55.0
107.0 96.0 64.0 116.0
121.0 91.0 73.0 87.0
137.0 130.0 64.0 79.0
66.0 82.0 150.0 146.0
151.0 112.0 51.0 101.0
102.0 75.0 99.0 90.0
101.0 83.0 135.0 72.0
104.0 77.0 88.0 104.0
78.0 76.0 127.0 118.0
84.0 73.0 128.0 108.0
124.0 135.0 65.0 81.0
152.0 117.0 62.0 79.0
119.0 89.0 75.0 90.0
113.0 101.0 124.0 58.0
85.0 88.0 142.0 77.0
82.0 76.0 119.0 111.0
107.0 93.0 106.0 69.0
110.0 79.0 100.0 81.0
136.0 99.0 80.0 71.0
136.0 132.0 67.0 74.0
106.0 67.0 92.0 118.0
111.0 90.0 65.0 117.0
109.0 70.0 84.0 121.0
151.0 132.0 45.0 108.0
111.0 95.0 77.0 81.0
133.0 141.0 85.0 57.0
113.0 73.0 93.0 88.0
133.0 141.0 99.0 52.0
117.0 126.0 121.0 51.0
97.0 109.0 146.0 56.0
124.0 82.0 60.0 158.0
155.0 132.0 89.0 51.0
101.0 79.0 82.0 126.0
124.0 80.0 62.0 139.0
145.0 131.0 46.0 117.0
136.0 87.0 53.0 127.0
86.0 86.0 115.0 87.0
110.0 76.0 82.0 103.0
165.0 153.0 110.0 44.0
63.0 86.0 142.0 131.0
155.0 146.0 150.0 43.0
68.0 83.0 135.0 123.0
153.0 123.0 41.0 135.0
155.0 123.0 108.0 50.0
124.0 81.0 67.0 101.0
92.0 69.0 109.0 116.0
125.0 111.0 99.0 61.0
146.0 165.0 70.0 65.0
143.0 103.0 48.0 127.0
125.0 102.0 75.0 75.0
105.0 70.0 90.0 112.0
104.0 94.0 107.0 71.0
126.0 119.0 69.0 80.0
113.0 87.0 67.0 104.0
107.0 71.0 80.0 140.0
99.0 96.0 93.0 81.0
127.0 109.0 76.0 71.0
127.0 86.0 57.0 110.0
104.0 76.0 90.0 100.0
131.0 102.0 56.0 100.0
121.0 87.0 68.0 94.0
103.0 87.0 79.0 98.0
141.0 117.0 114.0 51.0
86.0 72.0 117.0 112.0
104.0 85.0 94.0 86.0
139.0 124.0 49.0 105.0
121.0 90.0 64.0 108.0
127.0 92.0 66.0 93.0
119.0 102.0 86.0 69.0
103.0 76.0 82.0 136.0
119.0 135.0 78.0 66.0
130.0 100.0 73.0 74.0
162.0 152.0 59.0 79.0
115.0 65.0 83.0 125.0
158.0 116.0 130.0 47.0
105.0 67.0 93.0 117.0
143.0 121.0 63.0 81.0
115.0 86.0 109.0 67.0
80.0 80.0 133.0 98.0
121.0 87.0 65.0 105.0
100.0 77.0 81.0 144.0
68.0 87.0 146.0 106.0
115.0 78.0 76.0 96.0
83.0 80.0 110.0 111.0
89.0 80.0 152.0 81.0
101.0 83.0 145.0 71.0
125.0 97.0 127.0 55.0
98.0 90.0 149.0 64.0
144.0 126.0 42.0 149.0
67.0 90.0 141.0 103.0
118.0 70.0 73.0 125.0
148.0 101.0 46.0 126.0
134.0 137.0 61.0 79.0
117.0 78.0 69.0 126.0
113.0 94.0 64.0 111.0
83.0 69.0 120.0 127.0
150.0 83.0 49.0 161.0
168.0 125.0 42.0 126.0
60.0 90.0 149.0 123.0
100.0 76.0 98.0 102.0
74.0 78.0 152.0 110.0
104.0 81.0 128.0 70.0
125.0 122.0 75.0 72.0
111.0 93.0 76.0 93.0
92.0 85.0 129.0 79.0
97.0 79.0 136.0 75.0
110.0 67.0 89.0 112.0
113.0 130.0 69.0 81.0
123.0 97.0 59.0 108.0
107.0 74.0 80.0 124.0
106.0 86.0 82.0 88.0
155.0 116.0 93.0 54.0
145.0 77.0 52.0 161.0
98.0 69.0 102.0 109.0
70.0 78.0 151.0 137.0
118.0 128.0 91.0 60.0
129.0 158.0 68.0 67.0
140.0 127.0 59.0 85.0
104.0 68.0 88.0 137.0
108.0 81.0 70.0 145.0
149.0 150.0 52.0 91.0
97.0 74.0 89.0 141.0
105.0 75.0 85.0 117.0
173.0 145.0 96.0 47.0
116.0 94.0 83.0 76.0
121.0 140.0 78.0 64.0
106.0 95.0 114.0 66.0
88.0 69.0 120.0 114.0
125.0 80.0 64.0 115.0
134.0 96.0 53.0 112.0
148.0 159.0 117.0 45.0
157.0 98.0 44.0 142.0
118.0 96.0 72.0 88.0
143.0 121.0 47.0 111.0
140.0 119.0 58.0 89.0
104.0 68.0 101.0 101.0
126.0 79.0 61.0 133.0
117.0 109.0 71.0 81.0
136.0 115.0 85.0 63.0
143.0 131.0 102.0 51.0
96.0 82.0 93.0 104.0
103.0 84.0 129.0 69.0
99.0 66.0 106.0 110.0
129.0 109.0 80.0 68.0
100.0 81.0 104.0 79.0
123.0 112.0 132.0 51.0
116.0 111.0 78.0 73.0
119.0 103.0 93.0 67.0
107.0 70.0 85.0 122.0
143.0 131.0 58.0 86.0
81.0 72.0 117.0 125.0
98.0 74.0 100.0 105.0
104.0 94.0 145.0 62.0
72.0 73.0 161.0 142.0
109.0 77.0 79.0 119.0
114.0 75.0 75.0 122.0
112.0 117.0 102.0 62.0
103.0 63.0 114.0 100.0
99.0 73.0 109.0 88.0
81.0 77.0 138.0 101.0
132.0 110.0 58.0 93.0
139.0 110.0 67.0 77.0
115.0 78.0 67.0 138.0
147.0 110.0 45.0 136.0
150.0 82.0 50.0 112.0
94.0 73.0 100.0 125.0
108.0 81.0 147.0 66.0
128.0 133.0 68.0 76.0
104.0 78.0 98.0 90.0
143.0 135.0 42.0 129.0
116.0 96.0 133.0 57.0
150.0 109.0 136.0 49.0
111.0 99.0 66.0 103.0
108.0 88.0 128.0 66.0
89.0 73.0 128.0 95.0
113.0 73.0 77.0 123.0
92.0 93.0 108.0 76.0
113.0 88.0 84.0 83.0
85.0 83.0 151.0 84.0
116.0 98.0 81.0 79.0
101.0 79.0 89.0 110.0
109.0 83.0 110.0 74.0
131.0 115.0 146.0 49.0
132.0 146.0 80.0 57.0
145.0 99.0 56.0 98.0
99.0 75.0 89.0 122.0
105.0 94.0 91.0 78.0
119.0 96.0 67.0 92.0
139.0 122.0 140.0 47.0
114.0 81.0 68.0 134.0
142.0 101.0 48.0 136.0
117.0 93.0 132.0 58.0
105.0 89.0 77.0 95.0
108.0 126.0 87.0 63.0
118.0 147.0 85.0 60.0
133.0 94.0 53.0 118.0
136.0 121.0 97.0 54.0
108.0 72.0 88.0 112.0
137.0 125.0 58.0 88.0
152.0 138.0 41.0 129.0
108.0 68.0 101.0 97.0
107.0 86.0 91.0 82.0
81.0 92.0 135.0 78.0
144.0 138.0 90.0 54.0
133.0 95.0 64.0 90.0
115.0 124.0 106.0 58.0
72.0 79.0 133.0 124.0
104.0 75.0 92.0 101.0
96.0 87.0 140.0 72.0
105.0 78.0 88.0 90.0
127.0 87.0 65.0 99.0
146.0 123.0 43.0 135.0
96.0 78.0 129.0 80.0
113.0 76.0 78.0 99.0
143.0 113.0 87.0 59.0
128.0 96.0 55.0 119.0
101.0 72.0 130.0 82.0
83.0 76.0 123.0 105.0
113.0 79.0 72.0 121.0
140.0 89.0 50.0 160.0
101.0 79.0 134.0 75.0
147.0 109.0 73.0 71.0
135.0 109.0 62.0 89.0
158.0 148.0 41.0 121.0
65.0 88.0 141.0 116.0
122.0 98.0 113.0 61.0
74.0 79.0 146.0 114.0
110.0 73.0 77.0 125.0
88.0 91.0 164.0 71.0
124.0 129.0 70.0 72.0
170.0 127.0 114.0 47.0
109.0 94.0 128.0 60.0
96.0 70.0 120.0 88.0
124.0 92.0 74.0 83.0
112.0 80.0 71.0 122.0
95.0 94.0 109.0 75.0
100.0 84.0 100.0 85.0
133.0 131.0 68.0 75.0
114.0 106.0 79.0 77.0
107.0 94.0 142.0 59.0
134.0 112.0 69.0 78.0
97.0 69.0 103.0 108.0
125.0 97.0 74.0 81.0
93.0 71.0 103.0 126.0
129.0 90.0 56.0 134.0
102.0 71.0 105.0 91.0
99.0 91.0 133.0 66.0
144.0 129.0 118.0 49.0
144.0 121.0 56.0 92.0
136.0 83.0 60.0 106.0
88.0 82.0 127.0 87.0
90.0 75.0 105.0 113.0
155.0 128.0 49.0 98.0
92.0 82.0 122.0 81.0
87.0 88.0 115.0 85.0
144.0 82.0 69.0 87.0
136.0 95.0 51.0 123.0
134.0 150.0 76.0 60.0
93.0 84.0 112.0 86.0
79.0 77.0 133.0 109.0
96.0 70.0 98.0 128.0
108.0 69.0 87.0 113.0
126.0 92.0 75.0 79.0
153.0 126.0 46.0 112.0
98.0 70.0 101.0 114.0
145.0 136.0 53.0 89.0
111.0 74.0 80.0 119.0
90.0 69.0 109.0 125.0
97.0 80.0 98.0 95.0
161.0 115.0 80.0 62.0
103.0 74.0 95.0 100.0
129.0 84.0 66.0 94.0
130.0 137.0 64.0 79.0
118.0 93.0 146.0 55.0
102.0 81.0 102.0 86.0
151.0 148.0 53.0 84.0
107.0 75.0 91.0 92.0
94.0 81.0 102.0 94.0
115.0 108.0 56.0 120.0
85.0 80.0 133.0 85.0
73.0 78.0 149.0 113.0
93.0 79.0 127.0 84.0
110.0 95.0 76.0 89.0
156.0 151.0 111.0 46.0
167.0 149.0 81.0 55.0
85.0 71.0 136.0 104.0
142.0 92.0 60.0 90.0
137.0 118.0 129.0 50.0
118.0 65.0 79.0 121.0
101.0 82.0 114.0 76.0
129.0 137.0 105.0 51.0
149.0 120.0 137.0 47.0
111.0 94.0 65.0 112.0
111.0 119.0 139.0 52.0
145.0 113.0 54.0 98.0
104.0 73.0 83.0 135.0
175.0 159.0 123.0 43.0
92.0 76.0 117.0 95.0
144.0 97.0 70.0 80.0
154.0 99.0 51.0 102.0
87.0 94.0 137.0 74.0
100.0 68.0 113.0 96.0
120.0 67.0 77.0 118.0
129.0 91.0 71.0 88.0
130.0 105.0 100.0 62.0
92.0 73.0 113.0 105.0
153.0 147.0 96.0 49.0
137.0 75.0 64.0 105.0
122.0 111.0 78.0 72.0
91.0 85.0 112.0 87.0
126.0 116.0 102.0 57.0
90.0 71.0 136.0 91.0
97.0 84.0 91.0 94.0
95.0 88.0 158.0 69.0
115.0 91.0 62.0 118.0
145.0 122.0 47.0 99.0
141.0 110.0 71.0 74.0
102.0 90.0 147.0 60.0
104.0 63.0 100.0 125.0
122.0 104.0 75.0 78.0
117.0 107.0 105.0 59.0
116.0 83.0 77.0 92.0
72.0 86.0 136.0 102.0
100.0 76.0 96.0 106.0
117.0 86.0 63.0 124.0
147.0 120.0 125.0 48.0
115.0 114.0 84.0 70.0
114.0 84.0 67.0 113.0
130.0 143.0 64.0 72.0
93.0 93.0 94.0 87.0
149.0 130.0 85.0 56.0
157.0 132.0 43.0 121.0
117.0 103.0 94.0 63.0
125.0 95.0 66.0 89.0
91.0 70.0 120.0 101.0
100.0 70.0 94.0 123.0
160.0 128.0 106.0 48.0
92.0 87.0 107.0 83.0
134.0 118.0 89.0 60.0
117.0 80.0 68.0 126.0
107.0 73.0 79.0 131.0
94.0 86.0 154.0 71.0
107.0 91.0 88.0 81.0
141.0 110.0 48.0 116.0
117.0 106.0 79.0 75.0
140.0 110.0 144.0 48.0
109.0 83.0 138.0 64.0
122.0 84.0 74.0 94.0
156.0 141.0 141.0 44.0
100.0 74.0 87.0 136.0
110.0 90.0 66.0 112.0
69.0 78.0 156.0 128.0
100.0 64.0 102.0 146.0
126.0 120.0 113.0 53.0
164.0 145.0 97.0 48.0
168.0 141.0 110.0 47.0
136.0 161.0 55.0 84.0
107.0 79.0 80.0 118.0
100.0 70.0 139.0 84.0
107.0 74.0 89.0 102.0
148.0 154.0 75.0 60.0
169.0 132.0 82.0 56.0
138.0 136.0 63.0 77.0
164.0 125.0 39.0 135.0
111.0 97.0 127.0 60.0
122.0 72.0 70.0 130.0
73.0 81.0 147.0 107.0
105.0 113.0 88.0 70.0
124.0 109.0 68.0 82.0
131.0 123.0 77.0 70.0
125.0 102.0 103.0 62.0
134.0 104.0 71.0 78.0
107.0 66.0 94.0 109.0
127.0 154.0 72.0 64.0
85.0 79.0 108.0 111.0
103.0 74.0 98.0 95.0
73.0 76.0 152.0 125.0
98.0 63.0 106.0 121.0
138.0 114.0 130.0 50.0
121.0 97.0 111.0 62.0
154.0 132.0 118.0 48.0
95.0 86.0 130.0 75.0
126.0 92.0 71.0 89.0
99.0 77.0 120.0 84.0
134.0 90.0 65.0 88.0
97.0 94.0 116.0 69.0
62.0 84.0 168.0 129.0
135.0 151.0 99.0 51.0
85.0 77.0 113.0 113.0
123.0 90.0 68.0 93.0
126.0 132.0 86.0 57.0
76.0 93.0 149.0 83.0
100.0 85.0 115.0 75.0
132.0 92.0 56.0 104.0
112.0 76.0 76.0 120.0
113.0 121.0 84.0 66.0
105.0 95.0 83.0 86.0
101.0 93.0 100.0 79.0
109.0 82.0 74.0 124.0
107.0 63.0 96.0 121.0
110.0 80.0 82.0 93.0
102.0 80.0 144.0 72.0
142.0 103.0 48.0 132.0
146.0 147.0 59.0 81.0
144.0 84.0 52.0 118.0
75.0 71.0 162.0 130.0
102.0 82.0 155.0 68.0
151.0 98.0 47.0 122.0
111.0 99.0 109.0 65.0
91.0 63.0 117.0 123.0
158.0 143.0 113.0 46.0
131.0 112.0 88.0 62.0
101.0 69.0 104.0 100.0
144.0 106.0 80.0 65.0
152.0 140.0 135.0 45.0
140.0 119.0 60.0 84.0
95.0 84.0 120.0 80.0
92.0 66.0 112.0 137.0
125.0 98.0 92.0 66.0
155.0 128.0 40.0 149.0
138.0 137.0 116.0 49.0
86.0 73.0 111.0 124.0
133.0 130.0 60.0 83.0
137.0 112.0 100.0 56.0
118.0 99.0 61.0 109.0
142.0 131.0 55.0 88.0
113.0 138.0 117.0 52.0
89.0 70.0 107.0 134.0
102.0 75.0 90.0 108.0
100.0 78.0 127.0 76.0
118.0 75.0 69.0 135.0
97.0 64.0 104.0 130.0
127.0 77.0 68.0 99.0
110.0 85.0 97.0 76.0
135.0 96.0 53.0 107.0
108.0 91.0 88.0 79.0
93.0 78.0 100.0 108.0
106.0 81.0 81.0 94.0
160.0 108.0 45.0 120.0
99.0 79.0 103.0 88.0
142.0 138.0 55.0 85.0
164.0 158.0 105.0 44.0
141.0 124.0 44.0 130.0
66.0 86.0 132.0 121.0
99.0 72.0 95.0 113.0
120.0 89.0 60.0 117.0
120.0 146.0 69.0 69.0
146.0 104.0 53.0 99.0
100.0 81.0 103.0 86.0
98.0 77.0 99.0 102.0
171.0 160.0 103.0 45.0
100.0 93.0 130.0 63.0
117.0 86.0 125.0 64.0
97.0 67.0 125.0 91.0
124.0 115.0 158.0 50.0
138.0 91.0 63.0 94.0
161.0 100.0 50.0 107.0
134.0 96.0 58.0 103.0
111.0 92.0 81.0 82.0
134.0 114.0 50.0 111.0
63.0 88.0 139.0 119.0
88.0 76.0 116.0 99.0
110.0 98.0 82.0 79.0
138.0 113.0 47.0 120.0
152.0 147.0 121.0 44.0
119.0 82.0 70.0 96.0
106.0 96.0 101.0 66.0
128.0 101.0 117.0 56.0
74.0 81.0 149.0 101.0
80.0 79.0 114.0 119.0
103.0 95.0 86.0 84.0
108.0 83.0 79.0 91.0
86.0 83.0 105.0 106.0
166.0 130.0 90.0 50.0
116.0 92.0 122.0 61.0
107.0 84.0 148.0 65.0
185.0 162.0 88.0 51.0
128.0 84.0 58.0 155.0
118.0 142.0 73.0 66.0
151.0 125.0 134.0 46.0
121.0 86.0 74.0 92.0
104.0 77.0 123.0 76.0
134.0 120.0 114.0 52.0
100.0 89.0 141.0 68.0
144.0 113.0 57.0 91.0
113.0 89.0 78.0 85.0
74.0 78.0 126.0 122.0
128.0 114.0 59.0 91.0
120.0 109.0 90.0 66.0
144.0 128.0 56.0 89.0
148.0 127.0 119.0 48.0
102.0 92.0 98.0 80.0
100.0 68.0 99.0 122.0
155.0 127.0 119.0 46.0
132.0 92.0 71.0 86.0
103.0 93.0 90.0 80.0
79.0 78.0 152.0 97.0
108.0 68.0 84.0 132.0
69.0 85.0 142.0 109.0
107.0 80.0 86.0 87.0
124.0 96.0 71.0 88.0
114.0 98.0 123.0 59.0
95.0 71.0 102.0 122.0
104.0 78.0 86.0 111.0
111.0 93.0 120.0 64.0
110.0 102.0 110.0 64.0
145.0 105.0 52.0 102.0
107.0 109.0 133.0 56.0
139.0 82.0 55.0 153.0
114.0 78.0 74.0 117.0
82.0 89.0 151.0 76.0
112.0 69.0 87.0 109.0
108.0 91.0 141.0 60.0
103.0 82.0 101.0 82.0
85.0 69.0 139.0 116.0
108.0 83.0 85.0 90.0
108.0 110.0 92.0 69.0
115.0 94.0 140.0 59.0
79.0 81.0 149.0 88.0
143.0 144.0 44.0 108.0
59.0 86.0 167.0 141.0
134.0 150.0 68.0 69.0
111.0 92.0 85.0 75.0
122.0 149.0 77.0 63.0
119.0 83.0 63.0 146.0
99.0 64.0 115.0 106.0
101.0 69.0 93.0 135.0
92.0 67.0 125.0 104.0
113.0 72.0 74.0 143.0
88.0 92.0 120.0 79.0
120.0 106.0 119.0 53.0
137.0 148.0 89.0 54.0
77.0 76.0 119.0 124.0
114.0 140.0 81.0 63.0
101.0 78.0 109.0 82.0
136.0 105.0 107.0 54.0
137.0 124.0 57.0 90.0
134.0 118.0 97.0 57.0
134.0 81.0 62.0 109.0
138.0 125.0 151.0 46.0
163.0 153.0 109.0 47.0
138.0 98.0 63.0 83.0
136.0 87.0 60.0 103.0
136.0 94.0 67.0 87.0
97.0 65.0 124.0 96.0
130.0 123.0 62.0 82.0
140.0 94.0 51.0 106.0
130.0 132.0 110.0 51.0
99.0 72.0 114.0 90.0
153.0 89.0 47.0 157.0
88.0 76.0 123.0 92.0
111.0 74.0 75.0 138.0
102.0 67.0 97.0 121.0
111.0 71.0 95.0 91.0
147.0 118.0 54.0 94.0
128.0 132.0 85.0 61.0
103.0 112.0 117.0 59.0
128.0 96.0 77.0 78.0
97.0 73.0 96.0 121.0
85.0 75.0 129.0 99.0
100.0 70.0 114.0 91.0
132.0 90.0 64.0 92.0
142.0 144.0 94.0 53.0
106.0 66.0 103.0 100.0
78.0 81.0 147.0 94.0
133.0 112.0 94.0 59.0
123.0 105.0 153.0 52.0
141.0 85.0 51.0 126.0
112.0 128.0 79.0 66.0
121.0 86.0 76.0 85.0
148.0 117.0 138.0 46.0
92.0 76.0 97.0 127.0
138.0 90.0 59.0 103.0
80.0 75.0 129.0 112.0
118.0 94.0 81.0 80.0
141.0 111.0 55.0 95.0
105.0 89.0 114.0 72.0
113.0 92.0 84.0 79.0
105.0 92.0 127.0 66.0
114.0 95.0 110.0 65.0
114.0 128.0 78.0 70.0
148.0 169.0 66.0 68.0
139.0 101.0 49.0 137.0
157.0 97.0 48.0 114.0
136.0 153.0 84.0 54.0
106.0 71.0 96.0 98.0
112.0 75.0 78.0 113.0
122.0 131.0 61.0 88.0
124.0 94.0 81.0 77.0
175.0 145.0 88.0 52.0
105.0 97.0 86.0 76.0
114.0 86.0 84.0 85.0
120.0 102.0 108.0 57.0
105.0 87.0 88.0 84.0
104.0 94.0 92.0 75.0
103.0 73.0 89.0 118.0
141.0 128.0 50.0 92.0
89.0 86.0 101.0 99.0
127.0 129.0 60.0 86.0
151.0 108.0 69.0 75.0
101.0 68.0 104.0 107.0
151.0 130.0 44.0 116.0
102.0 85.0 96.0 82.0
95.0 71.0 111.0 101.0
82.0 89.0 140.0 81.0
90.0 89.0 116.0 81.0
139.0 107.0 78.0 69.0
159.0 128.0 43.0 122.0
114.0 79.0 71.0 103.0
78.0 80.0 128.0 106.0
145.0 84.0 52.0 113.0
127.0 91.0 65.0 95.0
108.0 78.0 84.0 96.0
160.0 161.0 80.0 56.0
146.0 115.0 65.0 77.0
77.0 87.0 155.0 84.0
110.0 76.0 81.0 110.0
84.0 73.0 122.0 113.0
92.0 65.0 124.0 109.0
118.0 81.0 68.0 108.0
127.0 102.0 84.0 70.0
125.0 107.0 88.0 65.0
93.0 101.0 103.0 75.0
131.0 136.0 45.0 124.0
119.0 82.0 64.0 140.0
93.0 81.0 92.0 117.0
122.0 125.0 72.0 73.0
70.0 80.0 148.0 125.0
113.0 105.0 106.0 64.0
156.0 158.0 63.0 74.0
127.0 110.0 96.0 59.0
111.0 85.0 69.0 107.0
116.0 81.0 69.0 100.0
115.0 76.0 71.0 129.0
74.0 80.0 153.0 103.0
102.0 74.0 101.0 97.0
132.0 114.0 53.0 103.0
148.0 118.0 66.0 75.0
80.0 73.0 130.0 120.0
95.0 86.0 121.0 77.0
110.0 72.0 83.0 116.0
147.0 119.0 64.0 80.0
137.0 108.0 68.0 81.0
129.0 96.0 72.0 82.0
104.0 73.0 92.0 107.0
106.0 64.0 93.0 135.0
144.0 163.0 72.0 61.0
150.0 111.0 52.0 97.0
123.0 79.0 66.0 107.0
158.0 113.0 88.0 56.0
130.0 117.0 85.0 64.0
103.0 84.0 74.0 140.0
90.0 100.0 102.0 79.0
110.0 115.0 134.0 54.0
118.0 98.0 97.0 68.0
158.0 127.0 41.0 134.0
101.0 72.0 97.0 104.0
138.0 117.0 75.0 68.0
131.0 77.0 59.0 132.0
178.0 131.0 81.0 56.0
119.0 80.0 65.0 135.0
78.0 81.0 140.0 97.0
73.0 77.0 139.0 128.0
96.0 73.0 98.0 112.0
103.0 116.0 128.0 55.0
132.0 87.0 72.0 86.0
120.0 72.0 71.0 122.0
127.0 94.0 58.0 105.0
169.0 116.0 40.0 141.0
148.0 101.0 45.0 156.0
112.0 71.0 82.0 116.0
93.0 79.0 138.0 79.0
125.0 113.0 117.0 55.0
120.0 113.0 101.0 62.0
124.0 88.0 69.0 90.0
120.0 89.0 62.0 112.0
110.0 106.0 92.0 70.0
111.0 72.0 85.0 109.0
134.0 94.0 70.0 81.0
111.0 87.0 66.0 138.0
109.0 72.0 82.0 122.0
91.0 79.0 112.0 92.0
128.0 118.0 69.0 78.0
139.0 77.0 62.0 102.0
96.0 63.0 117.0 110.0
111.0 100.0 123.0 60.0
115.0 101.0 85.0 74.0
94.0 77.0 108.0 95.0
90.0 80.0 174.0 80.0
133.0 99.0 104.0 61.0
148.0 170.0 76.0 58.0
102.0 89.0 107.0 78.0
95.0 92.0 122.0 70.0
125.0 104.0 69.0 84.0
96.0 82.0 120.0 81.0
91.0 72.0 109.0 114.0
92.0 91.0 162.0 67.0
140.0 124.0 49.0 100.0
163.0 119.0 113.0 49.0
110.0 133.0 98.0 58.0
107.0 79.0 75.0 129.0
122.0 88.0 59.0 111.0
149.0 86.0 49.0 146.0
132.0 147.0 60.0 75.0
99.0 81.0 118.0 80.0
133.0 102.0 72.0 80.0
84.0 75.0 112.0 120.0
113.0 93.0 73.0 95.0
121.0 90.0 74.0 88.0
144.0 131.0 57.0 86.0
107.0 75.0 81.0 122.0
152.0 80.0 59.0 96.0
112.0 82.0 124.0 68.0
133.0 100.0 65.0 84.0
89.0 66.0 114.0 121.0
107.0 86.0 106.0 75.0
109.0 89.0 87.0 83.0
90.0 90.0 126.0 78.0
134.0 95.0 59.0 101.0
87.0 83.0 132.0 85.0
73.0 81.0 140.0 110.0
129.0 89.0 63.0 96.0
139.0 86.0 54.0 119.0
107.0 97.0 117.0 65.0
110.0 89.0 66.0 131.0
154.0 163.0 87.0 53.0
109.0 81.0 93.0 84.0
114.0 96.0 97.0 70.0
134.0 88.0 54.0 133.0
156.0 164.0 127.0 43.0
