89.0 63.0 111.0 122.0
91.0 118.0 94.0 70.0
111.0 159.0 79.0 54.0
78.0 90.0 118.0 91.0
87.0 98.0 100.0 86.0
97.0 126.0 84.0 73.0
73.0 54.0 145.0 161.0
71.0 89.0 107.0 112.0
100.0 115.0 91.0 69.0
108.0 112.0 85.0 74.0
138.0 168.0 71.0 51.0
103.0 127.0 80.0 73.0
69.0 73.0 119.0 135.0
93.0 127.0 87.0 72.0
73.0 109.0 89.0 101.0
76.0 86.0 99.0 118.0
93.0 75.0 116.0 93.0
86.0 90.0 87.0 113.0
81.0 67.0 106.0 135.0
71.0 60.0 132.0 153.0
69.0 67.0 123.0 145.0
127.0 153.0 73.0 54.0
92.0 128.0 92.0 67.0
84.0 114.0 103.0 72.0
82.0 76.0 102.0 118.0
106.0 105.0 94.0 69.0
75.0 102.0 106.0 92.0
122.0 129.0 75.0 65.0
78.0 78.0 100.0 127.0
71.0 57.0 141.0 159.0
69.0 98.0 107.0 104.0
83.0 81.0 98.0 115.0
101.0 103.0 96.0 72.0
108.0 134.0 80.0 67.0
86.0 116.0 96.0 73.0
123.0 181.0 71.0 52.0
85.0 128.0 91.0 70.0
80.0 111.0 96.0 85.0
102.0 139.0 83.0 65.0
94.0 134.0 81.0 73.0
121.0 122.0 81.0 64.0
94.0 86.0 92.0 100.0
108.0 148.0 75.0 63.0
116.0 120.0 83.0 67.0
66.0 121.0 97.0 87.0
97.0 102.0 98.0 73.0
123.0 135.0 75.0 62.0
74.0 60.0 118.0 156.0
77.0 67.0 110.0 137.0
71.0 103.0 87.0 114.0
74.0 68.0 108.0 146.0
69.0 64.0 123.0 159.0
112.0 111.0 82.0 75.0
79.0 99.0 92.0 101.0
102.0 93.0 99.0 78.0
112.0 166.0 73.0 55.0
75.0 88.0 110.0 104.0
96.0 146.0 75.0 72.0
82.0 117.0 100.0 71.0
95.0 113.0 93.0 72.0
117.0 123.0 78.0 71.0
73.0 65.0 121.0 142.0
107.0 141.0 81.0 62.0
87.0 108.0 101.0 76.0
85.0 108.0 102.0 78.0
71.0 58.0 132.0 160.0
70.0 103.0 103.0 101.0
110.0 161.0 70.0 61.0
90.0 87.0 104.0 94.0
104.0 122.0 90.0 66.0
88.0 140.0 80.0 74.0
107.0 144.0 77.0 63.0
100.0 135.0 78.0 73.0
74.0 80.0 97.0 131.0
72.0 111.0 100.0 87.0
119.0 151.0 67.0 66.0
105.0 86.0 98.0 83.0
106.0 137.0 83.0 62.0
109.0 117.0 83.0 73.0
122.0 128.0 81.0 61.0
73.0 77.0 110.0 127.0
74.0 57.0 134.0 151.0
80.0 126.0 93.0 73.0
125.0 148.0 70.0 60.0
109.0 141.0 74.0 68.0
95.0 139.0 81.0 71.0
101.0 135.0 85.0 65.0
71.0 69.0 128.0 129.0
90.0 99.0 98.0 84.0
76.0 93.0 106.0 101.0
109.0 119.0 79.0 75.0
99.0 99.0 101.0 74.0
95.0 98.0 96.0 84.0
132.0 171.0 68.0 57.0
124.0 141.0 76.0 59.0
109.0 154.0 76.0 60.0
