94.0 77.0 93.0 106.0
101.0 90.0 101.0 80.0
105.0 76.0 96.0 92.0
91.0 87.0 85.0 106.0
105.0 78.0 76.0 111.0
162.0 149.0 82.0 59.0
73.0 74.0 99.0 123.0
154.0 143.0 92.0 52.0
83.0 81.0 96.0 111.0
104.0 91.0 99.0 80.0
139.0 119.0 92.0 60.0
74.0 76.0 97.0 123.0
162.0 175.0 83.0 53.0
79.0 80.0 94.0 117.0
70.0 73.0 105.0 124.0
119.0 98.0 90.0 78.0
91.0 70.0 88.0 120.0
132.0 96.0 95.0 63.0
92.0 77.0 81.0 120.0
124.0 90.0 73.0 96.0
135.0 97.0 93.0 63.0
125.0 95.0 97.0 69.0
70.0 69.0 118.0 128.0
79.0 76.0 91.0 122.0
62.0 79.0 110.0 131.0
148.0 112.0 91.0 58.0
81.0 73.0 85.0 129.0
89.0 82.0 101.0 98.0
106.0 83.0 100.0 84.0
96.0 74.0 87.0 113.0
125.0 86.0 92.0 79.0
66.0 71.0 122.0 130.0
151.0 134.0 82.0 63.0
116.0 85.0 96.0 78.0
120.0 102.0 98.0 65.0
91.0 74.0 91.0 115.0
123.0 103.0 96.0 65.0
74.0 68.0 110.0 123.0
140.0 101.0 93.0 62.0
94.0 72.0 95.0 108.0
123.0 94.0 103.0 65.0
75.0 71.0 93.0 130.0
117.0 90.0 84.0 89.0
154.0 105.0 87.0 64.0
116.0 97.0 92.0 78.0
66.0 67.0 135.0 134.0
103.0 81.0 82.0 104.0
91.0 79.0 95.0 105.0
107.0 73.0 90.0 99.0
113.0 84.0 98.0 78.0
87.0 65.0 90.0 128.0
93.0 84.0 79.0 113.0
151.0 113.0 89.0 58.0
87.0 80.0 107.0 95.0
99.0 74.0 104.0 93.0
132.0 87.0 85.0 82.0
87.0 82.0 87.0 114.0
88.0 70.0 103.0 109.0
167.0 133.0 92.0 50.0
95.0 79.0 93.0 101.0
100.0 64.0 100.0 107.0
106.0 66.0 92.0 106.0
58.0 77.0 127.0 137.0
162.0 150.0 80.0 60.0
89.0 77.0 101.0 102.0
111.0 78.0 94.0 90.0
93.0 67.0 82.0 127.0
143.0 102.0 91.0 62.0
113.0 75.0 88.0 97.0
162.0 154.0 90.0 48.0
101.0 71.0 98.0 100.0
76.0 73.0 91.0 130.0
70.0 66.0 127.0 129.0
126.0 85.0 87.0 84.0
85.0 68.0 96.0 121.0
85.0 85.0 93.0 107.0
93.0 82.0 99.0 94.0
