100.0 76.0 102.0 92.0
69.0 80.0 153.0 116.0
103.0 97.0 87.0 72.0
94.0 66.0 114.0 108.0
146.0 167.0 68.0 64.0
117.0 97.0 76.0 80.0
66.0 82.0 152.0 128.0
111.0 84.0 80.0 87.0
74.0 76.0 129.0 134.0
104.0 72.0 102.0 92.0
144.0 147.0 71.0 63.0
109.0 111.0 81.0 72.0
146.0 151.0 67.0 66.0
103.0 65.0 108.0 97.0
102.0 75.0 99.0 90.0
111.0 95.0 77.0 81.0
125.0 102.0 75.0 75.0
86.0 72.0 117.0 112.0
130.0 100.0 73.0 74.0
83.0 69.0 120.0 127.0
117.0 109.0 71.0 81.0
100.0 81.0 104.0 79.0
81.0 72.0 117.0 125.0
72.0 73.0 161.0 142.0
99.0 73.0 109.0 88.0
139.0 110.0 67.0 77.0
72.0 79.0 133.0 124.0
105.0 78.0 88.0 90.0
124.0 129.0 70.0 72.0
96.0 70.0 120.0 88.0
102.0 71.0 105.0 91.0
126.0 92.0 75.0 79.0
130.0 143.0 64.0 72.0
91.0 70.0 120.0 101.0
69.0 78.0 156.0 128.0
75.0 71.0 162.0 130.0
91.0 63.0 117.0 123.0
101.0 69.0 104.0 100.0
120.0 146.0 69.0 69.0
88.0 76.0 116.0 99.0
108.0 83.0 79.0 91.0
118.0 142.0 73.0 66.0
107.0 80.0 86.0 87.0
138.0 98.0 63.0 83.0
97.0 65.0 124.0 96.0
88.0 76.0 123.0 92.0
112.0 128.0 79.0 66.0
92.0 65.0 124.0 109.0
91.0 79.0 112.0 92.0
96.0 63.0 117.0 110.0
94.0 77.0 108.0 95.0
132.0 147.0 60.0 75.0
89.0 66.0 114.0 121.0
