114.0 99.0 56.0 107.0
114.0 109.0 129.0 55.0
94.0 90.0 137.0 71.0
101.0 78.0 93.0 86.0
127.0 102.0 53.0 102.0
104.0 97.0 59.0 115.0
123.0 103.0 54.0 102.0
109.0 102.0 55.0 110.0
84.0 67.0 100.0 106.0
86.0 97.0 83.0 90.0
148.0 124.0 129.0 44.0
94.0 69.0 80.0 118.0
95.0 111.0 104.0 67.0
140.0 109.0 85.0 57.0
80.0 80.0 83.0 118.0
114.0 88.0 89.0 73.0
95.0 96.0 138.0 66.0
90.0 80.0 104.0 86.0
167.0 117.0 60.0 66.0
142.0 105.0 82.0 59.0
146.0 129.0 68.0 62.0
119.0 96.0 96.0 64.0
123.0 89.0 62.0 96.0
108.0 78.0 115.0 73.0
81.0 93.0 77.0 110.0
150.0 116.0 52.0 73.0
82.0 85.0 70.0 157.0
158.0 137.0 38.0 102.0
101.0 96.0 58.0 127.0
162.0 106.0 49.0 80.0
115.0 111.0 59.0 82.0
115.0 99.0 68.0 84.0
82.0 78.0 79.0 122.0
111.0 95.0 103.0 68.0
163.0 149.0 42.0 87.0
129.0 113.0 44.0 128.0
118.0 82.0 94.0 72.0
69.0 67.0 106.0 118.0
134.0 107.0 92.0 55.0
160.0 123.0 78.0 55.0
93.0 78.0 78.0 111.0
84.0 76.0 84.0 116.0
76.0 88.0 71.0 122.0
139.0 129.0 42.0 107.0
58.0 70.0 117.0 135.0
89.0 66.0 85.0 115.0
119.0 87.0 74.0 82.0
94.0 100.0 75.0 90.0
121.0 111.0 90.0 60.0
182.0 137.0 48.0 76.0
116.0 90.0 90.0 72.0
150.0 137.0 42.0 96.0
93.0 90.0 161.0 71.0
130.0 120.0 125.0 50.0
116.0 110.0 96.0 60.0
117.0 110.0 55.0 98.0
76.0 83.0 75.0 147.0
63.0 65.0 106.0 140.0
107.0 100.0 59.0 103.0
101.0 108.0 88.0 70.0
115.0 104.0 142.0 56.0
89.0 97.0 64.0 117.0
106.0 114.0 55.0 108.0
145.0 141.0 37.0 130.0
126.0 101.0 96.0 59.0
122.0 74.0 98.0 70.0
156.0 113.0 50.0 76.0
92.0 76.0 117.0 86.0
134.0 112.0 47.0 103.0
61.0 76.0 97.0 140.0
113.0 92.0 58.0 107.0
103.0 94.0 77.0 80.0
75.0 78.0 101.0 103.0
155.0 137.0 42.0 88.0
115.0 77.0 108.0 72.0
100.0 108.0 58.0 106.0
115.0 103.0 114.0 59.0
84.0 102.0 82.0 87.0
91.0 91.0 72.0 98.0
125.0 106.0 77.0 61.0
127.0 113.0 44.0 135.0
86.0 75.0 88.0 104.0
123.0 115.0 129.0 52.0
114.0 93.0 97.0 67.0
82.0 78.0 104.0 95.0
93.0 72.0 89.0 101.0
122.0 76.0 91.0 76.0
114.0 81.0 117.0 68.0
126.0 83.0 73.0 82.0
86.0 89.0 113.0 82.0
125.0 112.0 94.0 57.0
120.0 123.0 46.0 105.0
86.0 92.0 63.0 141.0
149.0 97.0 58.0 75.0
127.0 113.0 61.0 79.0
159.0 135.0 88.0 50.0
115.0 109.0 46.0 138.0
120.0 118.0 47.0 111.0
88.0 77.0 79.0 120.0
114.0 110.0 49.0 130.0
123.0 101.0 92.0 64.0
82.0 67.0 115.0 101.0
85.0 77.0 76.0 123.0
110.0 105.0 74.0 75.0
134.0 111.0 83.0 59.0
165.0 157.0 114.0 45.0
110.0 104.0 63.0 89.0
88.0 76.0 140.0 87.0
127.0 98.0 104.0 59.0
126.0 113.0 45.0 126.0
121.0 105.0 62.0 80.0
112.0 101.0 116.0 59.0
73.0 71.0 107.0 107.0
75.0 78.0 103.0 99.0
120.0 105.0 53.0 104.0
187.0 156.0 91.0 48.0
82.0 69.0 141.0 98.0
138.0 101.0 62.0 78.0
60.0 66.0 122.0 153.0
84.0 86.0 78.0 114.0
140.0 109.0 57.0 73.0
64.0 66.0 117.0 129.0
139.0 131.0 104.0 47.0
131.0 112.0 57.0 80.0
109.0 72.0 81.0 94.0
83.0 65.0 111.0 105.0
79.0 70.0 82.0 134.0
71.0 77.0 118.0 103.0
143.0 123.0 50.0 79.0
125.0 104.0 68.0 71.0
154.0 120.0 40.0 101.0
102.0 87.0 73.0 97.0
173.0 137.0 92.0 49.0
187.0 148.0 78.0 51.0
165.0 133.0 44.0 83.0
102.0 95.0 111.0 69.0
108.0 99.0 67.0 88.0
66.0 70.0 102.0 141.0
69.0 71.0 92.0 140.0
150.0 116.0 82.0 55.0
151.0 102.0 56.0 72.0
118.0 95.0 87.0 70.0
132.0 121.0 43.0 107.0
101.0 93.0 121.0 67.0
107.0 73.0 103.0 82.0
128.0 93.0 52.0 106.0
156.0 109.0 56.0 68.0
80.0 63.0 91.0 139.0
127.0 83.0 82.0 73.0
134.0 96.0 57.0 89.0
113.0 99.0 89.0 69.0
84.0 98.0 75.0 93.0
127.0 96.0 145.0 54.0
173.0 122.0 55.0 68.0
151.0 118.0 41.0 106.0
116.0 87.0 83.0 75.0
88.0 88.0 78.0 95.0
133.0 113.0 99.0 54.0
123.0 110.0 45.0 133.0
72.0 94.0 76.0 117.0
80.0 70.0 102.0 106.0
124.0 92.0 70.0 74.0
119.0 109.0 120.0 55.0
93.0 84.0 139.0 74.0
101.0 76.0 76.0 106.0
164.0 115.0 70.0 60.0
162.0 126.0 79.0 52.0
142.0 122.0 93.0 50.0
97.0 79.0 130.0 76.0
110.0 98.0 107.0 66.0
113.0 111.0 106.0 56.0
189.0 137.0 69.0 59.0
116.0 94.0 72.0 84.0
154.0 108.0 73.0 62.0
99.0 96.0 55.0 131.0
101.0 92.0 66.0 106.0
84.0 83.0 93.0 91.0
94.0 80.0 148.0 77.0
117.0 82.0 103.0 69.0
140.0 129.0 115.0 47.0
121.0 111.0 116.0 54.0
124.0 88.0 91.0 65.0
80.0 94.0 76.0 113.0
133.0 112.0 133.0 50.0
101.0 99.0 140.0 61.0
131.0 126.0 161.0 46.0
155.0 154.0 132.0 43.0
61.0 68.0 116.0 138.0
88.0 77.0 110.0 90.0
96.0 90.0 98.0 80.0
87.0 97.0 127.0 72.0
116.0 102.0 56.0 106.0
123.0 131.0 120.0 49.0
128.0 90.0 71.0 72.0
120.0 99.0 54.0 110.0
142.0 122.0 39.0 117.0
95.0 100.0 84.0 81.0
184.0 147.0 63.0 63.0
94.0 76.0 143.0 81.0
133.0 89.0 106.0 59.0
103.0 89.0 69.0 98.0
107.0 75.0 131.0 73.0
110.0 97.0 118.0 63.0
107.0 88.0 141.0 64.0
138.0 106.0 55.0 83.0
101.0 101.0 54.0 145.0
76.0 90.0 109.0 89.0
96.0 92.0 109.0 74.0
159.0 121.0 45.0 82.0
96.0 114.0 85.0 72.0
58.0 68.0 130.0 152.0
78.0 96.0 121.0 82.0
128.0 95.0 61.0 90.0
148.0 112.0 48.0 83.0
154.0 126.0 81.0 53.0
73.0 65.0 94.0 134.0
152.0 105.0 45.0 104.0
87.0 79.0 100.0 91.0
92.0 96.0 63.0 123.0
72.0 78.0 104.0 105.0
95.0 104.0 57.0 116.0
104.0 100.0 65.0 93.0
106.0 77.0 114.0 76.0
86.0 102.0 74.0 94.0
95.0 91.0 66.0 116.0
88.0 86.0 68.0 122.0
82.0 79.0 83.0 111.0
95.0 71.0 87.0 102.0
102.0 117.0 126.0 57.0
72.0 76.0 99.0 109.0
120.0 94.0 66.0 85.0
74.0 64.0 118.0 114.0
119.0 113.0 73.0 66.0
69.0 104.0 81.0 98.0
147.0 94.0 58.0 80.0
111.0 98.0 68.0 86.0
130.0 114.0 48.0 94.0
114.0 107.0 81.0 69.0
122.0 103.0 104.0 59.0
103.0 82.0 132.0 71.0
171.0 126.0 48.0 78.0
156.0 141.0 126.0 44.0
84.0 83.0 121.0 85.0
116.0 124.0 62.0 76.0
141.0 90.0 51.0 94.0
90.0 85.0 106.0 83.0
120.0 116.0 47.0 115.0
79.0 87.0 147.0 85.0
86.0 74.0 81.0 120.0
108.0 111.0 57.0 103.0
105.0 106.0 74.0 78.0
142.0 109.0 126.0 49.0
155.0 119.0 71.0 58.0
99.0 91.0 61.0 123.0
133.0 121.0 42.0 116.0
135.0 118.0 78.0 57.0
91.0 76.0 104.0 90.0
109.0 104.0 67.0 85.0
139.0 119.0 74.0 61.0
67.0 84.0 85.0 127.0
113.0 84.0 72.0 87.0
114.0 99.0 63.0 94.0
114.0 80.0 103.0 73.0
135.0 97.0 52.0 90.0
69.0 79.0 81.0 140.0
111.0 74.0 99.0 77.0
143.0 115.0 120.0 48.0
56.0 69.0 141.0 155.0
92.0 97.0 79.0 88.0
134.0 107.0 113.0 52.0
101.0 82.0 157.0 72.0
165.0 124.0 49.0 76.0
139.0 105.0 52.0 89.0
100.0 90.0 110.0 72.0
129.0 97.0 75.0 68.0
83.0 95.0 75.0 108.0
95.0 77.0 101.0 84.0
81.0 74.0 115.0 96.0
113.0 91.0 143.0 59.0
75.0 84.0 100.0 98.0
137.0 109.0 45.0 115.0
80.0 94.0 85.0 96.0
138.0 117.0 82.0 56.0
106.0 109.0 79.0 70.0
115.0 85.0 64.0 100.0
107.0 86.0 67.0 103.0
94.0 93.0 71.0 99.0
83.0 91.0 63.0 147.0
76.0 73.0 87.0 122.0
109.0 94.0 69.0 85.0
114.0 102.0 172.0 57.0
129.0 111.0 75.0 63.0
97.0 95.0 120.0 69.0
63.0 77.0 119.0 112.0
176.0 144.0 44.0 81.0
125.0 105.0 131.0 53.0
77.0 76.0 88.0 108.0
140.0 104.0 101.0 52.0
63.0 75.0 103.0 130.0
93.0 91.0 88.0 84.0
182.0 170.0 113.0 45.0
83.0 97.0 85.0 92.0
117.0 119.0 95.0 57.0
172.0 183.0 70.0 57.0
150.0 120.0 46.0 81.0
156.0 118.0 51.0 75.0
99.0 93.0 72.0 94.0
127.0 104.0 66.0 75.0
88.0 104.0 59.0 127.0
166.0 157.0 107.0 46.0
110.0 70.0 97.0 84.0
97.0 78.0 116.0 80.0
115.0 113.0 97.0 58.0
104.0 106.0 79.0 75.0
106.0 98.0 114.0 64.0
149.0 123.0 119.0 45.0
107.0 101.0 87.0 73.0
118.0 94.0 83.0 71.0
165.0 114.0 49.0 77.0
125.0 89.0 100.0 63.0
125.0 86.0 96.0 66.0
119.0 95.0 102.0 62.0
136.0 114.0 81.0 59.0
156.0 120.0 82.0 54.0
145.0 112.0 78.0 56.0
78.0 73.0 136.0 100.0
101.0 87.0 138.0 70.0
135.0 102.0 69.0 65.0
150.0 126.0 68.0 61.0
170.0 135.0 79.0 51.0
115.0 97.0 71.0 80.0
114.0 95.0 111.0 62.0
140.0 123.0 43.0 105.0
116.0 97.0 64.0 90.0
130.0 106.0 72.0 65.0
95.0 88.0 79.0 91.0
65.0 70.0 112.0 124.0
162.0 131.0 41.0 95.0
99.0 94.0 60.0 114.0
88.0 100.0 83.0 85.0
83.0 86.0 68.0 127.0
126.0 121.0 43.0 116.0
90.0 81.0 152.0 79.0
73.0 95.0 80.0 109.0
111.0 90.0 62.0 101.0
173.0 138.0 59.0 67.0
145.0 125.0 81.0 55.0
74.0 80.0 135.0 96.0
94.0 73.0 134.0 83.0
113.0 88.0 92.0 72.0
97.0 81.0 73.0 109.0
101.0 96.0 68.0 89.0
133.0 119.0 42.0 120.0
167.0 134.0 64.0 63.0
81.0 80.0 134.0 90.0
126.0 99.0 70.0 70.0
106.0 90.0 118.0 65.0
82.0 72.0 86.0 107.0
78.0 75.0 77.0 135.0
138.0 139.0 102.0 48.0
94.0 89.0 59.0 138.0
95.0 69.0 143.0 86.0
177.0 120.0 47.0 79.0
88.0 78.0 124.0 86.0
145.0 99.0 57.0 77.0
96.0 94.0 58.0 152.0
81.0 84.0 95.0 99.0
111.0 97.0 56.0 110.0
109.0 102.0 69.0 82.0
112.0 108.0 95.0 61.0
78.0 68.0 119.0 103.0
124.0 129.0 143.0 48.0
103.0 118.0 111.0 59.0
170.0 143.0 92.0 48.0
94.0 72.0 84.0 106.0
131.0 106.0 58.0 83.0
146.0 102.0 95.0 54.0
69.0 70.0 103.0 116.0
121.0 104.0 58.0 86.0
154.0 115.0 69.0 61.0
86.0 90.0 89.0 93.0
76.0 77.0 81.0 121.0
169.0 123.0 113.0 46.0
84.0 80.0 126.0 90.0
95.0 90.0 111.0 74.0
136.0 92.0 67.0 77.0
119.0 102.0 142.0 55.0
80.0 85.0 92.0 100.0
108.0 76.0 102.0 79.0
118.0 71.0 96.0 79.0
140.0 111.0 84.0 56.0
113.0 90.0 58.0 111.0
111.0 84.0 66.0 101.0
93.0 87.0 119.0 77.0
167.0 118.0 65.0 63.0
142.0 112.0 60.0 70.0
165.0 129.0 74.0 55.0
71.0 86.0 101.0 99.0
104.0 90.0 73.0 93.0
90.0 81.0 123.0 84.0
93.0 87.0 100.0 83.0
93.0 79.0 150.0 80.0
69.0 73.0 112.0 111.0
156.0 113.0 45.0 85.0
97.0 94.0 60.0 120.0
96.0 86.0 128.0 75.0
83.0 79.0 90.0 103.0
113.0 78.0 106.0 73.0
61.0 70.0 104.0 125.0
130.0 90.0 56.0 97.0
155.0 132.0 91.0 50.0
130.0 133.0 40.0 118.0
118.0 100.0 59.0 95.0
109.0 87.0 65.0 94.0
159.0 108.0 42.0 109.0
132.0 117.0 111.0 51.0
146.0 111.0 55.0 77.0
147.0 105.0 46.0 98.0
133.0 107.0 108.0 53.0
143.0 162.0 36.0 124.0
144.0 113.0 143.0 47.0
66.0 73.0 99.0 128.0
130.0 105.0 56.0 88.0
142.0 97.0 102.0 55.0
114.0 107.0 64.0 78.0
82.0 70.0 104.0 103.0
123.0 103.0 77.0 66.0
148.0 126.0 41.0 100.0
122.0 92.0 75.0 76.0
116.0 91.0 89.0 72.0
68.0 67.0 103.0 138.0
103.0 78.0 135.0 74.0
159.0 131.0 45.0 81.0
123.0 104.0 47.0 116.0
94.0 84.0 110.0 82.0
164.0 105.0 47.0 84.0
150.0 130.0 147.0 43.0
101.0 92.0 65.0 107.0
89.0 84.0 137.0 80.0
115.0 77.0 101.0 76.0
149.0 116.0 54.0 74.0
166.0 150.0 73.0 56.0
114.0 106.0 58.0 94.0
136.0 98.0 127.0 53.0
162.0 151.0 37.0 113.0
120.0 89.0 94.0 68.0
91.0 69.0 133.0 92.0
106.0 88.0 110.0 71.0
110.0 89.0 90.0 74.0
73.0 69.0 100.0 117.0
90.0 105.0 63.0 110.0
129.0 125.0 74.0 62.0
120.0 100.0 109.0 60.0
109.0 102.0 81.0 72.0
127.0 99.0 49.0 108.0
90.0 88.0 112.0 81.0
87.0 75.0 82.0 114.0
107.0 97.0 54.0 126.0
107.0 90.0 61.0 103.0
150.0 112.0 40.0 120.0
109.0 101.0 153.0 58.0
116.0 100.0 120.0 58.0
79.0 71.0 80.0 134.0
101.0 76.0 111.0 82.0
84.0 105.0 106.0 76.0
89.0 76.0 80.0 114.0
82.0 93.0 82.0 97.0
122.0 90.0 68.0 85.0
118.0 86.0 75.0 78.0
137.0 107.0 85.0 59.0
148.0 108.0 66.0 66.0
101.0 75.0 95.0 85.0
118.0 105.0 82.0 67.0
80.0 93.0 77.0 114.0
160.0 112.0 72.0 60.0
134.0 96.0 53.0 101.0
106.0 91.0 60.0 112.0
102.0 78.0 107.0 80.0
110.0 94.0 78.0 76.0
75.0 79.0 80.0 127.0
140.0 89.0 56.0 93.0
129.0 109.0 65.0 70.0
118.0 111.0 97.0 56.0
141.0 112.0 101.0 50.0
118.0 97.0 68.0 78.0
133.0 95.0 61.0 80.0
135.0 100.0 104.0 54.0
99.0 78.0 77.0 100.0
121.0 106.0 127.0 54.0
133.0 126.0 41.0 110.0
77.0 86.0 131.0 89.0
76.0 104.0 82.0 94.0
82.0 89.0 80.0 100.0
104.0 87.0 118.0 70.0
176.0 148.0 87.0 50.0
104.0 87.0 132.0 69.0
102.0 90.0 112.0 70.0
67.0 95.0 86.0 105.0
126.0 98.0 122.0 55.0
168.0 105.0 54.0 71.0
56.0 87.0 111.0 112.0
157.0 126.0 99.0 48.0
128.0 121.0 49.0 87.0
111.0 116.0 93.0 62.0
89.0 98.0 61.0 127.0
82.0 98.0 63.0 138.0
105.0 97.0 127.0 63.0
77.0 81.0 76.0 139.0
85.0 73.0 79.0 130.0
115.0 113.0 51.0 107.0
120.0 103.0 51.0 111.0
110.0 102.0 50.0 145.0
82.0 74.0 96.0 100.0
110.0 84.0 101.0 74.0
98.0 84.0 130.0 74.0
101.0 89.0 84.0 84.0
66.0 67.0 116.0 121.0
140.0 102.0 47.0 106.0
111.0 95.0 87.0 74.0
173.0 124.0 72.0 57.0
84.0 85.0 73.0 115.0
91.0 80.0 89.0 94.0
135.0 117.0 47.0 95.0
66.0 71.0 100.0 136.0
68.0 74.0 131.0 108.0
130.0 128.0 138.0 47.0
131.0 100.0 46.0 128.0
131.0 108.0 76.0 63.0
85.0 72.0 128.0 93.0
84.0 76.0 89.0 104.0
78.0 68.0 89.0 124.0
138.0 132.0 114.0 46.0
108.0 82.0 90.0 78.0
91.0 75.0 94.0 96.0
108.0 118.0 102.0 59.0
77.0 92.0 162.0 82.0
110.0 108.0 138.0 57.0
114.0 85.0 92.0 73.0
73.0 94.0 84.0 100.0
71.0 76.0 85.0 134.0
147.0 117.0 43.0 96.0
120.0 84.0 101.0 69.0
110.0 105.0 182.0 57.0
100.0 108.0 74.0 79.0
156.0 114.0 62.0 64.0
138.0 123.0 59.0 70.0
127.0 101.0 91.0 60.0
109.0 81.0 132.0 70.0
83.0 71.0 95.0 101.0
153.0 112.0 46.0 87.0
142.0 110.0 68.0 63.0
92.0 92.0 62.0 128.0
131.0 118.0 148.0 49.0
159.0 131.0 98.0 48.0
104.0 95.0 86.0 75.0
142.0 117.0 44.0 90.0
103.0 68.0 91.0 91.0
155.0 129.0 43.0 94.0
128.0 103.0 59.0 81.0
159.0 127.0 75.0 53.0
113.0 100.0 53.0 121.0
91.0 85.0 99.0 84.0
112.0 111.0 121.0 57.0
83.0 68.0 89.0 119.0
102.0 107.0 54.0 122.0
81.0 71.0 106.0 98.0
146.0 115.0 66.0 65.0
125.0 83.0 110.0 63.0
138.0 128.0 91.0 51.0
76.0 99.0 73.0 112.0
140.0 96.0 65.0 72.0
89.0 73.0 94.0 101.0
77.0 73.0 114.0 104.0
156.0 111.0 73.0 57.0
168.0 161.0 69.0 58.0
134.0 115.0 92.0 53.0
88.0 88.0 89.0 93.0
89.0 90.0 63.0 140.0
142.0 110.0 124.0 49.0
159.0 125.0 84.0 52.0
99.0 96.0 76.0 82.0
145.0 112.0 43.0 106.0
106.0 96.0 77.0 78.0
159.0 113.0 66.0 63.0
133.0 107.0 144.0 50.0
109.0 70.0 75.0 106.0
113.0 118.0 48.0 111.0
126.0 104.0 82.0 62.0
129.0 106.0 57.0 85.0
122.0 86.0 66.0 89.0
89.0 94.0 68.0 107.0
129.0 115.0 54.0 85.0
72.0 70.0 103.0 115.0
93.0 88.0 73.0 105.0
128.0 116.0 90.0 55.0
101.0 80.0 84.0 85.0
125.0 110.0 120.0 53.0
130.0 113.0 60.0 74.0
98.0 90.0 78.0 92.0
142.0 119.0 129.0 47.0
102.0 106.0 51.0 133.0
118.0 98.0 77.0 71.0
141.0 120.0 83.0 53.0
144.0 122.0 47.0 85.0
126.0 83.0 105.0 64.0
161.0 116.0 66.0 61.0
134.0 98.0 75.0 64.0
131.0 110.0 46.0 110.0
96.0 73.0 110.0 87.0
99.0 73.0 125.0 83.0
98.0 74.0 125.0 83.0
179.0 139.0 78.0 52.0
123.0 106.0 155.0 53.0
77.0 67.0 103.0 108.0
90.0 91.0 97.0 83.0
117.0 73.0 81.0 87.0
137.0 110.0 56.0 76.0
184.0 130.0 59.0 66.0
146.0 102.0 61.0 68.0
80.0 77.0 125.0 95.0
101.0 88.0 119.0 71.0
110.0 77.0 117.0 72.0
107.0 108.0 104.0 61.0
137.0 130.0 110.0 49.0
167.0 129.0 51.0 73.0
93.0 100.0 129.0 67.0
132.0 84.0 82.0 69.0
123.0 116.0 59.0 80.0
85.0 92.0 127.0 78.0
118.0 106.0 50.0 119.0
71.0 70.0 92.0 119.0
113.0 96.0 77.0 77.0
100.0 90.0 102.0 74.0
116.0 105.0 107.0 60.0
111.0 100.0 129.0 58.0
145.0 124.0 38.0 112.0
82.0 68.0 85.0 132.0
124.0 77.0 108.0 67.0
71.0 80.0 98.0 108.0
131.0 109.0 45.0 124.0
134.0 113.0 51.0 93.0
151.0 148.0 70.0 58.0
106.0 101.0 53.0 125.0
82.0 94.0 67.0 111.0
84.0 83.0 91.0 93.0
105.0 78.0 95.0 84.0
85.0 81.0 89.0 99.0
140.0 118.0 42.0 114.0
72.0 72.0 91.0 127.0
105.0 94.0 84.0 79.0
100.0 97.0 170.0 62.0
81.0 76.0 111.0 96.0
106.0 88.0 67.0 102.0
91.0 92.0 118.0 74.0
146.0 123.0 99.0 49.0
92.0 88.0 76.0 103.0
73.0 85.0 91.0 104.0
55.0 71.0 133.0 148.0
123.0 93.0 58.0 97.0
91.0 83.0 92.0 89.0
79.0 68.0 115.0 106.0
94.0 73.0 83.0 108.0
87.0 87.0 88.0 94.0
143.0 122.0 70.0 62.0
84.0 75.0 76.0 124.0
96.0 78.0 88.0 94.0
135.0 104.0 56.0 81.0
91.0 83.0 94.0 87.0
107.0 86.0 127.0 68.0
122.0 85.0 91.0 70.0
86.0 93.0 168.0 72.0
109.0 94.0 97.0 70.0
136.0 123.0 112.0 48.0
102.0 79.0 121.0 76.0
139.0 109.0 45.0 109.0
172.0 124.0 70.0 59.0
86.0 78.0 96.0 99.0
76.0 75.0 86.0 123.0
134.0 114.0 48.0 91.0
104.0 76.0 91.0 87.0
155.0 105.0 62.0 67.0
140.0 122.0 116.0 47.0
124.0 113.0 140.0 52.0
148.0 143.0 36.0 125.0
116.0 84.0 84.0 76.0
66.0 61.0 119.0 144.0
142.0 84.0 57.0 96.0
99.0 99.0 147.0 63.0
98.0 89.0 69.0 103.0
134.0 98.0 63.0 74.0
103.0 107.0 65.0 89.0
116.0 92.0 92.0 69.0
141.0 120.0 77.0 59.0
112.0 93.0 120.0 60.0
111.0 98.0 86.0 74.0
139.0 116.0 40.0 131.0
142.0 99.0 65.0 67.0
116.0 82.0 94.0 75.0
128.0 114.0 54.0 87.0
105.0 110.0 78.0 73.0
138.0 98.0 82.0 60.0
149.0 119.0 111.0 48.0
120.0 100.0 68.0 73.0
97.0 110.0 73.0 84.0
72.0 75.0 116.0 104.0
110.0 80.0 134.0 69.0
116.0 102.0 82.0 68.0
158.0 124.0 77.0 56.0
89.0 85.0 72.0 120.0
85.0 75.0 137.0 91.0
108.0 75.0 96.0 81.0
126.0 107.0 86.0 59.0
78.0 94.0 79.0 110.0
116.0 115.0 50.0 106.0
82.0 78.0 98.0 97.0
79.0 89.0 70.0 147.0
129.0 88.0 62.0 90.0
128.0 85.0 60.0 96.0
129.0 118.0 45.0 111.0
68.0 99.0 75.0 121.0
115.0 111.0 83.0 63.0
130.0 93.0 109.0 58.0
139.0 123.0 76.0 59.0
86.0 73.0 135.0 92.0
59.0 68.0 125.0 142.0
111.0 90.0 109.0 65.0
168.0 135.0 67.0 60.0
98.0 74.0 136.0 81.0
126.0 103.0 65.0 77.0
84.0 84.0 83.0 105.0
120.0 94.0 51.0 114.0
63.0 62.0 135.0 157.0
101.0 91.0 77.0 85.0
85.0 71.0 114.0 97.0
108.0 80.0 85.0 81.0
108.0 103.0 77.0 74.0
95.0 90.0 119.0 72.0
124.0 110.0 184.0 52.0
118.0 103.0 49.0 140.0
156.0 124.0 93.0 49.0
81.0 85.0 82.0 111.0
77.0 75.0 94.0 106.0
133.0 88.0 76.0 70.0
106.0 104.0 103.0 66.0
103.0 89.0 88.0 80.0
116.0 109.0 81.0 68.0
94.0 95.0 66.0 108.0
112.0 110.0 79.0 69.0
86.0 91.0 87.0 88.0
91.0 70.0 147.0 88.0
141.0 102.0 124.0 51.0
67.0 78.0 92.0 112.0
99.0 90.0 152.0 68.0
95.0 68.0 129.0 90.0
90.0 92.0 118.0 78.0
97.0 91.0 98.0 79.0
121.0 82.0 61.0 97.0
121.0 112.0 70.0 69.0
157.0 123.0 42.0 98.0
202.0 157.0 102.0 47.0
147.0 112.0 51.0 82.0
95.0 102.0 160.0 63.0
85.0 73.0 111.0 94.0
64.0 87.0 110.0 103.0
121.0 81.0 107.0 68.0
146.0 92.0 55.0 88.0
159.0 105.0 50.0 82.0
82.0 70.0 91.0 109.0
122.0 100.0 55.0 102.0
83.0 81.0 100.0 96.0
161.0 139.0 41.0 90.0
114.0 76.0 97.0 77.0
88.0 105.0 167.0 64.0
83.0 80.0 83.0 110.0
98.0 77.0 136.0 78.0
151.0 114.0 51.0 79.0
156.0 144.0 103.0 47.0
178.0 129.0 65.0 61.0
126.0 76.0 78.0 77.0
94.0 72.0 120.0 87.0
72.0 87.0 109.0 97.0
176.0 140.0 74.0 53.0
90.0 101.0 59.0 135.0
148.0 112.0 67.0 65.0
142.0 112.0 85.0 52.0
162.0 111.0 55.0 70.0
110.0 112.0 83.0 66.0
91.0 98.0 76.0 89.0
101.0 77.0 123.0 76.0
85.0 79.0 130.0 88.0
84.0 67.0 84.0 132.0
135.0 93.0 54.0 98.0
125.0 95.0 94.0 63.0
90.0 74.0 82.0 112.0
97.0 84.0 135.0 74.0
76.0 97.0 78.0 103.0
136.0 106.0 61.0 72.0
77.0 92.0 66.0 140.0
126.0 92.0 62.0 81.0
140.0 93.0 56.0 89.0
87.0 82.0 163.0 81.0
110.0 107.0 50.0 128.0
96.0 88.0 108.0 78.0
126.0 87.0 71.0 77.0
90.0 81.0 99.0 90.0
123.0 84.0 57.0 114.0
147.0 113.0 55.0 72.0
94.0 79.0 132.0 81.0
133.0 124.0 99.0 51.0
101.0 103.0 130.0 62.0
91.0 76.0 88.0 98.0
102.0 90.0 58.0 133.0
126.0 103.0 111.0 55.0
82.0 93.0 71.0 114.0
91.0 104.0 69.0 93.0
85.0 76.0 78.0 123.0
81.0 94.0 66.0 137.0
101.0 87.0 79.0 90.0
110.0 84.0 65.0 106.0
90.0 81.0 101.0 88.0
120.0 113.0 88.0 58.0
104.0 90.0 97.0 75.0
129.0 111.0 63.0 73.0
80.0 91.0 119.0 85.0
98.0 75.0 139.0 79.0
115.0 108.0 88.0 65.0
120.0 99.0 94.0 64.0
107.0 88.0 88.0 77.0
117.0 93.0 111.0 60.0
146.0 100.0 52.0 78.0
103.0 82.0 94.0 81.0
130.0 108.0 109.0 53.0
101.0 89.0 62.0 112.0
146.0 155.0 37.0 116.0
94.0 69.0 93.0 101.0
107.0 78.0 92.0 82.0
167.0 133.0 40.0 91.0
94.0 80.0 132.0 80.0
123.0 92.0 84.0 66.0
72.0 81.0 87.0 115.0
99.0 77.0 118.0 79.0
149.0 115.0 74.0 57.0
171.0 127.0 43.0 84.0
114.0 107.0 60.0 93.0
133.0 100.0 48.0 99.0
88.0 86.0 122.0 81.0
107.0 101.0 125.0 59.0
157.0 110.0 65.0 66.0
115.0 113.0 82.0 64.0
84.0 83.0 133.0 84.0
101.0 67.0 88.0 97.0
101.0 84.0 83.0 88.0
82.0 74.0 130.0 94.0
145.0 103.0 44.0 110.0
116.0 100.0 63.0 85.0
91.0 74.0 99.0 93.0
139.0 130.0 125.0 46.0
135.0 117.0 45.0 105.0
86.0 75.0 74.0 141.0
97.0 97.0 76.0 88.0
95.0 69.0 92.0 101.0
136.0 84.0 89.0 65.0
81.0 80.0 146.0 89.0
97.0 66.0 75.0 130.0
82.0 78.0 110.0 94.0
130.0 118.0 121.0 51.0
119.0 81.0 108.0 68.0
89.0 97.0 80.0 90.0
103.0 90.0 82.0 84.0
92.0 69.0 86.0 106.0
116.0 109.0 60.0 85.0
101.0 80.0 103.0 79.0
83.0 98.0 62.0 129.0
98.0 86.0 113.0 77.0
94.0 84.0 64.0 118.0
89.0 84.0 127.0 82.0
136.0 107.0 42.0 121.0
85.0 80.0 126.0 87.0
120.0 111.0 71.0 69.0
84.0 77.0 102.0 91.0
116.0 79.0 95.0 76.0
106.0 93.0 112.0 67.0
99.0 87.0 141.0 69.0
101.0 98.0 123.0 64.0
115.0 87.0 55.0 121.0
145.0 108.0 51.0 84.0
145.0 124.0 42.0 105.0
94.0 91.0 186.0 70.0
88.0 94.0 71.0 110.0
91.0 102.0 83.0 83.0
71.0 76.0 96.0 111.0
103.0 75.0 84.0 93.0
77.0 90.0 108.0 88.0
75.0 65.0 114.0 115.0
84.0 75.0 155.0 91.0
133.0 99.0 69.0 70.0
95.0 93.0 68.0 106.0
66.0 94.0 94.0 102.0
149.0 144.0 108.0 46.0
145.0 115.0 77.0 60.0
