134.0 93.0 98.0 64.0
101.0 108.0 75.0 97.0
78.0 85.0 78.0 165.0
104.0 95.0 85.0 90.0
97.0 88.0 84.0 103.0
130.0 126.0 54.0 110.0
90.0 87.0 77.0 127.0
120.0 136.0 61.0 95.0
99.0 106.0 124.0 65.0
110.0 115.0 111.0 58.0
84.0 88.0 71.0 150.0
113.0 142.0 84.0 64.0
149.0 145.0 62.0 83.0
113.0 99.0 131.0 57.0
93.0 106.0 91.0 80.0
92.0 86.0 74.0 135.0
132.0 139.0 54.0 104.0
136.0 117.0 70.0 82.0
73.0 84.0 98.0 126.0
111.0 100.0 125.0 62.0
87.0 92.0 88.0 100.0
98.0 85.0 102.0 88.0
136.0 116.0 51.0 114.0
115.0 137.0 89.0 59.0
107.0 93.0 99.0 77.0
85.0 85.0 121.0 90.0
117.0 117.0 62.0 100.0
153.0 142.0 44.0 127.0
73.0 85.0 85.0 185.0
97.0 93.0 58.0 157.0
130.0 133.0 83.0 63.0
133.0 123.0 56.0 105.0
91.0 101.0 69.0 124.0
157.0 150.0 57.0 92.0
111.0 115.0 72.0 89.0
117.0 90.0 96.0 74.0
132.0 132.0 89.0 57.0
147.0 162.0 53.0 102.0
62.0 75.0 149.0 136.0
119.0 122.0 101.0 57.0
74.0 82.0 113.0 111.0
97.0 90.0 138.0 72.0
123.0 139.0 91.0 55.0
107.0 105.0 125.0 59.0
121.0 129.0 83.0 68.0
81.0 80.0 99.0 118.0
78.0 80.0 120.0 104.0
108.0 109.0 113.0 62.0
90.0 77.0 100.0 106.0
104.0 85.0 110.0 79.0
111.0 124.0 72.0 86.0
111.0 119.0 80.0 75.0
92.0 117.0 55.0 133.0
81.0 81.0 105.0 108.0
88.0 82.0 79.0 132.0
124.0 103.0 116.0 56.0
84.0 107.0 59.0 152.0
109.0 101.0 54.0 137.0
83.0 79.0 148.0 94.0
109.0 98.0 73.0 101.0
122.0 99.0 55.0 119.0
120.0 167.0 78.0 64.0
134.0 118.0 60.0 98.0
120.0 146.0 63.0 88.0
98.0 89.0 123.0 77.0
107.0 83.0 64.0 135.0
127.0 109.0 60.0 102.0
79.0 80.0 105.0 116.0
110.0 133.0 70.0 84.0
90.0 91.0 91.0 97.0
118.0 120.0 84.0 70.0
69.0 84.0 93.0 171.0
109.0 102.0 138.0 58.0
106.0 91.0 122.0 69.0
77.0 92.0 86.0 123.0
89.0 73.0 98.0 122.0
116.0 110.0 121.0 53.0
86.0 84.0 71.0 161.0
127.0 155.0 68.0 76.0
116.0 122.0 59.0 105.0
94.0 89.0 115.0 81.0
96.0 78.0 96.0 104.0
65.0 77.0 140.0 124.0
152.0 132.0 45.0 132.0
92.0 75.0 116.0 96.0
107.0 130.0 92.0 60.0
81.0 94.0 97.0 99.0
79.0 75.0 104.0 128.0
80.0 77.0 88.0 145.0
119.0 130.0 79.0 72.0
102.0 102.0 153.0 62.0
103.0 99.0 131.0 65.0
72.0 98.0 83.0 126.0
109.0 81.0 101.0 79.0
159.0 156.0 62.0 82.0
109.0 105.0 134.0 56.0
112.0 91.0 94.0 77.0
111.0 97.0 90.0 79.0
158.0 142.0 96.0 53.0
85.0 85.0 109.0 97.0
126.0 134.0 55.0 105.0
61.0 73.0 143.0 142.0
89.0 106.0 75.0 108.0
91.0 88.0 80.0 111.0
145.0 117.0 49.0 119.0
127.0 141.0 88.0 57.0
134.0 84.0 98.0 67.0
120.0 126.0 96.0 55.0
74.0 74.0 122.0 116.0
118.0 131.0 53.0 116.0
87.0 82.0 127.0 88.0
98.0 107.0 87.0 84.0
68.0 78.0 105.0 144.0
73.0 87.0 119.0 105.0
113.0 130.0 74.0 81.0
93.0 99.0 85.0 96.0
115.0 88.0 98.0 75.0
97.0 94.0 61.0 137.0
124.0 131.0 50.0 121.0
95.0 128.0 104.0 63.0
84.0 80.0 103.0 108.0
90.0 77.0 108.0 99.0
94.0 83.0 105.0 91.0
91.0 99.0 121.0 76.0
88.0 81.0 83.0 127.0
107.0 97.0 56.0 134.0
117.0 127.0 64.0 93.0
65.0 74.0 126.0 134.0
95.0 131.0 101.0 65.0
142.0 110.0 60.0 98.0
91.0 83.0 70.0 163.0
82.0 87.0 89.0 121.0
121.0 157.0 74.0 70.0
108.0 87.0 112.0 74.0
127.0 118.0 90.0 62.0
83.0 85.0 75.0 175.0
106.0 104.0 98.0 73.0
105.0 108.0 119.0 61.0
69.0 93.0 83.0 167.0
95.0 84.0 84.0 108.0
68.0 77.0 107.0 136.0
107.0 89.0 88.0 88.0
118.0 135.0 94.0 56.0
142.0 156.0 51.0 103.0
128.0 128.0 73.0 78.0
141.0 137.0 63.0 87.0
94.0 92.0 65.0 135.0
115.0 136.0 95.0 56.0
130.0 129.0 76.0 73.0
126.0 121.0 49.0 127.0
101.0 90.0 119.0 74.0
113.0 93.0 114.0 69.0
100.0 97.0 77.0 102.0
59.0 78.0 131.0 173.0
69.0 83.0 106.0 131.0
83.0 89.0 119.0 89.0
99.0 101.0 64.0 121.0
97.0 85.0 97.0 92.0
101.0 93.0 64.0 125.0
145.0 107.0 65.0 91.0
101.0 99.0 134.0 65.0
106.0 90.0 123.0 70.0
77.0 88.0 81.0 139.0
113.0 113.0 106.0 57.0
117.0 100.0 122.0 58.0
113.0 97.0 131.0 60.0
102.0 96.0 61.0 124.0
106.0 81.0 120.0 79.0
92.0 99.0 82.0 103.0
114.0 155.0 65.0 84.0
148.0 140.0 56.0 97.0
113.0 123.0 72.0 83.0
72.0 85.0 114.0 110.0
108.0 115.0 66.0 103.0
74.0 85.0 84.0 159.0
118.0 113.0 53.0 122.0
105.0 107.0 59.0 120.0
131.0 104.0 60.0 103.0
104.0 122.0 101.0 65.0
118.0 101.0 102.0 66.0
66.0 86.0 95.0 164.0
98.0 90.0 70.0 126.0
116.0 144.0 93.0 56.0
123.0 149.0 57.0 101.0
105.0 92.0 104.0 75.0
97.0 92.0 105.0 82.0
98.0 84.0 156.0 76.0
98.0 98.0 62.0 130.0
79.0 86.0 96.0 110.0
73.0 82.0 108.0 118.0
86.0 106.0 90.0 90.0
152.0 126.0 57.0 97.0
122.0 94.0 62.0 112.0
97.0 89.0 74.0 111.0
116.0 121.0 70.0 90.0
91.0 94.0 154.0 75.0
138.0 156.0 68.0 73.0
96.0 86.0 121.0 79.0
115.0 142.0 82.0 66.0
76.0 84.0 87.0 149.0
93.0 78.0 112.0 90.0
105.0 88.0 108.0 77.0
130.0 125.0 126.0 47.0
76.0 86.0 89.0 126.0
98.0 117.0 105.0 66.0
106.0 109.0 77.0 89.0
134.0 147.0 71.0 72.0
141.0 126.0 108.0 49.0
132.0 131.0 62.0 93.0
74.0 83.0 124.0 107.0
117.0 99.0 65.0 109.0
93.0 80.0 112.0 89.0
72.0 78.0 96.0 162.0
153.0 143.0 47.0 120.0
99.0 86.0 100.0 86.0
123.0 158.0 82.0 62.0
133.0 137.0 78.0 68.0
99.0 81.0 134.0 79.0
124.0 127.0 61.0 98.0
97.0 99.0 76.0 104.0
80.0 83.0 115.0 104.0
98.0 95.0 67.0 123.0
128.0 136.0 135.0 46.0
73.0 79.0 100.0 137.0
120.0 154.0 74.0 72.0
128.0 98.0 62.0 107.0
94.0 106.0 130.0 66.0
132.0 153.0 65.0 78.0
111.0 124.0 73.0 82.0
92.0 93.0 70.0 128.0
81.0 82.0 119.0 97.0
122.0 98.0 69.0 98.0
120.0 112.0 59.0 107.0
80.0 76.0 90.0 137.0
79.0 99.0 89.0 107.0
118.0 106.0 64.0 105.0
132.0 107.0 61.0 100.0
98.0 104.0 81.0 92.0
87.0 95.0 86.0 105.0
99.0 91.0 67.0 128.0
144.0 115.0 46.0 149.0
110.0 109.0 112.0 62.0
146.0 140.0 44.0 135.0
129.0 105.0 99.0 60.0
90.0 76.0 110.0 101.0
147.0 131.0 50.0 113.0
122.0 109.0 59.0 108.0
102.0 131.0 93.0 63.0
80.0 89.0 78.0 145.0
120.0 100.0 89.0 75.0
131.0 140.0 83.0 62.0
117.0 87.0 112.0 70.0
108.0 88.0 73.0 108.0
86.0 83.0 73.0 153.0
102.0 114.0 126.0 58.0
116.0 112.0 57.0 112.0
100.0 84.0 96.0 88.0
98.0 81.0 96.0 95.0
66.0 77.0 115.0 144.0
116.0 99.0 100.0 70.0
121.0 147.0 87.0 59.0
99.0 90.0 121.0 77.0
128.0 148.0 56.0 99.0
84.0 88.0 104.0 99.0
110.0 136.0 103.0 51.0
92.0 93.0 78.0 114.0
99.0 100.0 80.0 97.0
74.0 86.0 113.0 107.0
104.0 87.0 110.0 76.0
124.0 99.0 54.0 122.0
107.0 104.0 94.0 74.0
106.0 104.0 81.0 85.0
127.0 153.0 77.0 66.0
123.0 124.0 66.0 89.0
96.0 79.0 108.0 92.0
120.0 143.0 67.0 83.0
95.0 96.0 56.0 154.0
86.0 78.0 93.0 118.0
104.0 106.0 127.0 62.0
87.0 77.0 121.0 93.0
85.0 109.0 85.0 95.0
98.0 66.0 108.0 103.0
99.0 137.0 95.0 59.0
118.0 102.0 50.0 142.0
131.0 149.0 147.0 45.0
122.0 121.0 74.0 81.0
92.0 84.0 88.0 109.0
71.0 93.0 84.0 146.0
115.0 139.0 85.0 64.0
125.0 150.0 70.0 76.0
109.0 93.0 64.0 115.0
103.0 140.0 84.0 67.0
84.0 79.0 84.0 152.0
117.0 136.0 64.0 90.0
118.0 98.0 103.0 66.0
81.0 85.0 102.0 108.0
90.0 108.0 58.0 140.0
124.0 142.0 65.0 85.0
76.0 79.0 96.0 136.0
123.0 98.0 96.0 66.0
116.0 124.0 68.0 90.0
70.0 75.0 124.0 119.0
126.0 130.0 146.0 46.0
125.0 104.0 59.0 110.0
131.0 134.0 49.0 116.0
125.0 97.0 84.0 76.0
109.0 93.0 62.0 123.0
62.0 79.0 134.0 127.0
100.0 130.0 127.0 50.0
98.0 121.0 62.0 108.0
61.0 72.0 149.0 154.0
88.0 101.0 97.0 87.0
117.0 104.0 107.0 63.0
140.0 125.0 45.0 144.0
109.0 147.0 67.0 85.0
87.0 74.0 135.0 97.0
100.0 114.0 111.0 64.0
115.0 98.0 80.0 87.0
89.0 83.0 82.0 121.0
125.0 142.0 82.0 63.0
104.0 121.0 78.0 80.0
92.0 86.0 99.0 94.0
120.0 95.0 91.0 75.0
78.0 74.0 119.0 108.0
131.0 118.0 63.0 94.0
109.0 113.0 120.0 57.0
60.0 77.0 137.0 139.0
85.0 72.0 130.0 103.0
153.0 151.0 95.0 53.0
113.0 121.0 67.0 91.0
98.0 89.0 86.0 92.0
115.0 153.0 72.0 74.0
139.0 155.0 66.0 77.0
96.0 103.0 131.0 67.0
83.0 80.0 135.0 95.0
95.0 92.0 129.0 75.0
137.0 152.0 45.0 128.0
123.0 103.0 63.0 100.0
120.0 118.0 69.0 90.0
101.0 105.0 117.0 68.0
92.0 93.0 75.0 118.0
122.0 101.0 81.0 80.0
117.0 135.0 94.0 57.0
136.0 142.0 152.0 45.0
133.0 128.0 61.0 94.0
107.0 104.0 82.0 80.0
93.0 99.0 74.0 110.0
115.0 103.0 73.0 94.0
104.0 100.0 78.0 97.0
130.0 124.0 83.0 66.0
141.0 151.0 55.0 97.0
136.0 156.0 63.0 84.0
110.0 82.0 118.0 75.0
88.0 103.0 93.0 88.0
107.0 89.0 110.0 73.0
125.0 142.0 89.0 56.0
138.0 144.0 55.0 99.0
116.0 105.0 120.0 58.0
86.0 100.0 90.0 95.0
92.0 114.0 79.0 90.0
125.0 147.0 75.0 70.0
111.0 131.0 75.0 80.0
109.0 73.0 104.0 87.0
135.0 125.0 109.0 49.0
94.0 75.0 111.0 94.0
94.0 87.0 87.0 107.0
67.0 76.0 136.0 124.0
117.0 136.0 88.0 60.0
67.0 83.0 102.0 141.0
122.0 147.0 56.0 102.0
77.0 70.0 106.0 142.0
81.0 76.0 132.0 100.0
111.0 94.0 124.0 65.0
126.0 152.0 68.0 78.0
105.0 97.0 123.0 68.0
109.0 152.0 76.0 71.0
81.0 81.0 101.0 112.0
120.0 124.0 139.0 47.0
89.0 73.0 85.0 143.0
80.0 88.0 98.0 105.0
87.0 106.0 60.0 150.0
92.0 121.0 78.0 90.0
62.0 79.0 116.0 164.0
122.0 118.0 109.0 51.0
98.0 101.0 60.0 133.0
140.0 155.0 67.0 74.0
121.0 152.0 53.0 107.0
99.0 113.0 88.0 76.0
86.0 84.0 75.0 145.0
86.0 85.0 86.0 115.0
93.0 80.0 87.0 112.0
117.0 121.0 69.0 90.0
132.0 148.0 72.0 71.0
107.0 105.0 139.0 56.0
83.0 90.0 128.0 87.0
124.0 133.0 75.0 77.0
106.0 93.0 70.0 115.0
101.0 110.0 102.0 71.0
71.0 86.0 94.0 129.0
117.0 126.0 62.0 97.0
98.0 79.0 126.0 80.0
87.0 90.0 71.0 137.0
83.0 77.0 113.0 107.0
95.0 111.0 80.0 89.0
92.0 80.0 79.0 126.0
93.0 88.0 101.0 90.0
107.0 130.0 85.0 67.0
106.0 113.0 78.0 85.0
101.0 96.0 155.0 63.0
130.0 139.0 68.0 81.0
70.0 82.0 103.0 136.0
113.0 116.0 74.0 84.0
114.0 109.0 122.0 55.0
95.0 97.0 92.0 87.0
111.0 103.0 114.0 62.0
97.0 116.0 57.0 120.0
95.0 96.0 63.0 127.0
122.0 98.0 58.0 112.0
82.0 77.0 107.0 111.0
115.0 102.0 117.0 61.0
133.0 104.0 111.0 52.0
96.0 81.0 108.0 89.0
103.0 98.0 76.0 103.0
107.0 84.0 95.0 81.0
96.0 91.0 111.0 80.0
109.0 109.0 105.0 64.0
141.0 143.0 52.0 104.0
138.0 154.0 57.0 95.0
86.0 83.0 90.0 114.0
87.0 111.0 58.0 140.0
97.0 85.0 72.0 133.0
98.0 91.0 73.0 116.0
128.0 114.0 51.0 121.0
152.0 166.0 48.0 112.0
122.0 139.0 67.0 84.0
85.0 73.0 107.0 117.0
98.0 79.0 112.0 88.0
148.0 155.0 46.0 121.0
104.0 85.0 61.0 145.0
137.0 137.0 64.0 85.0
157.0 136.0 54.0 101.0
120.0 131.0 89.0 62.0
79.0 68.0 112.0 127.0
100.0 84.0 112.0 83.0
124.0 143.0 77.0 70.0
88.0 84.0 91.0 111.0
126.0 124.0 53.0 112.0
126.0 106.0 70.0 92.0
88.0 88.0 80.0 116.0
117.0 131.0 71.0 83.0
150.0 161.0 50.0 107.0
116.0 101.0 131.0 54.0
79.0 95.0 129.0 85.0
92.0 126.0 104.0 65.0
113.0 96.0 85.0 84.0
117.0 99.0 123.0 59.0
110.0 101.0 121.0 63.0
115.0 102.0 63.0 106.0
153.0 153.0 59.0 87.0
89.0 90.0 106.0 89.0
91.0 87.0 78.0 121.0
99.0 99.0 149.0 65.0
124.0 100.0 51.0 129.0
106.0 132.0 70.0 88.0
105.0 123.0 76.0 82.0
131.0 145.0 69.0 76.0
82.0 95.0 69.0 153.0
129.0 115.0 89.0 64.0
86.0 80.0 136.0 90.0
133.0 147.0 59.0 91.0
78.0 98.0 94.0 102.0
95.0 90.0 63.0 156.0
120.0 130.0 86.0 64.0
123.0 124.0 73.0 81.0
104.0 109.0 86.0 77.0
90.0 88.0 93.0 101.0
131.0 111.0 53.0 118.0
127.0 142.0 48.0 119.0
104.0 103.0 54.0 139.0
96.0 93.0 67.0 130.0
113.0 112.0 132.0 49.0
164.0 148.0 60.0 85.0
118.0 157.0 79.0 64.0
136.0 122.0 58.0 99.0
108.0 106.0 52.0 142.0
135.0 151.0 70.0 75.0
90.0 83.0 130.0 86.0
66.0 81.0 139.0 118.0
138.0 146.0 66.0 80.0
123.0 101.0 83.0 77.0
127.0 152.0 67.0 80.0
88.0 86.0 105.0 94.0
84.0 74.0 108.0 113.0
112.0 117.0 59.0 110.0
83.0 81.0 100.0 110.0
124.0 133.0 86.0 63.0
115.0 148.0 79.0 67.0
96.0 97.0 69.0 118.0
121.0 145.0 85.0 61.0
114.0 104.0 125.0 56.0
112.0 111.0 83.0 78.0
96.0 94.0 71.0 113.0
150.0 136.0 54.0 102.0
93.0 85.0 86.0 108.0
131.0 141.0 110.0 48.0
112.0 118.0 73.0 87.0
88.0 79.0 104.0 102.0
69.0 77.0 114.0 121.0
115.0 103.0 93.0 73.0
110.0 99.0 70.0 107.0
98.0 116.0 69.0 101.0
124.0 160.0 82.0 59.0
125.0 135.0 94.0 55.0
93.0 73.0 110.0 101.0
87.0 85.0 92.0 109.0
122.0 171.0 70.0 72.0
69.0 80.0 108.0 130.0
97.0 91.0 79.0 107.0
74.0 84.0 86.0 151.0
109.0 100.0 134.0 60.0
90.0 97.0 72.0 121.0
135.0 115.0 48.0 135.0
109.0 96.0 131.0 63.0
82.0 86.0 152.0 89.0
113.0 99.0 119.0 63.0
94.0 118.0 65.0 110.0
94.0 113.0 72.0 103.0
148.0 165.0 48.0 114.0
112.0 115.0 53.0 126.0
84.0 103.0 62.0 155.0
150.0 150.0 57.0 93.0
141.0 123.0 52.0 112.0
125.0 95.0 102.0 64.0
121.0 122.0 64.0 94.0
140.0 144.0 57.0 96.0
112.0 145.0 75.0 77.0
83.0 103.0 110.0 82.0
67.0 82.0 119.0 116.0
119.0 135.0 64.0 87.0
85.0 83.0 97.0 109.0
85.0 91.0 72.0 140.0
78.0 85.0 115.0 104.0
72.0 90.0 103.0 110.0
118.0 118.0 88.0 65.0
148.0 140.0 61.0 86.0
106.0 104.0 108.0 66.0
81.0 84.0 115.0 98.0
112.0 113.0 87.0 72.0
74.0 88.0 107.0 107.0
109.0 112.0 88.0 74.0
85.0 75.0 89.0 139.0
133.0 140.0 155.0 45.0
125.0 126.0 94.0 58.0
97.0 97.0 59.0 137.0
91.0 121.0 64.0 111.0
113.0 103.0 71.0 98.0
99.0 79.0 91.0 104.0
84.0 91.0 96.0 103.0
80.0 87.0 76.0 171.0
74.0 81.0 105.0 122.0
85.0 78.0 144.0 92.0
112.0 111.0 105.0 62.0
107.0 110.0 106.0 65.0
153.0 165.0 73.0 69.0
120.0 117.0 87.0 66.0
86.0 76.0 146.0 95.0
137.0 143.0 53.0 104.0
112.0 90.0 103.0 76.0
97.0 82.0 148.0 77.0
103.0 108.0 130.0 61.0
79.0 72.0 129.0 106.0
108.0 101.0 87.0 81.0
77.0 81.0 99.0 122.0
93.0 97.0 78.0 109.0
123.0 98.0 70.0 93.0
68.0 85.0 105.0 127.0
90.0 86.0 113.0 88.0
116.0 158.0 80.0 63.0
111.0 129.0 75.0 81.0
113.0 106.0 72.0 91.0
113.0 90.0 107.0 73.0
124.0 118.0 47.0 143.0
115.0 114.0 73.0 88.0
107.0 109.0 75.0 87.0
90.0 96.0 61.0 157.0
86.0 85.0 95.0 105.0
99.0 102.0 128.0 67.0
106.0 105.0 67.0 106.0
118.0 111.0 84.0 73.0
147.0 118.0 57.0 102.0
91.0 80.0 111.0 93.0
93.0 71.0 114.0 100.0
131.0 131.0 145.0 46.0
121.0 148.0 74.0 73.0
117.0 138.0 101.0 50.0
118.0 111.0 52.0 128.0
88.0 91.0 73.0 132.0
97.0 95.0 77.0 107.0
88.0 79.0 133.0 90.0
82.0 77.0 121.0 101.0
114.0 108.0 53.0 127.0
136.0 132.0 111.0 48.0
102.0 93.0 133.0 66.0
137.0 131.0 177.0 45.0
111.0 102.0 61.0 116.0
139.0 157.0 54.0 98.0
121.0 92.0 53.0 136.0
97.0 106.0 78.0 98.0
92.0 91.0 62.0 158.0
102.0 104.0 155.0 60.0
108.0 137.0 98.0 57.0
96.0 97.0 92.0 86.0
88.0 101.0 93.0 91.0
93.0 97.0 141.0 68.0
94.0 81.0 123.0 85.0
83.0 92.0 95.0 104.0
108.0 94.0 116.0 70.0
137.0 128.0 125.0 47.0
140.0 150.0 74.0 67.0
88.0 76.0 87.0 122.0
110.0 110.0 89.0 75.0
97.0 78.0 102.0 94.0
95.0 88.0 102.0 88.0
137.0 175.0 81.0 61.0
106.0 84.0 83.0 100.0
115.0 106.0 113.0 60.0
98.0 81.0 111.0 87.0
118.0 109.0 88.0 68.0
153.0 170.0 66.0 76.0
77.0 91.0 107.0 99.0
115.0 131.0 74.0 80.0
111.0 119.0 91.0 66.0
112.0 106.0 71.0 96.0
97.0 89.0 121.0 78.0
144.0 152.0 53.0 103.0
99.0 90.0 117.0 78.0
82.0 93.0 70.0 149.0
151.0 147.0 54.0 97.0
89.0 84.0 78.0 136.0
71.0 73.0 115.0 128.0
136.0 113.0 58.0 102.0
91.0 94.0 94.0 91.0
143.0 142.0 59.0 88.0
112.0 110.0 140.0 51.0
89.0 89.0 74.0 135.0
127.0 134.0 115.0 48.0
114.0 108.0 115.0 59.0
87.0 86.0 74.0 140.0
95.0 85.0 73.0 122.0
91.0 85.0 122.0 85.0
95.0 75.0 97.0 102.0
109.0 136.0 87.0 63.0
102.0 104.0 140.0 61.0
118.0 111.0 120.0 52.0
133.0 134.0 46.0 142.0
98.0 117.0 53.0 135.0
123.0 102.0 85.0 73.0
118.0 125.0 77.0 77.0
86.0 96.0 89.0 97.0
115.0 141.0 93.0 57.0
111.0 105.0 68.0 102.0
134.0 138.0 51.0 111.0
128.0 150.0 55.0 102.0
62.0 86.0 101.0 158.0
123.0 107.0 50.0 138.0
80.0 83.0 99.0 116.0
112.0 106.0 60.0 110.0
126.0 136.0 80.0 67.0
126.0 120.0 63.0 95.0
84.0 93.0 74.0 136.0
100.0 70.0 105.0 101.0
109.0 157.0 69.0 78.0
97.0 93.0 65.0 130.0
105.0 99.0 130.0 65.0
83.0 73.0 99.0 129.0
130.0 138.0 76.0 70.0
90.0 87.0 119.0 87.0
66.0 76.0 117.0 136.0
126.0 141.0 73.0 74.0
113.0 98.0 78.0 91.0
92.0 91.0 69.0 131.0
104.0 98.0 152.0 64.0
133.0 113.0 111.0 49.0
101.0 113.0 68.0 104.0
119.0 115.0 122.0 49.0
76.0 85.0 85.0 157.0
115.0 98.0 77.0 92.0
147.0 140.0 50.0 110.0
120.0 131.0 55.0 109.0
104.0 84.0 63.0 137.0
108.0 101.0 72.0 102.0
100.0 103.0 87.0 86.0
95.0 98.0 72.0 110.0
107.0 107.0 109.0 65.0
82.0 109.0 81.0 104.0
117.0 136.0 65.0 86.0
142.0 135.0 50.0 114.0
88.0 90.0 80.0 113.0
70.0 94.0 85.0 140.0
83.0 87.0 78.0 141.0
118.0 94.0 58.0 128.0
91.0 114.0 100.0 74.0
112.0 88.0 59.0 126.0
120.0 138.0 74.0 76.0
95.0 105.0 90.0 81.0
101.0 87.0 123.0 76.0
91.0 68.0 122.0 100.0
114.0 105.0 111.0 63.0
123.0 109.0 71.0 89.0
140.0 112.0 49.0 123.0
105.0 107.0 96.0 72.0
109.0 85.0 124.0 71.0
104.0 100.0 104.0 74.0
119.0 144.0 72.0 76.0
91.0 91.0 132.0 77.0
112.0 116.0 62.0 103.0
110.0 106.0 51.0 140.0
103.0 99.0 54.0 149.0
125.0 128.0 91.0 58.0
98.0 83.0 63.0 169.0
127.0 139.0 84.0 62.0
99.0 96.0 68.0 116.0
67.0 73.0 127.0 133.0
145.0 130.0 45.0 140.0
99.0 88.0 109.0 81.0
78.0 71.0 104.0 134.0
81.0 83.0 101.0 109.0
125.0 138.0 75.0 73.0
65.0 70.0 141.0 143.0
84.0 95.0 95.0 96.0
113.0 137.0 68.0 85.0
99.0 95.0 57.0 147.0
107.0 100.0 54.0 139.0
114.0 92.0 119.0 64.0
110.0 114.0 137.0 50.0
124.0 139.0 138.0 46.0
95.0 108.0 73.0 103.0
87.0 75.0 100.0 117.0
121.0 142.0 88.0 59.0
90.0 109.0 103.0 77.0
67.0 87.0 96.0 151.0
61.0 77.0 128.0 133.0
89.0 85.0 108.0 93.0
111.0 102.0 140.0 54.0
113.0 132.0 75.0 78.0
136.0 135.0 107.0 49.0
124.0 115.0 115.0 49.0
103.0 97.0 57.0 139.0
131.0 115.0 49.0 129.0
91.0 103.0 68.0 121.0
83.0 79.0 122.0 96.0
113.0 142.0 77.0 71.0
102.0 96.0 103.0 78.0
133.0 142.0 71.0 75.0
137.0 156.0 67.0 76.0
145.0 159.0 56.0 95.0
79.0 70.0 147.0 112.0
117.0 123.0 102.0 57.0
104.0 94.0 116.0 71.0
120.0 108.0 87.0 69.0
98.0 94.0 79.0 99.0
62.0 85.0 103.0 150.0
96.0 80.0 83.0 111.0
122.0 143.0 114.0 48.0
112.0 112.0 116.0 57.0
70.0 85.0 104.0 124.0
137.0 109.0 57.0 105.0
85.0 110.0 58.0 142.0
126.0 128.0 129.0 47.0
157.0 127.0 60.0 90.0
103.0 91.0 135.0 69.0
110.0 84.0 118.0 72.0
135.0 107.0 58.0 108.0
66.0 70.0 133.0 163.0
130.0 121.0 62.0 95.0
66.0 87.0 98.0 147.0
111.0 110.0 61.0 109.0
97.0 138.0 96.0 58.0
140.0 135.0 57.0 98.0
111.0 111.0 87.0 75.0
96.0 90.0 63.0 151.0
151.0 142.0 106.0 49.0
115.0 107.0 65.0 105.0
113.0 104.0 117.0 61.0
98.0 95.0 57.0 152.0
123.0 116.0 78.0 77.0
133.0 117.0 56.0 107.0
104.0 118.0 116.0 58.0
103.0 96.0 71.0 107.0
112.0 113.0 127.0 54.0
100.0 103.0 76.0 99.0
138.0 123.0 54.0 109.0
111.0 110.0 126.0 55.0
129.0 106.0 89.0 67.0
119.0 130.0 71.0 80.0
125.0 157.0 87.0 58.0
127.0 110.0 54.0 118.0
84.0 81.0 106.0 104.0
118.0 108.0 71.0 92.0
116.0 103.0 71.0 94.0
123.0 153.0 89.0 55.0
109.0 106.0 51.0 145.0
114.0 108.0 111.0 60.0
78.0 81.0 115.0 106.0
93.0 89.0 77.0 117.0
85.0 77.0 109.0 105.0
126.0 142.0 97.0 53.0
134.0 152.0 64.0 79.0
120.0 128.0 99.0 53.0
106.0 83.0 106.0 80.0
91.0 90.0 94.0 95.0
97.0 100.0 61.0 130.0
151.0 159.0 53.0 100.0
106.0 138.0 99.0 56.0
121.0 143.0 71.0 77.0
118.0 84.0 109.0 73.0
76.0 84.0 93.0 125.0
104.0 106.0 85.0 81.0
111.0 135.0 68.0 86.0
115.0 99.0 92.0 74.0
124.0 127.0 76.0 77.0
80.0 99.0 65.0 158.0
78.0 76.0 115.0 109.0
95.0 78.0 114.0 88.0
132.0 130.0 85.0 62.0
124.0 126.0 62.0 96.0
125.0 119.0 100.0 53.0
111.0 133.0 82.0 71.0
92.0 106.0 56.0 145.0
106.0 111.0 67.0 101.0
117.0 102.0 114.0 61.0
76.0 86.0 84.0 157.0
117.0 122.0 71.0 86.0
136.0 156.0 70.0 74.0
94.0 102.0 78.0 99.0
88.0 90.0 75.0 124.0
111.0 119.0 79.0 79.0
83.0 94.0 75.0 130.0
148.0 123.0 62.0 90.0
108.0 101.0 53.0 142.0
123.0 137.0 57.0 103.0
79.0 94.0 93.0 105.0
77.0 89.0 111.0 98.0
74.0 87.0 92.0 133.0
96.0 131.0 95.0 67.0
121.0 152.0 81.0 63.0
126.0 104.0 55.0 114.0
132.0 96.0 92.0 66.0
86.0 98.0 94.0 94.0
104.0 109.0 98.0 71.0
98.0 87.0 64.0 149.0
116.0 131.0 59.0 102.0
85.0 90.0 104.0 93.0
103.0 145.0 77.0 74.0
84.0 115.0 65.0 123.0
110.0 120.0 61.0 105.0
158.0 163.0 56.0 91.0
67.0 104.0 78.0 140.0
107.0 86.0 123.0 73.0
96.0 111.0 65.0 113.0
121.0 129.0 78.0 73.0
127.0 117.0 59.0 103.0
75.0 102.0 68.0 160.0
114.0 145.0 63.0 91.0
90.0 83.0 90.0 106.0
80.0 88.0 81.0 134.0
83.0 90.0 85.0 116.0
92.0 101.0 66.0 124.0
142.0 144.0 50.0 112.0
106.0 106.0 74.0 94.0
82.0 93.0 83.0 120.0
127.0 134.0 86.0 61.0
96.0 91.0 105.0 83.0
85.0 85.0 131.0 87.0
92.0 91.0 101.0 89.0
112.0 118.0 67.0 95.0
109.0 115.0 128.0 54.0
138.0 134.0 60.0 93.0
120.0 100.0 93.0 68.0
69.0 81.0 108.0 126.0
81.0 73.0 139.0 103.0
121.0 108.0 96.0 61.0
77.0 80.0 127.0 104.0
81.0 73.0 98.0 130.0
58.0 83.0 117.0 143.0
153.0 144.0 134.0 46.0
92.0 80.0 81.0 124.0
121.0 112.0 62.0 101.0
78.0 89.0 77.0 147.0
108.0 108.0 67.0 103.0
118.0 98.0 69.0 99.0
122.0 143.0 66.0 84.0
125.0 106.0 50.0 136.0
89.0 83.0 134.0 82.0
111.0 102.0 113.0 65.0
122.0 161.0 83.0 58.0
93.0 89.0 93.0 95.0
104.0 101.0 76.0 95.0
133.0 146.0 78.0 65.0
114.0 92.0 57.0 129.0
117.0 118.0 116.0 51.0
67.0 77.0 114.0 147.0
95.0 87.0 73.0 119.0
99.0 129.0 97.0 65.0
148.0 117.0 58.0 98.0
118.0 130.0 59.0 99.0
109.0 141.0 80.0 70.0
98.0 142.0 102.0 57.0
111.0 89.0 112.0 71.0
97.0 105.0 58.0 132.0
106.0 100.0 74.0 99.0
101.0 89.0 115.0 77.0
89.0 127.0 102.0 69.0
69.0 95.0 82.0 157.0
147.0 148.0 48.0 115.0
88.0 82.0 88.0 116.0
142.0 126.0 120.0 47.0
150.0 131.0 63.0 85.0
65.0 76.0 134.0 127.0
109.0 96.0 75.0 102.0
96.0 92.0 134.0 74.0
123.0 105.0 114.0 53.0
118.0 122.0 53.0 119.0
96.0 93.0 125.0 75.0
94.0 89.0 82.0 104.0
111.0 111.0 107.0 62.0
95.0 85.0 77.0 118.0
79.0 71.0 114.0 114.0
78.0 91.0 82.0 133.0
88.0 84.0 129.0 87.0
129.0 111.0 50.0 128.0
97.0 89.0 103.0 85.0
136.0 130.0 47.0 126.0
118.0 101.0 90.0 72.0
135.0 133.0 56.0 104.0
104.0 97.0 57.0 134.0
107.0 101.0 86.0 86.0
106.0 107.0 104.0 68.0
77.0 73.0 101.0 142.0
132.0 144.0 78.0 66.0
76.0 87.0 87.0 134.0
95.0 116.0 73.0 96.0
83.0 74.0 111.0 114.0
90.0 91.0 68.0 136.0
72.0 79.0 127.0 113.0
111.0 115.0 126.0 51.0
112.0 91.0 57.0 131.0
108.0 131.0 69.0 89.0
90.0 94.0 85.0 103.0
62.0 74.0 148.0 141.0
141.0 135.0 46.0 128.0
108.0 140.0 105.0 50.0
102.0 106.0 63.0 117.0
145.0 146.0 58.0 93.0
96.0 95.0 124.0 72.0
93.0 75.0 86.0 124.0
106.0 152.0 97.0 54.0
113.0 112.0 106.0 61.0
111.0 124.0 82.0 74.0
93.0 108.0 82.0 92.0
86.0 71.0 101.0 119.0
118.0 123.0 81.0 72.0
98.0 88.0 140.0 75.0
138.0 144.0 62.0 86.0
135.0 147.0 47.0 123.0
101.0 107.0 61.0 122.0
115.0 141.0 83.0 65.0
98.0 99.0 88.0 85.0
94.0 76.0 122.0 88.0
106.0 108.0 85.0 78.0
126.0 142.0 64.0 86.0
104.0 90.0 98.0 79.0
93.0 102.0 66.0 118.0
69.0 77.0 121.0 119.0
95.0 99.0 61.0 132.0
84.0 74.0 127.0 99.0
121.0 108.0 108.0 55.0
102.0 95.0 117.0 72.0
131.0 140.0 76.0 69.0
127.0 148.0 84.0 59.0
82.0 78.0 88.0 143.0
116.0 107.0 68.0 94.0
114.0 155.0 86.0 60.0
132.0 87.0 92.0 69.0
116.0 163.0 73.0 70.0
144.0 143.0 49.0 115.0
151.0 133.0 51.0 106.0
107.0 97.0 120.0 68.0
89.0 85.0 78.0 122.0
113.0 118.0 79.0 76.0
116.0 130.0 95.0 58.0
115.0 103.0 118.0 59.0
75.0 82.0 110.0 115.0
86.0 88.0 76.0 138.0
97.0 81.0 114.0 83.0
76.0 83.0 93.0 136.0
119.0 120.0 106.0 53.0
109.0 142.0 74.0 78.0
116.0 98.0 78.0 87.0
94.0 107.0 71.0 106.0
90.0 85.0 142.0 81.0
87.0 73.0 103.0 114.0
94.0 88.0 71.0 134.0
99.0 105.0 68.0 113.0
109.0 129.0 103.0 55.0
83.0 82.0 84.0 125.0
63.0 77.0 138.0 127.0
127.0 141.0 75.0 72.0
92.0 78.0 81.0 127.0
101.0 102.0 122.0 67.0
108.0 105.0 55.0 130.0
97.0 111.0 77.0 94.0
92.0 110.0 56.0 139.0
81.0 79.0 94.0 123.0
89.0 94.0 65.0 144.0
132.0 101.0 57.0 110.0
141.0 144.0 46.0 125.0
89.0 91.0 79.0 116.0
123.0 122.0 56.0 110.0
131.0 126.0 69.0 82.0
120.0 137.0 125.0 48.0
99.0 90.0 70.0 121.0
72.0 85.0 125.0 106.0
123.0 129.0 66.0 88.0
130.0 114.0 99.0 56.0
123.0 126.0 52.0 118.0
108.0 93.0 66.0 115.0
115.0 103.0 116.0 60.0
84.0 81.0 107.0 103.0
103.0 106.0 147.0 58.0
71.0 81.0 97.0 156.0
93.0 103.0 84.0 94.0
100.0 78.0 95.0 98.0
101.0 83.0 106.0 84.0
117.0 93.0 106.0 70.0
82.0 79.0 125.0 99.0
84.0 68.0 109.0 123.0
80.0 88.0 80.0 137.0
123.0 114.0 64.0 96.0
133.0 106.0 62.0 98.0
112.0 107.0 57.0 117.0
127.0 118.0 60.0 99.0
139.0 171.0 56.0 94.0
123.0 111.0 85.0 70.0
109.0 103.0 66.0 108.0
115.0 90.0 106.0 72.0
115.0 106.0 87.0 76.0
78.0 80.0 116.0 106.0
109.0 88.0 71.0 108.0
84.0 87.0 73.0 142.0
71.0 81.0 108.0 124.0
131.0 121.0 76.0 75.0
79.0 88.0 92.0 111.0
93.0 91.0 160.0 73.0
123.0 132.0 110.0 49.0
82.0 83.0 118.0 96.0
94.0 104.0 81.0 95.0
141.0 135.0 44.0 139.0
88.0 97.0 92.0 94.0
118.0 116.0 77.0 80.0
85.0 106.0 82.0 103.0
82.0 93.0 76.0 132.0
102.0 102.0 54.0 141.0
81.0 73.0 112.0 116.0
130.0 153.0 67.0 79.0
109.0 83.0 60.0 151.0
109.0 107.0 112.0 63.0
121.0 140.0 92.0 54.0
104.0 91.0 91.0 88.0
76.0 90.0 82.0 135.0
94.0 88.0 64.0 161.0
117.0 131.0 72.0 79.0
80.0 98.0 67.0 150.0
69.0 79.0 110.0 122.0
101.0 89.0 68.0 126.0
92.0 94.0 127.0 76.0
122.0 132.0 98.0 51.0
87.0 84.0 105.0 97.0
131.0 109.0 141.0 48.0
96.0 80.0 125.0 82.0
108.0 109.0 94.0 70.0
121.0 151.0 62.0 89.0
106.0 98.0 69.0 109.0
100.0 119.0 95.0 68.0
132.0 139.0 83.0 62.0
128.0 139.0 61.0 92.0
112.0 99.0 107.0 68.0
111.0 94.0 60.0 125.0
138.0 133.0 160.0 45.0
87.0 93.0 65.0 146.0
115.0 93.0 56.0 132.0
128.0 105.0 51.0 124.0
81.0 81.0 118.0 99.0
148.0 126.0 58.0 95.0
79.0 68.0 144.0 115.0
133.0 132.0 60.0 94.0
107.0 130.0 104.0 54.0
85.0 85.0 105.0 101.0
95.0 93.0 99.0 87.0
101.0 99.0 55.0 151.0
90.0 90.0 83.0 110.0
91.0 92.0 72.0 127.0
111.0 116.0 100.0 59.0
131.0 125.0 47.0 130.0
79.0 84.0 89.0 124.0
138.0 120.0 63.0 92.0
97.0 79.0 150.0 80.0
83.0 78.0 87.0 140.0
154.0 156.0 55.0 96.0
127.0 146.0 68.0 79.0
119.0 149.0 66.0 83.0
97.0 81.0 102.0 90.0
104.0 114.0 79.0 84.0
120.0 172.0 71.0 71.0
103.0 106.0 73.0 100.0
95.0 82.0 100.0 92.0
122.0 138.0 73.0 77.0
81.0 93.0 69.0 169.0
97.0 91.0 103.0 83.0
77.0 82.0 97.0 123.0
115.0 136.0 67.0 87.0
98.0 117.0 97.0 71.0
94.0 84.0 147.0 79.0
98.0 81.0 77.0 122.0
113.0 86.0 118.0 69.0
94.0 92.0 80.0 109.0
125.0 128.0 84.0 65.0
86.0 89.0 71.0 148.0
72.0 79.0 100.0 148.0
87.0 77.0 125.0 91.0
86.0 102.0 81.0 106.0
72.0 81.0 107.0 125.0
105.0 106.0 62.0 113.0
89.0 89.0 69.0 141.0
121.0 152.0 80.0 66.0
96.0 102.0 85.0 91.0
117.0 105.0 130.0 54.0
76.0 79.0 88.0 176.0
151.0 163.0 56.0 92.0
118.0 162.0 72.0 71.0
121.0 121.0 105.0 52.0
152.0 160.0 53.0 96.0
120.0 116.0 103.0 57.0
81.0 85.0 95.0 117.0
138.0 130.0 52.0 108.0
118.0 112.0 60.0 108.0
77.0 74.0 99.0 150.0
90.0 92.0 66.0 144.0
117.0 90.0 108.0 68.0
128.0 123.0 51.0 118.0
96.0 77.0 99.0 97.0
147.0 167.0 63.0 81.0
117.0 141.0 81.0 67.0
129.0 127.0 70.0 81.0
111.0 110.0 79.0 82.0
81.0 84.0 90.0 121.0
127.0 150.0 75.0 69.0
107.0 126.0 118.0 51.0
78.0 75.0 109.0 122.0
107.0 110.0 60.0 118.0
149.0 135.0 60.0 90.0
140.0 144.0 58.0 94.0
106.0 104.0 70.0 99.0
124.0 122.0 83.0 70.0
117.0 126.0 131.0 48.0
89.0 74.0 106.0 105.0
116.0 107.0 77.0 86.0
94.0 95.0 71.0 120.0
65.0 74.0 125.0 162.0
137.0 135.0 119.0 47.0
132.0 120.0 134.0 47.0
92.0 71.0 116.0 101.0
120.0 135.0 48.0 132.0
93.0 115.0 95.0 76.0
95.0 110.0 137.0 62.0
144.0 157.0 60.0 87.0
111.0 106.0 72.0 96.0
89.0 80.0 136.0 85.0
102.0 90.0 104.0 78.0
88.0 96.0 94.0 94.0
122.0 116.0 81.0 74.0
101.0 79.0 105.0 85.0
136.0 130.0 54.0 105.0
132.0 139.0 85.0 59.0
99.0 118.0 81.0 83.0
122.0 106.0 74.0 87.0
95.0 102.0 94.0 83.0
112.0 98.0 66.0 110.0
92.0 96.0 67.0 133.0
82.0 91.0 70.0 169.0
113.0 112.0 120.0 55.0
91.0 114.0 67.0 109.0
130.0 126.0 55.0 106.0
99.0 78.0 120.0 81.0
98.0 109.0 133.0 61.0
120.0 101.0 120.0 58.0
74.0 84.0 109.0 112.0
113.0 147.0 70.0 78.0
104.0 84.0 114.0 79.0
117.0 107.0 81.0 78.0
124.0 165.0 75.0 66.0
114.0 126.0 82.0 72.0
90.0 105.0 60.0 135.0
110.0 111.0 91.0 70.0
81.0 97.0 91.0 104.0
131.0 102.0 105.0 58.0
97.0 104.0 72.0 105.0
103.0 89.0 78.0 106.0
109.0 98.0 52.0 144.0
91.0 115.0 63.0 120.0
94.0 93.0 63.0 143.0
78.0 86.0 110.0 102.0
138.0 151.0 75.0 66.0
114.0 89.0 55.0 136.0
110.0 112.0 80.0 81.0
86.0 91.0 87.0 109.0
90.0 116.0 59.0 123.0
166.0 168.0 58.0 89.0
121.0 117.0 64.0 95.0
106.0 91.0 93.0 84.0
94.0 81.0 75.0 136.0
116.0 168.0 67.0 77.0
82.0 79.0 118.0 101.0
80.0 85.0 104.0 107.0
89.0 81.0 87.0 120.0
101.0 70.0 103.0 100.0
92.0 119.0 72.0 97.0
88.0 80.0 119.0 92.0
172.0 171.0 61.0 84.0
128.0 125.0 59.0 96.0
110.0 98.0 69.0 108.0
99.0 78.0 99.0 95.0
149.0 148.0 49.0 111.0
113.0 91.0 92.0 77.0
135.0 146.0 144.0 45.0
91.0 95.0 94.0 89.0
119.0 139.0 79.0 69.0
128.0 133.0 66.0 85.0
78.0 88.0 79.0 139.0
139.0 130.0 46.0 134.0
95.0 86.0 99.0 92.0
82.0 90.0 89.0 114.0
112.0 102.0 64.0 110.0
109.0 101.0 69.0 106.0
91.0 116.0 71.0 104.0
110.0 130.0 102.0 57.0
117.0 112.0 69.0 93.0
79.0 106.0 66.0 137.0
58.0 78.0 134.0 144.0
93.0 93.0 83.0 101.0
83.0 79.0 104.0 109.0
121.0 116.0 49.0 131.0
87.0 101.0 72.0 118.0
79.0 84.0 83.0 161.0
91.0 85.0 96.0 99.0
158.0 147.0 44.0 123.0
94.0 79.0 77.0 137.0
122.0 166.0 76.0 65.0
87.0 92.0 67.0 138.0
84.0 82.0 116.0 97.0
81.0 82.0 97.0 117.0
94.0 91.0 68.0 133.0
125.0 127.0 57.0 104.0
66.0 78.0 110.0 148.0
148.0 131.0 61.0 89.0
95.0 100.0 85.0 94.0
109.0 129.0 91.0 61.0
91.0 95.0 64.0 145.0
68.0 92.0 106.0 111.0
109.0 106.0 108.0 64.0
96.0 88.0 72.0 122.0
68.0 88.0 105.0 121.0
112.0 87.0 124.0 68.0
154.0 145.0 58.0 91.0
143.0 133.0 67.0 81.0
147.0 141.0 50.0 109.0
144.0 149.0 69.0 75.0
108.0 101.0 114.0 64.0
111.0 96.0 159.0 59.0
91.0 90.0 97.0 94.0
99.0 102.0 70.0 113.0
109.0 109.0 51.0 132.0
110.0 102.0 53.0 140.0
115.0 110.0 72.0 90.0
76.0 78.0 110.0 121.0
90.0 85.0 84.0 116.0
140.0 121.0 49.0 120.0
120.0 115.0 66.0 93.0
102.0 104.0 89.0 82.0
117.0 145.0 74.0 75.0
74.0 77.0 111.0 117.0
117.0 150.0 67.0 82.0
156.0 157.0 58.0 90.0
62.0 81.0 124.0 127.0
113.0 111.0 65.0 98.0
113.0 90.0 127.0 66.0
108.0 109.0 101.0 68.0
137.0 147.0 46.0 127.0
97.0 71.0 109.0 98.0
114.0 92.0 107.0 70.0
86.0 73.0 108.0 108.0
116.0 101.0 50.0 144.0
130.0 133.0 90.0 56.0
112.0 95.0 113.0 66.0
81.0 78.0 138.0 97.0
118.0 129.0 94.0 59.0
115.0 112.0 61.0 108.0
95.0 95.0 99.0 84.0
107.0 108.0 55.0 122.0
98.0 92.0 130.0 70.0
90.0 82.0 107.0 95.0
145.0 143.0 55.0 98.0
143.0 159.0 70.0 71.0
98.0 89.0 107.0 82.0
89.0 82.0 109.0 94.0
125.0 102.0 77.0 83.0
79.0 82.0 86.0 148.0
96.0 86.0 61.0 166.0
97.0 99.0 79.0 98.0
78.0 86.0 76.0 173.0
134.0 102.0 53.0 120.0
100.0 108.0 152.0 59.0
110.0 123.0 68.0 91.0
107.0 135.0 78.0 74.0
93.0 111.0 84.0 87.0
92.0 91.0 64.0 152.0
114.0 109.0 110.0 61.0
112.0 91.0 80.0 96.0
91.0 94.0 85.0 101.0
99.0 103.0 75.0 104.0
129.0 119.0 56.0 109.0
113.0 102.0 119.0 60.0
84.0 97.0 91.0 97.0
116.0 121.0 57.0 109.0
104.0 96.0 83.0 88.0
79.0 92.0 69.0 171.0
138.0 141.0 66.0 81.0
82.0 75.0 112.0 113.0
101.0 104.0 89.0 83.0
140.0 139.0 149.0 45.0
132.0 124.0 50.0 117.0
102.0 107.0 107.0 69.0
89.0 79.0 113.0 94.0
124.0 121.0 136.0 47.0
82.0 71.0 117.0 113.0
100.0 96.0 127.0 68.0
91.0 94.0 77.0 115.0
145.0 155.0 63.0 82.0
87.0 84.0 76.0 141.0
112.0 95.0 101.0 72.0
97.0 93.0 77.0 110.0
134.0 176.0 56.0 94.0
121.0 143.0 81.0 66.0
55.0 88.0 114.0 163.0
99.0 117.0 53.0 130.0
121.0 138.0 78.0 70.0
70.0 90.0 119.0 105.0
79.0 89.0 90.0 119.0
132.0 135.0 78.0 69.0
111.0 97.0 125.0 63.0
145.0 158.0 69.0 72.0
69.0 92.0 91.0 135.0
129.0 141.0 61.0 91.0
64.0 80.0 129.0 121.0
141.0 118.0 48.0 127.0
121.0 117.0 120.0 50.0
58.0 82.0 119.0 135.0
155.0 153.0 47.0 119.0
82.0 92.0 72.0 141.0
126.0 113.0 55.0 111.0
96.0 93.0 69.0 128.0
109.0 120.0 92.0 65.0
95.0 94.0 135.0 71.0
129.0 114.0 99.0 57.0
120.0 122.0 80.0 73.0
109.0 113.0 66.0 104.0
