86.0 81.0 113.0 103.0
128.0 148.0 68.0 98.0
124.0 107.0 59.0 138.0
71.0 71.0 98.0 177.0
106.0 124.0 97.0 79.0
99.0 101.0 121.0 78.0
162.0 169.0 57.0 123.0
126.0 123.0 49.0 168.0
126.0 116.0 80.0 89.0
79.0 66.0 108.0 142.0
94.0 90.0 118.0 88.0
129.0 126.0 104.0 59.0
163.0 160.0 161.0 41.0
127.0 140.0 135.0 49.0
132.0 116.0 50.0 168.0
80.0 62.0 119.0 135.0
98.0 120.0 57.0 155.0
124.0 135.0 50.0 163.0
132.0 146.0 92.0 67.0
120.0 121.0 59.0 134.0
88.0 65.0 111.0 122.0
116.0 123.0 57.0 142.0
79.0 82.0 85.0 151.0
103.0 126.0 98.0 74.0
126.0 127.0 100.0 65.0
85.0 84.0 96.0 113.0
124.0 135.0 82.0 78.0
90.0 87.0 87.0 115.0
108.0 103.0 100.0 84.0
152.0 153.0 49.0 158.0
104.0 130.0 72.0 104.0
121.0 122.0 58.0 130.0
88.0 95.0 88.0 112.0
110.0 117.0 100.0 74.0
78.0 87.0 79.0 166.0
92.0 82.0 70.0 174.0
93.0 106.0 65.0 146.0
88.0 112.0 73.0 125.0
78.0 63.0 130.0 127.0
85.0 86.0 83.0 134.0
112.0 115.0 86.0 83.0
92.0 61.0 147.0 95.0
108.0 69.0 138.0 80.0
83.0 65.0 104.0 140.0
106.0 100.0 114.0 78.0
114.0 129.0 72.0 102.0
100.0 76.0 125.0 86.0
111.0 131.0 87.0 80.0
92.0 52.0 146.0 113.0
120.0 98.0 128.0 65.0
119.0 114.0 109.0 68.0
100.0 79.0 120.0 88.0
113.0 112.0 101.0 76.0
84.0 74.0 91.0 144.0
92.0 108.0 73.0 125.0
131.0 109.0 122.0 55.0
86.0 82.0 84.0 135.0
82.0 88.0 78.0 157.0
96.0 84.0 126.0 80.0
106.0 128.0 70.0 108.0
127.0 118.0 99.0 68.0
124.0 112.0 55.0 150.0
104.0 101.0 152.0 61.0
128.0 145.0 59.0 124.0
83.0 90.0 90.0 120.0
89.0 79.0 105.0 109.0
118.0 156.0 79.0 82.0
88.0 64.0 111.0 123.0
98.0 93.0 72.0 131.0
88.0 85.0 72.0 161.0
88.0 73.0 108.0 115.0
98.0 92.0 108.0 90.0
159.0 158.0 100.0 57.0
85.0 64.0 119.0 116.0
134.0 120.0 47.0 179.0
90.0 107.0 112.0 85.0
77.0 73.0 91.0 165.0
85.0 69.0 126.0 106.0
120.0 145.0 91.0 70.0
101.0 126.0 61.0 135.0
84.0 102.0 88.0 109.0
153.0 168.0 86.0 69.0
98.0 93.0 106.0 88.0
132.0 143.0 54.0 136.0
87.0 75.0 92.0 134.0
95.0 91.0 72.0 146.0
126.0 134.0 100.0 62.0
99.0 99.0 69.0 136.0
86.0 115.0 61.0 170.0
76.0 56.0 124.0 150.0
120.0 166.0 56.0 129.0
78.0 80.0 86.0 163.0
106.0 91.0 120.0 79.0
125.0 160.0 65.0 105.0
77.0 85.0 86.0 144.0
107.0 96.0 158.0 58.0
108.0 97.0 117.0 76.0
154.0 150.0 147.0 43.0
132.0 138.0 54.0 140.0
121.0 106.0 150.0 54.0
110.0 128.0 70.0 105.0
105.0 95.0 174.0 61.0
128.0 147.0 51.0 148.0
123.0 129.0 105.0 64.0
95.0 68.0 114.0 102.0
75.0 81.0 84.0 178.0
114.0 118.0 107.0 70.0
117.0 134.0 50.0 165.0
94.0 90.0 68.0 169.0
197.0 154.0 174.0 40.0
97.0 102.0 67.0 141.0
83.0 65.0 114.0 130.0
119.0 133.0 61.0 120.0
126.0 133.0 55.0 143.0
130.0 131.0 129.0 50.0
107.0 128.0 81.0 89.0
96.0 119.0 77.0 108.0
95.0 122.0 76.0 103.0
104.0 85.0 66.0 164.0
124.0 112.0 125.0 59.0
111.0 153.0 68.0 103.0
94.0 76.0 77.0 161.0
87.0 98.0 76.0 130.0
82.0 73.0 88.0 150.0
119.0 106.0 64.0 130.0
71.0 58.0 114.0 163.0
83.0 63.0 118.0 126.0
73.0 79.0 85.0 177.0
83.0 66.0 132.0 110.0
134.0 139.0 106.0 57.0
97.0 100.0 77.0 117.0
109.0 89.0 137.0 68.0
79.0 66.0 96.0 157.0
116.0 142.0 74.0 95.0
101.0 101.0 91.0 93.0
113.0 78.0 125.0 77.0
117.0 148.0 70.0 95.0
99.0 74.0 133.0 85.0
91.0 108.0 59.0 184.0
97.0 96.0 89.0 101.0
81.0 70.0 99.0 147.0
106.0 112.0 88.0 91.0
89.0 71.0 124.0 100.0
153.0 169.0 134.0 43.0
88.0 65.0 92.0 154.0
104.0 101.0 69.0 126.0
92.0 78.0 83.0 138.0
90.0 93.0 102.0 96.0
114.0 139.0 63.0 113.0
107.0 109.0 91.0 87.0
86.0 83.0 113.0 99.0
174.0 170.0 87.0 67.0
73.0 57.0 123.0 159.0
106.0 115.0 93.0 80.0
90.0 84.0 83.0 132.0
116.0 133.0 56.0 140.0
101.0 112.0 95.0 87.0
101.0 93.0 113.0 85.0
134.0 134.0 97.0 62.0
94.0 104.0 68.0 137.0
121.0 120.0 97.0 70.0
149.0 165.0 145.0 44.0
115.0 103.0 128.0 65.0
119.0 146.0 82.0 75.0
116.0 90.0 125.0 72.0
98.0 108.0 77.0 111.0
105.0 129.0 80.0 93.0
144.0 144.0 42.0 193.0
97.0 102.0 94.0 93.0
72.0 59.0 131.0 150.0
88.0 76.0 86.0 139.0
79.0 72.0 112.0 126.0
119.0 114.0 81.0 90.0
156.0 107.0 140.0 48.0
148.0 120.0 126.0 51.0
97.0 94.0 70.0 150.0
106.0 112.0 108.0 75.0
77.0 74.0 93.0 152.0
86.0 59.0 131.0 118.0
129.0 160.0 86.0 72.0
118.0 137.0 99.0 63.0
140.0 179.0 73.0 87.0
122.0 116.0 107.0 63.0
137.0 172.0 40.0 213.0
81.0 82.0 85.0 146.0
98.0 97.0 60.0 190.0
72.0 58.0 145.0 157.0
111.0 80.0 152.0 66.0
142.0 136.0 109.0 53.0
85.0 87.0 103.0 103.0
128.0 140.0 51.0 154.0
130.0 107.0 123.0 59.0
98.0 123.0 54.0 172.0
92.0 85.0 74.0 151.0
111.0 125.0 60.0 136.0
143.0 137.0 46.0 174.0
86.0 72.0 124.0 104.0
82.0 80.0 83.0 159.0
92.0 77.0 106.0 106.0
84.0 64.0 96.0 156.0
103.0 132.0 85.0 86.0
120.0 157.0 58.0 122.0
76.0 70.0 115.0 133.0
135.0 122.0 124.0 54.0
114.0 133.0 61.0 123.0
165.0 145.0 129.0 46.0
130.0 150.0 89.0 65.0
117.0 132.0 78.0 89.0
88.0 82.0 83.0 138.0
129.0 109.0 51.0 167.0
114.0 65.0 154.0 75.0
120.0 121.0 55.0 147.0
109.0 116.0 59.0 139.0
93.0 103.0 107.0 87.0
89.0 84.0 140.0 83.0
137.0 161.0 123.0 48.0
123.0 130.0 51.0 161.0
158.0 134.0 137.0 45.0
120.0 144.0 49.0 162.0
112.0 167.0 61.0 115.0
88.0 95.0 96.0 102.0
95.0 59.0 154.0 94.0
78.0 79.0 83.0 181.0
130.0 144.0 48.0 165.0
90.0 59.0 133.0 103.0
89.0 60.0 113.0 127.0
74.0 86.0 84.0 159.0
125.0 118.0 62.0 122.0
133.0 162.0 65.0 103.0
91.0 72.0 119.0 98.0
125.0 136.0 67.0 107.0
88.0 102.0 80.0 119.0
114.0 112.0 86.0 87.0
100.0 76.0 129.0 84.0
86.0 81.0 85.0 140.0
95.0 74.0 91.0 124.0
115.0 106.0 73.0 107.0
119.0 123.0 52.0 159.0
114.0 140.0 53.0 147.0
112.0 97.0 112.0 77.0
95.0 85.0 78.0 136.0
83.0 79.0 85.0 148.0
105.0 109.0 63.0 137.0
92.0 96.0 75.0 133.0
87.0 109.0 62.0 173.0
94.0 92.0 77.0 123.0
89.0 58.0 125.0 118.0
82.0 87.0 90.0 127.0
87.0 71.0 100.0 128.0
97.0 79.0 116.0 90.0
79.0 73.0 118.0 118.0
113.0 91.0 128.0 67.0
140.0 144.0 45.0 178.0
106.0 105.0 157.0 58.0
88.0 78.0 83.0 155.0
107.0 104.0 68.0 128.0
91.0 88.0 98.0 101.0
86.0 53.0 154.0 121.0
95.0 71.0 142.0 85.0
108.0 124.0 50.0 190.0
104.0 120.0 87.0 87.0
150.0 123.0 123.0 50.0
89.0 82.0 83.0 134.0
111.0 109.0 111.0 71.0
136.0 154.0 66.0 101.0
84.0 55.0 123.0 130.0
97.0 114.0 67.0 132.0
111.0 130.0 59.0 134.0
99.0 94.0 115.0 86.0
94.0 95.0 95.0 97.0
88.0 85.0 84.0 129.0
145.0 135.0 108.0 53.0
74.0 61.0 110.0 163.0
88.0 98.0 101.0 95.0
75.0 62.0 111.0 154.0
118.0 114.0 96.0 79.0
81.0 62.0 117.0 140.0
99.0 127.0 92.0 80.0
87.0 80.0 100.0 113.0
82.0 88.0 82.0 141.0
79.0 71.0 93.0 154.0
83.0 96.0 85.0 120.0
105.0 65.0 148.0 83.0
99.0 63.0 139.0 92.0
123.0 132.0 94.0 67.0
111.0 67.0 147.0 76.0
95.0 103.0 82.0 104.0
115.0 87.0 125.0 75.0
128.0 114.0 116.0 58.0
134.0 119.0 113.0 58.0
102.0 108.0 99.0 85.0
87.0 104.0 91.0 96.0
91.0 87.0 122.0 89.0
80.0 60.0 106.0 147.0
124.0 122.0 113.0 59.0
87.0 72.0 112.0 111.0
87.0 89.0 86.0 122.0
112.0 131.0 88.0 76.0
137.0 142.0 52.0 147.0
120.0 150.0 58.0 125.0
149.0 133.0 131.0 47.0
124.0 132.0 79.0 88.0
102.0 131.0 90.0 81.0
133.0 106.0 122.0 59.0
91.0 86.0 99.0 103.0
88.0 92.0 81.0 128.0
125.0 100.0 142.0 58.0
115.0 152.0 51.0 157.0
119.0 139.0 51.0 158.0
98.0 118.0 76.0 106.0
96.0 66.0 115.0 107.0
158.0 157.0 105.0 55.0
92.0 96.0 95.0 100.0
98.0 65.0 127.0 96.0
89.0 85.0 76.0 150.0
104.0 101.0 67.0 137.0
80.0 86.0 79.0 156.0
98.0 69.0 140.0 86.0
130.0 107.0 151.0 51.0
80.0 55.0 151.0 132.0
121.0 122.0 95.0 71.0
138.0 147.0 50.0 151.0
117.0 81.0 148.0 65.0
129.0 141.0 93.0 68.0
78.0 81.0 84.0 160.0
102.0 86.0 72.0 143.0
98.0 93.0 82.0 116.0
85.0 81.0 84.0 150.0
85.0 104.0 71.0 150.0
120.0 81.0 128.0 72.0
91.0 83.0 111.0 95.0
119.0 137.0 49.0 164.0
78.0 61.0 107.0 156.0
96.0 90.0 95.0 103.0
93.0 68.0 114.0 110.0
120.0 115.0 118.0 60.0
142.0 96.0 157.0 50.0
121.0 138.0 74.0 91.0
127.0 152.0 64.0 107.0
86.0 90.0 76.0 149.0
86.0 100.0 73.0 145.0
135.0 102.0 51.0 168.0
85.0 93.0 72.0 154.0
79.0 71.0 100.0 140.0
100.0 118.0 73.0 110.0
144.0 168.0 98.0 59.0
109.0 101.0 67.0 133.0
117.0 113.0 110.0 67.0
154.0 108.0 141.0 49.0
92.0 110.0 64.0 147.0
140.0 156.0 41.0 205.0
119.0 92.0 132.0 66.0
115.0 99.0 120.0 70.0
120.0 102.0 159.0 53.0
108.0 100.0 68.0 131.0
90.0 123.0 77.0 109.0
105.0 84.0 137.0 73.0
125.0 103.0 139.0 58.0
95.0 67.0 126.0 99.0
124.0 160.0 55.0 130.0
89.0 87.0 69.0 184.0
82.0 85.0 78.0 159.0
117.0 125.0 90.0 76.0
95.0 112.0 62.0 148.0
120.0 106.0 78.0 99.0
91.0 87.0 76.0 147.0
128.0 171.0 65.0 101.0
87.0 101.0 79.0 122.0
80.0 56.0 132.0 130.0
118.0 138.0 86.0 76.0
96.0 126.0 61.0 140.0
104.0 90.0 118.0 82.0
83.0 88.0 91.0 114.0
89.0 75.0 85.0 144.0
159.0 149.0 109.0 52.0
100.0 98.0 106.0 85.0
90.0 87.0 69.0 171.0
90.0 88.0 101.0 102.0
124.0 108.0 97.0 76.0
114.0 114.0 111.0 67.0
95.0 98.0 73.0 129.0
86.0 86.0 92.0 107.0
148.0 164.0 146.0 43.0
91.0 73.0 120.0 94.0
110.0 79.0 157.0 70.0
82.0 71.0 100.0 138.0
121.0 132.0 105.0 60.0
108.0 112.0 64.0 131.0
115.0 127.0 64.0 120.0
114.0 136.0 63.0 114.0
101.0 92.0 65.0 165.0
84.0 69.0 104.0 133.0
90.0 77.0 80.0 144.0
76.0 83.0 101.0 124.0
90.0 93.0 77.0 133.0
96.0 104.0 62.0 165.0
113.0 107.0 153.0 55.0
98.0 105.0 97.0 87.0
101.0 97.0 131.0 73.0
92.0 89.0 78.0 135.0
91.0 85.0 98.0 106.0
94.0 123.0 55.0 164.0
139.0 174.0 59.0 118.0
110.0 80.0 133.0 75.0
92.0 60.0 109.0 128.0
114.0 110.0 60.0 143.0
123.0 183.0 61.0 113.0
81.0 65.0 136.0 116.0
86.0 78.0 99.0 115.0
147.0 150.0 48.0 162.0
81.0 84.0 84.0 152.0
125.0 93.0 138.0 60.0
109.0 108.0 116.0 73.0
89.0 86.0 73.0 153.0
126.0 126.0 119.0 56.0
145.0 126.0 145.0 46.0
130.0 105.0 55.0 151.0
105.0 80.0 126.0 79.0
109.0 106.0 65.0 127.0
136.0 151.0 114.0 52.0
134.0 107.0 58.0 141.0
109.0 116.0 89.0 83.0
131.0 99.0 134.0 56.0
136.0 134.0 90.0 71.0
94.0 119.0 62.0 147.0
82.0 66.0 134.0 109.0
99.0 90.0 76.0 126.0
74.0 73.0 92.0 166.0
139.0 154.0 132.0 45.0
101.0 100.0 107.0 82.0
167.0 158.0 105.0 53.0
85.0 59.0 134.0 118.0
76.0 59.0 128.0 140.0
164.0 179.0 125.0 44.0
107.0 81.0 127.0 78.0
111.0 115.0 101.0 72.0
160.0 147.0 113.0 51.0
121.0 118.0 67.0 114.0
94.0 88.0 85.0 117.0
88.0 64.0 98.0 141.0
128.0 133.0 81.0 82.0
122.0 103.0 108.0 71.0
133.0 137.0 47.0 171.0
125.0 102.0 52.0 165.0
107.0 85.0 132.0 71.0
96.0 109.0 68.0 132.0
95.0 95.0 69.0 157.0
77.0 61.0 101.0 161.0
94.0 101.0 80.0 110.0
95.0 97.0 83.0 108.0
169.0 118.0 127.0 48.0
88.0 56.0 128.0 124.0
156.0 167.0 57.0 124.0
160.0 165.0 124.0 45.0
78.0 58.0 111.0 156.0
115.0 95.0 114.0 75.0
113.0 123.0 108.0 66.0
104.0 97.0 83.0 101.0
83.0 63.0 121.0 123.0
104.0 87.0 122.0 80.0
118.0 116.0 52.0 161.0
156.0 162.0 69.0 94.0
100.0 112.0 65.0 131.0
82.0 71.0 119.0 107.0
115.0 124.0 63.0 121.0
116.0 125.0 60.0 124.0
126.0 124.0 103.0 66.0
107.0 136.0 93.0 72.0
83.0 81.0 94.0 129.0
103.0 100.0 64.0 144.0
116.0 118.0 51.0 175.0
117.0 122.0 89.0 81.0
115.0 160.0 60.0 116.0
117.0 122.0 110.0 62.0
91.0 71.0 100.0 126.0
123.0 141.0 67.0 104.0
91.0 99.0 71.0 138.0
127.0 107.0 131.0 57.0
125.0 147.0 50.0 158.0
130.0 144.0 46.0 175.0
104.0 107.0 111.0 74.0
117.0 112.0 63.0 130.0
97.0 92.0 108.0 91.0
101.0 61.0 129.0 97.0
74.0 56.0 137.0 158.0
90.0 83.0 75.0 157.0
73.0 72.0 95.0 167.0
81.0 64.0 117.0 131.0
93.0 112.0 84.0 97.0
135.0 176.0 55.0 128.0
99.0 108.0 79.0 107.0
144.0 179.0 53.0 139.0
98.0 90.0 72.0 143.0
112.0 114.0 100.0 78.0
143.0 149.0 92.0 64.0
129.0 136.0 60.0 122.0
117.0 122.0 96.0 72.0
107.0 90.0 114.0 83.0
74.0 63.0 122.0 139.0
77.0 70.0 106.0 143.0
132.0 145.0 85.0 74.0
105.0 65.0 170.0 79.0
97.0 72.0 131.0 87.0
119.0 130.0 59.0 129.0
99.0 122.0 69.0 118.0
95.0 90.0 71.0 156.0
166.0 140.0 112.0 52.0
106.0 108.0 64.0 134.0
117.0 146.0 57.0 127.0
105.0 102.0 96.0 90.0
148.0 152.0 94.0 60.0
102.0 76.0 134.0 81.0
139.0 101.0 142.0 51.0
94.0 80.0 125.0 91.0
121.0 135.0 94.0 63.0
119.0 137.0 82.0 83.0
85.0 77.0 83.0 159.0
138.0 108.0 141.0 52.0
119.0 116.0 108.0 68.0
111.0 125.0 63.0 125.0
85.0 75.0 90.0 145.0
145.0 137.0 124.0 49.0
128.0 88.0 144.0 57.0
86.0 84.0 82.0 141.0
98.0 81.0 126.0 84.0
152.0 174.0 58.0 116.0
79.0 81.0 86.0 156.0
88.0 94.0 95.0 106.0
79.0 66.0 124.0 127.0
125.0 118.0 57.0 140.0
101.0 80.0 154.0 72.0
108.0 127.0 94.0 76.0
142.0 189.0 66.0 100.0
133.0 112.0 120.0 56.0
136.0 118.0 118.0 55.0
134.0 144.0 43.0 190.0
99.0 112.0 74.0 113.0
81.0 70.0 98.0 148.0
89.0 69.0 100.0 128.0
93.0 112.0 90.0 95.0
114.0 98.0 170.0 57.0
122.0 102.0 114.0 70.0
146.0 185.0 64.0 104.0
137.0 100.0 138.0 55.0
170.0 142.0 107.0 51.0
115.0 138.0 99.0 66.0
102.0 85.0 73.0 142.0
95.0 111.0 60.0 159.0
131.0 126.0 52.0 154.0
89.0 74.0 108.0 105.0
92.0 121.0 75.0 110.0
104.0 84.0 143.0 72.0
99.0 85.0 113.0 90.0
115.0 135.0 71.0 99.0
107.0 125.0 89.0 82.0
83.0 55.0 119.0 144.0
133.0 161.0 73.0 89.0
87.0 75.0 122.0 101.0
112.0 122.0 50.0 176.0
145.0 159.0 101.0 57.0
135.0 147.0 49.0 161.0
82.0 77.0 84.0 160.0
86.0 82.0 114.0 99.0
102.0 90.0 122.0 76.0
119.0 157.0 64.0 109.0
102.0 92.0 116.0 83.0
122.0 123.0 63.0 117.0
85.0 94.0 73.0 146.0
101.0 74.0 139.0 80.0
83.0 53.0 127.0 139.0
90.0 99.0 82.0 117.0
106.0 85.0 116.0 84.0
122.0 132.0 93.0 71.0
162.0 179.0 148.0 41.0
123.0 114.0 53.0 160.0
92.0 87.0 113.0 91.0
101.0 101.0 68.0 135.0
90.0 87.0 103.0 100.0
84.0 68.0 98.0 141.0
102.0 82.0 149.0 71.0
121.0 113.0 114.0 65.0
114.0 125.0 67.0 114.0
131.0 135.0 50.0 161.0
88.0 76.0 91.0 136.0
102.0 93.0 108.0 87.0
72.0 83.0 99.0 139.0
81.0 95.0 77.0 144.0
112.0 123.0 79.0 94.0
93.0 83.0 146.0 77.0
98.0 110.0 63.0 141.0
147.0 172.0 139.0 44.0
86.0 65.0 103.0 139.0
111.0 105.0 63.0 136.0
88.0 91.0 67.0 192.0
81.0 79.0 90.0 145.0
127.0 97.0 143.0 57.0
85.0 76.0 89.0 146.0
102.0 102.0 57.0 175.0
100.0 100.0 74.0 118.0
93.0 101.0 61.0 181.0
106.0 150.0 92.0 71.0
116.0 94.0 67.0 133.0
80.0 81.0 84.0 155.0
134.0 94.0 140.0 53.0
115.0 125.0 73.0 100.0
122.0 147.0 64.0 110.0
173.0 131.0 163.0 42.0
134.0 160.0 54.0 133.0
97.0 136.0 82.0 89.0
94.0 70.0 155.0 85.0
116.0 105.0 65.0 123.0
90.0 96.0 77.0 123.0
121.0 101.0 59.0 146.0
102.0 130.0 72.0 105.0
125.0 113.0 92.0 78.0
100.0 116.0 97.0 85.0
79.0 62.0 111.0 145.0
117.0 99.0 105.0 79.0
93.0 69.0 102.0 113.0
113.0 95.0 119.0 75.0
122.0 108.0 120.0 62.0
84.0 64.0 133.0 113.0
99.0 90.0 121.0 81.0
99.0 110.0 81.0 99.0
112.0 107.0 87.0 92.0
80.0 64.0 101.0 153.0
92.0 122.0 62.0 146.0
107.0 127.0 62.0 129.0
72.0 55.0 141.0 167.0
94.0 104.0 66.0 148.0
95.0 65.0 122.0 105.0
145.0 176.0 60.0 112.0
118.0 88.0 146.0 63.0
90.0 70.0 99.0 128.0
101.0 106.0 66.0 134.0
82.0 79.0 83.0 163.0
164.0 121.0 149.0 44.0
99.0 84.0 83.0 122.0
88.0 77.0 82.0 157.0
111.0 113.0 91.0 82.0
126.0 96.0 136.0 59.0
92.0 53.0 127.0 126.0
171.0 170.0 91.0 64.0
111.0 127.0 57.0 143.0
172.0 156.0 121.0 48.0
115.0 134.0 66.0 109.0
92.0 99.0 65.0 171.0
84.0 69.0 92.0 154.0
101.0 90.0 66.0 159.0
98.0 97.0 65.0 162.0
107.0 132.0 85.0 85.0
86.0 79.0 83.0 156.0
159.0 132.0 143.0 45.0
93.0 85.0 70.0 164.0
81.0 72.0 105.0 132.0
107.0 117.0 102.0 77.0
106.0 131.0 70.0 107.0
118.0 116.0 51.0 175.0
110.0 127.0 65.0 115.0
111.0 123.0 106.0 69.0
134.0 99.0 156.0 51.0
100.0 80.0 140.0 74.0
85.0 62.0 117.0 129.0
119.0 136.0 61.0 119.0
93.0 101.0 74.0 122.0
94.0 113.0 83.0 93.0
90.0 83.0 79.0 143.0
113.0 132.0 69.0 107.0
86.0 94.0 86.0 113.0
87.0 83.0 108.0 102.0
92.0 105.0 71.0 137.0
86.0 54.0 135.0 119.0
136.0 153.0 97.0 60.0
86.0 69.0 110.0 120.0
98.0 97.0 90.0 98.0
111.0 108.0 67.0 122.0
114.0 123.0 60.0 133.0
131.0 161.0 84.0 74.0
102.0 95.0 65.0 155.0
89.0 84.0 99.0 106.0
122.0 148.0 77.0 87.0
120.0 113.0 52.0 164.0
93.0 72.0 83.0 156.0
135.0 158.0 125.0 47.0
96.0 84.0 121.0 87.0
115.0 88.0 128.0 71.0
106.0 136.0 89.0 79.0
85.0 74.0 106.0 120.0
102.0 125.0 84.0 87.0
97.0 68.0 162.0 84.0
111.0 110.0 86.0 90.0
131.0 122.0 57.0 133.0
100.0 84.0 70.0 160.0
88.0 73.0 153.0 88.0
118.0 119.0 59.0 137.0
82.0 84.0 90.0 131.0
113.0 102.0 154.0 54.0
84.0 60.0 119.0 129.0
123.0 139.0 58.0 127.0
85.0 60.0 112.0 135.0
74.0 55.0 131.0 161.0
135.0 176.0 61.0 109.0
110.0 128.0 75.0 94.0
110.0 157.0 65.0 108.0
104.0 134.0 80.0 92.0
78.0 66.0 143.0 115.0
120.0 150.0 62.0 115.0
113.0 95.0 61.0 155.0
86.0 81.0 80.0 144.0
97.0 105.0 71.0 125.0
92.0 109.0 72.0 127.0
99.0 84.0 138.0 77.0
129.0 133.0 60.0 123.0
96.0 109.0 78.0 110.0
86.0 75.0 106.0 116.0
83.0 78.0 85.0 151.0
84.0 77.0 92.0 135.0
94.0 70.0 129.0 90.0
72.0 58.0 150.0 152.0
126.0 176.0 60.0 114.0
88.0 83.0 72.0 182.0
102.0 67.0 163.0 80.0
122.0 113.0 118.0 60.0
124.0 113.0 107.0 67.0
116.0 132.0 97.0 67.0
100.0 85.0 64.0 174.0
76.0 81.0 92.0 139.0
114.0 108.0 110.0 73.0
107.0 124.0 58.0 143.0
143.0 161.0 79.0 81.0
81.0 80.0 89.0 146.0
78.0 83.0 81.0 180.0
153.0 171.0 74.0 85.0
88.0 94.0 90.0 107.0
101.0 94.0 108.0 87.0
91.0 109.0 65.0 145.0
108.0 117.0 67.0 118.0
100.0 99.0 65.0 146.0
88.0 93.0 78.0 135.0
114.0 98.0 68.0 125.0
113.0 119.0 56.0 144.0
102.0 73.0 125.0 89.0
92.0 71.0 117.0 101.0
96.0 122.0 79.0 98.0
83.0 87.0 85.0 126.0
77.0 63.0 132.0 121.0
113.0 132.0 74.0 97.0
105.0 69.0 132.0 82.0
117.0 164.0 59.0 121.0
89.0 85.0 102.0 102.0
93.0 119.0 78.0 106.0
110.0 110.0 87.0 88.0
138.0 120.0 144.0 49.0
123.0 151.0 73.0 92.0
88.0 102.0 68.0 162.0
82.0 64.0 103.0 149.0
112.0 106.0 53.0 187.0
94.0 73.0 126.0 92.0
91.0 61.0 131.0 103.0
81.0 71.0 90.0 175.0
103.0 131.0 78.0 95.0
118.0 144.0 78.0 88.0
101.0 67.0 149.0 82.0
125.0 147.0 60.0 121.0
94.0 106.0 60.0 178.0
94.0 80.0 129.0 89.0
66.0 69.0 108.0 178.0
132.0 132.0 45.0 208.0
134.0 124.0 116.0 53.0
83.0 104.0 69.0 159.0
84.0 63.0 145.0 108.0
101.0 109.0 71.0 115.0
91.0 106.0 62.0 169.0
144.0 162.0 63.0 106.0
90.0 113.0 61.0 156.0
99.0 99.0 77.0 115.0
120.0 157.0 77.0 84.0
104.0 85.0 116.0 86.0
127.0 113.0 68.0 110.0
119.0 125.0 78.0 91.0
123.0 155.0 53.0 143.0
113.0 154.0 54.0 141.0
100.0 108.0 105.0 80.0
121.0 127.0 107.0 62.0
83.0 84.0 83.0 142.0
94.0 114.0 56.0 164.0
121.0 120.0 84.0 84.0
109.0 95.0 59.0 165.0
119.0 104.0 122.0 63.0
127.0 105.0 116.0 66.0
135.0 105.0 129.0 53.0
117.0 133.0 83.0 79.0
95.0 72.0 107.0 108.0
112.0 115.0 99.0 78.0
89.0 71.0 107.0 119.0
78.0 57.0 120.0 141.0
81.0 84.0 81.0 158.0
90.0 67.0 118.0 112.0
82.0 86.0 89.0 131.0
85.0 102.0 71.0 153.0
81.0 95.0 86.0 122.0
118.0 137.0 48.0 174.0
113.0 101.0 68.0 124.0
97.0 111.0 95.0 90.0
115.0 65.0 168.0 73.0
112.0 104.0 119.0 69.0
111.0 75.0 128.0 78.0
114.0 120.0 61.0 131.0
115.0 93.0 122.0 73.0
157.0 115.0 151.0 45.0
132.0 139.0 81.0 81.0
90.0 69.0 122.0 106.0
84.0 85.0 84.0 133.0
92.0 70.0 134.0 95.0
140.0 118.0 131.0 52.0
113.0 105.0 62.0 138.0
104.0 133.0 82.0 87.0
124.0 140.0 52.0 150.0
90.0 89.0 68.0 177.0
129.0 144.0 89.0 71.0
139.0 168.0 41.0 202.0
133.0 113.0 127.0 53.0
111.0 101.0 170.0 57.0
79.0 79.0 93.0 132.0
109.0 102.0 100.0 84.0
137.0 102.0 157.0 49.0
76.0 55.0 149.0 147.0
92.0 79.0 89.0 123.0
104.0 77.0 123.0 86.0
97.0 105.0 91.0 93.0
80.0 72.0 94.0 145.0
126.0 105.0 64.0 126.0
122.0 122.0 54.0 155.0
85.0 60.0 114.0 134.0
102.0 94.0 113.0 84.0
150.0 109.0 150.0 48.0
122.0 92.0 149.0 59.0
124.0 135.0 138.0 50.0
103.0 105.0 104.0 83.0
129.0 109.0 143.0 52.0
82.0 87.0 75.0 175.0
106.0 95.0 102.0 84.0
84.0 80.0 86.0 139.0
90.0 115.0 64.0 142.0
116.0 96.0 156.0 58.0
106.0 119.0 69.0 117.0
109.0 128.0 69.0 108.0
78.0 72.0 91.0 165.0
127.0 95.0 132.0 61.0
83.0 79.0 92.0 134.0
136.0 123.0 48.0 171.0
113.0 64.0 184.0 76.0
101.0 85.0 106.0 94.0
107.0 99.0 123.0 73.0
103.0 107.0 54.0 179.0
128.0 103.0 125.0 60.0
94.0 70.0 133.0 88.0
157.0 183.0 135.0 42.0
73.0 59.0 117.0 157.0
101.0 123.0 80.0 95.0
141.0 186.0 72.0 89.0
130.0 146.0 80.0 78.0
132.0 147.0 89.0 69.0
127.0 122.0 112.0 60.0
127.0 126.0 54.0 145.0
99.0 83.0 119.0 85.0
130.0 137.0 100.0 60.0
150.0 167.0 69.0 96.0
100.0 108.0 70.0 122.0
119.0 113.0 54.0 156.0
128.0 127.0 47.0 178.0
108.0 82.0 130.0 77.0
88.0 109.0 69.0 139.0
83.0 89.0 78.0 150.0
89.0 60.0 114.0 120.0
105.0 100.0 56.0 176.0
81.0 77.0 84.0 174.0
139.0 172.0 126.0 46.0
99.0 110.0 55.0 177.0
112.0 67.0 161.0 74.0
100.0 73.0 122.0 93.0
77.0 72.0 97.0 152.0
88.0 92.0 72.0 150.0
82.0 77.0 103.0 121.0
92.0 104.0 98.0 92.0
93.0 132.0 77.0 100.0
114.0 107.0 56.0 157.0
93.0 58.0 143.0 98.0
108.0 120.0 125.0 61.0
116.0 107.0 107.0 74.0
95.0 103.0 69.0 136.0
142.0 148.0 103.0 57.0
109.0 147.0 67.0 108.0
112.0 119.0 61.0 132.0
120.0 149.0 47.0 174.0
95.0 94.0 96.0 93.0
102.0 67.0 141.0 84.0
87.0 63.0 131.0 105.0
91.0 84.0 114.0 91.0
110.0 109.0 75.0 101.0
103.0 88.0 119.0 82.0
136.0 91.0 140.0 57.0
79.0 87.0 77.0 166.0
119.0 140.0 69.0 97.0
87.0 83.0 85.0 126.0
128.0 110.0 123.0 55.0
92.0 77.0 102.0 108.0
85.0 70.0 129.0 102.0
88.0 77.0 111.0 104.0
115.0 151.0 66.0 106.0
116.0 149.0 74.0 88.0
110.0 128.0 73.0 101.0
123.0 87.0 144.0 61.0
124.0 134.0 104.0 58.0
81.0 92.0 77.0 146.0
82.0 95.0 71.0 161.0
120.0 111.0 70.0 109.0
98.0 109.0 108.0 81.0
116.0 86.0 134.0 64.0
93.0 81.0 76.0 150.0
83.0 68.0 112.0 126.0
97.0 88.0 109.0 93.0
88.0 85.0 104.0 96.0
108.0 105.0 64.0 135.0
75.0 58.0 116.0 148.0
85.0 80.0 84.0 152.0
88.0 55.0 127.0 128.0
100.0 70.0 138.0 86.0
86.0 87.0 75.0 157.0
114.0 111.0 52.0 179.0
97.0 103.0 63.0 159.0
90.0 92.0 107.0 94.0
128.0 173.0 62.0 109.0
95.0 114.0 61.0 154.0
91.0 78.0 117.0 98.0
87.0 64.0 107.0 137.0
105.0 68.0 131.0 86.0
92.0 74.0 106.0 111.0
98.0 94.0 90.0 103.0
112.0 89.0 118.0 76.0
99.0 94.0 105.0 90.0
107.0 129.0 64.0 122.0
125.0 150.0 87.0 72.0
76.0 67.0 94.0 172.0
97.0 74.0 125.0 92.0
138.0 140.0 50.0 157.0
121.0 120.0 53.0 159.0
127.0 143.0 90.0 71.0
130.0 103.0 119.0 62.0
131.0 170.0 70.0 94.0
111.0 137.0 55.0 144.0
122.0 143.0 55.0 133.0
157.0 127.0 121.0 50.0
125.0 147.0 56.0 131.0
118.0 113.0 57.0 147.0
125.0 103.0 126.0 59.0
74.0 54.0 150.0 163.0
120.0 105.0 56.0 148.0
99.0 97.0 64.0 162.0
103.0 109.0 61.0 148.0
82.0 81.0 92.0 132.0
109.0 85.0 126.0 74.0
119.0 129.0 61.0 122.0
130.0 114.0 53.0 158.0
82.0 65.0 113.0 134.0
95.0 107.0 93.0 92.0
97.0 96.0 160.0 64.0
89.0 96.0 67.0 165.0
127.0 119.0 54.0 151.0
116.0 142.0 71.0 98.0
75.0 79.0 85.0 172.0
98.0 90.0 70.0 155.0
169.0 167.0 85.0 71.0
102.0 85.0 131.0 76.0
76.0 62.0 134.0 128.0
145.0 129.0 110.0 54.0
93.0 113.0 65.0 135.0
124.0 88.0 124.0 70.0
112.0 110.0 115.0 67.0
111.0 116.0 65.0 120.0
78.0 78.0 92.0 141.0
112.0 67.0 139.0 78.0
93.0 95.0 84.0 104.0
91.0 94.0 76.0 130.0
97.0 120.0 62.0 143.0
119.0 105.0 109.0 73.0
85.0 62.0 130.0 115.0
84.0 70.0 131.0 96.0
133.0 138.0 114.0 54.0
74.0 57.0 118.0 156.0
110.0 114.0 106.0 74.0
157.0 179.0 77.0 81.0
78.0 78.0 87.0 157.0
127.0 146.0 56.0 130.0
91.0 78.0 76.0 168.0
91.0 111.0 80.0 106.0
104.0 104.0 113.0 78.0
86.0 64.0 145.0 102.0
95.0 122.0 59.0 149.0
106.0 83.0 125.0 79.0
114.0 121.0 100.0 69.0
109.0 64.0 126.0 90.0
129.0 123.0 51.0 162.0
126.0 154.0 63.0 109.0
136.0 160.0 63.0 108.0
102.0 72.0 130.0 84.0
97.0 88.0 91.0 104.0
132.0 138.0 52.0 149.0
130.0 128.0 109.0 55.0
72.0 79.0 90.0 180.0
108.0 80.0 122.0 81.0
114.0 104.0 121.0 66.0
131.0 112.0 142.0 50.0
104.0 88.0 67.0 152.0
80.0 83.0 87.0 137.0
149.0 101.0 139.0 51.0
97.0 95.0 63.0 178.0
107.0 127.0 58.0 142.0
85.0 78.0 85.0 146.0
90.0 52.0 147.0 115.0
117.0 127.0 70.0 101.0
89.0 73.0 120.0 102.0
90.0 65.0 105.0 124.0
130.0 146.0 90.0 68.0
85.0 82.0 106.0 110.0
103.0 112.0 103.0 81.0
116.0 97.0 130.0 65.0
111.0 118.0 68.0 111.0
95.0 98.0 67.0 151.0
76.0 58.0 152.0 137.0
108.0 136.0 76.0 92.0
127.0 133.0 103.0 58.0
119.0 145.0 79.0 87.0
176.0 144.0 162.0 42.0
79.0 68.0 107.0 141.0
78.0 94.0 76.0 153.0
160.0 150.0 108.0 52.0
97.0 76.0 135.0 84.0
107.0 72.0 129.0 81.0
97.0 130.0 74.0 103.0
110.0 102.0 68.0 125.0
144.0 136.0 105.0 57.0
97.0 80.0 124.0 89.0
80.0 61.0 100.0 160.0
95.0 95.0 71.0 138.0
86.0 77.0 97.0 126.0
97.0 101.0 64.0 153.0
105.0 115.0 64.0 131.0
102.0 91.0 121.0 80.0
94.0 73.0 118.0 100.0
153.0 151.0 86.0 71.0
98.0 90.0 100.0 94.0
117.0 91.0 115.0 77.0
95.0 120.0 82.0 97.0
91.0 101.0 70.0 144.0
141.0 183.0 58.0 120.0
98.0 63.0 138.0 94.0
91.0 89.0 78.0 136.0
153.0 139.0 116.0 50.0
117.0 103.0 109.0 74.0
98.0 109.0 82.0 103.0
121.0 116.0 75.0 97.0
106.0 102.0 60.0 157.0
77.0 57.0 125.0 144.0
88.0 89.0 115.0 90.0
126.0 185.0 58.0 121.0
80.0 61.0 114.0 141.0
84.0 91.0 79.0 131.0
91.0 88.0 125.0 85.0
129.0 107.0 114.0 63.0
113.0 127.0 50.0 171.0
87.0 75.0 85.0 148.0
107.0 139.0 112.0 61.0
127.0 129.0 87.0 75.0
96.0 92.0 75.0 133.0
117.0 86.0 122.0 75.0
79.0 88.0 83.0 142.0
113.0 78.0 129.0 75.0
81.0 93.0 78.0 138.0
99.0 99.0 63.0 168.0
82.0 80.0 80.0 166.0
82.0 57.0 136.0 124.0
86.0 88.0 72.0 160.0
139.0 180.0 68.0 96.0
133.0 123.0 125.0 54.0
116.0 117.0 93.0 77.0
102.0 110.0 72.0 112.0
92.0 83.0 150.0 78.0
110.0 80.0 138.0 68.0
126.0 142.0 68.0 101.0
140.0 135.0 145.0 45.0
99.0 87.0 108.0 93.0
158.0 164.0 148.0 42.0
101.0 71.0 161.0 79.0
115.0 98.0 64.0 135.0
91.0 112.0 70.0 126.0
93.0 106.0 102.0 88.0
135.0 121.0 153.0 48.0
95.0 78.0 72.0 161.0
153.0 122.0 122.0 50.0
91.0 90.0 84.0 124.0
126.0 85.0 151.0 60.0
88.0 74.0 118.0 105.0
148.0 122.0 142.0 47.0
91.0 106.0 100.0 91.0
118.0 99.0 63.0 133.0
150.0 159.0 113.0 50.0
77.0 62.0 151.0 123.0
106.0 91.0 116.0 81.0
163.0 131.0 115.0 49.0
82.0 86.0 84.0 135.0
121.0 143.0 54.0 143.0
90.0 98.0 93.0 101.0
142.0 138.0 125.0 49.0
87.0 73.0 118.0 109.0
97.0 102.0 69.0 130.0
124.0 126.0 59.0 128.0
132.0 99.0 158.0 52.0
86.0 87.0 79.0 143.0
120.0 90.0 140.0 63.0
75.0 64.0 120.0 132.0
114.0 136.0 75.0 92.0
83.0 62.0 108.0 142.0
90.0 71.0 101.0 120.0
100.0 95.0 88.0 100.0
75.0 67.0 99.0 175.0
75.0 70.0 104.0 146.0
99.0 86.0 101.0 100.0
97.0 96.0 79.0 112.0
89.0 60.0 102.0 146.0
94.0 92.0 99.0 96.0
96.0 69.0 97.0 121.0
115.0 133.0 94.0 71.0
103.0 129.0 75.0 98.0
105.0 95.0 101.0 90.0
109.0 99.0 125.0 68.0
105.0 131.0 95.0 75.0
105.0 73.0 144.0 79.0
92.0 82.0 151.0 77.0
112.0 147.0 77.0 90.0
112.0 77.0 138.0 72.0
125.0 160.0 59.0 119.0
92.0 105.0 69.0 139.0
139.0 137.0 99.0 58.0
72.0 59.0 126.0 155.0
92.0 93.0 70.0 157.0
116.0 94.0 118.0 71.0
81.0 81.0 83.0 159.0
85.0 96.0 70.0 163.0
115.0 117.0 78.0 96.0
91.0 59.0 126.0 109.0
88.0 82.0 92.0 123.0
88.0 84.0 124.0 92.0
79.0 89.0 76.0 172.0
91.0 84.0 90.0 119.0
95.0 103.0 113.0 80.0
71.0 64.0 118.0 147.0
97.0 114.0 91.0 91.0
138.0 152.0 62.0 110.0
119.0 140.0 92.0 69.0
91.0 97.0 71.0 152.0
98.0 71.0 127.0 90.0
120.0 143.0 65.0 109.0
105.0 112.0 60.0 145.0
83.0 61.0 113.0 144.0
135.0 141.0 44.0 182.0
104.0 69.0 130.0 88.0
117.0 145.0 55.0 142.0
114.0 117.0 51.0 186.0
131.0 123.0 104.0 63.0
94.0 107.0 66.0 138.0
88.0 91.0 77.0 142.0
147.0 157.0 88.0 69.0
154.0 120.0 136.0 46.0
96.0 94.0 94.0 99.0
78.0 75.0 91.0 163.0
103.0 113.0 74.0 111.0
94.0 64.0 116.0 114.0
109.0 113.0 55.0 153.0
87.0 79.0 93.0 120.0
101.0 135.0 90.0 80.0
110.0 113.0 101.0 78.0
106.0 81.0 73.0 142.0
116.0 118.0 100.0 73.0
124.0 129.0 69.0 100.0
85.0 60.0 127.0 126.0
99.0 117.0 55.0 175.0
124.0 110.0 118.0 64.0
128.0 121.0 148.0 49.0
142.0 175.0 70.0 93.0
110.0 96.0 109.0 80.0
86.0 90.0 71.0 166.0
125.0 118.0 51.0 164.0
121.0 110.0 81.0 92.0
113.0 133.0 98.0 67.0
127.0 145.0 73.0 94.0
133.0 150.0 52.0 144.0
128.0 98.0 145.0 55.0
87.0 69.0 141.0 91.0
118.0 135.0 95.0 68.0
144.0 166.0 61.0 111.0
108.0 110.0 93.0 86.0
143.0 150.0 51.0 147.0
91.0 57.0 137.0 107.0
84.0 68.0 103.0 137.0
130.0 144.0 76.0 87.0
145.0 115.0 150.0 47.0
102.0 61.0 145.0 89.0
84.0 81.0 92.0 127.0
120.0 154.0 61.0 118.0
159.0 190.0 122.0 47.0
105.0 123.0 98.0 78.0
83.0 76.0 123.0 103.0
98.0 114.0 90.0 89.0
115.0 105.0 121.0 64.0
90.0 101.0 68.0 153.0
100.0 94.0 65.0 163.0
95.0 111.0 72.0 116.0
99.0 62.0 117.0 108.0
94.0 62.0 103.0 126.0
94.0 98.0 78.0 119.0
95.0 125.0 86.0 91.0
120.0 161.0 67.0 99.0
128.0 144.0 87.0 73.0
113.0 86.0 136.0 70.0
93.0 84.0 110.0 95.0
87.0 83.0 77.0 161.0
87.0 61.0 115.0 129.0
90.0 87.0 97.0 104.0
107.0 130.0 61.0 129.0
107.0 104.0 67.0 132.0
74.0 69.0 99.0 170.0
89.0 79.0 112.0 102.0
96.0 99.0 66.0 153.0
130.0 140.0 67.0 100.0
117.0 140.0 132.0 52.0
119.0 89.0 124.0 72.0
105.0 120.0 83.0 89.0
108.0 117.0 106.0 72.0
96.0 106.0 64.0 147.0
99.0 108.0 57.0 168.0
118.0 140.0 74.0 95.0
101.0 119.0 64.0 131.0
72.0 62.0 132.0 143.0
88.0 60.0 121.0 114.0
117.0 141.0 62.0 118.0
94.0 76.0 114.0 97.0
124.0 139.0 62.0 116.0
110.0 89.0 129.0 73.0
107.0 94.0 133.0 70.0
99.0 95.0 103.0 89.0
92.0 75.0 138.0 87.0
98.0 50.0 149.0 102.0
115.0 157.0 63.0 112.0
109.0 135.0 84.0 83.0
76.0 78.0 87.0 162.0
109.0 120.0 79.0 95.0
114.0 114.0 72.0 109.0
116.0 122.0 96.0 74.0
114.0 103.0 61.0 144.0
112.0 117.0 54.0 162.0
77.0 71.0 98.0 151.0
150.0 152.0 53.0 140.0
124.0 136.0 62.0 117.0
96.0 121.0 81.0 93.0
125.0 115.0 117.0 58.0
78.0 77.0 86.0 165.0
95.0 112.0 75.0 114.0
96.0 66.0 96.0 130.0
97.0 95.0 67.0 152.0
123.0 132.0 103.0 62.0
116.0 119.0 112.0 66.0
87.0 85.0 78.0 150.0
113.0 140.0 52.0 157.0
117.0 126.0 65.0 111.0
80.0 61.0 118.0 136.0
90.0 66.0 108.0 122.0
97.0 71.0 119.0 97.0
124.0 120.0 48.0 176.0
90.0 103.0 73.0 129.0
82.0 69.0 110.0 129.0
82.0 75.0 107.0 123.0
93.0 94.0 71.0 153.0
139.0 137.0 118.0 52.0
96.0 93.0 91.0 103.0
150.0 171.0 78.0 82.0
157.0 118.0 129.0 48.0
103.0 136.0 79.0 91.0
149.0 172.0 105.0 54.0
108.0 88.0 145.0 67.0
114.0 131.0 64.0 116.0
87.0 60.0 138.0 112.0
86.0 98.0 65.0 195.0
118.0 108.0 60.0 137.0
126.0 125.0 59.0 127.0
122.0 116.0 63.0 123.0
86.0 92.0 82.0 125.0
121.0 128.0 68.0 108.0
165.0 122.0 120.0 50.0
77.0 76.0 102.0 137.0
102.0 74.0 126.0 85.0
93.0 85.0 111.0 92.0
80.0 90.0 90.0 125.0
104.0 136.0 85.0 82.0
162.0 131.0 155.0 43.0
102.0 94.0 77.0 121.0
91.0 90.0 79.0 127.0
107.0 130.0 62.0 128.0
111.0 97.0 122.0 73.0
99.0 95.0 112.0 86.0
109.0 91.0 76.0 112.0
87.0 64.0 132.0 101.0
125.0 116.0 151.0 50.0
98.0 106.0 63.0 149.0
138.0 157.0 61.0 114.0
113.0 103.0 142.0 61.0
132.0 131.0 107.0 56.0
85.0 94.0 71.0 157.0
105.0 114.0 53.0 175.0
118.0 99.0 61.0 144.0
114.0 127.0 104.0 65.0
107.0 107.0 98.0 82.0
108.0 109.0 99.0 79.0
87.0 108.0 102.0 90.0
127.0 149.0 72.0 91.0
91.0 84.0 89.0 122.0
90.0 97.0 83.0 111.0
95.0 91.0 74.0 135.0
108.0 112.0 96.0 83.0
81.0 66.0 109.0 140.0
95.0 104.0 80.0 109.0
95.0 97.0 70.0 144.0
118.0 137.0 59.0 126.0
147.0 112.0 136.0 51.0
85.0 65.0 120.0 112.0
89.0 104.0 62.0 175.0
133.0 153.0 42.0 211.0
106.0 76.0 114.0 90.0
105.0 144.0 77.0 91.0
80.0 58.0 126.0 137.0
91.0 72.0 132.0 91.0
94.0 110.0 71.0 119.0
118.0 103.0 123.0 62.0
123.0 145.0 79.0 85.0
109.0 108.0 122.0 68.0
129.0 136.0 101.0 59.0
127.0 108.0 113.0 65.0
102.0 84.0 117.0 86.0
126.0 129.0 56.0 137.0
120.0 104.0 62.0 134.0
134.0 155.0 64.0 106.0
84.0 54.0 144.0 126.0
104.0 65.0 156.0 81.0
105.0 94.0 63.0 167.0
111.0 107.0 114.0 71.0
119.0 118.0 112.0 63.0
97.0 91.0 109.0 91.0
90.0 103.0 101.0 91.0
90.0 67.0 109.0 118.0
126.0 148.0 81.0 79.0
88.0 92.0 74.0 139.0
84.0 84.0 101.0 110.0
105.0 123.0 71.0 110.0
82.0 79.0 87.0 149.0
89.0 74.0 134.0 90.0
106.0 93.0 75.0 119.0
85.0 69.0 101.0 127.0
123.0 116.0 92.0 74.0
115.0 154.0 66.0 105.0
98.0 88.0 68.0 163.0
82.0 66.0 108.0 134.0
91.0 71.0 160.0 87.0
130.0 121.0 54.0 150.0
110.0 90.0 160.0 62.0
134.0 177.0 71.0 90.0
129.0 132.0 46.0 180.0
171.0 133.0 131.0 46.0
125.0 141.0 45.0 179.0
86.0 90.0 103.0 101.0
99.0 86.0 110.0 87.0
106.0 106.0 69.0 121.0
87.0 92.0 88.0 113.0
100.0 90.0 62.0 187.0
80.0 89.0 84.0 133.0
152.0 121.0 151.0 44.0
95.0 94.0 76.0 126.0
173.0 147.0 145.0 43.0
144.0 128.0 137.0 47.0
107.0 72.0 133.0 79.0
147.0 154.0 122.0 48.0
75.0 74.0 93.0 157.0
80.0 62.0 142.0 116.0
89.0 77.0 84.0 150.0
90.0 67.0 148.0 90.0
120.0 79.0 155.0 64.0
92.0 105.0 68.0 143.0
117.0 130.0 69.0 104.0
150.0 173.0 125.0 46.0
80.0 61.0 161.0 118.0
76.0 59.0 133.0 135.0
147.0 138.0 106.0 54.0
99.0 107.0 69.0 125.0
122.0 112.0 118.0 64.0
149.0 142.0 96.0 62.0
87.0 99.0 71.0 154.0
80.0 67.0 122.0 120.0
144.0 168.0 75.0 84.0
109.0 79.0 168.0 69.0
104.0 113.0 58.0 154.0
110.0 148.0 48.0 172.0
97.0 111.0 90.0 92.0
81.0 78.0 91.0 140.0
105.0 114.0 89.0 84.0
89.0 112.0 89.0 96.0
107.0 130.0 77.0 95.0
116.0 114.0 107.0 71.0
137.0 150.0 49.0 159.0
81.0 58.0 114.0 149.0
118.0 83.0 134.0 68.0
83.0 60.0 122.0 129.0
102.0 81.0 120.0 82.0
89.0 73.0 107.0 109.0
101.0 109.0 109.0 76.0
117.0 86.0 148.0 62.0
156.0 168.0 82.0 72.0
111.0 105.0 61.0 147.0
127.0 129.0 110.0 55.0
78.0 70.0 99.0 149.0
95.0 117.0 80.0 105.0
132.0 140.0 98.0 61.0
130.0 145.0 66.0 104.0
100.0 71.0 141.0 82.0
85.0 78.0 81.0 159.0
114.0 131.0 54.0 154.0
107.0 95.0 99.0 91.0
98.0 92.0 103.0 92.0
100.0 119.0 74.0 109.0
94.0 76.0 118.0 95.0
84.0 77.0 84.0 155.0
77.0 87.0 77.0 171.0
98.0 96.0 68.0 144.0
72.0 56.0 122.0 165.0
97.0 78.0 128.0 87.0
90.0 86.0 90.0 118.0
76.0 60.0 104.0 162.0
99.0 102.0 72.0 127.0
87.0 105.0 64.0 167.0
137.0 148.0 87.0 70.0
111.0 108.0 105.0 76.0
122.0 141.0 50.0 162.0
128.0 157.0 73.0 90.0
111.0 93.0 75.0 116.0
109.0 90.0 112.0 79.0
104.0 113.0 90.0 88.0
75.0 62.0 109.0 160.0
125.0 136.0 73.0 95.0
105.0 99.0 92.0 91.0
91.0 73.0 96.0 123.0
149.0 118.0 150.0 46.0
88.0 88.0 91.0 111.0
100.0 82.0 67.0 177.0
91.0 51.0 129.0 126.0
116.0 128.0 54.0 155.0
78.0 62.0 102.0 152.0
122.0 98.0 117.0 70.0
100.0 113.0 95.0 87.0
91.0 102.0 73.0 129.0
107.0 107.0 70.0 118.0
87.0 68.0 113.0 116.0
127.0 142.0 53.0 144.0
115.0 108.0 117.0 65.0
149.0 147.0 43.0 189.0
120.0 103.0 106.0 75.0
145.0 148.0 53.0 141.0
90.0 96.0 99.0 96.0
124.0 113.0 116.0 62.0
110.0 134.0 88.0 72.0
155.0 178.0 79.0 79.0
96.0 94.0 93.0 100.0
100.0 116.0 70.0 116.0
94.0 97.0 72.0 131.0
110.0 113.0 152.0 55.0
115.0 117.0 63.0 127.0
132.0 159.0 126.0 47.0
134.0 136.0 46.0 178.0
92.0 76.0 91.0 130.0
82.0 86.0 79.0 151.0
121.0 86.0 126.0 71.0
129.0 122.0 106.0 62.0
101.0 71.0 155.0 80.0
110.0 94.0 115.0 78.0
103.0 123.0 100.0 78.0
79.0 60.0 113.0 150.0
76.0 73.0 92.0 161.0
86.0 70.0 111.0 116.0
80.0 68.0 96.0 156.0
120.0 119.0 84.0 86.0
116.0 115.0 66.0 117.0
92.0 81.0 84.0 129.0
93.0 91.0 82.0 121.0
118.0 73.0 135.0 74.0
80.0 54.0 142.0 141.0
115.0 154.0 65.0 106.0
112.0 131.0 86.0 81.0
107.0 115.0 70.0 112.0
105.0 106.0 57.0 159.0
117.0 103.0 127.0 63.0
121.0 126.0 53.0 151.0
124.0 150.0 44.0 200.0
103.0 106.0 116.0 74.0
129.0 137.0 48.0 167.0
152.0 140.0 102.0 56.0
123.0 152.0 66.0 104.0
94.0 117.0 60.0 150.0
96.0 106.0 99.0 91.0
122.0 161.0 75.0 86.0
139.0 157.0 71.0 93.0
101.0 95.0 69.0 142.0
78.0 80.0 90.0 147.0
117.0 134.0 47.0 186.0
124.0 136.0 47.0 175.0
102.0 82.0 84.0 115.0
99.0 112.0 89.0 92.0
75.0 80.0 91.0 148.0
91.0 122.0 79.0 102.0
115.0 131.0 53.0 157.0
87.0 68.0 138.0 95.0
112.0 144.0 64.0 112.0
110.0 128.0 98.0 71.0
97.0 85.0 121.0 84.0
126.0 111.0 138.0 55.0
147.0 157.0 56.0 128.0
104.0 86.0 117.0 83.0
148.0 148.0 85.0 73.0
108.0 131.0 49.0 175.0
122.0 95.0 117.0 72.0
130.0 157.0 57.0 125.0
73.0 63.0 130.0 136.0
86.0 71.0 99.0 135.0
102.0 116.0 56.0 162.0
115.0 131.0 86.0 78.0
93.0 72.0 90.0 136.0
133.0 123.0 46.0 187.0
76.0 56.0 130.0 145.0
93.0 88.0 89.0 112.0
103.0 69.0 148.0 81.0
102.0 88.0 70.0 153.0
92.0 80.0 71.0 168.0
150.0 112.0 128.0 51.0
109.0 108.0 107.0 76.0
109.0 113.0 53.0 164.0
117.0 101.0 68.0 121.0
95.0 84.0 122.0 87.0
141.0 174.0 60.0 113.0
89.0 62.0 119.0 114.0
101.0 111.0 103.0 83.0
83.0 63.0 129.0 120.0
90.0 95.0 81.0 121.0
106.0 92.0 111.0 82.0
126.0 159.0 62.0 113.0
149.0 131.0 115.0 51.0
86.0 80.0 87.0 136.0
128.0 127.0 68.0 104.0
117.0 119.0 72.0 103.0
107.0 137.0 80.0 85.0
92.0 122.0 94.0 87.0
97.0 112.0 93.0 88.0
