81.0 54.0 126.0 157.0
120.0 77.0 74.0 108.0
122.0 116.0 117.0 52.0
79.0 83.0 99.0 111.0
159.0 168.0 43.0 164.0
146.0 128.0 114.0 40.0
124.0 72.0 84.0 96.0
94.0 77.0 93.0 106.0
156.0 109.0 79.0 73.0
101.0 90.0 101.0 80.0
139.0 132.0 84.0 66.0
137.0 82.0 81.0 87.0
152.0 125.0 95.0 55.0
105.0 94.0 116.0 69.0
72.0 83.0 125.0 99.0
150.0 115.0 81.0 71.0
92.0 88.0 124.0 78.0
164.0 182.0 44.0 136.0
139.0 89.0 71.0 93.0
102.0 81.0 70.0 124.0
106.0 74.0 75.0 123.0
82.0 78.0 87.0 125.0
99.0 93.0 112.0 76.0
111.0 119.0 159.0 47.0
129.0 109.0 88.0 70.0
146.0 108.0 117.0 46.0
132.0 83.0 70.0 103.0
151.0 105.0 87.0 66.0
134.0 108.0 71.0 90.0
105.0 76.0 96.0 92.0
124.0 89.0 103.0 70.0
91.0 87.0 85.0 106.0
174.0 174.0 75.0 63.0
105.0 78.0 76.0 111.0
161.0 158.0 59.0 88.0
114.0 105.0 126.0 56.0
162.0 149.0 82.0 59.0
72.0 71.0 116.0 116.0
127.0 103.0 66.0 103.0
156.0 126.0 109.0 44.0
102.0 81.0 73.0 123.0
90.0 91.0 125.0 77.0
125.0 87.0 63.0 124.0
73.0 74.0 99.0 123.0
81.0 69.0 113.0 112.0
99.0 99.0 132.0 65.0
150.0 131.0 81.0 68.0
89.0 84.0 111.0 92.0
136.0 97.0 90.0 72.0
102.0 138.0 169.0 42.0
121.0 106.0 94.0 69.0
148.0 135.0 78.0 70.0
116.0 78.0 83.0 99.0
129.0 99.0 141.0 50.0
164.0 101.0 76.0 76.0
150.0 116.0 61.0 100.0
131.0 100.0 65.0 103.0
124.0 98.0 109.0 59.0
113.0 89.0 119.0 68.0
102.0 101.0 118.0 66.0
136.0 101.0 71.0 91.0
124.0 114.0 87.0 72.0
157.0 144.0 95.0 49.0
81.0 74.0 105.0 112.0
117.0 76.0 88.0 96.0
136.0 124.0 99.0 55.0
154.0 143.0 92.0 52.0
125.0 102.0 73.0 91.0
97.0 71.0 94.0 108.0
147.0 126.0 105.0 48.0
103.0 109.0 126.0 61.0
159.0 162.0 50.0 110.0
171.0 155.0 53.0 101.0
172.0 158.0 71.0 70.0
122.0 88.0 107.0 66.0
87.0 76.0 80.0 131.0
129.0 85.0 89.0 83.0
132.0 95.0 92.0 72.0
107.0 111.0 54.0 163.0
83.0 81.0 96.0 111.0
132.0 131.0 48.0 153.0
149.0 132.0 58.0 102.0
124.0 94.0 68.0 108.0
141.0 125.0 86.0 66.0
110.0 115.0 150.0 49.0
94.0 113.0 137.0 59.0
106.0 115.0 147.0 51.0
128.0 71.0 81.0 100.0
159.0 97.0 78.0 76.0
126.0 86.0 60.0 138.0
85.0 91.0 110.0 90.0
137.0 157.0 50.0 125.0
107.0 77.0 92.0 96.0
118.0 90.0 68.0 112.0
85.0 76.0 107.0 103.0
88.0 89.0 146.0 76.0
122.0 77.0 71.0 115.0
104.0 91.0 99.0 80.0
114.0 75.0 67.0 122.0
132.0 92.0 77.0 89.0
130.0 81.0 70.0 107.0
141.0 80.0 70.0 102.0
180.0 127.0 76.0 67.0
139.0 119.0 92.0 60.0
112.0 91.0 106.0 73.0
136.0 103.0 88.0 68.0
138.0 78.0 71.0 99.0
131.0 97.0 85.0 80.0
99.0 102.0 125.0 66.0
136.0 124.0 62.0 100.0
99.0 115.0 61.0 127.0
100.0 82.0 84.0 108.0
121.0 94.0 114.0 62.0
112.0 102.0 133.0 57.0
128.0 124.0 63.0 98.0
74.0 76.0 97.0 123.0
90.0 106.0 118.0 69.0
162.0 175.0 83.0 53.0
126.0 79.0 71.0 108.0
111.0 68.0 84.0 109.0
158.0 133.0 64.0 85.0
140.0 135.0 56.0 108.0
127.0 119.0 87.0 70.0
90.0 102.0 116.0 73.0
162.0 141.0 70.0 78.0
164.0 165.0 79.0 62.0
112.0 93.0 76.0 104.0
131.0 122.0 61.0 104.0
144.0 125.0 78.0 73.0
116.0 82.0 117.0 70.0
151.0 149.0 50.0 120.0
127.0 90.0 80.0 89.0
149.0 105.0 127.0 44.0
112.0 103.0 142.0 55.0
150.0 138.0 68.0 80.0
88.0 75.0 96.0 113.0
159.0 153.0 57.0 91.0
170.0 152.0 95.0 47.0
102.0 81.0 66.0 136.0
123.0 122.0 120.0 50.0
105.0 82.0 106.0 83.0
174.0 147.0 69.0 74.0
94.0 104.0 64.0 129.0
125.0 115.0 148.0 45.0
128.0 73.0 71.0 112.0
120.0 108.0 115.0 55.0
119.0 83.0 115.0 70.0
120.0 109.0 54.0 145.0
109.0 106.0 55.0 161.0
91.0 69.0 102.0 109.0
138.0 91.0 88.0 74.0
138.0 89.0 89.0 76.0
126.0 79.0 80.0 96.0
147.0 121.0 68.0 84.0
117.0 88.0 104.0 74.0
154.0 125.0 112.0 44.0
150.0 116.0 98.0 56.0
163.0 141.0 71.0 76.0
105.0 82.0 68.0 135.0
70.0 75.0 113.0 121.0
145.0 150.0 46.0 145.0
126.0 83.0 89.0 86.0
147.0 140.0 47.0 151.0
113.0 108.0 76.0 93.0
118.0 121.0 52.0 147.0
140.0 126.0 116.0 44.0
144.0 142.0 48.0 131.0
147.0 84.0 77.0 82.0
147.0 143.0 128.0 36.0
112.0 88.0 72.0 114.0
81.0 80.0 126.0 90.0
141.0 162.0 46.0 130.0
85.0 73.0 120.0 99.0
148.0 106.0 72.0 84.0
116.0 134.0 61.0 107.0
144.0 136.0 112.0 43.0
137.0 125.0 60.0 102.0
168.0 167.0 64.0 80.0
79.0 80.0 94.0 117.0
98.0 67.0 79.0 137.0
118.0 93.0 116.0 62.0
104.0 106.0 132.0 60.0
160.0 107.0 96.0 56.0
113.0 102.0 57.0 145.0
130.0 110.0 103.0 56.0
146.0 84.0 78.0 86.0
98.0 102.0 135.0 64.0
139.0 104.0 112.0 52.0
120.0 75.0 94.0 89.0
164.0 126.0 71.0 77.0
151.0 149.0 59.0 91.0
134.0 85.0 69.0 106.0
133.0 115.0 84.0 71.0
148.0 117.0 113.0 45.0
131.0 101.0 135.0 50.0
132.0 105.0 119.0 52.0
134.0 97.0 94.0 67.0
148.0 112.0 116.0 46.0
109.0 119.0 60.0 120.0
128.0 98.0 127.0 53.0
160.0 124.0 65.0 87.0
93.0 66.0 96.0 116.0
141.0 142.0 119.0 37.0
129.0 92.0 124.0 57.0
103.0 106.0 62.0 126.0
70.0 73.0 105.0 124.0
141.0 115.0 125.0 44.0
106.0 99.0 119.0 64.0
105.0 72.0 87.0 110.0
129.0 100.0 83.0 81.0
105.0 113.0 129.0 57.0
147.0 100.0 69.0 89.0
175.0 148.0 74.0 65.0
99.0 67.0 83.0 125.0
97.0 116.0 60.0 135.0
117.0 109.0 57.0 128.0
139.0 98.0 88.0 72.0
103.0 128.0 152.0 46.0
150.0 134.0 61.0 91.0
114.0 115.0 111.0 56.0
172.0 162.0 81.0 58.0
81.0 75.0 108.0 105.0
86.0 79.0 86.0 123.0
112.0 80.0 74.0 113.0
155.0 136.0 97.0 50.0
114.0 101.0 104.0 67.0
131.0 86.0 86.0 84.0
83.0 81.0 121.0 96.0
118.0 76.0 73.0 111.0
152.0 121.0 71.0 82.0
143.0 95.0 66.0 99.0
155.0 121.0 80.0 70.0
171.0 137.0 69.0 78.0
161.0 122.0 110.0 43.0
94.0 96.0 117.0 74.0
126.0 85.0 83.0 91.0
162.0 130.0 62.0 88.0
132.0 97.0 64.0 104.0
154.0 160.0 55.0 100.0
145.0 154.0 99.0 48.0
96.0 92.0 114.0 76.0
167.0 131.0 74.0 72.0
86.0 76.0 103.0 106.0
119.0 88.0 73.0 106.0
87.0 75.0 111.0 100.0
119.0 98.0 90.0 78.0
144.0 142.0 96.0 52.0
120.0 75.0 71.0 117.0
102.0 81.0 111.0 81.0
142.0 131.0 67.0 85.0
148.0 146.0 93.0 52.0
159.0 124.0 75.0 74.0
156.0 150.0 58.0 94.0
125.0 117.0 65.0 101.0
63.0 78.0 123.0 124.0
75.0 69.0 126.0 115.0
165.0 134.0 89.0 56.0
124.0 90.0 99.0 74.0
122.0 117.0 57.0 121.0
89.0 72.0 80.0 151.0
110.0 107.0 78.0 93.0
168.0 136.0 87.0 55.0
75.0 70.0 98.0 132.0
109.0 84.0 115.0 74.0
152.0 118.0 86.0 64.0
146.0 101.0 59.0 115.0
139.0 85.0 80.0 88.0
188.0 184.0 75.0 62.0
113.0 99.0 131.0 58.0
120.0 89.0 73.0 105.0
161.0 136.0 105.0 42.0
107.0 86.0 61.0 158.0
105.0 104.0 147.0 57.0
134.0 113.0 87.0 68.0
91.0 70.0 88.0 120.0
129.0 97.0 91.0 75.0
132.0 120.0 50.0 154.0
118.0 68.0 85.0 101.0
104.0 101.0 78.0 102.0
96.0 68.0 124.0 90.0
145.0 147.0 63.0 87.0
142.0 92.0 69.0 94.0
151.0 168.0 47.0 114.0
108.0 113.0 58.0 138.0
102.0 88.0 108.0 79.0
126.0 90.0 96.0 76.0
167.0 184.0 45.0 130.0
108.0 76.0 72.0 123.0
150.0 141.0 46.0 160.0
161.0 125.0 71.0 79.0
90.0 75.0 120.0 91.0
146.0 118.0 130.0 38.0
153.0 115.0 70.0 83.0
132.0 96.0 95.0 63.0
87.0 77.0 84.0 124.0
121.0 118.0 126.0 49.0
142.0 98.0 82.0 74.0
107.0 112.0 62.0 119.0
129.0 142.0 110.0 46.0
101.0 119.0 141.0 53.0
99.0 73.0 90.0 109.0
110.0 107.0 152.0 54.0
127.0 98.0 62.0 118.0
176.0 163.0 81.0 57.0
137.0 91.0 67.0 104.0
107.0 126.0 149.0 45.0
154.0 128.0 91.0 56.0
151.0 130.0 64.0 89.0
130.0 110.0 107.0 54.0
121.0 105.0 106.0 61.0
117.0 74.0 109.0 78.0
109.0 87.0 93.0 90.0
115.0 73.0 72.0 121.0
108.0 92.0 107.0 74.0
128.0 107.0 60.0 115.0
81.0 99.0 124.0 78.0
97.0 74.0 109.0 93.0
133.0 127.0 57.0 105.0
115.0 70.0 100.0 88.0
142.0 155.0 48.0 129.0
143.0 118.0 99.0 53.0
168.0 175.0 51.0 100.0
164.0 131.0 74.0 73.0
84.0 76.0 142.0 92.0
102.0 123.0 141.0 51.0
136.0 132.0 60.0 101.0
124.0 126.0 53.0 130.0
131.0 84.0 71.0 101.0
104.0 121.0 53.0 153.0
133.0 111.0 69.0 93.0
165.0 159.0 62.0 84.0
87.0 91.0 131.0 79.0
139.0 130.0 63.0 92.0
189.0 177.0 77.0 61.0
100.0 102.0 135.0 63.0
89.0 81.0 124.0 86.0
173.0 179.0 61.0 83.0
132.0 162.0 46.0 148.0
114.0 99.0 68.0 111.0
96.0 75.0 142.0 81.0
123.0 113.0 75.0 87.0
153.0 151.0 61.0 87.0
103.0 82.0 110.0 82.0
93.0 69.0 80.0 143.0
159.0 140.0 64.0 83.0
146.0 158.0 51.0 111.0
160.0 165.0 51.0 106.0
115.0 94.0 61.0 134.0
117.0 69.0 80.0 107.0
90.0 72.0 97.0 112.0
149.0 105.0 81.0 73.0
139.0 142.0 54.0 109.0
86.0 81.0 76.0 138.0
73.0 80.0 101.0 120.0
87.0 86.0 122.0 80.0
154.0 115.0 103.0 52.0
95.0 112.0 130.0 61.0
117.0 142.0 49.0 151.0
85.0 72.0 142.0 96.0
107.0 72.0 77.0 116.0
144.0 120.0 119.0 43.0
148.0 75.0 69.0 100.0
115.0 96.0 65.0 117.0
141.0 136.0 103.0 49.0
148.0 104.0 120.0 46.0
115.0 108.0 142.0 51.0
166.0 124.0 70.0 79.0
158.0 127.0 79.0 68.0
153.0 157.0 66.0 81.0
116.0 76.0 84.0 100.0
121.0 77.0 71.0 116.0
110.0 106.0 124.0 58.0
104.0 92.0 148.0 64.0
166.0 160.0 85.0 54.0
131.0 98.0 87.0 76.0
113.0 116.0 140.0 48.0
90.0 80.0 127.0 84.0
116.0 88.0 68.0 116.0
84.0 81.0 110.0 98.0
92.0 76.0 74.0 130.0
99.0 78.0 96.0 100.0
92.0 77.0 81.0 120.0
123.0 74.0 88.0 90.0
149.0 170.0 45.0 146.0
119.0 111.0 57.0 126.0
126.0 112.0 141.0 46.0
113.0 90.0 104.0 75.0
93.0 82.0 75.0 127.0
163.0 100.0 73.0 77.0
117.0 84.0 64.0 122.0
96.0 73.0 93.0 111.0
143.0 99.0 91.0 66.0
124.0 90.0 73.0 96.0
135.0 97.0 93.0 63.0
152.0 97.0 72.0 86.0
97.0 69.0 87.0 122.0
86.0 77.0 104.0 105.0
104.0 103.0 95.0 80.0
158.0 135.0 102.0 45.0
100.0 114.0 130.0 58.0
78.0 71.0 126.0 105.0
119.0 79.0 94.0 82.0
143.0 144.0 105.0 44.0
129.0 75.0 62.0 136.0
64.0 76.0 117.0 135.0
114.0 109.0 63.0 115.0
134.0 122.0 84.0 70.0
134.0 101.0 107.0 58.0
139.0 108.0 114.0 50.0
116.0 94.0 127.0 61.0
127.0 82.0 86.0 88.0
141.0 129.0 126.0 38.0
143.0 135.0 154.0 36.0
148.0 104.0 70.0 88.0
137.0 108.0 71.0 89.0
84.0 77.0 97.0 115.0
147.0 119.0 145.0 37.0
100.0 84.0 141.0 70.0
102.0 93.0 109.0 76.0
129.0 107.0 131.0 48.0
100.0 111.0 146.0 57.0
139.0 115.0 61.0 102.0
165.0 113.0 68.0 82.0
105.0 114.0 151.0 51.0
137.0 114.0 155.0 39.0
83.0 82.0 109.0 99.0
160.0 133.0 77.0 71.0
132.0 102.0 112.0 53.0
140.0 151.0 107.0 43.0
97.0 79.0 90.0 105.0
150.0 113.0 62.0 96.0
125.0 95.0 97.0 69.0
110.0 89.0 153.0 62.0
90.0 87.0 76.0 125.0
74.0 79.0 149.0 101.0
118.0 71.0 98.0 88.0
142.0 134.0 139.0 37.0
159.0 117.0 69.0 81.0
141.0 111.0 139.0 39.0
118.0 80.0 80.0 101.0
93.0 102.0 135.0 65.0
100.0 84.0 99.0 90.0
167.0 157.0 69.0 73.0
83.0 56.0 115.0 136.0
70.0 69.0 118.0 128.0
119.0 84.0 85.0 94.0
113.0 121.0 53.0 135.0
164.0 120.0 66.0 83.0
108.0 83.0 77.0 110.0
158.0 114.0 55.0 114.0
123.0 86.0 87.0 87.0
76.0 78.0 137.0 101.0
149.0 85.0 76.0 86.0
144.0 161.0 171.0 35.0
161.0 145.0 74.0 71.0
155.0 137.0 103.0 44.0
148.0 152.0 77.0 68.0
92.0 67.0 102.0 112.0
122.0 85.0 89.0 88.0
128.0 96.0 68.0 102.0
139.0 144.0 57.0 100.0
126.0 97.0 88.0 80.0
79.0 76.0 91.0 122.0
116.0 93.0 105.0 71.0
102.0 81.0 104.0 85.0
62.0 79.0 110.0 131.0
114.0 64.0 75.0 125.0
148.0 112.0 91.0 58.0
165.0 144.0 83.0 60.0
162.0 141.0 73.0 73.0
131.0 94.0 96.0 70.0
88.0 53.0 108.0 144.0
129.0 86.0 87.0 82.0
146.0 104.0 83.0 73.0
110.0 78.0 118.0 75.0
110.0 86.0 95.0 84.0
121.0 114.0 128.0 50.0
105.0 71.0 98.0 98.0
79.0 76.0 98.0 119.0
106.0 76.0 111.0 84.0
146.0 107.0 67.0 91.0
165.0 129.0 95.0 51.0
113.0 77.0 85.0 99.0
157.0 126.0 81.0 67.0
157.0 111.0 72.0 80.0
156.0 155.0 91.0 52.0
129.0 122.0 51.0 134.0
150.0 127.0 108.0 45.0
126.0 97.0 91.0 76.0
120.0 122.0 51.0 152.0
126.0 96.0 95.0 72.0
141.0 95.0 85.0 75.0
90.0 88.0 67.0 145.0
132.0 114.0 119.0 49.0
77.0 79.0 104.0 112.0
178.0 139.0 65.0 82.0
136.0 94.0 83.0 79.0
101.0 114.0 142.0 55.0
146.0 131.0 123.0 37.0
120.0 91.0 105.0 69.0
158.0 90.0 78.0 78.0
132.0 104.0 62.0 111.0
94.0 99.0 142.0 67.0
150.0 121.0 102.0 51.0
158.0 160.0 60.0 88.0
73.0 68.0 114.0 128.0
168.0 135.0 89.0 54.0
157.0 124.0 118.0 38.0
106.0 91.0 129.0 66.0
101.0 91.0 70.0 121.0
114.0 68.0 129.0 75.0
103.0 73.0 92.0 103.0
83.0 53.0 125.0 145.0
149.0 93.0 80.0 79.0
86.0 72.0 84.0 136.0
112.0 78.0 96.0 88.0
106.0 77.0 101.0 90.0
136.0 133.0 54.0 119.0
170.0 130.0 90.0 55.0
106.0 94.0 62.0 146.0
111.0 88.0 71.0 115.0
75.0 73.0 116.0 106.0
108.0 78.0 119.0 75.0
119.0 85.0 98.0 77.0
149.0 104.0 68.0 90.0
104.0 101.0 141.0 61.0
133.0 99.0 103.0 59.0
169.0 177.0 50.0 108.0
147.0 145.0 50.0 127.0
135.0 110.0 118.0 51.0
155.0 171.0 45.0 141.0
155.0 126.0 93.0 55.0
110.0 75.0 80.0 109.0
145.0 131.0 67.0 84.0
108.0 67.0 88.0 110.0
135.0 90.0 84.0 81.0
86.0 58.0 102.0 147.0
117.0 94.0 101.0 73.0
87.0 85.0 136.0 81.0
147.0 134.0 61.0 92.0
105.0 69.0 79.0 121.0
81.0 73.0 85.0 129.0
132.0 74.0 77.0 102.0
80.0 87.0 117.0 92.0
102.0 102.0 61.0 139.0
89.0 82.0 101.0 98.0
76.0 81.0 133.0 98.0
88.0 70.0 152.0 95.0
85.0 56.0 104.0 147.0
163.0 114.0 81.0 69.0
69.0 92.0 117.0 97.0
136.0 102.0 90.0 69.0
134.0 87.0 91.0 77.0
110.0 77.0 102.0 85.0
154.0 126.0 80.0 69.0
73.0 83.0 123.0 99.0
102.0 120.0 54.0 148.0
122.0 80.0 92.0 82.0
135.0 147.0 56.0 106.0
123.0 84.0 101.0 76.0
114.0 102.0 98.0 74.0
122.0 103.0 61.0 120.0
103.0 79.0 111.0 84.0
142.0 155.0 47.0 138.0
139.0 138.0 51.0 127.0
123.0 95.0 97.0 72.0
123.0 121.0 54.0 132.0
164.0 138.0 80.0 63.0
169.0 159.0 73.0 69.0
104.0 83.0 128.0 71.0
173.0 176.0 58.0 85.0
185.0 156.0 65.0 75.0
129.0 117.0 66.0 97.0
117.0 100.0 97.0 74.0
129.0 63.0 72.0 115.0
136.0 88.0 70.0 99.0
129.0 94.0 94.0 72.0
78.0 80.0 128.0 97.0
152.0 153.0 94.0 48.0
126.0 92.0 85.0 87.0
106.0 83.0 100.0 84.0
80.0 75.0 112.0 106.0
87.0 74.0 101.0 111.0
174.0 162.0 67.0 76.0
167.0 133.0 81.0 64.0
144.0 119.0 65.0 93.0
153.0 138.0 68.0 79.0
101.0 70.0 85.0 117.0
140.0 109.0 117.0 48.0
103.0 71.0 90.0 108.0
105.0 102.0 116.0 66.0
96.0 74.0 87.0 113.0
125.0 86.0 92.0 79.0
139.0 121.0 107.0 49.0
126.0 105.0 60.0 119.0
139.0 147.0 51.0 125.0
136.0 158.0 49.0 126.0
115.0 91.0 126.0 62.0
117.0 107.0 117.0 55.0
151.0 148.0 67.0 79.0
133.0 112.0 58.0 116.0
181.0 150.0 70.0 69.0
66.0 71.0 122.0 130.0
140.0 119.0 158.0 38.0
180.0 143.0 70.0 71.0
84.0 78.0 136.0 89.0
73.0 80.0 127.0 102.0
108.0 95.0 113.0 70.0
177.0 134.0 97.0 47.0
135.0 78.0 73.0 101.0
162.0 171.0 68.0 74.0
118.0 70.0 84.0 103.0
141.0 81.0 78.0 91.0
156.0 96.0 75.0 79.0
102.0 96.0 113.0 71.0
116.0 97.0 59.0 139.0
120.0 121.0 122.0 50.0
95.0 114.0 60.0 139.0
197.0 164.0 77.0 62.0
162.0 123.0 97.0 51.0
96.0 82.0 75.0 125.0
166.0 119.0 70.0 80.0
140.0 100.0 72.0 88.0
121.0 102.0 56.0 144.0
148.0 93.0 81.0 78.0
118.0 85.0 126.0 64.0
107.0 75.0 109.0 85.0
134.0 120.0 59.0 104.0
102.0 92.0 130.0 68.0
87.0 81.0 130.0 86.0
87.0 104.0 132.0 68.0
87.0 99.0 115.0 78.0
76.0 76.0 95.0 126.0
151.0 111.0 122.0 40.0
76.0 73.0 148.0 103.0
109.0 101.0 88.0 86.0
83.0 77.0 120.0 97.0
109.0 110.0 61.0 121.0
98.0 83.0 105.0 87.0
114.0 71.0 72.0 122.0
100.0 78.0 77.0 118.0
102.0 77.0 75.0 124.0
184.0 163.0 63.0 76.0
179.0 160.0 69.0 69.0
122.0 105.0 123.0 54.0
96.0 78.0 80.0 118.0
110.0 86.0 64.0 136.0
124.0 82.0 86.0 89.0
111.0 126.0 60.0 114.0
133.0 116.0 113.0 51.0
151.0 134.0 82.0 63.0
146.0 104.0 68.0 91.0
179.0 120.0 76.0 69.0
77.0 80.0 117.0 100.0
91.0 98.0 124.0 73.0
158.0 111.0 82.0 70.0
93.0 92.0 144.0 69.0
105.0 72.0 70.0 149.0
137.0 76.0 78.0 95.0
151.0 134.0 77.0 72.0
87.0 79.0 117.0 95.0
123.0 89.0 98.0 76.0
110.0 117.0 143.0 50.0
116.0 85.0 96.0 78.0
113.0 75.0 86.0 100.0
160.0 114.0 81.0 70.0
120.0 102.0 98.0 65.0
117.0 92.0 90.0 84.0
122.0 101.0 75.0 91.0
138.0 91.0 85.0 78.0
99.0 76.0 84.0 112.0
128.0 112.0 92.0 66.0
143.0 137.0 61.0 96.0
149.0 120.0 60.0 98.0
152.0 161.0 48.0 122.0
101.0 88.0 120.0 74.0
132.0 89.0 82.0 84.0
93.0 95.0 137.0 70.0
82.0 67.0 102.0 122.0
122.0 69.0 72.0 117.0
124.0 97.0 106.0 63.0
127.0 95.0 74.0 95.0
113.0 95.0 108.0 68.0
165.0 127.0 90.0 57.0
142.0 108.0 67.0 95.0
75.0 81.0 135.0 98.0
150.0 86.0 66.0 102.0
144.0 85.0 91.0 73.0
169.0 174.0 44.0 148.0
112.0 88.0 149.0 62.0
156.0 116.0 68.0 83.0
136.0 134.0 95.0 56.0
95.0 113.0 62.0 128.0
148.0 105.0 70.0 87.0
151.0 87.0 63.0 107.0
96.0 70.0 92.0 114.0
157.0 107.0 84.0 68.0
131.0 113.0 90.0 66.0
155.0 117.0 94.0 57.0
85.0 69.0 92.0 127.0
93.0 80.0 114.0 87.0
114.0 99.0 55.0 173.0
75.0 82.0 100.0 113.0
121.0 93.0 101.0 70.0
157.0 144.0 63.0 85.0
118.0 92.0 124.0 62.0
142.0 104.0 100.0 54.0
158.0 138.0 92.0 54.0
111.0 101.0 100.0 74.0
130.0 127.0 56.0 117.0
115.0 90.0 84.0 94.0
106.0 105.0 156.0 55.0
143.0 105.0 108.0 53.0
149.0 96.0 73.0 87.0
160.0 99.0 75.0 77.0
127.0 109.0 105.0 56.0
145.0 154.0 88.0 58.0
111.0 130.0 148.0 43.0
170.0 141.0 74.0 68.0
153.0 127.0 66.0 87.0
146.0 139.0 55.0 103.0
91.0 74.0 91.0 115.0
142.0 121.0 146.0 38.0
159.0 159.0 62.0 85.0
120.0 79.0 66.0 117.0
133.0 99.0 64.0 103.0
96.0 77.0 86.0 116.0
126.0 109.0 108.0 54.0
159.0 115.0 87.0 61.0
113.0 69.0 87.0 105.0
108.0 95.0 114.0 69.0
136.0 129.0 65.0 92.0
88.0 67.0 88.0 128.0
123.0 94.0 97.0 74.0
159.0 116.0 85.0 62.0
137.0 88.0 70.0 96.0
74.0 69.0 143.0 111.0
108.0 85.0 65.0 131.0
147.0 92.0 76.0 85.0
126.0 117.0 133.0 44.0
129.0 130.0 56.0 111.0
124.0 84.0 82.0 94.0
111.0 96.0 102.0 74.0
67.0 80.0 106.0 118.0
115.0 99.0 152.0 55.0
155.0 119.0 84.0 64.0
108.0 72.0 96.0 98.0
161.0 166.0 84.0 57.0
130.0 120.0 57.0 117.0
80.0 58.0 116.0 141.0
156.0 97.0 78.0 77.0
162.0 170.0 75.0 64.0
109.0 115.0 138.0 52.0
98.0 65.0 85.0 125.0
126.0 121.0 54.0 128.0
123.0 103.0 96.0 65.0
137.0 136.0 65.0 91.0
112.0 72.0 74.0 116.0
94.0 72.0 84.0 123.0
108.0 77.0 112.0 80.0
98.0 69.0 94.0 111.0
127.0 109.0 120.0 51.0
98.0 81.0 83.0 111.0
74.0 68.0 110.0 123.0
129.0 79.0 80.0 95.0
143.0 127.0 108.0 47.0
117.0 91.0 91.0 83.0
139.0 114.0 128.0 44.0
108.0 106.0 139.0 56.0
87.0 79.0 107.0 100.0
168.0 122.0 98.0 50.0
152.0 114.0 97.0 57.0
158.0 155.0 90.0 52.0
86.0 77.0 110.0 101.0
105.0 82.0 109.0 81.0
133.0 83.0 69.0 107.0
168.0 132.0 88.0 57.0
126.0 95.0 101.0 65.0
106.0 113.0 59.0 136.0
115.0 96.0 83.0 91.0
100.0 103.0 128.0 62.0
120.0 120.0 55.0 123.0
91.0 78.0 99.0 106.0
120.0 102.0 127.0 55.0
114.0 95.0 115.0 64.0
147.0 132.0 138.0 36.0
139.0 149.0 51.0 115.0
135.0 142.0 48.0 149.0
151.0 86.0 74.0 87.0
124.0 108.0 122.0 51.0
153.0 124.0 78.0 72.0
112.0 76.0 81.0 106.0
107.0 92.0 58.0 173.0
158.0 98.0 77.0 77.0
106.0 81.0 89.0 100.0
152.0 141.0 90.0 56.0
104.0 82.0 65.0 141.0
116.0 79.0 79.0 104.0
140.0 101.0 93.0 62.0
105.0 109.0 125.0 61.0
84.0 79.0 96.0 113.0
122.0 88.0 95.0 78.0
142.0 83.0 83.0 83.0
145.0 125.0 80.0 72.0
146.0 115.0 121.0 41.0
155.0 87.0 81.0 76.0
116.0 109.0 56.0 132.0
173.0 158.0 73.0 65.0
116.0 68.0 89.0 101.0
116.0 79.0 96.0 85.0
139.0 80.0 59.0 136.0
124.0 97.0 58.0 138.0
92.0 76.0 91.0 114.0
162.0 117.0 72.0 75.0
143.0 147.0 50.0 128.0
156.0 156.0 55.0 101.0
94.0 72.0 95.0 108.0
105.0 65.0 77.0 127.0
120.0 101.0 95.0 74.0
135.0 90.0 80.0 84.0
140.0 143.0 59.0 97.0
117.0 106.0 60.0 125.0
94.0 71.0 105.0 102.0
82.0 77.0 90.0 125.0
152.0 123.0 64.0 90.0
91.0 112.0 61.0 140.0
68.0 69.0 133.0 122.0
135.0 114.0 67.0 96.0
106.0 74.0 88.0 103.0
153.0 145.0 101.0 44.0
98.0 84.0 150.0 72.0
88.0 69.0 113.0 103.0
122.0 100.0 72.0 96.0
104.0 67.0 77.0 124.0
123.0 94.0 103.0 65.0
118.0 117.0 159.0 43.0
149.0 139.0 63.0 89.0
85.0 91.0 136.0 77.0
165.0 141.0 73.0 72.0
143.0 123.0 84.0 67.0
157.0 90.0 73.0 82.0
105.0 110.0 136.0 56.0
114.0 91.0 90.0 86.0
79.0 74.0 103.0 116.0
129.0 123.0 60.0 107.0
169.0 149.0 68.0 78.0
145.0 112.0 106.0 50.0
151.0 106.0 74.0 80.0
153.0 130.0 100.0 47.0
81.0 91.0 121.0 86.0
155.0 100.0 72.0 82.0
151.0 117.0 96.0 55.0
117.0 100.0 137.0 55.0
145.0 135.0 50.0 130.0
112.0 104.0 112.0 61.0
146.0 103.0 94.0 59.0
128.0 81.0 70.0 110.0
83.0 81.0 93.0 115.0
134.0 113.0 57.0 119.0
121.0 113.0 89.0 72.0
107.0 85.0 97.0 84.0
135.0 103.0 99.0 60.0
75.0 71.0 93.0 130.0
98.0 101.0 122.0 67.0
117.0 90.0 84.0 89.0
111.0 80.0 91.0 92.0
122.0 116.0 52.0 180.0
131.0 86.0 93.0 77.0
123.0 84.0 76.0 103.0
154.0 105.0 87.0 64.0
82.0 81.0 108.0 102.0
110.0 70.0 69.0 143.0
129.0 82.0 72.0 103.0
88.0 62.0 133.0 103.0
79.0 103.0 124.0 76.0
109.0 84.0 63.0 156.0
143.0 122.0 55.0 115.0
127.0 88.0 69.0 108.0
119.0 85.0 106.0 71.0
136.0 88.0 85.0 81.0
154.0 144.0 63.0 86.0
105.0 91.0 109.0 74.0
119.0 90.0 74.0 103.0
150.0 142.0 78.0 68.0
135.0 140.0 52.0 120.0
145.0 166.0 51.0 110.0
84.0 89.0 113.0 91.0
98.0 68.0 79.0 129.0
147.0 143.0 99.0 49.0
144.0 82.0 70.0 94.0
144.0 83.0 79.0 82.0
79.0 91.0 115.0 90.0
116.0 97.0 92.0 78.0
137.0 105.0 134.0 45.0
110.0 63.0 70.0 164.0
66.0 67.0 135.0 134.0
116.0 74.0 107.0 81.0
186.0 174.0 89.0 51.0
115.0 61.0 69.0 158.0
96.0 103.0 61.0 155.0
127.0 135.0 50.0 141.0
126.0 107.0 120.0 52.0
146.0 138.0 94.0 53.0
115.0 102.0 65.0 114.0
149.0 119.0 75.0 75.0
86.0 70.0 94.0 121.0
153.0 127.0 97.0 52.0
93.0 77.0 101.0 100.0
150.0 96.0 73.0 84.0
103.0 81.0 82.0 104.0
85.0 75.0 112.0 101.0
88.0 75.0 101.0 107.0
150.0 117.0 111.0 47.0
100.0 81.0 112.0 82.0
75.0 75.0 104.0 118.0
157.0 119.0 100.0 52.0
145.0 110.0 68.0 89.0
152.0 107.0 80.0 73.0
168.0 156.0 86.0 52.0
157.0 150.0 63.0 83.0
143.0 114.0 105.0 52.0
140.0 113.0 123.0 45.0
171.0 169.0 77.0 63.0
125.0 118.0 96.0 60.0
160.0 155.0 52.0 109.0
91.0 79.0 95.0 105.0
146.0 139.0 70.0 80.0
114.0 81.0 89.0 92.0
143.0 96.0 62.0 104.0
157.0 167.0 44.0 159.0
84.0 53.0 121.0 140.0
171.0 148.0 84.0 58.0
60.0 75.0 137.0 133.0
130.0 114.0 64.0 98.0
147.0 151.0 45.0 150.0
126.0 117.0 86.0 71.0
146.0 114.0 68.0 86.0
124.0 93.0 77.0 94.0
120.0 90.0 103.0 72.0
161.0 96.0 68.0 88.0
92.0 71.0 100.0 109.0
123.0 108.0 110.0 54.0
102.0 113.0 60.0 127.0
148.0 91.0 77.0 80.0
88.0 54.0 103.0 142.0
84.0 87.0 126.0 82.0
163.0 123.0 64.0 87.0
178.0 161.0 67.0 72.0
92.0 78.0 113.0 94.0
161.0 119.0 79.0 70.0
110.0 140.0 165.0 39.0
128.0 130.0 58.0 108.0
108.0 84.0 64.0 140.0
155.0 130.0 132.0 36.0
151.0 108.0 73.0 79.0
125.0 135.0 54.0 123.0
119.0 86.0 64.0 118.0
130.0 120.0 129.0 41.0
156.0 134.0 92.0 55.0
166.0 167.0 93.0 46.0
86.0 76.0 114.0 98.0
123.0 96.0 95.0 75.0
111.0 86.0 108.0 76.0
107.0 106.0 127.0 59.0
116.0 93.0 93.0 81.0
125.0 96.0 66.0 108.0
131.0 121.0 59.0 109.0
147.0 85.0 68.0 97.0
136.0 130.0 71.0 84.0
71.0 71.0 133.0 112.0
103.0 71.0 76.0 127.0
73.0 78.0 102.0 118.0
114.0 67.0 69.0 129.0
108.0 80.0 142.0 69.0
105.0 84.0 130.0 70.0
78.0 81.0 102.0 112.0
107.0 73.0 90.0 99.0
128.0 96.0 92.0 75.0
119.0 66.0 74.0 114.0
127.0 149.0 163.0 36.0
126.0 139.0 54.0 122.0
92.0 88.0 134.0 74.0
149.0 107.0 80.0 74.0
140.0 123.0 55.0 120.0
167.0 147.0 70.0 75.0
81.0 77.0 115.0 101.0
166.0 154.0 44.0 172.0
105.0 97.0 63.0 133.0
81.0 79.0 136.0 94.0
113.0 101.0 100.0 71.0
168.0 172.0 71.0 68.0
113.0 84.0 98.0 78.0
97.0 76.0 120.0 86.0
97.0 81.0 106.0 91.0
152.0 157.0 56.0 98.0
144.0 131.0 62.0 95.0
122.0 91.0 63.0 122.0
91.0 82.0 97.0 103.0
127.0 138.0 50.0 135.0
148.0 133.0 84.0 63.0
110.0 67.0 91.0 104.0
122.0 81.0 89.0 89.0
176.0 164.0 79.0 58.0
97.0 72.0 92.0 113.0
179.0 154.0 69.0 71.0
156.0 129.0 59.0 96.0
107.0 63.0 86.0 117.0
80.0 75.0 118.0 102.0
86.0 77.0 111.0 99.0
136.0 137.0 98.0 53.0
184.0 133.0 71.0 73.0
169.0 138.0 98.0 47.0
167.0 135.0 106.0 41.0
166.0 124.0 74.0 74.0
156.0 140.0 64.0 84.0
153.0 155.0 71.0 75.0
156.0 149.0 58.0 95.0
99.0 80.0 131.0 75.0
173.0 172.0 45.0 139.0
142.0 89.0 76.0 89.0
108.0 89.0 93.0 88.0
64.0 77.0 120.0 127.0
107.0 81.0 68.0 124.0
91.0 93.0 101.0 89.0
115.0 89.0 75.0 105.0
90.0 87.0 107.0 87.0
87.0 65.0 90.0 128.0
164.0 158.0 67.0 78.0
142.0 111.0 62.0 103.0
103.0 123.0 153.0 48.0
96.0 71.0 85.0 122.0
143.0 116.0 124.0 43.0
128.0 116.0 60.0 109.0
93.0 111.0 60.0 155.0
115.0 117.0 58.0 123.0
155.0 136.0 57.0 97.0
159.0 122.0 94.0 54.0
116.0 84.0 108.0 71.0
156.0 106.0 64.0 94.0
126.0 84.0 74.0 101.0
114.0 114.0 55.0 134.0
93.0 84.0 79.0 113.0
109.0 108.0 55.0 158.0
151.0 113.0 89.0 58.0
108.0 87.0 80.0 103.0
160.0 120.0 111.0 44.0
85.0 82.0 123.0 88.0
122.0 70.0 84.0 100.0
143.0 102.0 96.0 59.0
75.0 91.0 135.0 88.0
154.0 107.0 84.0 69.0
142.0 133.0 60.0 97.0
87.0 80.0 107.0 95.0
164.0 139.0 78.0 64.0
151.0 124.0 115.0 39.0
146.0 146.0 96.0 50.0
105.0 122.0 61.0 119.0
102.0 73.0 77.0 121.0
123.0 78.0 73.0 108.0
149.0 101.0 97.0 58.0
98.0 70.0 100.0 104.0
170.0 160.0 63.0 82.0
138.0 100.0 70.0 91.0
114.0 97.0 102.0 72.0
155.0 136.0 59.0 95.0
135.0 118.0 86.0 68.0
103.0 76.0 103.0 90.0
99.0 74.0 104.0 93.0
105.0 75.0 118.0 80.0
158.0 117.0 94.0 56.0
133.0 85.0 72.0 98.0
107.0 105.0 57.0 148.0
169.0 161.0 50.0 109.0
121.0 69.0 83.0 101.0
103.0 75.0 113.0 84.0
98.0 70.0 87.0 118.0
121.0 81.0 90.0 88.0
87.0 69.0 101.0 116.0
84.0 98.0 117.0 78.0
132.0 87.0 85.0 82.0
126.0 76.0 77.0 105.0
169.0 168.0 53.0 99.0
108.0 117.0 59.0 122.0
153.0 96.0 75.0 80.0
109.0 74.0 86.0 103.0
149.0 109.0 85.0 68.0
151.0 127.0 63.0 90.0
87.0 82.0 87.0 114.0
122.0 100.0 121.0 56.0
113.0 80.0 80.0 104.0
142.0 113.0 65.0 97.0
148.0 112.0 125.0 42.0
115.0 105.0 110.0 61.0
145.0 96.0 76.0 84.0
88.0 99.0 125.0 74.0
110.0 70.0 72.0 127.0
71.0 69.0 110.0 136.0
116.0 84.0 92.0 89.0
111.0 100.0 106.0 67.0
147.0 143.0 47.0 140.0
111.0 72.0 93.0 98.0
76.0 81.0 99.0 115.0
158.0 176.0 83.0 57.0
147.0 117.0 79.0 74.0
129.0 91.0 79.0 89.0
162.0 153.0 57.0 90.0
82.0 84.0 136.0 85.0
144.0 116.0 90.0 62.0
87.0 67.0 113.0 104.0
124.0 116.0 59.0 118.0
102.0 70.0 83.0 117.0
94.0 80.0 108.0 91.0
136.0 100.0 101.0 59.0
71.0 67.0 143.0 121.0
163.0 131.0 98.0 49.0
101.0 105.0 134.0 60.0
166.0 140.0 70.0 77.0
118.0 101.0 120.0 60.0
140.0 98.0 141.0 46.0
119.0 77.0 92.0 91.0
172.0 164.0 52.0 105.0
119.0 80.0 146.0 63.0
141.0 149.0 52.0 110.0
130.0 121.0 88.0 65.0
159.0 137.0 78.0 67.0
90.0 79.0 80.0 123.0
165.0 133.0 91.0 55.0
95.0 81.0 112.0 87.0
112.0 70.0 75.0 122.0
69.0 72.0 139.0 121.0
163.0 113.0 93.0 57.0
110.0 94.0 110.0 68.0
94.0 96.0 129.0 69.0
109.0 108.0 132.0 57.0
153.0 149.0 100.0 46.0
167.0 128.0 76.0 71.0
94.0 96.0 79.0 108.0
136.0 141.0 47.0 158.0
106.0 92.0 139.0 64.0
127.0 95.0 65.0 108.0
155.0 134.0 53.0 113.0
110.0 85.0 105.0 78.0
127.0 123.0 58.0 110.0
91.0 73.0 103.0 105.0
134.0 90.0 96.0 71.0
140.0 137.0 59.0 99.0
154.0 164.0 85.0 57.0
104.0 102.0 57.0 163.0
106.0 85.0 111.0 77.0
145.0 109.0 90.0 63.0
91.0 60.0 143.0 102.0
112.0 138.0 50.0 160.0
104.0 79.0 93.0 98.0
152.0 122.0 106.0 47.0
139.0 99.0 61.0 110.0
115.0 116.0 54.0 133.0
146.0 109.0 66.0 93.0
113.0 82.0 65.0 123.0
96.0 70.0 105.0 101.0
102.0 73.0 113.0 85.0
117.0 82.0 86.0 94.0
84.0 77.0 98.0 114.0
86.0 107.0 125.0 69.0
123.0 73.0 79.0 102.0
99.0 68.0 88.0 115.0
81.0 85.0 94.0 112.0
152.0 140.0 90.0 57.0
117.0 81.0 150.0 63.0
119.0 79.0 85.0 95.0
165.0 146.0 88.0 54.0
175.0 151.0 64.0 82.0
144.0 127.0 118.0 43.0
102.0 101.0 58.0 158.0
94.0 94.0 99.0 89.0
143.0 108.0 60.0 108.0
136.0 91.0 103.0 61.0
78.0 81.0 126.0 95.0
113.0 92.0 95.0 81.0
75.0 87.0 122.0 91.0
108.0 64.0 89.0 112.0
129.0 81.0 81.0 93.0
109.0 102.0 130.0 60.0
88.0 70.0 103.0 109.0
108.0 85.0 90.0 94.0
111.0 74.0 65.0 150.0
105.0 82.0 101.0 87.0
128.0 87.0 90.0 79.0
141.0 91.0 88.0 73.0
72.0 64.0 121.0 148.0
155.0 97.0 79.0 77.0
79.0 88.0 100.0 105.0
154.0 148.0 73.0 74.0
154.0 104.0 104.0 53.0
126.0 85.0 99.0 76.0
87.0 76.0 97.0 111.0
101.0 92.0 84.0 99.0
166.0 156.0 75.0 66.0
121.0 138.0 50.0 142.0
107.0 117.0 56.0 140.0
117.0 97.0 111.0 65.0
108.0 85.0 69.0 119.0
109.0 69.0 70.0 135.0
114.0 71.0 95.0 94.0
156.0 153.0 86.0 58.0
147.0 114.0 138.0 40.0
101.0 117.0 61.0 123.0
167.0 133.0 92.0 50.0
79.0 79.0 106.0 107.0
118.0 130.0 52.0 136.0
118.0 118.0 55.0 127.0
121.0 103.0 90.0 77.0
79.0 89.0 118.0 90.0
185.0 199.0 42.0 162.0
119.0 95.0 125.0 61.0
131.0 72.0 79.0 100.0
94.0 73.0 98.0 107.0
143.0 138.0 60.0 96.0
98.0 91.0 108.0 80.0
152.0 121.0 113.0 44.0
133.0 118.0 109.0 52.0
156.0 150.0 91.0 53.0
111.0 114.0 113.0 56.0
162.0 175.0 78.0 62.0
124.0 109.0 132.0 49.0
135.0 91.0 86.0 80.0
90.0 107.0 63.0 135.0
124.0 90.0 94.0 77.0
113.0 116.0 61.0 114.0
123.0 121.0 56.0 121.0
124.0 89.0 82.0 89.0
157.0 149.0 48.0 124.0
92.0 68.0 115.0 100.0
98.0 106.0 160.0 59.0
118.0 77.0 66.0 121.0
137.0 98.0 92.0 67.0
140.0 124.0 115.0 45.0
153.0 117.0 107.0 48.0
121.0 86.0 94.0 81.0
138.0 128.0 112.0 46.0
155.0 89.0 75.0 81.0
127.0 120.0 90.0 65.0
160.0 151.0 55.0 102.0
96.0 83.0 99.0 92.0
90.0 72.0 95.0 114.0
152.0 102.0 95.0 58.0
123.0 82.0 68.0 113.0
95.0 90.0 120.0 75.0
123.0 78.0 84.0 95.0
171.0 153.0 65.0 81.0
138.0 90.0 86.0 78.0
95.0 87.0 71.0 126.0
99.0 66.0 134.0 89.0
121.0 91.0 66.0 112.0
166.0 146.0 100.0 41.0
126.0 75.0 86.0 90.0
87.0 84.0 125.0 85.0
121.0 91.0 75.0 100.0
90.0 79.0 116.0 87.0
119.0 99.0 133.0 55.0
73.0 75.0 138.0 104.0
95.0 79.0 93.0 101.0
93.0 71.0 93.0 115.0
128.0 125.0 85.0 70.0
100.0 64.0 100.0 107.0
131.0 110.0 125.0 46.0
106.0 66.0 92.0 106.0
132.0 115.0 119.0 48.0
131.0 109.0 63.0 103.0
96.0 97.0 149.0 66.0
127.0 80.0 72.0 107.0
168.0 148.0 85.0 58.0
58.0 77.0 127.0 137.0
147.0 116.0 83.0 69.0
162.0 150.0 80.0 60.0
104.0 90.0 111.0 73.0
161.0 158.0 51.0 107.0
158.0 111.0 110.0 47.0
106.0 90.0 76.0 106.0
125.0 117.0 121.0 47.0
121.0 86.0 72.0 107.0
151.0 103.0 106.0 53.0
104.0 115.0 55.0 146.0
168.0 145.0 73.0 70.0
100.0 66.0 88.0 118.0
89.0 77.0 101.0 102.0
140.0 142.0 53.0 114.0
133.0 138.0 52.0 124.0
106.0 76.0 87.0 105.0
122.0 123.0 67.0 97.0
163.0 146.0 86.0 58.0
109.0 112.0 132.0 55.0
145.0 91.0 77.0 81.0
104.0 90.0 119.0 72.0
154.0 143.0 57.0 96.0
121.0 125.0 54.0 130.0
150.0 130.0 104.0 46.0
128.0 100.0 63.0 110.0
132.0 123.0 52.0 132.0
111.0 78.0 94.0 90.0
69.0 65.0 145.0 133.0
98.0 76.0 111.0 88.0
168.0 173.0 64.0 78.0
125.0 71.0 82.0 97.0
135.0 121.0 49.0 163.0
136.0 116.0 82.0 71.0
121.0 124.0 61.0 108.0
99.0 104.0 170.0 61.0
145.0 90.0 74.0 89.0
160.0 146.0 59.0 90.0
129.0 136.0 53.0 125.0
133.0 70.0 77.0 103.0
123.0 92.0 103.0 69.0
152.0 143.0 60.0 93.0
148.0 167.0 86.0 57.0
162.0 110.0 88.0 62.0
92.0 74.0 118.0 93.0
174.0 154.0 94.0 47.0
132.0 123.0 50.0 143.0
133.0 93.0 78.0 88.0
135.0 80.0 86.0 86.0
155.0 121.0 71.0 80.0
174.0 169.0 60.0 84.0
122.0 83.0 91.0 84.0
164.0 107.0 73.0 75.0
81.0 77.0 96.0 117.0
148.0 123.0 82.0 69.0
93.0 67.0 82.0 127.0
103.0 105.0 140.0 58.0
142.0 114.0 54.0 127.0
161.0 107.0 73.0 76.0
103.0 64.0 80.0 128.0
163.0 139.0 56.0 99.0
137.0 145.0 57.0 103.0
94.0 68.0 94.0 116.0
102.0 108.0 127.0 61.0
105.0 80.0 112.0 80.0
143.0 102.0 91.0 62.0
127.0 99.0 107.0 59.0
113.0 75.0 88.0 97.0
154.0 150.0 63.0 84.0
138.0 114.0 66.0 96.0
102.0 79.0 78.0 115.0
87.0 51.0 120.0 135.0
174.0 133.0 70.0 76.0
136.0 131.0 64.0 93.0
153.0 128.0 95.0 53.0
148.0 110.0 111.0 48.0
145.0 146.0 53.0 104.0
188.0 180.0 65.0 74.0
174.0 141.0 74.0 67.0
119.0 82.0 93.0 84.0
112.0 78.0 87.0 98.0
141.0 81.0 69.0 102.0
131.0 82.0 91.0 82.0
110.0 90.0 142.0 63.0
109.0 100.0 58.0 146.0
101.0 81.0 89.0 102.0
134.0 104.0 82.0 79.0
131.0 70.0 70.0 116.0
151.0 100.0 80.0 75.0
118.0 85.0 104.0 75.0
131.0 78.0 82.0 92.0
99.0 102.0 105.0 76.0
93.0 113.0 60.0 145.0
154.0 149.0 84.0 61.0
101.0 105.0 153.0 59.0
154.0 91.0 84.0 73.0
140.0 111.0 122.0 46.0
152.0 161.0 49.0 113.0
109.0 112.0 134.0 54.0
124.0 96.0 89.0 79.0
138.0 123.0 71.0 85.0
108.0 116.0 145.0 50.0
143.0 94.0 87.0 74.0
127.0 121.0 132.0 43.0
119.0 98.0 64.0 116.0
109.0 98.0 122.0 63.0
121.0 98.0 109.0 63.0
119.0 104.0 58.0 126.0
128.0 86.0 83.0 88.0
102.0 74.0 120.0 80.0
125.0 88.0 71.0 106.0
129.0 101.0 114.0 53.0
89.0 77.0 99.0 107.0
142.0 135.0 77.0 73.0
125.0 70.0 73.0 109.0
135.0 67.0 71.0 110.0
117.0 107.0 129.0 54.0
124.0 104.0 88.0 77.0
154.0 79.0 68.0 95.0
142.0 90.0 81.0 80.0
107.0 72.0 66.0 151.0
110.0 74.0 90.0 97.0
109.0 118.0 55.0 145.0
135.0 126.0 119.0 45.0
85.0 80.0 90.0 117.0
144.0 119.0 78.0 75.0
132.0 89.0 86.0 81.0
116.0 73.0 90.0 96.0
105.0 75.0 83.0 109.0
99.0 87.0 110.0 79.0
155.0 157.0 56.0 95.0
174.0 153.0 82.0 58.0
139.0 103.0 102.0 54.0
155.0 156.0 47.0 129.0
104.0 80.0 110.0 83.0
114.0 73.0 75.0 113.0
143.0 113.0 70.0 86.0
162.0 154.0 90.0 48.0
110.0 88.0 121.0 68.0
159.0 143.0 87.0 59.0
123.0 110.0 59.0 120.0
143.0 106.0 86.0 69.0
111.0 83.0 86.0 97.0
134.0 106.0 58.0 119.0
167.0 154.0 85.0 55.0
107.0 91.0 109.0 73.0
76.0 76.0 121.0 105.0
156.0 140.0 59.0 94.0
143.0 122.0 161.0 37.0
141.0 138.0 99.0 52.0
98.0 74.0 123.0 84.0
142.0 129.0 53.0 116.0
90.0 87.0 112.0 86.0
115.0 105.0 136.0 54.0
87.0 103.0 123.0 73.0
108.0 77.0 96.0 90.0
93.0 88.0 74.0 125.0
130.0 122.0 112.0 51.0
91.0 110.0 61.0 150.0
94.0 89.0 103.0 86.0
138.0 122.0 61.0 101.0
137.0 99.0 74.0 88.0
123.0 119.0 136.0 44.0
165.0 177.0 46.0 125.0
153.0 97.0 80.0 76.0
124.0 109.0 60.0 118.0
113.0 115.0 147.0 49.0
148.0 127.0 63.0 91.0
107.0 141.0 168.0 41.0
134.0 110.0 146.0 42.0
73.0 67.0 128.0 127.0
122.0 117.0 98.0 60.0
155.0 151.0 85.0 60.0
91.0 74.0 93.0 114.0
146.0 118.0 77.0 75.0
105.0 84.0 92.0 94.0
108.0 107.0 155.0 54.0
129.0 130.0 121.0 45.0
112.0 99.0 59.0 140.0
130.0 115.0 53.0 133.0
135.0 91.0 93.0 70.0
88.0 120.0 133.0 60.0
96.0 75.0 106.0 97.0
105.0 82.0 71.0 123.0
176.0 142.0 88.0 52.0
124.0 92.0 81.0 91.0
149.0 97.0 72.0 87.0
86.0 75.0 123.0 95.0
108.0 85.0 110.0 76.0
167.0 174.0 62.0 81.0
89.0 95.0 130.0 71.0
130.0 97.0 64.0 111.0
130.0 134.0 52.0 129.0
105.0 66.0 92.0 110.0
117.0 90.0 61.0 138.0
151.0 106.0 64.0 95.0
103.0 89.0 78.0 106.0
173.0 159.0 65.0 77.0
149.0 112.0 59.0 103.0
75.0 62.0 120.0 143.0
143.0 100.0 89.0 67.0
137.0 92.0 63.0 109.0
154.0 148.0 49.0 115.0
79.0 85.0 78.0 144.0
135.0 90.0 92.0 73.0
144.0 121.0 68.0 85.0
125.0 109.0 156.0 44.0
134.0 99.0 85.0 76.0
168.0 177.0 79.0 57.0
107.0 76.0 132.0 74.0
93.0 90.0 121.0 75.0
136.0 104.0 97.0 62.0
160.0 103.0 66.0 89.0
98.0 69.0 86.0 119.0
101.0 90.0 162.0 66.0
157.0 139.0 87.0 60.0
157.0 137.0 111.0 37.0
88.0 100.0 65.0 134.0
110.0 112.0 144.0 52.0
101.0 76.0 98.0 96.0
146.0 117.0 104.0 51.0
93.0 75.0 82.0 123.0
125.0 89.0 105.0 66.0
90.0 83.0 102.0 97.0
132.0 77.0 75.0 101.0
85.0 78.0 90.0 118.0
156.0 151.0 61.0 86.0
95.0 100.0 123.0 68.0
114.0 95.0 59.0 144.0
127.0 73.0 82.0 96.0
140.0 113.0 107.0 52.0
127.0 97.0 87.0 79.0
79.0 84.0 87.0 124.0
101.0 71.0 98.0 100.0
87.0 99.0 107.0 84.0
103.0 97.0 128.0 65.0
106.0 70.0 82.0 117.0
94.0 110.0 124.0 63.0
119.0 89.0 66.0 116.0
154.0 122.0 109.0 45.0
133.0 136.0 111.0 45.0
179.0 140.0 84.0 58.0
162.0 173.0 55.0 96.0
140.0 108.0 81.0 74.0
135.0 89.0 88.0 78.0
172.0 136.0 71.0 75.0
120.0 72.0 128.0 70.0
127.0 135.0 51.0 132.0
86.0 79.0 142.0 88.0
126.0 93.0 65.0 109.0
144.0 140.0 111.0 42.0
156.0 146.0 87.0 59.0
104.0 111.0 114.0 62.0
76.0 73.0 91.0 130.0
140.0 89.0 68.0 101.0
151.0 104.0 89.0 64.0
129.0 87.0 99.0 73.0
69.0 80.0 108.0 114.0
110.0 70.0 108.0 86.0
107.0 84.0 126.0 71.0
79.0 78.0 98.0 118.0
144.0 117.0 66.0 91.0
112.0 86.0 69.0 117.0
82.0 83.0 113.0 96.0
127.0 136.0 170.0 37.0
103.0 87.0 98.0 87.0
80.0 54.0 129.0 145.0
125.0 117.0 115.0 52.0
119.0 116.0 140.0 47.0
172.0 157.0 68.0 77.0
101.0 96.0 107.0 77.0
145.0 135.0 101.0 50.0
91.0 77.0 104.0 100.0
131.0 65.0 63.0 142.0
99.0 72.0 99.0 103.0
155.0 89.0 80.0 78.0
169.0 152.0 54.0 103.0
97.0 72.0 134.0 85.0
160.0 133.0 104.0 43.0
158.0 119.0 79.0 71.0
139.0 90.0 84.0 80.0
176.0 143.0 86.0 53.0
134.0 139.0 55.0 112.0
167.0 122.0 75.0 73.0
114.0 87.0 106.0 74.0
172.0 143.0 69.0 76.0
84.0 76.0 108.0 103.0
106.0 107.0 134.0 57.0
154.0 176.0 43.0 152.0
159.0 136.0 80.0 66.0
129.0 104.0 62.0 112.0
70.0 66.0 127.0 129.0
104.0 70.0 71.0 128.0
124.0 114.0 58.0 120.0
168.0 151.0 78.0 63.0
95.0 81.0 118.0 83.0
158.0 124.0 103.0 46.0
94.0 76.0 85.0 119.0
99.0 70.0 77.0 129.0
135.0 96.0 123.0 52.0
160.0 102.0 70.0 85.0
142.0 111.0 108.0 50.0
148.0 119.0 59.0 102.0
106.0 115.0 59.0 126.0
168.0 113.0 68.0 81.0
142.0 92.0 84.0 76.0
134.0 84.0 96.0 74.0
96.0 83.0 115.0 82.0
109.0 99.0 104.0 72.0
77.0 75.0 110.0 109.0
140.0 134.0 97.0 54.0
132.0 102.0 101.0 60.0
86.0 90.0 116.0 84.0
137.0 99.0 70.0 93.0
97.0 75.0 73.0 137.0
130.0 93.0 118.0 58.0
106.0 98.0 144.0 61.0
163.0 146.0 59.0 89.0
158.0 143.0 86.0 60.0
126.0 85.0 87.0 84.0
100.0 105.0 60.0 154.0
126.0 123.0 145.0 41.0
151.0 111.0 109.0 48.0
97.0 80.0 105.0 92.0
113.0 74.0 89.0 100.0
103.0 115.0 57.0 141.0
134.0 111.0 120.0 50.0
93.0 90.0 95.0 96.0
95.0 98.0 123.0 72.0
116.0 132.0 52.0 136.0
168.0 152.0 76.0 64.0
112.0 96.0 76.0 98.0
114.0 118.0 146.0 46.0
105.0 103.0 114.0 67.0
115.0 72.0 139.0 70.0
93.0 69.0 105.0 103.0
120.0 103.0 67.0 106.0
142.0 105.0 110.0 52.0
113.0 85.0 67.0 119.0
167.0 120.0 66.0 82.0
113.0 107.0 122.0 58.0
148.0 148.0 67.0 80.0
105.0 113.0 141.0 54.0
135.0 104.0 82.0 76.0
85.0 68.0 96.0 121.0
102.0 80.0 74.0 124.0
128.0 90.0 95.0 76.0
97.0 70.0 104.0 101.0
107.0 108.0 61.0 125.0
150.0 106.0 98.0 57.0
142.0 133.0 82.0 66.0
91.0 100.0 64.0 152.0
132.0 86.0 110.0 64.0
170.0 148.0 97.0 45.0
128.0 72.0 80.0 97.0
157.0 166.0 55.0 99.0
164.0 162.0 56.0 92.0
121.0 113.0 57.0 122.0
169.0 125.0 88.0 59.0
121.0 107.0 134.0 51.0
138.0 92.0 91.0 70.0
159.0 117.0 72.0 76.0
89.0 83.0 114.0 92.0
139.0 92.0 101.0 61.0
129.0 74.0 74.0 106.0
118.0 111.0 56.0 127.0
135.0 99.0 72.0 91.0
133.0 97.0 78.0 86.0
89.0 82.0 90.0 112.0
86.0 72.0 140.0 96.0
146.0 139.0 77.0 72.0
176.0 169.0 54.0 96.0
179.0 137.0 89.0 53.0
146.0 101.0 76.0 80.0
85.0 82.0 146.0 84.0
113.0 65.0 78.0 116.0
77.0 77.0 159.0 100.0
180.0 149.0 81.0 59.0
116.0 116.0 55.0 129.0
66.0 73.0 130.0 127.0
122.0 80.0 83.0 95.0
116.0 105.0 111.0 60.0
85.0 85.0 93.0 107.0
130.0 113.0 162.0 42.0
101.0 94.0 119.0 70.0
132.0 110.0 52.0 146.0
135.0 98.0 84.0 78.0
124.0 125.0 128.0 45.0
141.0 112.0 113.0 47.0
129.0 143.0 50.0 131.0
124.0 97.0 118.0 59.0
130.0 130.0 49.0 148.0
159.0 157.0 66.0 80.0
121.0 89.0 96.0 77.0
114.0 78.0 71.0 120.0
98.0 80.0 93.0 99.0
117.0 96.0 113.0 64.0
134.0 107.0 85.0 73.0
108.0 82.0 159.0 67.0
141.0 110.0 63.0 102.0
121.0 100.0 64.0 112.0
127.0 98.0 104.0 63.0
85.0 84.0 114.0 94.0
157.0 140.0 85.0 61.0
123.0 95.0 122.0 59.0
93.0 77.0 103.0 99.0
156.0 128.0 80.0 68.0
124.0 96.0 59.0 132.0
155.0 141.0 51.0 114.0
104.0 71.0 78.0 118.0
148.0 109.0 111.0 49.0
113.0 124.0 99.0 62.0
93.0 82.0 99.0 94.0
69.0 66.0 131.0 134.0
128.0 111.0 56.0 125.0
79.0 80.0 113.0 102.0
105.0 74.0 111.0 85.0
103.0 118.0 161.0 50.0
107.0 104.0 133.0 59.0
129.0 118.0 120.0 47.0
107.0 91.0 107.0 76.0
150.0 82.0 67.0 101.0
146.0 112.0 86.0 67.0
85.0 55.0 109.0 149.0
113.0 97.0 153.0 56.0
115.0 79.0 85.0 98.0
143.0 91.0 75.0 89.0
126.0 142.0 49.0 133.0
73.0 74.0 122.0 115.0
106.0 88.0 96.0 87.0
