71.0 82.0 159.0 139.0
133.0 133.0 72.0 63.0
202.0 164.0 56.0 62.0
118.0 87.0 82.0 91.0
143.0 117.0 64.0 74.0
88.0 88.0 112.0 115.0
132.0 125.0 64.0 79.0
95.0 89.0 100.0 110.0
164.0 147.0 62.0 62.0
106.0 104.0 81.0 91.0
126.0 88.0 93.0 72.0
136.0 131.0 67.0 67.0
83.0 92.0 122.0 107.0
112.0 86.0 89.0 98.0
102.0 100.0 83.0 100.0
67.0 82.0 171.0 140.0
66.0 84.0 156.0 149.0
79.0 93.0 129.0 106.0
119.0 81.0 86.0 100.0
83.0 79.0 121.0 141.0
126.0 127.0 78.0 66.0
68.0 88.0 144.0 140.0
122.0 105.0 76.0 77.0
73.0 96.0 130.0 113.0
79.0 84.0 126.0 130.0
198.0 157.0 57.0 63.0
116.0 86.0 100.0 83.0
110.0 102.0 87.0 83.0
146.0 92.0 73.0 79.0
111.0 113.0 76.0 82.0
143.0 115.0 73.0 69.0
172.0 126.0 63.0 63.0
101.0 90.0 93.0 103.0
81.0 87.0 131.0 114.0
137.0 101.0 78.0 74.0
147.0 100.0 83.0 64.0
110.0 110.0 82.0 77.0
81.0 79.0 131.0 140.0
137.0 79.0 81.0 83.0
108.0 93.0 90.0 95.0
91.0 90.0 107.0 109.0
75.0 83.0 137.0 139.0
142.0 147.0 74.0 55.0
105.0 91.0 84.0 106.0
61.0 87.0 164.0 155.0
136.0 142.0 67.0 64.0
71.0 75.0 175.0 159.0
77.0 80.0 138.0 139.0
121.0 80.0 86.0 99.0
129.0 136.0 71.0 65.0
128.0 115.0 70.0 79.0
111.0 92.0 77.0 99.0
108.0 87.0 96.0 97.0
62.0 81.0 181.0 162.0
83.0 83.0 119.0 131.0
93.0 78.0 121.0 121.0
84.0 89.0 119.0 114.0
89.0 89.0 119.0 104.0
131.0 122.0 70.0 74.0
72.0 83.0 139.0 151.0
158.0 168.0 63.0 58.0
140.0 117.0 78.0 65.0
126.0 76.0 91.0 92.0
103.0 91.0 91.0 104.0
107.0 90.0 84.0 105.0
131.0 113.0 65.0 83.0
94.0 89.0 105.0 108.0
109.0 79.0 102.0 104.0
164.0 94.0 69.0 73.0
124.0 118.0 69.0 81.0
143.0 82.0 81.0 76.0
143.0 134.0 64.0 69.0
150.0 155.0 63.0 62.0
64.0 87.0 155.0 149.0
63.0 84.0 165.0 155.0
98.0 91.0 95.0 110.0
137.0 101.0 71.0 81.0
134.0 116.0 76.0 69.0
69.0 85.0 137.0 156.0
150.0 108.0 69.0 73.0
76.0 76.0 165.0 137.0
113.0 91.0 77.0 98.0
