109.0 146.0 76.0 71.0
100.0 130.0 77.0 76.0
75.0 98.0 102.0 101.0
76.0 96.0 104.0 102.0
115.0 130.0 74.0 75.0
115.0 136.0 73.0 75.0
89.0 112.0 90.0 80.0
98.0 126.0 85.0 70.0
131.0 142.0 70.0 72.0
81.0 106.0 92.0 91.0
68.0 91.0 112.0 123.0
71.0 95.0 109.0 111.0
152.0 168.0 65.0 68.0
111.0 127.0 77.0 73.0
66.0 100.0 112.0 108.0
99.0 121.0 81.0 76.0
64.0 84.0 155.0 121.0
71.0 79.0 142.0 128.0
125.0 149.0 69.0 71.0
73.0 81.0 120.0 126.0
72.0 78.0 140.0 130.0
72.0 98.0 97.0 111.0
78.0 104.0 94.0 91.0
140.0 154.0 69.0 66.0
87.0 119.0 83.0 83.0
164.0 181.0 78.0 54.0
67.0 91.0 127.0 110.0
64.0 91.0 122.0 120.0
85.0 118.0 89.0 80.0
61.0 106.0 107.0 110.0
115.0 130.0 73.0 76.0
133.0 156.0 67.0 70.0
144.0 157.0 65.0 69.0
109.0 127.0 83.0 69.0
94.0 117.0 82.0 80.0
83.0 108.0 93.0 87.0
97.0 119.0 80.0 80.0
67.0 93.0 119.0 114.0
75.0 102.0 94.0 99.0
82.0 114.0 91.0 83.0
75.0 100.0 97.0 103.0
63.0 85.0 157.0 119.0
68.0 85.0 133.0 118.0
92.0 123.0 82.0 79.0
128.0 132.0 76.0 70.0
74.0 77.0 126.0 128.0
67.0 95.0 119.0 108.0
70.0 98.0 105.0 110.0
80.0 101.0 97.0 95.0
129.0 153.0 71.0 67.0
84.0 109.0 87.0 89.0
82.0 117.0 86.0 87.0
92.0 116.0 88.0 77.0
63.0 100.0 107.0 118.0
120.0 141.0 72.0 73.0
114.0 148.0 71.0 72.0
