104.0 111.0 59.0 110.0
80.0 67.0 129.0 135.0
88.0 119.0 66.0 108.0
80.0 64.0 135.0 136.0
105.0 109.0 66.0 104.0
76.0 67.0 137.0 136.0
70.0 78.0 126.0 132.0
88.0 87.0 93.0 110.0
96.0 98.0 78.0 107.0
86.0 72.0 101.0 129.0
124.0 139.0 49.0 90.0
119.0 117.0 48.0 106.0
86.0 64.0 123.0 127.0
100.0 89.0 68.0 121.0
94.0 84.0 76.0 124.0
99.0 123.0 63.0 102.0
100.0 100.0 71.0 110.0
103.0 91.0 77.0 108.0
88.0 71.0 107.0 120.0
77.0 62.0 163.0 144.0
76.0 66.0 147.0 138.0
101.0 89.0 64.0 122.0
76.0 70.0 131.0 135.0
94.0 88.0 75.0 120.0
129.0 155.0 54.0 79.0
96.0 83.0 82.0 115.0
97.0 119.0 61.0 107.0
82.0 87.0 88.0 124.0
91.0 107.0 70.0 112.0
102.0 101.0 59.0 118.0
82.0 67.0 125.0 127.0
98.0 66.0 113.0 108.0
77.0 61.0 185.0 150.0
136.0 146.0 48.0 86.0
87.0 83.0 87.0 122.0
113.0 130.0 56.0 94.0
77.0 63.0 153.0 142.0
97.0 100.0 69.0 114.0
100.0 87.0 74.0 116.0
89.0 109.0 66.0 116.0
108.0 121.0 66.0 93.0
119.0 130.0 60.0 87.0
92.0 108.0 70.0 111.0
104.0 117.0 81.0 85.0
87.0 81.0 97.0 116.0
94.0 119.0 70.0 101.0
109.0 116.0 60.0 100.0
86.0 70.0 111.0 123.0
83.0 70.0 125.0 122.0
103.0 111.0 62.0 108.0
125.0 149.0 57.0 80.0
95.0 106.0 61.0 118.0
106.0 116.0 56.0 109.0
90.0 124.0 63.0 107.0
87.0 65.0 113.0 135.0
75.0 94.0 89.0 123.0
125.0 136.0 52.0 89.0
95.0 114.0 64.0 108.0
102.0 121.0 62.0 100.0
98.0 87.0 63.0 130.0
79.0 58.0 193.0 150.0
95.0 83.0 86.0 114.0
119.0 136.0 48.0 96.0
89.0 82.0 93.0 113.0
83.0 79.0 105.0 119.0
81.0 76.0 102.0 131.0
118.0 139.0 45.0 97.0
97.0 123.0 64.0 103.0
95.0 81.0 92.0 109.0
98.0 102.0 59.0 122.0
131.0 139.0 54.0 84.0
76.0 78.0 114.0 123.0
118.0 133.0 57.0 88.0
97.0 125.0 68.0 97.0
77.0 89.0 100.0 116.0
108.0 127.0 54.0 102.0
112.0 133.0 53.0 95.0
96.0 124.0 67.0 100.0
77.0 92.0 93.0 119.0
123.0 155.0 50.0 86.0
111.0 102.0 65.0 106.0
86.0 75.0 99.0 127.0
118.0 113.0 55.0 102.0
88.0 73.0 103.0 123.0
99.0 121.0 74.0 93.0
122.0 118.0 60.0 92.0
