-307.0 -293.0 -109.0 -298.0 -280.0
-243.0 -385.0 -8.0 -274.0 -280.0
-255.0 -292.0 -274.0 -129.0 -88.0
-255.0 -312.0 -84.0 -431.0 -122.0
-260.0 -252.0 -303.0 -186.0 -77.0
-192.0 -325.0 -286.0 -221.0 -59.0
-238.0 -437.0 -70.0 -190.0 -304.0
-165.0 -331.0 -146.0 -389.0 -62.0
-245.0 -122.0 -303.0 -51.0 -283.0
-251.0 -372.0 -272.0 -20.0 -101.0
-208.0 -419.0 -130.0 -333.0 -149.0
-337.0 -385.0 -197.0 -77.0 -262.0
-233.0 -281.0 -205.0 150.0 -316.0
-200.0 -359.0 -168.0 -308.0 -126.0
-266.0 -417.0 -279.0 82.0 -229.0
-147.0 -264.0 -362.0 -152.0 -62.0
-226.0 -101.0 -251.0 -244.0 -279.0
-152.0 -305.0 -210.0 -156.0 -276.0
-236.0 -206.0 -64.0 -440.0 -285.0
-234.0 -347.0 60.0 -197.0 -360.0
-243.0 -357.0 -152.0 -281.0 -303.0
-262.0 -218.0 -221.0 -112.0 -306.0
-175.0 -374.0 -319.0 -134.0 -84.0
-139.0 -205.0 -306.0 -297.0 -54.0
-160.0 -338.0 -202.0 -28.0 -313.0
-273.0 -319.0 -129.0 -340.0 -138.0
-124.0 -280.0 -304.0 28.0 -289.0
-218.0 -336.0 21.0 -309.0 -339.0
-131.0 -276.0 -331.0 58.0 -208.0
-184.0 -392.0 -303.0 -141.0 -51.0
-203.0 -245.0 -186.0 -245.0 -298.0
-282.0 -307.0 -161.0 -105.0 -309.0
-320.0 -472.0 25.0 8.0 -313.0
-42.0 -288.0 -289.0 19.0 -285.0
-253.0 -348.0 -242.0 -14.0 -225.0
-193.0 -223.0 -203.0 -369.0 -86.0
-314.0 -389.0 -162.0 -41.0 -293.0
-220.0 -176.0 -272.0 -312.0 -161.0
-163.0 -418.0 -273.0 -120.0 -147.0
-319.0 -347.0 -168.0 -264.0 -260.0
-300.0 -286.0 -196.0 -229.0 -336.0
-180.0 -157.0 -156.0 -387.0 -7.0
-246.0 -321.0 -45.0 -148.0 -339.0
-151.0 -251.0 -228.0 -191.0 -291.0
-248.0 -400.0 43.0 -200.0 -308.0
-214.0 -321.0 -13.0 -361.0 -330.0
-260.0 -475.0 77.0 -159.0 -251.0
-231.0 -485.0 14.0 -214.0 -292.0
-347.0 -215.0 -232.0 -129.0 -190.0
-202.0 -393.0 -183.0 228.0 -296.0
-219.0 -334.0 -218.0 -84.0 -272.0
-239.0 -341.0 -80.0 -288.0 -299.0
-328.0 -392.0 -170.0 -185.0 -154.0
-155.0 -375.0 -322.0 -102.0 -112.0
-392.0 -338.0 -153.0 -2.0 -257.0
-273.0 -195.0 -299.0 -131.0 -158.0
-302.0 -308.0 -263.0 -185.0 -31.0
-292.0 -268.0 -273.0 -244.0 -254.0
-195.0 -380.0 -282.0 -17.0 -133.0
-252.0 -77.0 -194.0 -230.0 -321.0
-224.0 -89.0 -339.0 -92.0 -188.0
-197.0 -356.0 -252.0 -11.0 -257.0
-350.0 -350.0 -190.0 48.0 -268.0
-264.0 -439.0 -142.0 -266.0 -264.0
-268.0 -210.0 -214.0 -224.0 -267.0
-221.0 -320.0 -111.0 -211.0 -353.0
-185.0 -287.0 -87.0 -412.0 22.0
-84.0 -275.0 -344.0 -57.0 -268.0
-287.0 -497.0 -23.0 -29.0 -240.0
-60.0 -111.0 -273.0 -331.0 -42.0
-326.0 -399.0 -129.0 -289.0 -117.0
-198.0 -209.0 -266.0 -100.0 -321.0
-79.0 -114.0 -69.0 -396.0 -197.0
-278.0 -254.0 -220.0 51.0 -300.0
-247.0 -353.0 40.0 -348.0 -278.0
-159.0 -439.0 -316.0 25.0 -82.0
-268.0 -407.0 -192.0 -175.0 -238.0
-197.0 -511.0 -6.0 -256.0 -150.0
-230.0 -69.0 -203.0 -318.0 -277.0
-132.0 -457.0 30.0 -343.0 -169.0
-253.0 -184.0 -225.0 -190.0 -263.0
-174.0 -107.0 -293.0 -190.0 -272.0
-166.0 -363.0 -301.0 22.0 -194.0
-145.0 -330.0 -337.0 -19.0 -99.0
-134.0 -418.0 -175.0 -362.0 -78.0
-112.0 -419.0 -280.0 227.0 -181.0
-243.0 -423.0 -50.0 -58.0 -339.0
-188.0 -422.0 -180.0 -24.0 -303.0
-156.0 -268.0 -299.0 -143.0 -247.0
-302.0 -292.0 -252.0 84.0 -267.0
-2.0 -156.0 -103.0 -411.0 -1.0
-273.0 -129.0 -224.0 -332.0 -187.0
-383.0 -418.0 -55.0 4.0 -309.0
-128.0 -489.0 -18.0 -269.0 -171.0
-313.0 -250.0 -122.0 -384.0 -164.0
-358.0 -310.0 -217.0 -126.0 -256.0
-73.0 -180.0 -359.0 -60.0 -202.0
-231.0 -235.0 -322.0 -147.0 -138.0
-321.0 -449.0 -119.0 -39.0 -271.0
-187.0 -242.0 -216.0 -176.0 -300.0
-383.0 -332.0 -202.0 3.0 -217.0
-178.0 -408.0 -246.0 39.0 -187.0
-378.0 -309.0 -214.0 -158.0 -228.0
-132.0 -234.0 -261.0 -129.0 -314.0
-290.0 -386.0 -34.0 -200.0 -278.0
-186.0 -319.0 -247.0 -109.0 -309.0
-112.0 -215.0 -359.0 93.0 -284.0
-182.0 -216.0 -307.0 -31.0 -230.0
-210.0 -353.0 -61.0 -287.0 -332.0
-274.0 -512.0 -160.0 13.0 -223.0
-291.0 -139.0 -160.0 -352.0 -273.0
-151.0 -122.0 -176.0 -321.0 -195.0
-199.0 -441.0 -210.0 80.0 -282.0
-403.0 -417.0 -52.0 -28.0 -281.0
-368.0 -477.0 -92.0 -127.0 -179.0
-136.0 -269.0 -302.0 -111.0 -275.0
-272.0 -321.0 -159.0 121.0 -350.0
-304.0 -254.0 -148.0 -303.0 -334.0
-352.0 -403.0 -250.0 -179.0 -169.0
-227.0 -470.0 -20.0 -266.0 -283.0
-128.0 -168.0 -208.0 -399.0 -15.0
-203.0 -249.0 -271.0 10.0 -325.0
-178.0 -181.0 -333.0 -183.0 -37.0
-299.0 -292.0 -257.0 -215.0 -111.0
-282.0 -224.0 -324.0 -262.0 -26.0
-197.0 -303.0 -15.0 -350.0 -244.0
-267.0 -317.0 -237.0 -183.0 -132.0
-316.0 -222.0 -281.0 -96.0 -127.0
-144.0 -280.0 -337.0 -105.0 -46.0
-343.0 -369.0 -254.0 -257.0 -126.0
-223.0 -82.0 -225.0 -284.0 -300.0
-345.0 -239.0 -262.0 -135.0 -66.0
-116.0 -335.0 -368.0 -73.0 -78.0
-344.0 -262.0 -231.0 -298.0 -261.0
-216.0 -216.0 -256.0 -170.0 -260.0
-158.0 -370.0 -250.0 82.0 -258.0
-251.0 -150.0 -98.0 -304.0 -301.0
-336.0 -437.0 -83.0 -149.0 -231.0
-206.0 -326.0 -249.0 282.0 -285.0
-310.0 -245.0 -180.0 -343.0 -110.0
-227.0 -287.0 -293.0 -222.0 -7.0
-104.0 -274.0 -341.0 -89.0 -240.0
-223.0 -473.0 -106.0 -154.0 -313.0
-241.0 -330.0 -141.0 -300.0 -185.0
-258.0 -447.0 -100.0 -279.0 -136.0
-235.0 -299.0 -70.0 -214.0 -361.0
-258.0 -206.0 -174.0 -333.0 -190.0
-290.0 -482.0 -76.0 1.0 -250.0
-239.0 -145.0 -202.0 -298.0 -266.0
-242.0 -218.0 -328.0 -246.0 -220.0
-259.0 -199.0 -196.0 -68.0 -377.0
-279.0 -335.0 -180.0 -91.0 -257.0
-235.0 -373.0 -128.0 -214.0 -301.0
-272.0 -170.0 -230.0 -366.0 -168.0
-330.0 -220.0 -247.0 -352.0 -173.0
-115.0 -281.0 -386.0 -108.0 -93.0
-291.0 -181.0 -297.0 -265.0 -61.0
-293.0 -251.0 -125.0 -352.0 -192.0
-160.0 -401.0 -256.0 109.0 -248.0
-166.0 -385.0 -313.0 -71.0 -112.0
-239.0 -267.0 -22.0 -288.0 -359.0
-171.0 -242.0 -25.0 -28.0 -395.0
-171.0 -88.0 -267.0 -230.0 -293.0
-329.0 -317.0 -226.0 7.0 -173.0
-201.0 -158.0 -222.0 -310.0 -213.0
-108.0 -135.0 -337.0 -103.0 -178.0
-240.0 -201.0 -210.0 -177.0 -286.0
-98.0 -483.0 10.0 -385.0 -27.0
-399.0 -392.0 -158.0 42.0 -344.0
-250.0 -289.0 3.0 -222.0 -337.0
-289.0 -440.0 -156.0 -134.0 -333.0
-180.0 -272.0 -294.0 25.0 -257.0
-124.0 -200.0 -256.0 -325.0 -17.0
-221.0 -374.0 -312.0 106.0 -124.0
-368.0 -391.0 -239.0 -128.0 -87.0
-355.0 -408.0 -224.0 -115.0 -110.0
-324.0 -402.0 -182.0 -64.0 -285.0
-332.0 -274.0 -269.0 -260.0 -60.0
-239.0 -236.0 -174.0 -230.0 -307.0
-206.0 -318.0 -244.0 -141.0 -281.0
-295.0 -189.0 -317.0 -137.0 -32.0
-248.0 -343.0 -132.0 -149.0 -338.0
-144.0 -528.0 -200.0 -4.0 -231.0
-130.0 -222.0 -349.0 23.0 -223.0
-285.0 -373.0 -188.0 -306.0 -118.0
-254.0 -479.0 -148.0 -205.0 -138.0
-298.0 -234.0 -118.0 -96.0 -349.0
-277.0 -290.0 -267.0 4.0 -215.0
-305.0 -422.0 -160.0 -239.0 -76.0
-242.0 -150.0 -144.0 -339.0 -320.0
-294.0 -212.0 -286.0 -300.0 -227.0
-170.0 -230.0 -163.0 -255.0 -341.0
-336.0 -221.0 -278.0 -128.0 -99.0
-126.0 -273.0 -347.0 -35.0 -107.0
-180.0 -472.0 -280.0 66.0 -177.0
-110.0 -351.0 -311.0 107.0 -214.0
-117.0 -276.0 -204.0 130.0 -332.0
-189.0 -396.0 -225.0 163.0 -269.0
-318.0 -430.0 -93.0 -79.0 -292.0
-379.0 -450.0 -103.0 78.0 -311.0
-136.0 -202.0 -213.0 -203.0 -312.0
-267.0 -353.0 -210.0 -210.0 -253.0
-165.0 -331.0 -331.0 -106.0 -127.0
-197.0 -530.0 53.0 -187.0 -284.0
-44.0 -199.0 -127.0 -367.0 -148.0
-257.0 -243.0 -164.0 -300.0 -246.0
-315.0 -427.0 -145.0 -57.0 -386.0
-143.0 -173.0 -258.0 -371.0 -52.0
-189.0 -325.0 -284.0 -149.0 -300.0
-277.0 -360.0 -113.0 -188.0 -277.0
-252.0 -416.0 -29.0 -193.0 -312.0
-151.0 -133.0 -68.0 -357.0 -302.0
-286.0 -169.0 -158.0 -303.0 -200.0
-178.0 -405.0 14.0 -265.0 -313.0
-372.0 -359.0 -191.0 -202.0 -85.0
-95.0 -263.0 -323.0 67.0 -350.0
-209.0 -489.0 -261.0 27.0 -116.0
-200.0 -471.0 -277.0 34.0 -149.0
-184.0 -212.0 -106.0 -386.0 -278.0
-229.0 -101.0 -253.0 -316.0 -38.0
-256.0 -479.0 -115.0 -92.0 -276.0
-305.0 -358.0 -279.0 -117.0 -76.0
-178.0 -429.0 -33.0 -85.0 -383.0
-208.0 -459.0 102.0 -299.0 -137.0
-146.0 -520.0 -207.0 34.0 -264.0
-250.0 -203.0 -224.0 -154.0 -328.0
-315.0 -191.0 -186.0 -71.0 -345.0
