-309.0 -360.0 -589.0 -482.0 -704.0
-353.0 -261.0 -571.0 -535.0 -642.0
-558.0 -401.0 -273.0 -553.0 -873.0
-529.0 -564.0 -275.0 -399.0 -682.0
-373.0 -536.0 -109.0 -477.0 -944.0
-584.0 -591.0 -57.0 -224.0 -837.0
-515.0 -601.0 -186.0 -386.0 -887.0
-580.0 -418.0 -317.0 -492.0 -771.0
-260.0 -293.0 -576.0 -461.0 -740.0
-608.0 -445.0 -29.0 -553.0 -910.0
-357.0 -354.0 -425.0 -512.0 -816.0
-519.0 -657.0 -24.0 -275.0 -794.0
-687.0 -345.0 -224.0 -484.0 -898.0
-401.0 -304.0 -534.0 -500.0 -745.0
-551.0 -277.0 -259.0 -558.0 -883.0
-453.0 -438.0 -167.0 -607.0 -927.0
-540.0 -210.0 -470.0 -445.0 -823.0
-547.0 -290.0 -381.0 -563.0 -760.0
-435.0 -434.0 -468.0 -504.0 -599.0
-616.0 -357.0 -251.0 -484.0 -889.0
-534.0 -231.0 -518.0 -468.0 -745.0
-612.0 -433.0 -86.0 -526.0 -909.0
-453.0 -374.0 -275.0 -592.0 -908.0
-347.0 -260.0 -483.0 -507.0 -755.0
-569.0 -555.0 -159.0 -499.0 -866.0
-571.0 -499.0 -335.0 -311.0 -888.0
-507.0 -463.0 -247.0 -543.0 -810.0
-514.0 -451.0 -269.0 -544.0 -823.0
-384.0 -354.0 -458.0 -600.0 -700.0
-523.0 -645.0 -81.0 -248.0 -793.0
-236.0 -375.0 -574.0 -535.0 -634.0
-564.0 -624.0 -57.0 -244.0 -681.0
-555.0 -503.0 -317.0 -178.0 -910.0
-437.0 -344.0 -372.0 -560.0 -814.0
-424.0 -571.0 -310.0 -511.0 -694.0
-584.0 -553.0 -201.0 -346.0 -603.0
-373.0 -279.0 -531.0 -540.0 -735.0
-410.0 -445.0 -383.0 -601.0 -701.0
-486.0 -361.0 -308.0 -569.0 -861.0
-344.0 -455.0 -526.0 -471.0 -552.0
-427.0 -395.0 -459.0 -501.0 -746.0
-559.0 -316.0 -378.0 -518.0 -822.0
-414.0 -332.0 -529.0 -530.0 -650.0
-554.0 -413.0 -216.0 -580.0 -874.0
-502.0 -477.0 -342.0 -513.0 -481.0
-379.0 -578.0 -413.0 -447.0 -824.0
-540.0 -425.0 -266.0 -274.0 -937.0
-492.0 -559.0 -322.0 -447.0 -855.0
-606.0 -235.0 -389.0 -510.0 -848.0
-610.0 -552.0 -59.0 -369.0 -859.0
-288.0 -246.0 -500.0 -475.0 -781.0
-627.0 -432.0 -178.0 -544.0 -854.0
-399.0 -370.0 -456.0 -541.0 -736.0
-435.0 -401.0 -185.0 -495.0 -931.0
-366.0 -309.0 -465.0 -455.0 -887.0
-559.0 -418.0 -302.0 -513.0 -710.0
-312.0 -241.0 -639.0 -332.0 -759.0
-446.0 -408.0 -416.0 -427.0 -841.0
-336.0 -570.0 -311.0 -619.0 -744.0
-424.0 -545.0 -446.0 -416.0 -711.0
-507.0 -328.0 -434.0 -527.0 -709.0
-574.0 -556.0 -282.0 -277.0 -808.0
-484.0 -219.0 -544.0 -539.0 -608.0
-554.0 -253.0 -433.0 -535.0 -756.0
-578.0 -430.0 -286.0 -510.0 -672.0
-369.0 -291.0 -474.0 -567.0 -736.0
-477.0 -303.0 -361.0 -454.0 -912.0
-426.0 -246.0 -586.0 -482.0 -712.0
-560.0 -311.0 -353.0 -488.0 -841.0
-618.0 -314.0 -319.0 -493.0 -917.0
-614.0 -326.0 -262.0 -520.0 -918.0
-492.0 -612.0 -32.0 -577.0 -906.0
-539.0 -527.0 -118.0 -664.0 -812.0
-633.0 -551.0 -138.0 -194.0 -645.0
-437.0 -367.0 -436.0 -535.0 -748.0
-430.0 -534.0 -266.0 -637.0 -780.0
-430.0 -404.0 -384.0 -563.0 -752.0
-411.0 -290.0 -445.0 -523.0 -810.0
-496.0 -600.0 -89.0 -550.0 -905.0
-629.0 -203.0 -393.0 -527.0 -780.0
-474.0 -318.0 -472.0 -528.0 -701.0
-407.0 -302.0 -388.0 -550.0 -811.0
-647.0 -461.0 -191.0 -501.0 -653.0
-395.0 -279.0 -564.0 -431.0 -752.0
-467.0 -673.0 -12.0 -443.0 -848.0
