-521.0 -425.0 -319.0 -504.0 -597.0
-378.0 -371.0 -536.0 -326.0 -448.0
-416.0 -524.0 -540.0 -147.0 -379.0
-292.0 -609.0 -503.0 -266.0 -364.0
-342.0 -633.0 -400.0 -428.0 -494.0
-342.0 -408.0 -540.0 -290.0 -359.0
-441.0 -689.0 -428.0 -83.0 -287.0
-353.0 -460.0 -444.0 -413.0 -468.0
-542.0 -483.0 -252.0 -423.0 -460.0
-327.0 -658.0 -512.0 -250.0 -425.0
-492.0 -562.0 -438.0 -324.0 -381.0
-436.0 -489.0 -496.0 -316.0 -430.0
-412.0 -570.0 -432.0 -410.0 -580.0
-491.0 -551.0 -478.0 -323.0 -409.0
-412.0 -437.0 -386.0 -490.0 -414.0
-434.0 -677.0 -372.0 -286.0 -504.0
-527.0 -389.0 -449.0 -342.0 -486.0
-300.0 -234.0 -426.0 -459.0 -548.0
-530.0 -377.0 -487.0 -338.0 -475.0
-540.0 -438.0 -546.0 -29.0 -253.0
-205.0 -514.0 -561.0 -265.0 -195.0
-449.0 -499.0 -533.0 -136.0 -337.0
-344.0 -262.0 -447.0 -458.0 -376.0
-449.0 -437.0 -438.0 -370.0 -446.0
-304.0 -376.0 -473.0 -405.0 -488.0
-243.0 -386.0 -448.0 -425.0 -433.0
-514.0 -623.0 -429.0 -136.0 -267.0
-433.0 -404.0 -346.0 -607.0 -634.0
-225.0 -458.0 -476.0 -424.0 -443.0
-396.0 -619.0 -246.0 -378.0 -468.0
-316.0 -369.0 -506.0 -361.0 -513.0
-356.0 -384.0 -439.0 -457.0 -336.0
-261.0 -616.0 -571.0 -186.0 -209.0
-368.0 -439.0 -535.0 -324.0 -369.0
-279.0 -284.0 -404.0 -520.0 -536.0
-263.0 -473.0 -503.0 -255.0 -544.0
-456.0 -525.0 -340.0 -491.0 -537.0
-458.0 -283.0 -470.0 -364.0 -539.0
-355.0 -471.0 -442.0 -414.0 -447.0
-533.0 -551.0 -466.0 -124.0 -302.0
-440.0 -640.0 -554.0 -7.0 -222.0
-155.0 -570.0 -591.0 -212.0 -279.0
-391.0 -727.0 -402.0 -177.0 -403.0
-452.0 -695.0 -401.0 -323.0 -430.0
-538.0 -502.0 -518.0 -38.0 -339.0
-211.0 -493.0 -476.0 -413.0 -460.0
-372.0 -586.0 -464.0 -169.0 -459.0
-284.0 -605.0 -564.0 -116.0 -310.0
-315.0 -585.0 -569.0 -91.0 -231.0
-353.0 -392.0 -514.0 -336.0 -401.0
-555.0 -416.0 -208.0 -514.0 -362.0
-280.0 -199.0 -430.0 -485.0 -579.0
-411.0 -196.0 -438.0 -426.0 -591.0
-462.0 -583.0 -366.0 -355.0 -434.0
-569.0 -416.0 -392.0 -360.0 -407.0
-408.0 -638.0 -541.0 10.0 -262.0
-372.0 -287.0 -505.0 -411.0 -455.0
-427.0 -673.0 -376.0 -180.0 -514.0
-472.0 -654.0 -460.0 -172.0 -391.0
-469.0 -680.0 -342.0 -250.0 -377.0
-372.0 -531.0 -567.0 -15.0 -329.0
-453.0 -328.0 -436.0 -385.0 -572.0
-488.0 -506.0 -337.0 -443.0 -373.0
-406.0 -571.0 -484.0 -307.0 -398.0
-370.0 -475.0 -398.0 -505.0 -579.0
-387.0 -720.0 -430.0 -178.0 -265.0
-626.0 -373.0 -261.0 -455.0 -507.0
-302.0 -216.0 -442.0 -421.0 -503.0
-446.0 -436.0 -556.0 -289.0 -463.0
-339.0 -620.0 -512.0 -152.0 -486.0
-342.0 -689.0 -360.0 -346.0 -451.0
-507.0 -590.0 -470.0 -131.0 -285.0
-333.0 -492.0 -511.0 -311.0 -372.0
-391.0 -482.0 -504.0 -389.0 -513.0
-296.0 -345.0 -518.0 -350.0 -433.0
-512.0 -571.0 -346.0 -333.0 -355.0
-470.0 -558.0 -436.0 -94.0 -415.0
-418.0 -479.0 -434.0 -451.0 -612.0
-292.0 -446.0 -514.0 -384.0 -475.0
-611.0 -455.0 -302.0 -404.0 -426.0
-311.0 -133.0 -387.0 -386.0 -614.0
-304.0 -359.0 -380.0 -449.0 -631.0
-587.0 -579.0 -406.0 -119.0 -278.0
-466.0 -511.0 -514.0 -210.0 -334.0
-444.0 -486.0 -454.0 -245.0 -436.0
-505.0 -250.0 -347.0 -546.0 -492.0
-344.0 -414.0 -496.0 -211.0 -534.0
-372.0 -471.0 -516.0 -282.0 -527.0
-426.0 -652.0 -464.0 -257.0 -385.0
-321.0 -362.0 -417.0 -515.0 -456.0
-350.0 -525.0 -473.0 -361.0 -320.0
-324.0 -402.0 -538.0 -421.0 -426.0
-506.0 -550.0 -528.0 -74.0 -218.0
-493.0 -674.0 -328.0 -182.0 -337.0
-476.0 -573.0 -278.0 -356.0 -464.0
-307.0 -333.0 -498.0 -371.0 -645.0
-338.0 -574.0 -562.0 -21.0 -332.0
-370.0 -658.0 -250.0 -385.0 -451.0
-462.0 -578.0 -358.0 -332.0 -564.0
-340.0 -379.0 -487.0 -426.0 -419.0
-280.0 -452.0 -438.0 -417.0 -465.0
-521.0 -669.0 -432.0 -52.0 -282.0
-481.0 -573.0 -286.0 -322.0 -442.0
-335.0 -550.0 -525.0 -260.0 -282.0
-432.0 -598.0 -498.0 -301.0 -304.0
-459.0 -481.0 -551.0 26.0 -289.0
-366.0 -406.0 -480.0 -216.0 -562.0
-542.0 -459.0 -547.0 -63.0 -225.0
-419.0 -557.0 -473.0 -341.0 -420.0
-543.0 -611.0 -293.0 -380.0 -385.0
-498.0 -471.0 -440.0 -365.0 -413.0
-388.0 -553.0 -384.0 -433.0 -430.0
-414.0 -516.0 -455.0 -404.0 -407.0
-498.0 -615.0 -456.0 -165.0 -408.0
-486.0 -479.0 -447.0 -312.0 -430.0
-486.0 -610.0 -350.0 -340.0 -338.0
-95.0 -645.0 -620.0 -163.0 -199.0
-438.0 -523.0 -546.0 -84.0 -277.0
-419.0 -634.0 -410.0 -252.0 -579.0
-554.0 -519.0 -534.0 -50.0 -281.0
-183.0 -666.0 -593.0 -60.0 -162.0
-334.0 -670.0 -568.0 -47.0 -208.0
-515.0 -482.0 -262.0 -365.0 -476.0
-385.0 -622.0 -484.0 -283.0 -359.0
-560.0 -465.0 -260.0 -442.0 -382.0
-618.0 -619.0 -353.0 -166.0 -308.0
-466.0 -651.0 -362.0 -328.0 -419.0
-463.0 -490.0 -372.0 -545.0 -578.0
-473.0 -655.0 -424.0 -146.0 -346.0
-440.0 -586.0 -374.0 -327.0 -536.0
-482.0 -478.0 -512.0 -274.0 -315.0
-462.0 -628.0 -413.0 -166.0 -405.0
-481.0 -653.0 -386.0 -304.0 -449.0
-462.0 -656.0 -388.0 -200.0 -507.0
-353.0 -364.0 -411.0 -463.0 -529.0
-519.0 -635.0 -324.0 -175.0 -354.0
-581.0 -377.0 -204.0 -507.0 -379.0
-450.0 -646.0 -450.0 -189.0 -345.0
-393.0 -308.0 -440.0 -290.0 -540.0
-214.0 -289.0 -456.0 -418.0 -583.0
-460.0 -552.0 -540.0 88.0 -292.0
-503.0 -506.0 -418.0 -293.0 -411.0
-441.0 -568.0 -460.0 -179.0 -440.0
-526.0 -372.0 -426.0 -411.0 -473.0
-499.0 -512.0 -438.0 -204.0 -494.0
-252.0 -444.0 -436.0 -505.0 -460.0
-374.0 -467.0 -542.0 -352.0 -324.0
-436.0 -411.0 -440.0 -403.0 -417.0
-529.0 -619.0 -418.0 -55.0 -291.0
-590.0 -587.0 -307.0 -398.0 -330.0
-408.0 -599.0 -334.0 -413.0 -447.0
-179.0 -560.0 -560.0 -248.0 -235.0
-449.0 -312.0 -404.0 -488.0 -422.0
-488.0 -609.0 -560.0 17.0 -285.0
-377.0 -620.0 -538.0 -156.0 -309.0
-463.0 -572.0 -462.0 -409.0 -406.0
-380.0 -341.0 -418.0 -458.0 -376.0
-109.0 -451.0 -544.0 -330.0 -321.0
-203.0 -305.0 -482.0 -372.0 -541.0
-605.0 -546.0 -387.0 -145.0 -345.0
-445.0 -505.0 -519.0 76.0 -324.0
-512.0 -656.0 -296.0 -244.0 -332.0
-472.0 -465.0 -470.0 -159.0 -439.0
-394.0 -435.0 -475.0 -454.0 -420.0
-474.0 -548.0 -515.0 -57.0 -258.0
-434.0 -49.0 -235.0 -619.0 -561.0
-363.0 -567.0 -531.0 -239.0 -432.0
-179.0 -260.0 -459.0 -429.0 -431.0
-382.0 -427.0 -401.0 -457.0 -370.0
-509.0 -350.0 -537.0 -277.0 -465.0
-331.0 -294.0 -418.0 -517.0 -535.0
-487.0 -562.0 -388.0 -345.0 -481.0
-122.0 -173.0 -443.0 -433.0 -503.0
-508.0 -498.0 -342.0 -337.0 -500.0
-425.0 -641.0 -504.0 -256.0 -413.0
-421.0 -275.0 -443.0 -469.0 -496.0
-344.0 -607.0 -448.0 -255.0 -456.0
-366.0 -562.0 -514.0 -241.0 -495.0
-424.0 -582.0 -573.0 -18.0 -282.0
-450.0 -341.0 -460.0 -412.0 -435.0
-478.0 -625.0 -466.0 -103.0 -348.0
