-602.0 -323.0 -456.0 -433.0 -196.0
-395.0 -469.0 -179.0 -92.0 -438.0
-368.0 -406.0 -286.0 -214.0 -421.0
-466.0 -325.0 -524.0 -465.0 -331.0
-680.0 -476.0 -415.0 -324.0 -86.0
-431.0 -386.0 -339.0 -82.0 -429.0
-416.0 -512.0 -211.0 -314.0 -324.0
-652.0 -419.0 -353.0 -382.0 -154.0
-310.0 -122.0 -401.0 -536.0 -384.0
-251.0 -274.0 -271.0 -432.0 -429.0
-240.0 -220.0 -320.0 -402.0 -407.0
-609.0 -196.0 -562.0 -461.0 -225.0
-299.0 -222.0 -345.0 -436.0 -396.0
-326.0 -339.0 -430.0 -403.0 -336.0
-309.0 -225.0 -383.0 -398.0 -385.0
-569.0 -313.0 -521.0 -289.0 -321.0
-508.0 -503.0 -369.0 -333.0 -248.0
-387.0 -281.0 -419.0 -282.0 -418.0
-467.0 -396.0 -362.0 -390.0 -354.0
-520.0 -283.0 -442.0 -298.0 -363.0
-444.0 -472.0 -416.0 -241.0 -325.0
-660.0 -507.0 -278.0 -291.0 -67.0
-550.0 -455.0 -424.0 -366.0 -213.0
-517.0 -398.0 -553.0 -354.0 -102.0
-546.0 -255.0 -529.0 -413.0 -261.0
-593.0 -484.0 -473.0 -370.0 -67.0
-595.0 -512.0 -331.0 -327.0 -240.0
-373.0 -287.0 -451.0 -425.0 -348.0
-545.0 -446.0 -502.0 -212.0 -254.0
-319.0 -383.0 -259.0 -76.0 -473.0
-556.0 -468.0 -173.0 -347.0 -274.0
-401.0 -262.0 -336.0 -424.0 -386.0
-618.0 -259.0 -506.0 -457.0 -236.0
-566.0 -430.0 -514.0 -340.0 -186.0
-703.0 -405.0 -450.0 -340.0 -117.0
-357.0 -165.0 -311.0 -464.0 -401.0
-598.0 -544.0 -313.0 -321.0 -227.0
-383.0 -193.0 -446.0 -474.0 -367.0
-421.0 -76.0 -553.0 -518.0 -208.0
-565.0 -342.0 -408.0 -297.0 -344.0
-605.0 -437.0 -410.0 -329.0 -180.0
-549.0 -283.0 -614.0 -371.0 -14.0
-623.0 -199.0 -556.0 -429.0 -154.0
-358.0 -346.0 -172.0 -30.0 -441.0
-591.0 -399.0 -469.0 -394.0 -305.0
-426.0 -434.0 -70.0 -239.0 -419.0
-327.0 -338.0 -247.0 -339.0 -469.0
-115.0 -138.0 -246.0 -416.0 -432.0
-409.0 -282.0 -393.0 -405.0 -339.0
-592.0 -444.0 -460.0 -311.0 -157.0
-264.0 -361.0 -411.0 -350.0 -399.0
-357.0 -251.0 -408.0 -490.0 -356.0
-507.0 -494.0 -155.0 -303.0 -316.0
-429.0 -425.0 -200.0 -200.0 -410.0
-591.0 -501.0 -379.0 -329.0 -166.0
-421.0 -415.0 -311.0 -417.0 -385.0
-600.0 -464.0 -517.0 -292.0 -110.0
-360.0 -340.0 -434.0 -226.0 -391.0
-597.0 -497.0 -398.0 -300.0 -168.0
-567.0 -426.0 -220.0 -222.0 -325.0
-602.0 -447.0 -611.0 -333.0 -11.0
-544.0 -269.0 -572.0 -481.0 -152.0
-479.0 -396.0 -389.0 -388.0 -349.0
-461.0 -444.0 -359.0 -254.0 -404.0
-547.0 -302.0 -444.0 -434.0 -320.0
-611.0 -457.0 -302.0 -207.0 -313.0
-424.0 -284.0 -353.0 -266.0 -434.0
-593.0 -415.0 -455.0 -328.0 -178.0
-539.0 -601.0 -294.0 -311.0 -267.0
-342.0 -347.0 -388.0 -414.0 -336.0
-578.0 -316.0 -527.0 -407.0 -90.0
-418.0 -500.0 -126.0 -336.0 -396.0
-502.0 -507.0 -350.0 -362.0 -246.0
-588.0 -466.0 -351.0 -378.0 -235.0
-472.0 -453.0 -320.0 -275.0 -358.0
-573.0 -442.0 -234.0 -378.0 -285.0
-585.0 -456.0 -277.0 -391.0 -241.0
-499.0 -509.0 -213.0 -122.0 -319.0
-414.0 -397.0 -393.0 -241.0 -391.0
-499.0 -210.0 -606.0 -482.0 -171.0
-538.0 -554.0 -379.0 -290.0 -208.0
-435.0 -299.0 -364.0 -428.0 -364.0
-587.0 -419.0 -436.0 -357.0 -176.0
-367.0 -320.0 -387.0 -271.0 -458.0
-395.0 -180.0 -379.0 -293.0 -429.0
-557.0 -467.0 -376.0 -377.0 -242.0
-519.0 -402.0 -488.0 -407.0 -311.0
-591.0 -314.0 -495.0 -412.0 -242.0
-400.0 -328.0 -436.0 -296.0 -372.0
-439.0 -499.0 -259.0 -381.0 -316.0
-520.0 -340.0 -470.0 -359.0 -334.0
-450.0 -203.0 -384.0 -504.0 -384.0
