-120.0 -469.0 -539.0 -783.0 -669.0
-16.0 -643.0 -814.0 -639.0 -687.0
-216.0 -672.0 -811.0 -379.0 -505.0
-231.0 -648.0 -686.0 -646.0 -556.0
-287.0 -677.0 -773.0 -408.0 -419.0
-132.0 -558.0 -625.0 -668.0 -781.0
-36.0 -651.0 -727.0 -665.0 -743.0
30.0 -744.0 -835.0 -595.0 -709.0
-102.0 -565.0 -649.0 -709.0 -730.0
-98.0 -628.0 -772.0 -672.0 -640.0
-300.0 -618.0 -773.0 -553.0 -509.0
-198.0 -794.0 -708.0 -389.0 -447.0
-250.0 -689.0 -799.0 -370.0 -314.0
-29.0 -766.0 -821.0 -520.0 -636.0
-307.0 -717.0 -622.0 -563.0 -512.0
-224.0 -728.0 -764.0 -293.0 -542.0
-90.0 -673.0 -882.0 -544.0 -539.0
-233.0 -770.0 -763.0 -238.0 -294.0
-68.0 -645.0 -759.0 -726.0 -674.0
