-633.0 -1034.0 -408.0 -395.0 -424.0
-332.0 -394.0 -520.0 -441.0 -815.0
-708.0 -657.0 -472.0 -429.0 -703.0
-523.0 -422.0 -510.0 -400.0 -803.0
-484.0 -400.0 -606.0 -735.0 -617.0
-493.0 -435.0 -640.0 -338.0 -763.0
-839.0 -820.0 -433.0 -454.0 -470.0
-577.0 -638.0 -603.0 -662.0 -579.0
-635.0 -368.0 -672.0 -538.0 -680.0
-573.0 -803.0 -615.0 -591.0 -535.0
-505.0 -336.0 -538.0 -273.0 -814.0
-571.0 -438.0 -640.0 -503.0 -724.0
-408.0 -415.0 -596.0 -360.0 -798.0
-634.0 -753.0 -671.0 -464.0 -607.0
-658.0 -575.0 -513.0 -241.0 -761.0
-594.0 -1067.0 -493.0 -556.0 -258.0
-542.0 -375.0 -597.0 -392.0 -775.0
-564.0 -582.0 -676.0 -546.0 -674.0
-506.0 -524.0 -601.0 -714.0 -607.0
-290.0 -552.0 -629.0 -742.0 -549.0
-505.0 -592.0 -562.0 -744.0 -562.0
-507.0 -454.0 -400.0 -413.0 -794.0
-656.0 -409.0 -631.0 -344.0 -759.0
-446.0 -404.0 -673.0 -524.0 -763.0
-665.0 -672.0 -663.0 -622.0 -520.0
-653.0 -1002.0 -500.0 -468.0 -354.0
-584.0 -911.0 -586.0 -634.0 -331.0
-568.0 -617.0 -605.0 -663.0 -583.0
-653.0 -493.0 -697.0 -462.0 -705.0
-769.0 -860.0 -513.0 -587.0 -361.0
-501.0 -400.0 -451.0 -315.0 -813.0
-873.0 -638.0 -520.0 -546.0 -480.0
-869.0 -583.0 -506.0 -527.0 -602.0
-509.0 -520.0 -558.0 -577.0 -720.0
-399.0 -357.0 -702.0 -632.0 -664.0
-453.0 -400.0 -388.0 -297.0 -828.0
-668.0 -1071.0 -468.0 -456.0 -152.0
-378.0 -313.0 -661.0 -545.0 -739.0
-617.0 -511.0 -605.0 -748.0 -445.0
-569.0 -680.0 -557.0 -706.0 -541.0
-642.0 -626.0 -570.0 -478.0 -676.0
-505.0 -367.0 -636.0 -569.0 -729.0
-455.0 -728.0 -619.0 -671.0 -556.0
-684.0 -586.0 -685.0 -474.0 -627.0
-576.0 -752.0 -616.0 -654.0 -529.0
-648.0 -736.0 -615.0 -612.0 -469.0
-821.0 -797.0 -416.0 -346.0 -515.0
-506.0 -252.0 -591.0 -480.0 -768.0
-745.0 -671.0 -622.0 -677.0 -418.0
-640.0 -492.0 -675.0 -420.0 -716.0
-552.0 -288.0 -636.0 -377.0 -767.0
-642.0 -847.0 -712.0 -479.0 -453.0
-483.0 -675.0 -719.0 -558.0 -600.0
-495.0 -478.0 -478.0 -453.0 -773.0
-605.0 -628.0 -475.0 -354.0 -752.0
-618.0 -699.0 -641.0 -496.0 -653.0
-628.0 -967.0 -390.0 -558.0 -533.0
-445.0 -692.0 -659.0 -596.0 -623.0
-342.0 -318.0 -531.0 -559.0 -764.0
-519.0 -502.0 -534.0 -530.0 -751.0
-431.0 -264.0 -639.0 -394.0 -794.0
-578.0 -849.0 -555.0 -444.0 -667.0
-623.0 -568.0 -525.0 -679.0 -668.0
-721.0 -854.0 -600.0 -449.0 -389.0
-634.0 -870.0 -611.0 -528.0 -513.0
-643.0 -732.0 -468.0 -346.0 -700.0
-541.0 -529.0 -534.0 -451.0 -742.0
-678.0 -705.0 -588.0 -618.0 -517.0
-705.0 -959.0 -481.0 -500.0 -297.0
-657.0 -510.0 -557.0 -384.0 -731.0
-629.0 -752.0 -612.0 -659.0 -422.0
-339.0 -437.0 -684.0 -596.0 -709.0
-671.0 -1029.0 -305.0 -463.0 -345.0
-654.0 -686.0 -599.0 -595.0 -545.0
-812.0 -760.0 -489.0 -559.0 -531.0
-728.0 -640.0 -642.0 -473.0 -663.0
-473.0 -578.0 -700.0 -633.0 -549.0
-636.0 -795.0 -436.0 -317.0 -649.0
-470.0 -423.0 -518.0 -427.0 -798.0
-516.0 -550.0 -709.0 -560.0 -646.0
-533.0 -638.0 -656.0 -529.0 -682.0
-676.0 -794.0 -349.0 -571.0 -596.0
-570.0 -566.0 -513.0 -409.0 -771.0
-758.0 -913.0 -476.0 -466.0 -396.0
-598.0 -632.0 -534.0 -418.0 -724.0
-638.0 -937.0 -452.0 -524.0 -438.0
-693.0 -986.0 -367.0 -463.0 -413.0
-621.0 -545.0 -635.0 -457.0 -715.0
-696.0 -884.0 -585.0 -596.0 -338.0
-391.0 -110.0 -599.0 -416.0 -815.0
-638.0 -1107.0 -423.0 -467.0 -176.0
-471.0 -602.0 -581.0 -712.0 -596.0
-471.0 -678.0 -739.0 -504.0 -609.0
-764.0 -884.0 -444.0 -533.0 -353.0
-639.0 -991.0 -609.0 -380.0 -322.0
-529.0 -394.0 -582.0 -400.0 -772.0
-621.0 -1067.0 -522.0 -492.0 -122.0
-496.0 -628.0 -587.0 -770.0 -317.0
-267.0 -134.0 -458.0 -515.0 -832.0
-427.0 -585.0 -651.0 -649.0 -656.0
-574.0 -544.0 -513.0 -394.0 -790.0
-732.0 -581.0 -641.0 -650.0 -474.0
-694.0 -951.0 -530.0 -510.0 -300.0
-509.0 -345.0 -636.0 -554.0 -748.0
-596.0 -756.0 -615.0 -657.0 -428.0
-650.0 -1059.0 -369.0 -479.0 -315.0
-728.0 -761.0 -537.0 -354.0 -637.0
-536.0 -612.0 -668.0 -578.0 -638.0
-609.0 -549.0 -545.0 -405.0 -753.0
-538.0 -398.0 -633.0 -701.0 -597.0
-800.0 -678.0 -483.0 -608.0 -553.0
-706.0 -643.0 -597.0 -430.0 -678.0
-703.0 -764.0 -581.0 -621.0 -365.0
-894.0 -612.0 -539.0 -586.0 -449.0
-496.0 -356.0 -401.0 -292.0 -815.0
-721.0 -540.0 -561.0 -422.0 -706.0
-321.0 -334.0 -729.0 -587.0 -677.0
-620.0 -1022.0 -227.0 -367.0 -509.0
-428.0 -438.0 -679.0 -566.0 -674.0
-748.0 -859.0 -457.0 -472.0 -467.0
-420.0 -367.0 -565.0 -471.0 -790.0
-638.0 -798.0 -591.0 -639.0 -377.0
-572.0 -595.0 -605.0 -648.0 -602.0
-573.0 -500.0 -561.0 -496.0 -731.0
-724.0 -456.0 -495.0 -304.0 -760.0
-471.0 -752.0 -544.0 -614.0 -647.0
-450.0 -439.0 -602.0 -641.0 -672.0
-410.0 -325.0 -665.0 -648.0 -672.0
-683.0 -772.0 -547.0 -459.0 -633.0
-737.0 -831.0 -623.0 -440.0 -370.0
-615.0 -1001.0 -601.0 -592.0 -328.0
-252.0 -371.0 -694.0 -739.0 -461.0
-666.0 -764.0 -647.0 -401.0 -602.0
-605.0 -567.0 -561.0 -485.0 -720.0
-559.0 -816.0 -568.0 -644.0 -478.0
-625.0 -444.0 -661.0 -420.0 -731.0
-782.0 -589.0 -465.0 -288.0 -707.0
-757.0 -751.0 -485.0 -624.0 -455.0
-493.0 -656.0 -655.0 -583.0 -651.0
-664.0 -911.0 -565.0 -456.0 -407.0
-736.0 -947.0 -437.0 -527.0 -224.0
-718.0 -515.0 -648.0 -465.0 -703.0
-181.0 -420.0 -630.0 -746.0 -629.0
-641.0 -630.0 -672.0 -479.0 -640.0
-571.0 -499.0 -554.0 -372.0 -756.0
-730.0 -542.0 -575.0 -458.0 -669.0
-576.0 -301.0 -595.0 -399.0 -782.0
-444.0 -414.0 -499.0 -574.0 -753.0
-370.0 -311.0 -502.0 -399.0 -818.0
-570.0 -870.0 -603.0 -610.0 -428.0
-395.0 -335.0 -483.0 -471.0 -800.0
-822.0 -780.0 -532.0 -479.0 -416.0
-736.0 -942.0 -380.0 -458.0 -400.0
-663.0 -627.0 -717.0 -522.0 -625.0
-703.0 -785.0 -724.0 -478.0 -344.0
-697.0 -837.0 -491.0 -592.0 -442.0
-398.0 -465.0 -524.0 -375.0 -810.0
-510.0 -230.0 -591.0 -465.0 -787.0
-474.0 -468.0 -645.0 -669.0 -654.0
-366.0 -686.0 -651.0 -692.0 -536.0
-619.0 -836.0 -589.0 -663.0 -372.0
-296.0 -472.0 -668.0 -687.0 -559.0
-681.0 -500.0 -482.0 -309.0 -773.0
-599.0 -891.0 -699.0 -484.0 -466.0
-267.0 -255.0 -660.0 -707.0 -631.0
-342.0 -283.0 -678.0 -557.0 -771.0
-806.0 -543.0 -522.0 -274.0 -710.0
-781.0 -737.0 -441.0 -468.0 -601.0
-628.0 -549.0 -536.0 -330.0 -750.0
-619.0 -257.0 -608.0 -394.0 -769.0
-92.0 -500.0 -583.0 -778.0 -638.0
-550.0 -763.0 -566.0 -673.0 -535.0
-513.0 -848.0 -580.0 -627.0 -480.0
-552.0 -666.0 -644.0 -494.0 -657.0
-660.0 -833.0 -496.0 -658.0 -379.0
-467.0 -285.0 -675.0 -525.0 -763.0
-482.0 -659.0 -534.0 -481.0 -738.0
-708.0 -748.0 -338.0 -305.0 -656.0
-486.0 -559.0 -703.0 -501.0 -687.0
-775.0 -919.0 -401.0 -367.0 -406.0
-612.0 -727.0 -623.0 -548.0 -619.0
-694.0 -1012.0 -444.0 -379.0 -332.0
-390.0 -357.0 -558.0 -491.0 -777.0
-443.0 -261.0 -619.0 -448.0 -785.0
-435.0 -598.0 -580.0 -751.0 -584.0
-409.0 -410.0 -691.0 -601.0 -699.0
-556.0 -645.0 -646.0 -693.0 -538.0
-503.0 -317.0 -653.0 -391.0 -779.0
-447.0 -239.0 -619.0 -433.0 -804.0
-583.0 -495.0 -662.0 -598.0 -636.0
-617.0 -791.0 -643.0 -563.0 -477.0
-487.0 -246.0 -600.0 -696.0 -679.0
-356.0 -321.0 -618.0 -740.0 -575.0
-639.0 -780.0 -576.0 -517.0 -614.0
-726.0 -792.0 -526.0 -534.0 -508.0
-654.0 -721.0 -563.0 -437.0 -658.0
-600.0 -665.0 -456.0 -479.0 -745.0
-739.0 -784.0 -395.0 -478.0 -598.0
-417.0 -19.0 -535.0 -399.0 -836.0
-412.0 -475.0 -710.0 -533.0 -687.0
-530.0 -605.0 -462.0 -370.0 -776.0
-671.0 -1045.0 -359.0 -443.0 -245.0
-569.0 -740.0 -746.0 -513.0 -569.0
-796.0 -672.0 -383.0 -334.0 -638.0
-689.0 -822.0 -534.0 -528.0 -500.0
-566.0 -382.0 -605.0 -340.0 -774.0
-890.0 -603.0 -388.0 -348.0 -636.0
-779.0 -837.0 -533.0 -482.0 -400.0
-657.0 -567.0 -557.0 -398.0 -720.0
-740.0 -595.0 -564.0 -427.0 -704.0
-526.0 -649.0 -618.0 -735.0 -427.0
-519.0 -470.0 -630.0 -562.0 -708.0
-718.0 -769.0 -503.0 -533.0 -591.0
-453.0 -683.0 -673.0 -571.0 -661.0
-742.0 -575.0 -494.0 -331.0 -707.0
-588.0 -539.0 -682.0 -566.0 -627.0
-422.0 -672.0 -613.0 -727.0 -488.0
-380.0 -200.0 -660.0 -515.0 -774.0
-665.0 -703.0 -527.0 -662.0 -583.0
-632.0 -987.0 -359.0 -278.0 -499.0
-710.0 -607.0 -650.0 -348.0 -691.0
-366.0 -512.0 -668.0 -681.0 -554.0
-726.0 -716.0 -606.0 -469.0 -591.0
-696.0 -752.0 -561.0 -480.0 -615.0
-699.0 -918.0 -454.0 -551.0 -365.0
-749.0 -599.0 -610.0 -425.0 -665.0
-796.0 -893.0 -420.0 -407.0 -375.0
-314.0 -174.0 -667.0 -524.0 -778.0
-639.0 -673.0 -660.0 -536.0 -622.0
-495.0 -465.0 -634.0 -749.0 -260.0
-873.0 -698.0 -501.0 -558.0 -422.0
-509.0 -332.0 -623.0 -382.0 -780.0
-417.0 -635.0 -579.0 -664.0 -668.0
-223.0 -413.0 -660.0 -704.0 -594.0
-693.0 -497.0 -533.0 -243.0 -772.0
-608.0 -790.0 -675.0 -526.0 -521.0
-281.0 -330.0 -541.0 -562.0 -795.0
-783.0 -709.0 -505.0 -537.0 -556.0
-792.0 -791.0 -544.0 -570.0 -348.0
-662.0 -1003.0 -468.0 -505.0 -310.0
-516.0 -505.0 -698.0 -617.0 -647.0
-638.0 -613.0 -616.0 -469.0 -678.0
-408.0 -555.0 -568.0 -633.0 -712.0
-565.0 -645.0 -628.0 -589.0 -632.0
-692.0 -465.0 -604.0 -694.0 -565.0
-708.0 -756.0 -636.0 -631.0 -363.0
-280.0 -423.0 -662.0 -692.0 -585.0
-672.0 -398.0 -496.0 -270.0 -791.0
-422.0 -381.0 -440.0 -470.0 -815.0
-531.0 -552.0 -648.0 -678.0 -546.0
-709.0 -840.0 -492.0 -568.0 -467.0
-644.0 -853.0 -398.0 -513.0 -582.0
-471.0 -308.0 -473.0 -338.0 -837.0
-465.0 -353.0 -665.0 -612.0 -729.0
-747.0 -687.0 -583.0 -596.0 -551.0
-746.0 -579.0 -620.0 -610.0 -594.0
-321.0 -88.0 -477.0 -313.0 -840.0
-725.0 -699.0 -441.0 -632.0 -624.0
-721.0 -601.0 -475.0 -291.0 -738.0
-555.0 -431.0 -690.0 -453.0 -745.0
-364.0 -391.0 -463.0 -454.0 -808.0
-640.0 -939.0 -615.0 -528.0 -356.0
-655.0 -729.0 -519.0 -280.0 -699.0
-456.0 -464.0 -613.0 -722.0 -548.0
-355.0 -313.0 -518.0 -563.0 -773.0
-310.0 -274.0 -498.0 -504.0 -829.0
-519.0 -444.0 -510.0 -415.0 -784.0
-543.0 -461.0 -544.0 -364.0 -776.0
-681.0 -744.0 -539.0 -676.0 -412.0
-596.0 -555.0 -594.0 -695.0 -585.0
-449.0 -478.0 -586.0 -733.0 -606.0
-639.0 -802.0 -633.0 -627.0 -375.0
-608.0 -446.0 -601.0 -326.0 -770.0
-694.0 -839.0 -639.0 -496.0 -443.0
-751.0 -842.0 -514.0 -528.0 -402.0
-735.0 -930.0 -337.0 -550.0 -409.0
-696.0 -575.0 -466.0 -478.0 -725.0
-683.0 -897.0 -427.0 -408.0 -553.0
-477.0 -410.0 -669.0 -533.0 -723.0
-499.0 -722.0 -641.0 -653.0 -504.0
-499.0 -456.0 -478.0 -438.0 -792.0
-777.0 -695.0 -489.0 -417.0 -629.0
-773.0 -651.0 -589.0 -418.0 -651.0
-613.0 -692.0 -663.0 -667.0 -479.0
-396.0 15.0 -451.0 -285.0 -842.0
-554.0 -334.0 -626.0 -449.0 -752.0
-496.0 -409.0 -598.0 -335.0 -784.0
-641.0 -944.0 -381.0 -418.0 -550.0
-901.0 -592.0 -482.0 -401.0 -624.0
-652.0 -489.0 -655.0 -474.0 -707.0
-605.0 -290.0 -648.0 -647.0 -664.0
-443.0 -558.0 -679.0 -563.0 -701.0
-766.0 -529.0 -551.0 -317.0 -710.0
-505.0 -428.0 -550.0 -438.0 -761.0
-346.0 -322.0 -592.0 -411.0 -822.0
-718.0 -576.0 -562.0 -334.0 -735.0
-597.0 -819.0 -462.0 -518.0 -683.0
-363.0 -403.0 -623.0 -679.0 -661.0
-573.0 -619.0 -499.0 -480.0 -730.0
-763.0 -551.0 -638.0 -503.0 -621.0
-413.0 -171.0 -659.0 -609.0 -734.0
-361.0 -688.0 -658.0 -687.0 -530.0
-557.0 -572.0 -562.0 -699.0 -603.0
-531.0 -912.0 -598.0 -599.0 -374.0
-794.0 -788.0 -411.0 -303.0 -591.0
-574.0 -380.0 -682.0 -541.0 -711.0
-653.0 -784.0 -633.0 -380.0 -620.0
-597.0 -536.0 -662.0 -425.0 -729.0
-727.0 -653.0 -623.0 -618.0 -459.0
-533.0 -820.0 -695.0 -550.0 -471.0
-643.0 -782.0 -348.0 -323.0 -668.0
-599.0 -828.0 -637.0 -645.0 -295.0
-472.0 -367.0 -491.0 -304.0 -819.0
-802.0 -575.0 -514.0 -539.0 -629.0
-387.0 -567.0 -653.0 -693.0 -536.0
-726.0 -853.0 -440.0 -403.0 -540.0
-531.0 -465.0 -658.0 -491.0 -734.0
-747.0 -827.0 -474.0 -506.0 -506.0
-488.0 -558.0 -514.0 -513.0 -759.0
-185.0 -364.0 -528.0 -784.0 -678.0
-766.0 -911.0 -482.0 -516.0 -200.0
-655.0 -841.0 -494.0 -585.0 -523.0
-581.0 -340.0 -626.0 -436.0 -766.0
-458.0 -284.0 -547.0 -429.0 -793.0
-800.0 -843.0 -412.0 -545.0 -464.0
-580.0 -630.0 -593.0 -548.0 -699.0
-384.0 -437.0 -519.0 -546.0 -767.0
-624.0 -622.0 -564.0 -490.0 -718.0
-472.0 -241.0 -514.0 -301.0 -822.0
-622.0 -761.0 -585.0 -289.0 -690.0
-546.0 -928.0 -578.0 -602.0 -491.0
-788.0 -757.0 -500.0 -574.0 -457.0
-751.0 -516.0 -615.0 -586.0 -640.0
-686.0 -539.0 -513.0 -346.0 -757.0
-721.0 -634.0 -463.0 -289.0 -720.0
-735.0 -946.0 -391.0 -530.0 -309.0
-732.0 -702.0 -395.0 -291.0 -659.0
-599.0 -632.0 -523.0 -728.0 -588.0
-701.0 -773.0 -511.0 -653.0 -581.0
-762.0 -779.0 -435.0 -429.0 -569.0
-192.0 -351.0 -673.0 -720.0 -567.0
-631.0 -721.0 -706.0 -509.0 -508.0
-630.0 -921.0 -523.0 -294.0 -589.0
-700.0 -787.0 -490.0 -597.0 -524.0
-631.0 -786.0 -721.0 -498.0 -417.0
-425.0 -617.0 -644.0 -726.0 -533.0
-542.0 -893.0 -649.0 -485.0 -582.0
-396.0 -220.0 -438.0 -382.0 -839.0
-656.0 -467.0 -655.0 -459.0 -726.0
-572.0 -546.0 -621.0 -663.0 -599.0
-397.0 -360.0 -510.0 -423.0 -803.0
-746.0 -640.0 -534.0 -479.0 -626.0
-573.0 -750.0 -634.0 -679.0 -339.0
-546.0 -359.0 -655.0 -613.0 -667.0
-763.0 -587.0 -509.0 -279.0 -723.0
-576.0 -488.0 -486.0 -271.0 -811.0
-614.0 -394.0 -653.0 -498.0 -711.0
-716.0 -973.0 -435.0 -469.0 -217.0
-859.0 -606.0 -448.0 -413.0 -639.0
-797.0 -758.0 -468.0 -611.0 -413.0
-478.0 -222.0 -613.0 -736.0 -625.0
-330.0 21.0 -531.0 -332.0 -846.0
-492.0 -784.0 -528.0 -489.0 -698.0
-546.0 -728.0 -637.0 -556.0 -626.0
-457.0 -396.0 -517.0 -409.0 -807.0
-680.0 -818.0 -545.0 -608.0 -341.0
-677.0 -441.0 -674.0 -499.0 -695.0
-701.0 -916.0 -322.0 -404.0 -527.0
-341.0 -581.0 -688.0 -726.0 -539.0
-689.0 -592.0 -499.0 -417.0 -716.0
-353.0 -193.0 -617.0 -458.0 -812.0
-354.0 -240.0 -666.0 -575.0 -737.0
-711.0 -683.0 -612.0 -417.0 -625.0
-556.0 -266.0 -636.0 -362.0 -786.0
-632.0 -793.0 -664.0 -511.0 -595.0
-615.0 -981.0 -434.0 -377.0 -489.0
-341.0 -437.0 -652.0 -772.0 -405.0
-547.0 -264.0 -465.0 -276.0 -821.0
-679.0 -855.0 -475.0 -357.0 -581.0
-484.0 -580.0 -514.0 -528.0 -740.0
-691.0 -823.0 -579.0 -559.0 -389.0
-552.0 -346.0 -660.0 -492.0 -734.0
-708.0 -803.0 -325.0 -445.0 -618.0
-681.0 -864.0 -450.0 -508.0 -536.0
-685.0 -1011.0 -476.0 -342.0 -376.0
-537.0 -792.0 -684.0 -508.0 -579.0
-529.0 -381.0 -646.0 -682.0 -607.0
-684.0 -900.0 -394.0 -413.0 -537.0
-697.0 -935.0 -440.0 -482.0 -488.0
-802.0 -696.0 -409.0 -420.0 -603.0
-636.0 -540.0 -490.0 -324.0 -767.0
-574.0 -432.0 -571.0 -380.0 -771.0
-472.0 -465.0 -654.0 -739.0 -410.0
-726.0 -807.0 -404.0 -618.0 -581.0
-692.0 -1019.0 -378.0 -483.0 -214.0
-258.0 -530.0 -727.0 -608.0 -635.0
-750.0 -814.0 -303.0 -518.0 -579.0
-584.0 -496.0 -651.0 -519.0 -699.0
