-450.0 -722.0 -402.0 -734.0 -626.0
-548.0 -480.0 -490.0 -723.0 -670.0
-413.0 -415.0 -475.0 -739.0 -686.0
-642.0 -847.0 -712.0 -479.0 -453.0
-623.0 -568.0 -525.0 -679.0 -668.0
-634.0 -870.0 -611.0 -528.0 -513.0
-615.0 -1001.0 -601.0 -592.0 -328.0
-372.0 -513.0 -420.0 -719.0 -675.0
-599.0 -891.0 -699.0 -484.0 -466.0
-665.0 -703.0 -527.0 -662.0 -583.0
-747.0 -687.0 -583.0 -596.0 -551.0
-725.0 -699.0 -441.0 -632.0 -624.0
-448.0 -545.0 -545.0 -770.0 -621.0
-619.0 -739.0 -493.0 -689.0 -579.0
-279.0 -430.0 -468.0 -718.0 -710.0
-185.0 -364.0 -528.0 -784.0 -678.0
-618.0 -925.0 -724.0 -439.0 -278.0
-599.0 -632.0 -523.0 -728.0 -588.0
-701.0 -773.0 -511.0 -653.0 -581.0
-576.0 -783.0 -480.0 -694.0 -592.0
-510.0 -712.0 -476.0 -760.0 -597.0
-632.0 -793.0 -664.0 -511.0 -595.0
-617.0 -780.0 -387.0 -689.0 -599.0
-613.0 -446.0 -480.0 -705.0 -658.0
-307.0 -449.0 -411.0 -746.0 -684.0
