-451.0 -541.0 -454.0 -723.0 -646.0
-319.0 -555.0 -180.0 -685.0 -795.0
-418.0 -505.0 -403.0 -766.0 -650.0
-437.0 -239.0 -581.0 -610.0 -684.0
-258.0 -193.0 -399.0 -595.0 -811.0
-413.0 -648.0 -522.0 -727.0 -436.0
-483.0 -484.0 -582.0 -677.0 -461.0
-523.0 -658.0 -356.0 -617.0 -489.0
-571.0 -551.0 -200.0 -475.0 -722.0
-495.0 -469.0 -400.0 -614.0 -757.0
-230.0 -523.0 -209.0 -599.0 -812.0
-414.0 -497.0 -589.0 -598.0 -657.0
-574.0 -640.0 -236.0 -487.0 -586.0
-425.0 -425.0 -443.0 -863.0 -674.0
-551.0 -534.0 -424.0 -724.0 -618.0
-572.0 -539.0 -405.0 -547.0 -688.0
-427.0 -416.0 -190.0 -551.0 -821.0
-408.0 -509.0 -558.0 -693.0 -561.0
-456.0 -610.0 -259.0 -799.0 -660.0
-544.0 -469.0 -525.0 -712.0 -581.0
-477.0 -366.0 -551.0 -760.0 -519.0
-457.0 -525.0 -220.0 -769.0 -737.0
-580.0 -580.0 -314.0 -667.0 -617.0
-494.0 -644.0 -376.0 -518.0 -670.0
-525.0 -571.0 -277.0 -773.0 -736.0
-534.0 -580.0 -579.0 -452.0 -622.0
-506.0 -430.0 -456.0 -711.0 -746.0
-407.0 -620.0 -489.0 -624.0 -674.0
-532.0 -360.0 -495.0 -763.0 -524.0
-448.0 -436.0 -425.0 -779.0 -659.0
-404.0 -433.0 -260.0 -556.0 -807.0
-463.0 -467.0 -469.0 -727.0 -640.0
-569.0 -501.0 -448.0 -618.0 -628.0
-485.0 -677.0 -469.0 -698.0 -548.0
-516.0 -644.0 -503.0 -475.0 -653.0
-479.0 -387.0 -492.0 -750.0 -581.0
-311.0 -315.0 -328.0 -402.0 -823.0
-464.0 -458.0 -241.0 -750.0 -785.0
-286.0 -309.0 -494.0 -606.0 -773.0
-334.0 -372.0 -531.0 -787.0 -629.0
-469.0 -612.0 -453.0 -612.0 -623.0
-718.0 -548.0 -351.0 -582.0 -528.0
-462.0 -584.0 -33.0 -721.0 -751.0
-609.0 -575.0 -531.0 -402.0 -603.0
-511.0 -621.0 -273.0 -716.0 -555.0
-502.0 -543.0 -207.0 -737.0 -792.0
-544.0 -489.0 -415.0 -758.0 -584.0
-491.0 -622.0 -366.0 -361.0 -735.0
-454.0 -503.0 -210.0 -612.0 -802.0
-408.0 -549.0 -336.0 -777.0 -703.0
-536.0 -132.0 -318.0 -514.0 -820.0
-648.0 -526.0 -342.0 -700.0 -431.0
-364.0 -330.0 -237.0 -636.0 -800.0
-470.0 -577.0 -333.0 -770.0 -731.0
-530.0 -501.0 -521.0 -661.0 -544.0
-485.0 -626.0 -322.0 -425.0 -689.0
-363.0 -295.0 -593.0 -735.0 -503.0
-256.0 -200.0 -464.0 -388.0 -857.0
-457.0 -638.0 -516.0 -639.0 -560.0
-586.0 -580.0 -291.0 -408.0 -615.0
-292.0 -281.0 -193.0 -614.0 -829.0
