-163.0 -478.0 -928.0 -282.0 -390.0
121.0 -617.0 -753.0 -728.0 -348.0
-202.0 -616.0 -792.0 -256.0 -570.0
-323.0 -731.0 -592.0 -327.0 -368.0
-120.0 -469.0 -539.0 -783.0 -669.0
-171.0 -534.0 -837.0 -427.0 -564.0
-238.0 -595.0 -786.0 -516.0 -537.0
-216.0 -621.0 -433.0 -573.0 -694.0
-67.0 -669.0 -818.0 -524.0 -632.0
-180.0 -731.0 -625.0 -368.0 -652.0
-509.0 -629.0 -337.0 -375.0 -338.0
-161.0 -754.0 -783.0 -346.0 -352.0
-196.0 -661.0 -662.0 -423.0 -650.0
-215.0 -757.0 -655.0 -374.0 -493.0
-246.0 -641.0 -747.0 -437.0 -591.0
128.0 -479.0 -938.0 -540.0 -464.0
15.0 -675.0 -874.0 -479.0 -598.0
73.0 -481.0 -939.0 -464.0 -377.0
-83.0 -600.0 -880.0 -439.0 -612.0
-168.0 -853.0 -632.0 -356.0 -355.0
-176.0 -419.0 -928.0 -461.0 -315.0
-58.0 -697.0 -673.0 -680.0 -617.0
101.0 -572.0 -916.0 -422.0 -494.0
-184.0 -653.0 -657.0 -429.0 -663.0
-313.0 -580.0 -652.0 -579.0 -484.0
-293.0 -721.0 -461.0 -399.0 -641.0
-368.0 -721.0 -451.0 -415.0 -565.0
-479.0 -618.0 -518.0 -257.0 -315.0
-290.0 -631.0 -613.0 -518.0 -517.0
-95.0 -680.0 -743.0 -564.0 -623.0
57.0 -464.0 -949.0 -405.0 -457.0
-225.0 -556.0 -745.0 -527.0 -605.0
-38.0 -627.0 -761.0 -602.0 -707.0
216.0 -519.0 -937.0 -560.0 -590.0
-116.0 -657.0 -501.0 -607.0 -740.0
-532.0 -522.0 -532.0 -362.0 -417.0
57.0 -435.0 -271.0 -551.0 -805.0
-201.0 -634.0 -692.0 -540.0 -587.0
-259.0 -578.0 -642.0 -459.0 -655.0
-147.0 -670.0 -726.0 -478.0 -552.0
74.0 -487.0 -852.0 -603.0 -607.0
-16.0 -643.0 -814.0 -639.0 -687.0
-249.0 -737.0 -435.0 -567.0 -570.0
-489.0 -609.0 -446.0 -337.0 -309.0
-21.0 -489.0 -844.0 -533.0 -697.0
-286.0 -736.0 -493.0 -382.0 -612.0
73.0 -478.0 -833.0 -638.0 -503.0
-194.0 -619.0 -418.0 -564.0 -702.0
-3.0 -393.0 -954.0 -353.0 -491.0
-48.0 -444.0 -810.0 -688.0 -606.0
-390.0 -536.0 -690.0 -359.0 -538.0
146.0 -650.0 -872.0 -543.0 -611.0
-150.0 -612.0 -761.0 -641.0 -605.0
13.0 -560.0 -441.0 -809.0 -521.0
17.0 -766.0 -753.0 -635.0 -636.0
-74.0 -672.0 -835.0 -379.0 -630.0
-50.0 -669.0 -920.0 -361.0 -440.0
-231.0 -579.0 -712.0 -516.0 -560.0
-290.0 -754.0 -606.0 -249.0 -402.0
6.0 -671.0 -630.0 -528.0 -784.0
25.0 -644.0 -865.0 -539.0 -546.0
-26.0 -610.0 -945.0 -258.0 -407.0
32.0 -597.0 -896.0 -336.0 -536.0
-63.0 -498.0 -954.0 -390.0 -309.0
-294.0 -666.0 -514.0 -360.0 -638.0
-96.0 -642.0 -705.0 -560.0 -682.0
-126.0 -691.0 -804.0 -449.0 -559.0
-216.0 -672.0 -811.0 -379.0 -505.0
-155.0 -758.0 -677.0 -386.0 -589.0
-266.0 -677.0 -491.0 -469.0 -658.0
-316.0 -690.0 -597.0 -324.0 -525.0
81.0 -477.0 -848.0 -660.0 -499.0
-131.0 -429.0 -854.0 -625.0 -498.0
-241.0 -716.0 -714.0 -310.0 -537.0
-141.0 -401.0 -812.0 -671.0 -599.0
-191.0 -666.0 -517.0 -682.0 -502.0
-96.0 -653.0 -834.0 -422.0 -553.0
-176.0 -522.0 -607.0 -721.0 -682.0
199.0 -487.0 -569.0 -553.0 -804.0
-186.0 -725.0 -610.0 -643.0 -615.0
142.0 -444.0 -947.0 -418.0 -469.0
-129.0 -623.0 -419.0 -693.0 -700.0
-79.0 -575.0 -639.0 -651.0 -771.0
-104.0 -709.0 -709.0 -611.0 -664.0
-136.0 -649.0 -845.0 -407.0 -538.0
-126.0 -716.0 -807.0 -481.0 -508.0
-114.0 -745.0 -596.0 -636.0 -683.0
-366.0 -644.0 -678.0 -352.0 -476.0
-10.0 -519.0 -890.0 -570.0 -465.0
-178.0 -669.0 -602.0 -674.0 -524.0
-258.0 -791.0 -555.0 -348.0 -474.0
205.0 -622.0 -858.0 -587.0 -613.0
-249.0 -671.0 -585.0 -334.0 -641.0
-189.0 -682.0 -696.0 -539.0 -524.0
-499.0 -518.0 -345.0 -504.0 -526.0
-316.0 -556.0 -730.0 -594.0 -501.0
-63.0 -507.0 -844.0 -642.0 -449.0
-234.0 -711.0 -639.0 -537.0 -454.0
123.0 -725.0 -859.0 -590.0 -496.0
-275.0 -544.0 -723.0 -579.0 -530.0
-95.0 -736.0 -689.0 -595.0 -570.0
-180.0 -675.0 -710.0 -539.0 -599.0
-28.0 -729.0 -705.0 -705.0 -575.0
-320.0 -660.0 -646.0 -300.0 -491.0
-270.0 -712.0 -470.0 -426.0 -634.0
-67.0 -694.0 -821.0 -556.0 -581.0
-225.0 -616.0 -765.0 -327.0 -614.0
-97.0 -628.0 -644.0 -592.0 -690.0
-62.0 -684.0 -578.0 -700.0 -645.0
-355.0 -644.0 -325.0 -570.0 -572.0
-207.0 -570.0 -911.0 -328.0 -347.0
-157.0 -674.0 -722.0 -631.0 -395.0
225.0 -557.0 -908.0 -637.0 -497.0
-227.0 -776.0 -455.0 -433.0 -638.0
-502.0 -535.0 -515.0 -398.0 -453.0
-146.0 -660.0 -824.0 -515.0 -431.0
-237.0 -646.0 -325.0 -671.0 -538.0
-238.0 -728.0 -680.0 -367.0 -563.0
-225.0 -696.0 -427.0 -453.0 -685.0
-78.0 -670.0 -635.0 -779.0 -620.0
-131.0 -670.0 -703.0 -645.0 -576.0
-17.0 -439.0 -947.0 -404.0 -483.0
21.0 -691.0 -480.0 -517.0 -791.0
-232.0 -577.0 -726.0 -545.0 -592.0
71.0 -666.0 -925.0 -424.0 -463.0
-45.0 -726.0 -610.0 -612.0 -710.0
-25.0 -788.0 -663.0 -672.0 -561.0
-307.0 -649.0 -537.0 -597.0 -504.0
-335.0 -647.0 -578.0 -376.0 -611.0
-7.0 -711.0 -917.0 -534.0 -426.0
-245.0 -827.0 -529.0 -377.0 -566.0
-290.0 -700.0 -543.0 -465.0 -521.0
-320.0 -712.0 -655.0 -269.0 -341.0
-240.0 -651.0 -688.0 -320.0 -606.0
-484.0 -556.0 -299.0 -497.0 -548.0
-161.0 -604.0 -888.0 -441.0 -301.0
-255.0 -716.0 -630.0 -384.0 -558.0
-199.0 -654.0 -654.0 -585.0 -625.0
-50.0 -743.0 -579.0 -563.0 -753.0
-426.0 -718.0 -439.0 -255.0 -518.0
-210.0 -718.0 -642.0 -332.0 -616.0
-148.0 -653.0 -696.0 -631.0 -579.0
-141.0 -702.0 -411.0 -528.0 -693.0
-105.0 -704.0 -711.0 -612.0 -444.0
-286.0 -558.0 -862.0 -406.0 -405.0
-227.0 -603.0 -631.0 -649.0 -663.0
-331.0 -733.0 -536.0 -340.0 -355.0
202.0 -690.0 -774.0 -699.0 -461.0
-447.0 -554.0 -629.0 -406.0 -345.0
-23.0 -580.0 -602.0 -584.0 -793.0
-89.0 -600.0 -515.0 -704.0 -717.0
-435.0 -650.0 -253.0 -462.0 -456.0
-7.0 -686.0 -914.0 -502.0 -477.0
-293.0 -673.0 -731.0 -342.0 -256.0
14.0 -408.0 -939.0 -510.0 -424.0
-21.0 -647.0 -551.0 -686.0 -745.0
-233.0 -648.0 -632.0 -404.0 -661.0
-327.0 -811.0 -504.0 -279.0 -344.0
-269.0 -690.0 -689.0 -358.0 -457.0
-106.0 -629.0 -514.0 -750.0 -639.0
-163.0 -671.0 -744.0 -456.0 -617.0
-525.0 -630.0 -318.0 -215.0 -366.0
-195.0 -697.0 -450.0 -580.0 -657.0
-234.0 -540.0 -829.0 -562.0 -550.0
-267.0 -656.0 -631.0 -482.0 -561.0
143.0 -524.0 -910.0 -552.0 -428.0
-139.0 -660.0 -886.0 -284.0 -364.0
-292.0 -642.0 -667.0 -571.0 -379.0
-134.0 -611.0 -745.0 -678.0 -590.0
143.0 -648.0 -862.0 -628.0 -427.0
35.0 -514.0 -969.0 -429.0 -397.0
-9.0 -520.0 -715.0 -546.0 -752.0
-246.0 -767.0 -678.0 -246.0 -272.0
-228.0 -827.0 -453.0 -489.0 -564.0
-294.0 -681.0 -593.0 -458.0 -542.0
-63.0 -740.0 -494.0 -571.0 -731.0
-286.0 -697.0 -532.0 -461.0 -557.0
-281.0 -625.0 -660.0 -518.0 -554.0
-151.0 -508.0 -848.0 -499.0 -555.0
-42.0 -763.0 -736.0 -528.0 -614.0
147.0 -695.0 -896.0 -583.0 -462.0
-502.0 -606.0 -361.0 -345.0 -287.0
-88.0 -553.0 -761.0 -645.0 -723.0
17.0 -559.0 -860.0 -573.0 -529.0
-163.0 -614.0 -843.0 -459.0 -448.0
-173.0 -753.0 -667.0 -499.0 -527.0
-170.0 -563.0 -680.0 -575.0 -677.0
-271.0 -653.0 -634.0 -517.0 -517.0
-84.0 -615.0 -723.0 -727.0 -409.0
-146.0 -582.0 -623.0 -541.0 -766.0
-462.0 -648.0 -128.0 -355.0 -423.0
-231.0 -648.0 -686.0 -646.0 -556.0
-161.0 -729.0 -780.0 -314.0 -403.0
-202.0 -704.0 -614.0 -579.0 -451.0
105.0 -625.0 -903.0 -585.0 -577.0
37.0 -513.0 -921.0 -437.0 -384.0
19.0 -674.0 -715.0 -520.0 -806.0
62.0 -615.0 -868.0 -543.0 -644.0
-332.0 -652.0 -573.0 -287.0 -539.0
58.0 -562.0 -770.0 -715.0 -591.0
-354.0 -640.0 -538.0 -347.0 -579.0
-100.0 -727.0 -726.0 -470.0 -679.0
-273.0 -712.0 -593.0 -448.0 -526.0
-489.0 -538.0 -600.0 -390.0 -475.0
-255.0 -603.0 -782.0 -291.0 -578.0
-306.0 -743.0 -642.0 -310.0 -373.0
64.0 -529.0 -804.0 -651.0 -612.0
178.0 -538.0 -888.0 -624.0 -467.0
-287.0 -677.0 -773.0 -408.0 -419.0
-419.0 -619.0 -590.0 -245.0 -515.0
127.0 -638.0 -919.0 -483.0 -434.0
-402.0 -652.0 -560.0 -345.0 -374.0
-13.0 -525.0 -567.0 -613.0 -796.0
-258.0 -694.0 -721.0 -416.0 -430.0
-231.0 -492.0 -889.0 -347.0 -526.0
-412.0 -694.0 -441.0 -382.0 -533.0
-470.0 -573.0 -419.0 -500.0 -394.0
-150.0 -661.0 -660.0 -758.0 -625.0
-18.0 -563.0 -852.0 -612.0 -564.0
-240.0 -676.0 -691.0 -352.0 -555.0
-305.0 -639.0 -582.0 -579.0 -357.0
-431.0 -558.0 -502.0 -457.0 -564.0
-231.0 -630.0 -730.0 -528.0 -534.0
-196.0 -661.0 -400.0 -505.0 -713.0
-278.0 -586.0 -476.0 -682.0 -591.0
-132.0 -558.0 -625.0 -668.0 -781.0
-340.0 -710.0 -622.0 -448.0 -381.0
17.0 -741.0 -750.0 -603.0 -687.0
-86.0 -670.0 -547.0 -573.0 -721.0
239.0 -498.0 -843.0 -580.0 -615.0
-512.0 -633.0 -403.0 -207.0 -388.0
-166.0 -654.0 -818.0 -489.0 -524.0
-136.0 -630.0 -763.0 -524.0 -601.0
-185.0 -745.0 -694.0 -350.0 -553.0
-207.0 -595.0 -914.0 -360.0 -296.0
-111.0 -640.0 -532.0 -656.0 -697.0
-311.0 -714.0 -540.0 -413.0 -391.0
119.0 -444.0 -920.0 -489.0 -513.0
-283.0 -709.0 -385.0 -434.0 -612.0
-339.0 -617.0 -560.0 -602.0 -373.0
195.0 -615.0 -829.0 -658.0 -521.0
-36.0 -651.0 -727.0 -665.0 -743.0
-159.0 -612.0 -782.0 -503.0 -662.0
-175.0 -650.0 -574.0 -538.0 -710.0
-375.0 -634.0 -474.0 -407.0 -540.0
54.0 -626.0 -650.0 -796.0 -483.0
-352.0 -630.0 -497.0 -470.0 -566.0
-189.0 -765.0 -553.0 -578.0 -633.0
-300.0 -584.0 -690.0 -479.0 -539.0
151.0 -482.0 -921.0 -434.0 -484.0
48.0 -421.0 -849.0 -542.0 -667.0
-200.0 -615.0 -727.0 -490.0 -563.0
-8.0 -476.0 -692.0 -759.0 -578.0
-272.0 -667.0 -425.0 -639.0 -615.0
-271.0 -622.0 -691.0 -518.0 -519.0
-158.0 -689.0 -443.0 -563.0 -690.0
-407.0 -759.0 -488.0 -348.0 -264.0
-137.0 -779.0 -461.0 -485.0 -684.0
133.0 -698.0 -783.0 -648.0 -555.0
-73.0 -656.0 -782.0 -577.0 -411.0
-319.0 -607.0 -787.0 -246.0 -351.0
-125.0 -422.0 -820.0 -618.0 -542.0
-410.0 -673.0 -484.0 -358.0 -415.0
-440.0 -671.0 -480.0 -310.0 -333.0
-141.0 -800.0 -654.0 -456.0 -579.0
-85.0 -372.0 -918.0 -496.0 -375.0
-215.0 -609.0 -790.0 -513.0 -453.0
-118.0 -667.0 -628.0 -697.0 -694.0
-223.0 -546.0 -666.0 -592.0 -687.0
-267.0 -712.0 -696.0 -265.0 -484.0
-245.0 -674.0 -571.0 -621.0 -362.0
-256.0 -428.0 -869.0 -436.0 -561.0
-96.0 -471.0 -944.0 -392.0 -395.0
-68.0 -722.0 -795.0 -464.0 -658.0
-124.0 -675.0 -891.0 -336.0 -344.0
-210.0 -669.0 -730.0 -438.0 -554.0
-164.0 -485.0 -905.0 -457.0 -531.0
-255.0 -621.0 -738.0 -409.0 -600.0
-52.0 -424.0 -894.0 -540.0 -631.0
73.0 -456.0 -936.0 -432.0 -428.0
-93.0 -665.0 -616.0 -505.0 -757.0
-67.0 -660.0 -676.0 -617.0 -648.0
-331.0 -644.0 -417.0 -496.0 -587.0
-232.0 -628.0 -662.0 -673.0 -556.0
-52.0 -486.0 -932.0 -403.0 -494.0
-436.0 -607.0 -540.0 -262.0 -510.0
-479.0 -613.0 -351.0 -447.0 -450.0
-171.0 -688.0 -807.0 -440.0 -498.0
-147.0 -801.0 -655.0 -477.0 -410.0
115.0 -641.0 -730.0 -587.0 -733.0
-281.0 -680.0 -563.0 -510.0 -514.0
-295.0 -684.0 -423.0 -493.0 -581.0
23.0 -592.0 -905.0 -500.0 -508.0
-439.0 -715.0 -354.0 -263.0 -496.0
-129.0 -654.0 -416.0 -615.0 -718.0
-134.0 -676.0 -802.0 -414.0 -627.0
-114.0 -763.0 -790.0 -380.0 -380.0
57.0 -723.0 -827.0 -617.0 -504.0
30.0 -744.0 -835.0 -595.0 -709.0
-220.0 -558.0 -831.0 -445.0 -546.0
-457.0 -572.0 -567.0 -318.0 -418.0
65.0 -650.0 -836.0 -623.0 -384.0
-270.0 -831.0 -504.0 -285.0 -332.0
11.0 -488.0 -771.0 -489.0 -733.0
-223.0 -753.0 -579.0 -483.0 -630.0
-232.0 -598.0 -847.0 -454.0 -523.0
-116.0 -456.0 -937.0 -375.0 -370.0
-319.0 -654.0 -518.0 -491.0 -581.0
-216.0 -528.0 -941.0 -333.0 -335.0
-124.0 -428.0 -911.0 -421.0 -521.0
25.0 -619.0 -862.0 -507.0 -597.0
-311.0 -548.0 -653.0 -478.0 -606.0
-157.0 -450.0 -853.0 -482.0 -558.0
-183.0 -664.0 -485.0 -497.0 -735.0
-196.0 -686.0 -453.0 -647.0 -583.0
134.0 -577.0 -511.0 -388.0 -849.0
-181.0 -744.0 -605.0 -467.0 -551.0
-102.0 -565.0 -649.0 -709.0 -730.0
84.0 -590.0 -851.0 -551.0 -653.0
-319.0 -484.0 -794.0 -515.0 -466.0
-98.0 -628.0 -772.0 -672.0 -640.0
-199.0 -680.0 -565.0 -656.0 -534.0
-163.0 -685.0 -821.0 -344.0 -497.0
-360.0 -518.0 -488.0 -428.0 -672.0
-300.0 -618.0 -773.0 -553.0 -509.0
-228.0 -514.0 -775.0 -577.0 -504.0
-355.0 -585.0 -553.0 -581.0 -414.0
-280.0 -623.0 -450.0 -646.0 -624.0
-263.0 -736.0 -520.0 -311.0 -568.0
-207.0 -454.0 -898.0 -594.0 -447.0
-122.0 -611.0 -670.0 -654.0 -629.0
-225.0 -634.0 -721.0 -445.0 -636.0
-447.0 -668.0 -401.0 -258.0 -404.0
-343.0 -620.0 -721.0 -482.0 -397.0
0.0 -724.0 -681.0 -472.0 -715.0
-398.0 -651.0 -401.0 -386.0 -582.0
-258.0 -602.0 -866.0 -440.0 -342.0
-197.0 -706.0 -813.0 -353.0 -304.0
-15.0 -682.0 -838.0 -611.0 -614.0
-40.0 -696.0 -701.0 -445.0 -733.0
-188.0 -584.0 -784.0 -585.0 -296.0
-349.0 -700.0 -418.0 -503.0 -445.0
-164.0 -510.0 -908.0 -489.0 -480.0
-111.0 -625.0 -687.0 -680.0 -618.0
-105.0 -727.0 -621.0 -682.0 -643.0
-110.0 -708.0 -794.0 -508.0 -479.0
-164.0 -781.0 -658.0 -482.0 -505.0
-210.0 -451.0 -795.0 -617.0 -590.0
75.0 -540.0 -953.0 -463.0 -414.0
223.0 -569.0 -879.0 -569.0 -581.0
-319.0 -740.0 -557.0 -318.0 -351.0
-239.0 -697.0 -696.0 -464.0 -526.0
-249.0 -677.0 -415.0 -581.0 -656.0
-192.0 -766.0 -668.0 -395.0 -483.0
-93.0 -610.0 -817.0 -622.0 -530.0
-5.0 -643.0 -915.0 -446.0 -481.0
-42.0 -717.0 -678.0 -515.0 -683.0
-182.0 -741.0 -628.0 -518.0 -503.0
-507.0 -584.0 -365.0 -402.0 -442.0
-74.0 -793.0 -670.0 -566.0 -584.0
64.0 -672.0 -901.0 -282.0 -543.0
-300.0 -674.0 -688.0 -416.0 -397.0
-55.0 -670.0 -662.0 -708.0 -576.0
-288.0 -758.0 -561.0 -357.0 -494.0
-88.0 -418.0 -826.0 -654.0 -589.0
-78.0 -736.0 -613.0 -707.0 -568.0
157.0 -634.0 -780.0 -722.0 -398.0
-35.0 -710.0 -349.0 -640.0 -747.0
-237.0 -603.0 -608.0 -464.0 -677.0
143.0 -499.0 -907.0 -520.0 -479.0
-196.0 -694.0 -644.0 -459.0 -631.0
-261.0 -611.0 -372.0 -624.0 -644.0
-6.0 -409.0 -657.0 -676.0 -697.0
183.0 -580.0 -911.0 -475.0 -614.0
-51.0 -722.0 -719.0 -576.0 -656.0
-43.0 -542.0 -915.0 -525.0 -440.0
-389.0 -655.0 -645.0 -337.0 -396.0
-230.0 -618.0 -707.0 -655.0 -409.0
-379.0 -610.0 -650.0 -361.0 -456.0
-147.0 -702.0 -662.0 -607.0 -589.0
-227.0 -657.0 -680.0 -455.0 -549.0
-229.0 -696.0 -574.0 -541.0 -549.0
-301.0 -586.0 -798.0 -412.0 -284.0
-146.0 -513.0 -951.0 -253.0 -333.0
-339.0 -648.0 -737.0 -335.0 -403.0
-357.0 -725.0 -483.0 -473.0 -538.0
256.0 -660.0 -924.0 -453.0 -431.0
-333.0 -678.0 -547.0 -341.0 -520.0
-30.0 -531.0 -616.0 -791.0 -550.0
-261.0 -764.0 -533.0 -510.0 -525.0
-32.0 -738.0 -721.0 -663.0 -570.0
-150.0 -545.0 -651.0 -628.0 -699.0
-133.0 -470.0 -492.0 -798.0 -579.0
-22.0 -616.0 -420.0 -521.0 -801.0
-240.0 -609.0 -451.0 -380.0 -730.0
-313.0 -615.0 -688.0 -561.0 -487.0
-263.0 -573.0 -744.0 -577.0 -491.0
-222.0 -601.0 -786.0 -265.0 -555.0
-15.0 -739.0 -656.0 -578.0 -691.0
-285.0 -617.0 -776.0 -397.0 -547.0
-205.0 -654.0 -611.0 -502.0 -605.0
-115.0 -562.0 -564.0 -717.0 -708.0
-225.0 -630.0 -833.0 -345.0 -492.0
-246.0 -645.0 -547.0 -412.0 -639.0
-202.0 -626.0 -755.0 -455.0 -560.0
-58.0 -611.0 -704.0 -741.0 -590.0
-287.0 -676.0 -672.0 -474.0 -460.0
-286.0 -753.0 -447.0 -290.0 -610.0
-96.0 -609.0 -560.0 -782.0 -509.0
-54.0 -663.0 -761.0 -609.0 -670.0
-198.0 -794.0 -708.0 -389.0 -447.0
-74.0 -718.0 -901.0 -424.0 -421.0
-206.0 -753.0 -503.0 -595.0 -628.0
103.0 -498.0 -926.0 -518.0 -411.0
150.0 -433.0 -859.0 -604.0 -577.0
-207.0 -728.0 -688.0 -405.0 -540.0
-231.0 -517.0 -892.0 -379.0 -475.0
-178.0 -692.0 -627.0 -490.0 -621.0
-49.0 -648.0 -642.0 -673.0 -721.0
-113.0 -724.0 -641.0 -478.0 -657.0
-187.0 -521.0 -503.0 -651.0 -708.0
-139.0 -708.0 -762.0 -306.0 -554.0
99.0 -547.0 -942.0 -525.0 -317.0
24.0 -639.0 -734.0 -524.0 -724.0
-227.0 -568.0 -747.0 -661.0 -583.0
-97.0 -649.0 -840.0 -526.0 -545.0
79.0 -633.0 -845.0 -500.0 -667.0
-372.0 -631.0 -357.0 -605.0 -569.0
-106.0 -625.0 -792.0 -468.0 -654.0
-150.0 -643.0 -704.0 -640.0 -603.0
101.0 -547.0 -913.0 -390.0 -545.0
135.0 -511.0 -924.0 -431.0 -433.0
6.0 -506.0 -742.0 -495.0 -747.0
-13.0 -441.0 -859.0 -609.0 -544.0
-156.0 -735.0 -669.0 -449.0 -566.0
-248.0 -624.0 -489.0 -535.0 -691.0
-208.0 -591.0 -768.0 -498.0 -548.0
63.0 -586.0 -737.0 -509.0 -753.0
-370.0 -795.0 -436.0 -251.0 -286.0
-194.0 -624.0 -775.0 -541.0 -451.0
-74.0 -693.0 -898.0 -392.0 -472.0
-284.0 -547.0 -737.0 -564.0 -543.0
-117.0 -646.0 -673.0 -539.0 -668.0
-250.0 -689.0 -799.0 -370.0 -314.0
-67.0 -634.0 -897.0 -390.0 -497.0
93.0 -599.0 -783.0 -475.0 -734.0
-284.0 -700.0 -646.0 -282.0 -479.0
15.0 -489.0 -368.0 -719.0 -708.0
-133.0 -674.0 -463.0 -543.0 -685.0
-518.0 -575.0 -443.0 -262.0 -438.0
-78.0 -705.0 -670.0 -708.0 -570.0
-255.0 -586.0 -586.0 -686.0 -510.0
-301.0 -680.0 -649.0 -282.0 -490.0
173.0 -635.0 -864.0 -602.0 -486.0
-165.0 -647.0 -778.0 -393.0 -581.0
-349.0 -623.0 -633.0 -397.0 -492.0
59.0 -511.0 -965.0 -368.0 -433.0
66.0 -524.0 -817.0 -688.0 -439.0
215.0 -493.0 -317.0 -516.0 -813.0
-139.0 -678.0 -454.0 -664.0 -697.0
34.0 -635.0 -872.0 -582.0 -509.0
-162.0 -653.0 -659.0 -530.0 -732.0
-228.0 -781.0 -725.0 -353.0 -411.0
-346.0 -683.0 -500.0 -384.0 -524.0
-14.0 -710.0 -843.0 -440.0 -561.0
-237.0 -588.0 -378.0 -460.0 -737.0
-460.0 -632.0 -521.0 -327.0 -198.0
-147.0 -569.0 -785.0 -356.0 -682.0
-29.0 -766.0 -821.0 -520.0 -636.0
-233.0 -647.0 -562.0 -378.0 -663.0
-307.0 -717.0 -622.0 -563.0 -512.0
-91.0 -740.0 -694.0 -515.0 -637.0
-181.0 -769.0 -629.0 -469.0 -496.0
-76.0 -603.0 -600.0 -696.0 -739.0
-81.0 -642.0 -674.0 -734.0 -652.0
-127.0 -647.0 -930.0 -291.0 -376.0
-200.0 -549.0 -930.0 -310.0 -360.0
-271.0 -599.0 -781.0 -448.0 -320.0
-383.0 -563.0 -714.0 -484.0 -496.0
-102.0 -718.0 -720.0 -533.0 -545.0
63.0 -474.0 -910.0 -535.0 -285.0
-36.0 -599.0 -853.0 -504.0 -556.0
-327.0 -639.0 -686.0 -434.0 -472.0
-121.0 -474.0 -877.0 -486.0 -622.0
60.0 -547.0 -948.0 -421.0 -352.0
-330.0 -609.0 -447.0 -568.0 -644.0
-92.0 -382.0 -922.0 -439.0 -483.0
-20.0 -437.0 -892.0 -453.0 -653.0
-282.0 -643.0 -572.0 -589.0 -533.0
-21.0 -483.0 -955.0 -282.0 -267.0
-442.0 -622.0 -353.0 -485.0 -343.0
-143.0 -663.0 -831.0 -430.0 -561.0
-440.0 -551.0 -451.0 -536.0 -519.0
-19.0 -772.0 -749.0 -549.0 -604.0
-224.0 -728.0 -764.0 -293.0 -542.0
-353.0 -676.0 -594.0 -457.0 -361.0
-184.0 -581.0 -550.0 -741.0 -681.0
5.0 -479.0 -777.0 -751.0 -600.0
-214.0 -648.0 -814.0 -485.0 -380.0
-37.0 -515.0 -812.0 -643.0 -659.0
-257.0 -688.0 -570.0 -492.0 -548.0
-222.0 -709.0 -746.0 -447.0 -531.0
10.0 -516.0 -917.0 -370.0 -550.0
-173.0 -636.0 -780.0 -376.0 -647.0
-51.0 -591.0 -850.0 -503.0 -560.0
-253.0 -612.0 -491.0 -495.0 -672.0
-201.0 -668.0 -609.0 -415.0 -636.0
66.0 -502.0 -920.0 -482.0 -364.0
-356.0 -617.0 -636.0 -490.0 -375.0
-13.0 -720.0 -788.0 -563.0 -619.0
-127.0 -622.0 -927.0 -259.0 -427.0
-130.0 -747.0 -478.0 -461.0 -726.0
-428.0 -705.0 -185.0 -377.0 -320.0
32.0 -496.0 -826.0 -619.0 -686.0
-47.0 -669.0 -458.0 -582.0 -765.0
-165.0 -570.0 -742.0 -655.0 -597.0
-191.0 -539.0 -643.0 -603.0 -668.0
186.0 -506.0 -832.0 -629.0 -574.0
-322.0 -602.0 -394.0 -597.0 -636.0
-364.0 -648.0 -630.0 -351.0 -399.0
-144.0 -728.0 -555.0 -676.0 -440.0
-249.0 -579.0 -885.0 -344.0 -426.0
-386.0 -735.0 -415.0 -337.0 -339.0
-192.0 -614.0 -712.0 -585.0 -580.0
-106.0 -629.0 -796.0 -486.0 -652.0
-162.0 -650.0 -881.0 -370.0 -438.0
-216.0 -469.0 -856.0 -455.0 -548.0
-216.0 -654.0 -730.0 -473.0 -627.0
-254.0 -634.0 -741.0 -501.0 -524.0
13.0 -507.0 -803.0 -705.0 -449.0
50.0 -414.0 -1007.0 -396.0 -466.0
-282.0 -674.0 -515.0 -588.0 -531.0
-178.0 -665.0 -700.0 -629.0 -546.0
-168.0 -467.0 -824.0 -633.0 -460.0
-156.0 -760.0 -672.0 -481.0 -515.0
-155.0 -700.0 -823.0 -379.0 -429.0
250.0 -506.0 -404.0 -521.0 -819.0
-301.0 -547.0 -813.0 -452.0 -545.0
-196.0 -702.0 -670.0 -274.0 -617.0
-90.0 -673.0 -882.0 -544.0 -539.0
-229.0 -777.0 -614.0 -297.0 -531.0
-214.0 -711.0 -693.0 -613.0 -415.0
-286.0 -701.0 -487.0 -664.0 -548.0
-206.0 -749.0 -548.0 -392.0 -637.0
52.0 -532.0 -946.0 -386.0 -420.0
-336.0 -738.0 -638.0 -301.0 -387.0
-469.0 -649.0 -471.0 -235.0 -446.0
-317.0 -612.0 -532.0 -560.0 -666.0
-110.0 -696.0 -707.0 -620.0 -506.0
114.0 -630.0 -894.0 -421.0 -605.0
-292.0 -713.0 -446.0 -584.0 -514.0
-312.0 -579.0 -782.0 -257.0 -496.0
29.0 -602.0 -866.0 -630.0 -336.0
-407.0 -644.0 -368.0 -500.0 -323.0
-58.0 -743.0 -755.0 -486.0 -549.0
-210.0 -624.0 -374.0 -697.0 -465.0
-348.0 -644.0 -493.0 -384.0 -589.0
-186.0 -616.0 -760.0 -446.0 -621.0
-313.0 -735.0 -497.0 -437.0 -509.0
-141.0 -702.0 -765.0 -424.0 -547.0
-206.0 -765.0 -629.0 -466.0 -635.0
-4.0 -549.0 -770.0 -706.0 -535.0
-176.0 -704.0 -484.0 -714.0 -409.0
-170.0 -623.0 -631.0 -655.0 -651.0
98.0 -607.0 -776.0 -691.0 -434.0
-146.0 -443.0 -954.0 -339.0 -334.0
-214.0 -547.0 -671.0 -666.0 -443.0
140.0 -721.0 -900.0 -514.0 -494.0
-198.0 -769.0 -705.0 -357.0 -498.0
-366.0 -639.0 -511.0 -576.0 -446.0
-404.0 -684.0 -469.0 -286.0 -462.0
47.0 -657.0 -773.0 -498.0 -719.0
-502.0 -492.0 -549.0 -312.0 -540.0
2.0 -504.0 -696.0 -742.0 -529.0
-232.0 -750.0 -403.0 -532.0 -573.0
-227.0 -677.0 -665.0 -622.0 -395.0
39.0 -467.0 -921.0 -473.0 -382.0
-29.0 -519.0 -796.0 -657.0 -365.0
-428.0 -719.0 -386.0 -321.0 -469.0
-84.0 -498.0 -942.0 -338.0 -339.0
-347.0 -677.0 -653.0 -321.0 -251.0
-229.0 -756.0 -493.0 -388.0 -600.0
-98.0 -720.0 -485.0 -718.0 -550.0
-256.0 -678.0 -734.0 -354.0 -429.0
-318.0 -647.0 -502.0 -488.0 -609.0
-181.0 -794.0 -632.0 -501.0 -445.0
-49.0 -674.0 -553.0 -744.0 -630.0
-233.0 -770.0 -763.0 -238.0 -294.0
-409.0 -670.0 -492.0 -334.0 -306.0
74.0 -512.0 -855.0 -635.0 -556.0
-341.0 -616.0 -638.0 -413.0 -493.0
-116.0 -827.0 -706.0 -474.0 -516.0
-339.0 -674.0 -409.0 -529.0 -610.0
267.0 -652.0 -843.0 -554.0 -669.0
-41.0 -554.0 -930.0 -324.0 -346.0
120.0 -534.0 -915.0 -520.0 -473.0
-4.0 -763.0 -888.0 -426.0 -409.0
170.0 -542.0 -832.0 -636.0 -537.0
-19.0 -464.0 -990.0 -342.0 -457.0
65.0 -536.0 -922.0 -421.0 -512.0
3.0 -578.0 -552.0 -796.0 -578.0
-192.0 -695.0 -752.0 -341.0 -562.0
59.0 -427.0 -975.0 -441.0 -424.0
110.0 -536.0 -813.0 -419.0 -714.0
-300.0 -772.0 -580.0 -352.0 -259.0
-118.0 -724.0 -536.0 -690.0 -621.0
-213.0 -599.0 -711.0 -578.0 -535.0
-178.0 -616.0 -762.0 -568.0 -422.0
-81.0 -719.0 -710.0 -472.0 -636.0
-162.0 -591.0 -798.0 -601.0 -373.0
-111.0 -639.0 -917.0 -318.0 -347.0
40.0 -549.0 -709.0 -750.0 -412.0
-207.0 -637.0 -816.0 -467.0 -302.0
-297.0 -583.0 -789.0 -438.0 -398.0
-174.0 -803.0 -533.0 -568.0 -576.0
-182.0 -694.0 -728.0 -385.0 -610.0
-72.0 -627.0 -422.0 -378.0 -782.0
-169.0 -373.0 -944.0 -411.0 -379.0
-94.0 -683.0 -830.0 -541.0 -430.0
-105.0 -758.0 -564.0 -681.0 -641.0
-75.0 -722.0 -711.0 -530.0 -602.0
-320.0 -714.0 -537.0 -571.0 -490.0
69.0 -639.0 -873.0 -513.0 -545.0
-70.0 -659.0 -468.0 -640.0 -724.0
-56.0 -641.0 -645.0 -561.0 -728.0
-8.0 -720.0 -804.0 -570.0 -389.0
-214.0 -711.0 -791.0 -273.0 -379.0
-223.0 -643.0 -450.0 -652.0 -612.0
147.0 -720.0 -899.0 -615.0 -411.0
-230.0 -593.0 -704.0 -623.0 -460.0
-80.0 -582.0 -840.0 -568.0 -535.0
-104.0 -649.0 -758.0 -531.0 -690.0
-327.0 -628.0 -660.0 -409.0 -522.0
-152.0 -650.0 -863.0 -385.0 -603.0
-218.0 -706.0 -585.0 -567.0 -507.0
103.0 -665.0 -785.0 -675.0 -556.0
110.0 -451.0 -834.0 -509.0 -723.0
-73.0 -442.0 -780.0 -653.0 -627.0
-107.0 -663.0 -586.0 -631.0 -696.0
-241.0 -778.0 -640.0 -361.0 -389.0
-247.0 -614.0 -780.0 -308.0 -512.0
-151.0 -539.0 -845.0 -421.0 -573.0
62.0 -741.0 -830.0 -627.0 -473.0
-21.0 -475.0 -773.0 -576.0 -711.0
-200.0 -504.0 -840.0 -603.0 -438.0
-215.0 -782.0 -658.0 -406.0 -442.0
-215.0 -741.0 -732.0 -338.0 -500.0
155.0 -688.0 -843.0 -620.0 -518.0
-229.0 -458.0 -951.0 -202.0 -358.0
-163.0 -660.0 -818.0 -312.0 -548.0
-157.0 -729.0 -528.0 -608.0 -625.0
49.0 -449.0 -947.0 -370.0 -525.0
-384.0 -734.0 -468.0 -271.0 -388.0
-266.0 -737.0 -511.0 -455.0 -572.0
-246.0 -581.0 -727.0 -451.0 -677.0
7.0 -530.0 -934.0 -438.0 -362.0
-249.0 -689.0 -541.0 -452.0 -663.0
-226.0 -654.0 -658.0 -355.0 -599.0
-134.0 -391.0 -896.0 -455.0 -562.0
-78.0 -485.0 -568.0 -799.0 -539.0
-37.0 -585.0 -841.0 -419.0 -664.0
-203.0 -745.0 -666.0 -457.0 -574.0
-75.0 -764.0 -673.0 -638.0 -627.0
-82.0 -502.0 -782.0 -674.0 -375.0
-68.0 -645.0 -759.0 -726.0 -674.0
-277.0 -757.0 -691.0 -241.0 -424.0
-29.0 -720.0 -763.0 -507.0 -705.0
-104.0 -705.0 -705.0 -627.0 -501.0
-172.0 -649.0 -783.0 -468.0 -571.0
-45.0 -579.0 -945.0 -371.0 -297.0
-119.0 -817.0 -598.0 -536.0 -629.0
-476.0 -677.0 -476.0 -224.0 -301.0
-279.0 -637.0 -644.0 -372.0 -609.0
-10.0 -477.0 -958.0 -387.0 -415.0
-7.0 -665.0 -851.0 -489.0 -635.0
-10.0 -496.0 -936.0 -327.0 -401.0
