-167.0 -262.0 -487.0 -486.0 -722.0
-134.0 -221.0 -654.0 -570.0 -219.0
-223.0 -354.0 -570.0 -603.0 -604.0
-370.0 -502.0 -651.0 -547.0 -426.0
-339.0 -645.0 -596.0 -381.0 -495.0
-201.0 -413.0 -450.0 -493.0 -746.0
-310.0 -518.0 -659.0 -440.0 -527.0
-448.0 -573.0 -522.0 -597.0 -358.0
-486.0 -510.0 -454.0 -611.0 -579.0
-413.0 -441.0 -589.0 -370.0 -604.0
-354.0 -562.0 -641.0 -426.0 -476.0
-345.0 -440.0 -348.0 -671.0 -537.0
-530.0 -390.0 -564.0 -635.0 -344.0
-438.0 -605.0 -389.0 -612.0 -618.0
-142.0 -403.0 -498.0 -696.0 -427.0
-464.0 -535.0 -401.0 -704.0 -532.0
-529.0 -447.0 -541.0 -530.0 -613.0
-394.0 -611.0 -579.0 -439.0 -507.0
-579.0 -488.0 -443.0 -614.0 -537.0
-329.0 -688.0 -346.0 -532.0 -676.0
-441.0 -444.0 -474.0 -676.0 -427.0
-292.0 -390.0 -562.0 -652.0 -465.0
-429.0 -415.0 -419.0 -715.0 -434.0
-377.0 -331.0 -645.0 -426.0 -572.0
-397.0 -678.0 -456.0 -378.0 -661.0
-569.0 -696.0 -370.0 -274.0 -379.0
-525.0 -451.0 -590.0 -579.0 -434.0
-285.0 -574.0 -632.0 -345.0 -529.0
-329.0 -477.0 -658.0 -491.0 -510.0
-439.0 -415.0 -566.0 -549.0 -546.0
-457.0 -378.0 -558.0 -666.0 -267.0
-430.0 -634.0 -361.0 -524.0 -642.0
-193.0 -400.0 -580.0 -377.0 -649.0
-489.0 -586.0 -582.0 -433.0 -503.0
-505.0 -584.0 -434.0 -594.0 -432.0
-349.0 -367.0 -571.0 -570.0 -569.0
-470.0 -417.0 -594.0 -570.0 -519.0
-451.0 -635.0 -313.0 -528.0 -710.0
-452.0 -626.0 -392.0 -412.0 -661.0
-421.0 -532.0 -632.0 -267.0 -488.0
-455.0 -552.0 -348.0 -658.0 -531.0
-359.0 -307.0 -539.0 -677.0 -485.0
-415.0 -684.0 -543.0 -497.0 -535.0
-476.0 -328.0 -563.0 -588.0 -529.0
-249.0 -287.0 -567.0 -687.0 -381.0
-445.0 -639.0 -332.0 -551.0 -651.0
-480.0 -638.0 -488.0 -551.0 -569.0
-360.0 -547.0 -393.0 -610.0 -584.0
-485.0 -398.0 -488.0 -460.0 -684.0
-264.0 -416.0 -424.0 -464.0 -778.0
-152.0 -264.0 -647.0 -596.0 -193.0
-344.0 -441.0 -610.0 -511.0 -593.0
-380.0 -661.0 -437.0 -528.0 -715.0
-530.0 -570.0 -373.0 -632.0 -499.0
-363.0 -614.0 -451.0 -572.0 -655.0
-547.0 -573.0 -561.0 -425.0 -329.0
-525.0 -384.0 -538.0 -575.0 -581.0
-353.0 -595.0 -238.0 -665.0 -561.0
-409.0 -579.0 -521.0 -494.0 -606.0
-96.0 -606.0 -505.0 -657.0 -532.0
-246.0 -703.0 -481.0 -495.0 -669.0
-411.0 -438.0 -578.0 -644.0 -467.0
-375.0 -464.0 -388.0 -380.0 -782.0
-178.0 -291.0 -551.0 -350.0 -682.0
-368.0 -290.0 -501.0 -265.0 -712.0
-202.0 -531.0 -363.0 -582.0 -692.0
-197.0 -207.0 -539.0 -681.0 -480.0
-224.0 -505.0 -586.0 -525.0 -591.0
-441.0 -404.0 -625.0 -334.0 -591.0
-148.0 -542.0 -592.0 -270.0 -637.0
-108.0 -298.0 -637.0 -621.0 -344.0
-318.0 -136.0 -565.0 -378.0 -673.0
-460.0 -383.0 -574.0 -478.0 -613.0
-459.0 -626.0 -558.0 -345.0 -468.0
-442.0 -512.0 -413.0 -626.0 -526.0
-403.0 -374.0 -602.0 -259.0 -594.0
-470.0 -590.0 -583.0 -510.0 -291.0
-347.0 -534.0 -409.0 -393.0 -719.0
-532.0 -566.0 -400.0 -624.0 -461.0
-437.0 -620.0 -384.0 -593.0 -611.0
-452.0 -229.0 -527.0 -524.0 -691.0
-477.0 -642.0 -361.0 -612.0 -578.0
-243.0 -540.0 -501.0 -392.0 -700.0
-332.0 -500.0 -667.0 -480.0 -458.0
-495.0 -471.0 -511.0 -608.0 -601.0
-467.0 -540.0 -611.0 -506.0 -488.0
-209.0 -148.0 -573.0 -397.0 -698.0
-318.0 -373.0 -645.0 -376.0 -574.0
-471.0 -606.0 -350.0 -596.0 -644.0
-255.0 -559.0 -490.0 -681.0 -400.0
-237.0 -581.0 -258.0 -447.0 -787.0
-408.0 -542.0 -577.0 -584.0 -529.0
-422.0 -681.0 -507.0 -512.0 -621.0
-248.0 -565.0 -286.0 -543.0 -711.0
-234.0 -310.0 -318.0 -406.0 -805.0
-349.0 -571.0 -613.0 -499.0 -531.0
-337.0 -402.0 -642.0 -254.0 -564.0
-483.0 -259.0 -707.0 -426.0 -470.0
-368.0 -643.0 -400.0 -393.0 -720.0
-339.0 -387.0 -358.0 -670.0 -552.0
-401.0 -442.0 -665.0 -388.0 -484.0
-482.0 -660.0 -540.0 -303.0 -398.0
-513.0 -260.0 -624.0 -455.0 -590.0
-364.0 -592.0 -596.0 -449.0 -524.0
-274.0 -644.0 -387.0 -607.0 -644.0
-264.0 -549.0 -565.0 -370.0 -642.0
-198.0 -569.0 -437.0 -692.0 -496.0
-418.0 -589.0 -561.0 -598.0 -346.0
-203.0 -437.0 -329.0 -441.0 -788.0
-426.0 -697.0 -525.0 -576.0 -556.0
-548.0 -389.0 -587.0 -547.0 -501.0
-323.0 -542.0 -482.0 -664.0 -511.0
-377.0 -573.0 -600.0 -439.0 -538.0
-332.0 -415.0 -561.0 -485.0 -642.0
-331.0 -293.0 -628.0 -567.0 -347.0
-380.0 -313.0 -583.0 -655.0 -305.0
-204.0 -406.0 -598.0 -377.0 -614.0
-322.0 -597.0 -586.0 -548.0 -465.0
-379.0 -365.0 -683.0 -354.0 -511.0
-495.0 -461.0 -575.0 -527.0 -580.0
-406.0 -564.0 -579.0 -364.0 -512.0
-343.0 -604.0 -474.0 -657.0 -382.0
-446.0 -533.0 -627.0 -476.0 -486.0
-416.0 -515.0 -376.0 -658.0 -571.0
-484.0 -594.0 -467.0 -353.0 -664.0
-468.0 -595.0 -404.0 -664.0 -472.0
-487.0 -641.0 -390.0 -509.0 -702.0
-461.0 -484.0 -603.0 -478.0 -582.0
-352.0 -527.0 -484.0 -616.0 -608.0
-400.0 -528.0 -437.0 -628.0 -482.0
-280.0 -689.0 -447.0 -498.0 -702.0
-290.0 -356.0 -519.0 -692.0 -490.0
-497.0 -671.0 -401.0 -576.0 -551.0
-306.0 -432.0 -686.0 -470.0 -550.0
-475.0 -699.0 -514.0 -495.0 -659.0
-369.0 -359.0 -641.0 -607.0 -326.0
-434.0 -609.0 -438.0 -661.0 -439.0
-447.0 -487.0 -348.0 -557.0 -702.0
-239.0 -389.0 -630.0 -543.0 -572.0
-474.0 -333.0 -616.0 -477.0 -588.0
-348.0 -543.0 -448.0 -713.0 -292.0
-351.0 -425.0 -613.0 -630.0 -566.0
-472.0 -456.0 -526.0 -555.0 -660.0
-343.0 -417.0 -470.0 -738.0 -410.0
-331.0 -257.0 -578.0 -381.0 -661.0
-362.0 -506.0 -489.0 -536.0 -688.0
-367.0 -655.0 -544.0 -470.0 -664.0
-232.0 -595.0 -321.0 -653.0 -620.0
-398.0 -697.0 -457.0 -524.0 -607.0
-170.0 -585.0 -497.0 -685.0 -330.0
-359.0 -627.0 -432.0 -638.0 -441.0
-368.0 -496.0 -559.0 -649.0 -639.0
-464.0 -497.0 -404.0 -697.0 -355.0
-390.0 -723.0 -564.0 -306.0 -470.0
-231.0 -535.0 -442.0 -729.0 -231.0
-326.0 -564.0 -535.0 -653.0 -536.0
-307.0 -468.0 -347.0 -729.0 -405.0
-394.0 -681.0 -439.0 -460.0 -672.0
-435.0 -450.0 -528.0 -717.0 -328.0
-426.0 -649.0 -569.0 -367.0 -566.0
-508.0 -476.0 -592.0 -525.0 -492.0
-341.0 -547.0 -624.0 -428.0 -564.0
-415.0 -693.0 -359.0 -645.0 -558.0
-563.0 -492.0 -574.0 -447.0 -509.0
-303.0 -533.0 -419.0 -540.0 -696.0
-524.0 -627.0 -436.0 -545.0 -394.0
-432.0 -477.0 -620.0 -515.0 -453.0
-477.0 -661.0 -532.0 -402.0 -403.0
-465.0 -458.0 -529.0 -555.0 -652.0
-420.0 -712.0 -268.0 -594.0 -478.0
-285.0 -651.0 -423.0 -641.0 -541.0
-375.0 -474.0 -660.0 -419.0 -523.0
-67.0 -551.0 -427.0 -706.0 -459.0
-375.0 -652.0 -485.0 -503.0 -647.0
-409.0 -355.0 -698.0 -406.0 -365.0
-336.0 -586.0 -354.0 -562.0 -660.0
-254.0 -628.0 -626.0 -485.0 -513.0
-250.0 -460.0 -395.0 -544.0 -700.0
-145.0 -543.0 -462.0 -534.0 -699.0
-398.0 -377.0 -400.0 -725.0 -274.0
-390.0 -562.0 -597.0 -291.0 -525.0
-397.0 -619.0 -480.0 -624.0 -388.0
-293.0 -429.0 -472.0 -733.0 -291.0
-505.0 -664.0 -342.0 -516.0 -472.0
-299.0 -563.0 -497.0 -663.0 -426.0
-288.0 -733.0 -487.0 -560.0 -596.0
-393.0 -656.0 -537.0 -518.0 -426.0
-454.0 -559.0 -479.0 -677.0 -239.0
-171.0 -296.0 -406.0 -497.0 -759.0
-451.0 -700.0 -441.0 -522.0 -483.0
-358.0 -376.0 -455.0 -498.0 -712.0
-304.0 -657.0 -369.0 -660.0 -593.0
-173.0 -569.0 -499.0 -461.0 -749.0
-325.0 -554.0 -568.0 -634.0 -408.0
-465.0 -672.0 -326.0 -612.0 -414.0
-533.0 -119.0 -661.0 -479.0 -533.0
-409.0 -578.0 -623.0 -348.0 -493.0
-386.0 -452.0 -564.0 -630.0 -482.0
-493.0 -495.0 -503.0 -552.0 -607.0
-318.0 -423.0 -632.0 -298.0 -592.0
-274.0 -539.0 -420.0 -508.0 -727.0
-454.0 -688.0 -548.0 -478.0 -391.0
-371.0 -538.0 -537.0 -626.0 -531.0
-459.0 -594.0 -449.0 -592.0 -415.0
-431.0 -481.0 -557.0 -506.0 -654.0
-143.0 -418.0 -619.0 -610.0 -442.0
-401.0 -605.0 -379.0 -625.0 -604.0
-353.0 -383.0 -589.0 -634.0 -504.0
-445.0 -591.0 -373.0 -570.0 -650.0
-418.0 -538.0 -526.0 -666.0 -300.0
-502.0 -576.0 -385.0 -572.0 -607.0
-605.0 -666.0 -288.0 -353.0 -272.0
-274.0 -487.0 -663.0 -509.0 -456.0
-130.0 -343.0 -587.0 -678.0 -391.0
-351.0 -395.0 -582.0 -497.0 -638.0
-387.0 -614.0 -615.0 -424.0 -421.0
-427.0 -602.0 -343.0 -614.0 -618.0
-389.0 -420.0 -560.0 -458.0 -643.0
-464.0 -602.0 -426.0 -580.0 -573.0
-234.0 -445.0 -534.0 -398.0 -694.0
-381.0 -651.0 -533.0 -558.0 -466.0
-317.0 -576.0 -300.0 -386.0 -749.0
-336.0 -369.0 -542.0 -709.0 -418.0
-466.0 -443.0 -581.0 -430.0 -605.0
-296.0 -493.0 -386.0 -625.0 -650.0
-532.0 -522.0 -539.0 -471.0 -546.0
-414.0 -468.0 -661.0 -522.0 -275.0
-486.0 -386.0 -579.0 -571.0 -445.0
-142.0 -311.0 -590.0 -424.0 -633.0
-467.0 -677.0 -424.0 -521.0 -506.0
-532.0 -722.0 -386.0 -490.0 -505.0
-442.0 -564.0 -366.0 -537.0 -663.0
-379.0 -549.0 -608.0 -495.0 -532.0
-186.0 -398.0 -397.0 -749.0 -406.0
-448.0 -595.0 -369.0 -665.0 -455.0
-209.0 -572.0 -483.0 -690.0 -496.0
-340.0 -512.0 -636.0 -495.0 -572.0
-351.0 -87.0 -539.0 -440.0 -681.0
-522.0 -565.0 -459.0 -586.0 -553.0
-460.0 -666.0 -539.0 -483.0 -522.0
-421.0 -406.0 -261.0 -574.0 -708.0
-91.0 -450.0 -579.0 -337.0 -678.0
-493.0 -655.0 -383.0 -512.0 -616.0
-364.0 -415.0 -474.0 -477.0 -699.0
-533.0 -463.0 -559.0 -594.0 -548.0
-220.0 -642.0 -587.0 -534.0 -531.0
-472.0 -445.0 -336.0 -733.0 -208.0
-329.0 -509.0 -590.0 -497.0 -572.0
-195.0 -546.0 -525.0 -667.0 -499.0
-251.0 -588.0 -666.0 -342.0 -496.0
-361.0 -527.0 -301.0 -194.0 -747.0
-475.0 -436.0 -572.0 -506.0 -598.0
-132.0 -325.0 -624.0 -593.0 -455.0
-413.0 -417.0 -439.0 -502.0 -721.0
-378.0 -532.0 -671.0 -419.0 -367.0
-517.0 -656.0 -396.0 -501.0 -409.0
-246.0 -464.0 -643.0 -450.0 -570.0
-393.0 -388.0 -615.0 -587.0 -356.0
-586.0 -391.0 -571.0 -614.0 -469.0
-426.0 -506.0 -476.0 -644.0 -406.0
-309.0 -542.0 -361.0 -407.0 -772.0
-540.0 -639.0 -316.0 -506.0 -442.0
-401.0 -471.0 -460.0 -733.0 -213.0
-256.0 -409.0 -508.0 -693.0 -467.0
-443.0 -461.0 -559.0 -601.0 -676.0
-424.0 -463.0 -211.0 -473.0 -730.0
-539.0 -387.0 -556.0 -579.0 -559.0
-414.0 -391.0 -346.0 -738.0 -405.0
-434.0 -400.0 -383.0 -502.0 -720.0
-277.0 -521.0 -604.0 -610.0 -461.0
-483.0 -423.0 -541.0 -596.0 -588.0
-374.0 -365.0 -671.0 -411.0 -527.0
-364.0 -687.0 -486.0 -616.0 -285.0
-321.0 -476.0 -316.0 -546.0 -805.0
-280.0 -264.0 -592.0 -635.0 -410.0
-494.0 -418.0 -390.0 -632.0 -576.0
-389.0 -630.0 -478.0 -610.0 -369.0
-347.0 -240.0 -655.0 -502.0 -506.0
-440.0 -326.0 -631.0 -558.0 -432.0
-176.0 -416.0 -451.0 -499.0 -716.0
-284.0 -717.0 -469.0 -496.0 -661.0
-222.0 -202.0 -670.0 -382.0 -566.0
-446.0 -553.0 -301.0 -542.0 -663.0
-434.0 -424.0 -413.0 -719.0 -504.0
-371.0 -457.0 -584.0 -524.0 -616.0
-470.0 -582.0 -577.0 -395.0 -581.0
-268.0 -402.0 -663.0 -395.0 -553.0
-404.0 -607.0 -512.0 -622.0 -509.0
-552.0 -688.0 -255.0 -535.0 -470.0
-295.0 -386.0 -380.0 -248.0 -792.0
-372.0 -438.0 -466.0 -236.0 -720.0
-467.0 -498.0 -539.0 -563.0 -593.0
-413.0 -533.0 -496.0 -637.0 -441.0
-423.0 -616.0 -444.0 -613.0 -402.0
-532.0 -309.0 -652.0 -554.0 -563.0
-528.0 -567.0 -456.0 -543.0 -589.0
-116.0 -290.0 -564.0 -653.0 -487.0
-371.0 -510.0 -260.0 -497.0 -736.0
-147.0 -578.0 -428.0 -490.0 -767.0
-502.0 -460.0 -563.0 -487.0 -544.0
-314.0 -515.0 -562.0 -663.0 -460.0
-428.0 -480.0 -446.0 -691.0 -357.0
-271.0 -547.0 -452.0 -658.0 -523.0
-269.0 -392.0 -492.0 -771.0 -374.0
-529.0 -631.0 -355.0 -644.0 -351.0
-531.0 -487.0 -551.0 -538.0 -554.0
-205.0 -469.0 -271.0 -753.0 -230.0
-370.0 -550.0 -529.0 -598.0 -582.0
-479.0 -436.0 -522.0 -662.0 -374.0
-267.0 -626.0 -473.0 -685.0 -299.0
-239.0 -671.0 -614.0 -439.0 -505.0
-301.0 -374.0 -596.0 -457.0 -625.0
-428.0 -398.0 -700.0 -357.0 -327.0
-440.0 -414.0 -182.0 -387.0 -758.0
-408.0 -543.0 -635.0 -415.0 -501.0
-433.0 -393.0 -678.0 -488.0 -510.0
-330.0 -315.0 -518.0 -656.0 -504.0
-484.0 -469.0 -442.0 -633.0 -375.0
-280.0 -391.0 -345.0 -302.0 -804.0
-204.0 -442.0 -488.0 -426.0 -766.0
-444.0 -558.0 -647.0 -388.0 -303.0
-495.0 -340.0 -602.0 -594.0 -406.0
-480.0 -206.0 -569.0 -500.0 -628.0
-429.0 -128.0 -628.0 -570.0 -493.0
-225.0 -505.0 -566.0 -394.0 -646.0
-274.0 -494.0 -320.0 -674.0 -534.0
-353.0 -324.0 -581.0 -667.0 -358.0
-304.0 -432.0 -518.0 -731.0 -291.0
-420.0 -531.0 -394.0 -722.0 -506.0
-398.0 -627.0 -597.0 -503.0 -442.0
-370.0 -633.0 -461.0 -667.0 -339.0
-374.0 -617.0 -497.0 -570.0 -655.0
-146.0 -345.0 -496.0 -741.0 -282.0
-387.0 -211.0 -438.0 -474.0 -750.0
-414.0 -487.0 -487.0 -355.0 -706.0
-385.0 -545.0 -564.0 -544.0 -570.0
-457.0 -421.0 -446.0 -484.0 -747.0
-416.0 -524.0 -545.0 -460.0 -646.0
-350.0 -778.0 -532.0 -485.0 -640.0
-515.0 -674.0 -187.0 -482.0 -509.0
-321.0 -497.0 -550.0 -666.0 -331.0
-288.0 -732.0 -367.0 -627.0 -598.0
-561.0 -700.0 -278.0 -378.0 -423.0
-514.0 -500.0 -465.0 -565.0 -626.0
-396.0 -598.0 -526.0 -638.0 -293.0
-541.0 -613.0 -357.0 -572.0 -567.0
-503.0 -469.0 -582.0 -539.0 -503.0
-413.0 -654.0 -469.0 -570.0 -615.0
-76.0 -320.0 -361.0 -400.0 -808.0
-236.0 -691.0 -482.0 -454.0 -675.0
-298.0 -490.0 -481.0 -471.0 -768.0
-339.0 -614.0 -419.0 -694.0 -513.0
-538.0 -304.0 -612.0 -437.0 -577.0
-216.0 -626.0 -642.0 -418.0 -545.0
-390.0 -385.0 -605.0 -407.0 -607.0
-557.0 -398.0 -430.0 -660.0 -490.0
-474.0 -530.0 -603.0 -508.0 -486.0
-249.0 -295.0 -573.0 -669.0 -268.0
-184.0 -623.0 -428.0 -707.0 -358.0
-401.0 -589.0 -388.0 -662.0 -540.0
-206.0 -431.0 -368.0 -723.0 -421.0
-67.0 -434.0 -691.0 -473.0 -286.0
-345.0 -513.0 -296.0 -508.0 -722.0
-371.0 -671.0 -562.0 -534.0 -599.0
-493.0 -593.0 -332.0 -526.0 -606.0
-320.0 -467.0 -507.0 -677.0 -518.0
-548.0 -260.0 -623.0 -468.0 -591.0
-350.0 -572.0 -594.0 -517.0 -567.0
-256.0 -384.0 -472.0 -516.0 -700.0
-92.0 -571.0 -375.0 -510.0 -741.0
-480.0 -191.0 -649.0 -459.0 -612.0
-381.0 -717.0 -445.0 -592.0 -488.0
-483.0 -422.0 -421.0 -663.0 -590.0
-494.0 -573.0 -346.0 -694.0 -432.0
-244.0 -552.0 -437.0 -722.0 -379.0
-508.0 -631.0 -567.0 -378.0 -366.0
-266.0 -440.0 -470.0 -745.0 -344.0
-525.0 -651.0 -478.0 -465.0 -393.0
-260.0 -460.0 -458.0 -396.0 -771.0
-465.0 -561.0 -341.0 -703.0 -254.0
-379.0 -298.0 -718.0 -302.0 -364.0
-380.0 -269.0 -548.0 -420.0 -704.0
-212.0 -598.0 -620.0 -420.0 -586.0
-246.0 -366.0 -445.0 -292.0 -773.0
-353.0 -501.0 -633.0 -347.0 -559.0
-183.0 -297.0 -547.0 -426.0 -690.0
-496.0 -584.0 -407.0 -629.0 -466.0
-375.0 -552.0 -434.0 -671.0 -436.0
-393.0 -273.0 -658.0 -483.0 -554.0
-53.0 -420.0 -556.0 -262.0 -681.0
-446.0 -367.0 -547.0 -666.0 -396.0
-216.0 -264.0 -452.0 -511.0 -744.0
-539.0 -655.0 -419.0 -459.0 -236.0
-510.0 -181.0 -664.0 -511.0 -466.0
-328.0 -493.0 -527.0 -443.0 -696.0
-322.0 -347.0 -568.0 -678.0 -398.0
-348.0 -661.0 -376.0 -642.0 -619.0
-248.0 -609.0 -455.0 -690.0 -456.0
-294.0 -585.0 -349.0 -361.0 -764.0
-409.0 -638.0 -451.0 -506.0 -680.0
-392.0 -592.0 -664.0 -501.0 -473.0
-360.0 -382.0 -559.0 -435.0 -679.0
-81.0 -285.0 -636.0 -568.0 -411.0
-140.0 -500.0 -524.0 -465.0 -771.0
-192.0 -667.0 -465.0 -609.0 -649.0
-382.0 -574.0 -549.0 -625.0 -544.0
-463.0 -499.0 -508.0 -315.0 -666.0
-357.0 -569.0 -298.0 -562.0 -659.0
-384.0 -391.0 -393.0 -413.0 -769.0
-434.0 -575.0 -571.0 -537.0 -489.0
-487.0 -762.0 -328.0 -472.0 -569.0
-343.0 -587.0 -634.0 -436.0 -505.0
-326.0 -420.0 -694.0 -472.0 -427.0
-348.0 -422.0 -564.0 -307.0 -660.0
-281.0 -578.0 -622.0 -578.0 -538.0
-544.0 -480.0 -544.0 -536.0 -459.0
-389.0 -234.0 -589.0 -485.0 -620.0
-486.0 -424.0 -554.0 -660.0 -495.0
-336.0 -424.0 -491.0 -322.0 -720.0
-453.0 -653.0 -560.0 -545.0 -399.0
-333.0 -669.0 -578.0 -467.0 -631.0
-219.0 -487.0 -430.0 -416.0 -771.0
-278.0 -690.0 -515.0 -597.0 -634.0
-273.0 -776.0 -475.0 -514.0 -588.0
-383.0 -557.0 -579.0 -502.0 -564.0
-340.0 -391.0 -663.0 -562.0 -398.0
-290.0 -463.0 -504.0 -368.0 -699.0
-303.0 -490.0 -476.0 -309.0 -736.0
-180.0 -593.0 -357.0 -399.0 -794.0
-369.0 -557.0 -550.0 -581.0 -571.0
-497.0 -321.0 -589.0 -639.0 -366.0
-337.0 -433.0 -676.0 -551.0 -448.0
-320.0 -500.0 -396.0 -725.0 -347.0
-404.0 -603.0 -615.0 -417.0 -306.0
-360.0 -484.0 -536.0 -671.0 -497.0
-345.0 -563.0 -569.0 -544.0 -550.0
-415.0 -637.0 -572.0 -509.0 -448.0
-597.0 -478.0 -540.0 -450.0 -542.0
-342.0 -468.0 -276.0 -438.0 -755.0
-188.0 -680.0 -446.0 -675.0 -435.0
-392.0 -503.0 -216.0 -302.0 -738.0
-353.0 -529.0 -222.0 -450.0 -719.0
-277.0 -472.0 -309.0 -564.0 -779.0
-521.0 -503.0 -564.0 -466.0 -529.0
-389.0 -629.0 -358.0 -677.0 -371.0
-335.0 -452.0 -689.0 -506.0 -488.0
-292.0 -317.0 -642.0 -563.0 -493.0
-163.0 -346.0 -536.0 -327.0 -719.0
-466.0 -582.0 -481.0 -590.0 -536.0
-261.0 -228.0 -509.0 -736.0 -431.0
-294.0 -430.0 -572.0 -660.0 -406.0
-263.0 -535.0 -589.0 -469.0 -643.0
-448.0 -387.0 -583.0 -536.0 -579.0
-246.0 -584.0 -586.0 -423.0 -619.0
-466.0 -642.0 -557.0 -397.0 -386.0
-442.0 -647.0 -376.0 -557.0 -586.0
-371.0 -385.0 -625.0 -460.0 -589.0
-532.0 -427.0 -587.0 -481.0 -551.0
-167.0 -469.0 -580.0 -642.0 -446.0
-475.0 -581.0 -388.0 -622.0 -504.0
-409.0 -691.0 -597.0 -458.0 -394.0
-238.0 -540.0 -326.0 -612.0 -700.0
-235.0 -461.0 -577.0 -425.0 -660.0
-311.0 -420.0 -550.0 -729.0 -412.0
-443.0 -564.0 -589.0 -351.0 -526.0
-251.0 -453.0 -623.0 -600.0 -553.0
-522.0 -480.0 -354.0 -656.0 -521.0
-143.0 -466.0 -497.0 -661.0 -598.0
-486.0 -527.0 -493.0 -520.0 -618.0
-474.0 -473.0 -600.0 -330.0 -569.0
-363.0 -655.0 -623.0 -366.0 -333.0
-478.0 -708.0 -307.0 -547.0 -629.0
-412.0 -609.0 -604.0 -372.0 -414.0
-511.0 -373.0 -546.0 -640.0 -501.0
-184.0 -621.0 -379.0 -397.0 -753.0
-363.0 -514.0 -619.0 -549.0 -305.0
-495.0 -689.0 -409.0 -484.0 -387.0
-210.0 -572.0 -587.0 -550.0 -579.0
-501.0 -741.0 -503.0 -434.0 -608.0
-253.0 -352.0 -591.0 -637.0 -345.0
-411.0 -678.0 -461.0 -514.0 -621.0
-186.0 -558.0 -496.0 -313.0 -736.0
-479.0 -622.0 -276.0 -538.0 -641.0
-534.0 -492.0 -482.0 -650.0 -363.0
-342.0 -525.0 -292.0 -366.0 -755.0
-479.0 -434.0 -488.0 -664.0 -327.0
-360.0 -521.0 -320.0 -588.0 -689.0
-468.0 -584.0 -532.0 -591.0 -487.0
-339.0 -361.0 -620.0 -573.0 -585.0
-340.0 -474.0 -661.0 -406.0 -522.0
-434.0 -429.0 -564.0 -567.0 -615.0
-574.0 -689.0 -275.0 -230.0 -410.0
-162.0 -477.0 -550.0 -671.0 -521.0
-377.0 -647.0 -580.0 -448.0 -463.0
-313.0 -519.0 -488.0 -331.0 -696.0
-194.0 -317.0 -469.0 -479.0 -786.0
-458.0 -400.0 -626.0 -448.0 -544.0
-551.0 -642.0 -362.0 -504.0 -442.0
-395.0 -452.0 -594.0 -618.0 -482.0
-295.0 -506.0 -479.0 -695.0 -349.0
-301.0 -553.0 -458.0 -673.0 -441.0
-420.0 -453.0 -629.0 -520.0 -353.0
-440.0 -509.0 -537.0 -575.0 -646.0
-422.0 -506.0 -434.0 -548.0 -663.0
-503.0 -695.0 -398.0 -439.0 -495.0
-359.0 -489.0 -669.0 -468.0 -405.0
-398.0 -494.0 -572.0 -595.0 -374.0
-497.0 -511.0 -521.0 -616.0 -542.0
-128.0 -577.0 -359.0 -372.0 -795.0
-329.0 -297.0 -625.0 -587.0 -469.0
-316.0 -517.0 -313.0 -606.0 -663.0
-268.0 -439.0 -501.0 -689.0 -424.0
-364.0 -550.0 -505.0 -628.0 -410.0
