-219.0 -381.0 -592.0 -474.0 -626.0
-441.0 -27.0 -618.0 -390.0 -549.0
-478.0 -448.0 -442.0 -417.0 -638.0
-450.0 -679.0 -30.0 -382.0 -840.0
-510.0 -377.0 -320.0 -561.0 -688.0
-526.0 -305.0 -499.0 -214.0 -694.0
-526.0 -358.0 -485.0 -357.0 -493.0
-224.0 -351.0 -592.0 -355.0 -795.0
-626.0 -489.0 -39.0 -506.0 -656.0
-485.0 -473.0 -319.0 -462.0 -719.0
-412.0 -415.0 -227.0 -625.0 -784.0
-417.0 -303.0 -588.0 -133.0 -735.0
-311.0 -328.0 -461.0 -463.0 -790.0
-465.0 -418.0 -348.0 -524.0 -742.0
-511.0 -296.0 -499.0 -402.0 -741.0
-395.0 -229.0 -501.0 -364.0 -785.0
-297.0 -305.0 -580.0 -305.0 -739.0
-237.0 -327.0 -625.0 -336.0 -653.0
-231.0 -448.0 -364.0 -412.0 -852.0
-299.0 -357.0 -392.0 -465.0 -894.0
-411.0 -524.0 -355.0 -304.0 -870.0
-309.0 -360.0 -589.0 -482.0 -704.0
-533.0 -579.0 -178.0 -407.0 -749.0
-437.0 -534.0 -391.0 -378.0 -840.0
-466.0 -98.0 -610.0 -351.0 -583.0
-586.0 -211.0 -434.0 -208.0 -843.0
-414.0 -276.0 -629.0 -149.0 -609.0
-392.0 -299.0 -396.0 -570.0 -705.0
-480.0 -264.0 -343.0 -324.0 -916.0
-353.0 -261.0 -571.0 -535.0 -642.0
-558.0 -401.0 -273.0 -553.0 -873.0
-529.0 -564.0 -275.0 -399.0 -682.0
-221.0 -573.0 -473.0 -347.0 -811.0
-609.0 -287.0 -126.0 -597.0 -826.0
-452.0 -383.0 -395.0 -465.0 -760.0
-373.0 -536.0 -109.0 -477.0 -944.0
-625.0 -199.0 -396.0 -484.0 -740.0
-426.0 -406.0 -369.0 -527.0 -830.0
-436.0 -258.0 -540.0 -427.0 -640.0
-276.0 -456.0 -511.0 -289.0 -769.0
-583.0 -582.0 -107.0 -215.0 -755.0
-584.0 -591.0 -57.0 -224.0 -837.0
-515.0 -297.0 -448.0 -524.0 -589.0
-515.0 -601.0 -186.0 -386.0 -887.0
-409.0 -383.0 -495.0 -257.0 -769.0
-493.0 -479.0 -117.0 -549.0 -826.0
-580.0 -418.0 -317.0 -492.0 -771.0
-442.0 -339.0 -305.0 -560.0 -869.0
-526.0 -376.0 -479.0 -403.0 -705.0
-450.0 -351.0 -470.0 -478.0 -601.0
-460.0 -309.0 -379.0 -393.0 -904.0
-294.0 -315.0 -497.0 -297.0 -806.0
-377.0 -368.0 -554.0 -369.0 -606.0
-299.0 -492.0 -509.0 -403.0 -595.0
-456.0 -435.0 -459.0 -148.0 -744.0
-325.0 -206.0 -653.0 -257.0 -535.0
-252.0 -629.0 -438.0 -210.0 -797.0
-578.0 -376.0 -352.0 -484.0 -784.0
-514.0 -540.0 -248.0 -364.0 -772.0
-528.0 -340.0 -398.0 -528.0 -729.0
-345.0 -455.0 -471.0 -496.0 -521.0
-340.0 -375.0 -546.0 -387.0 -575.0
-465.0 -278.0 -401.0 -506.0 -759.0
-563.0 -424.0 -335.0 -431.0 -763.0
-493.0 -280.0 -404.0 -563.0 -644.0
-208.0 -201.0 -655.0 -312.0 -570.0
-423.0 -239.0 -370.0 -574.0 -714.0
-554.0 -477.0 -108.0 -595.0 -893.0
-260.0 -293.0 -576.0 -461.0 -740.0
-468.0 -604.0 -312.0 -273.0 -651.0
-358.0 -214.0 -590.0 -370.0 -692.0
-390.0 -442.0 -437.0 -527.0 -701.0
-301.0 -99.0 -645.0 -239.0 -662.0
-605.0 -278.0 -386.0 -457.0 -728.0
-457.0 -369.0 -503.0 -443.0 -642.0
-189.0 -485.0 -613.0 -121.0 -671.0
-522.0 -407.0 -470.0 -269.0 -713.0
-288.0 -403.0 -476.0 -327.0 -828.0
-573.0 -341.0 -350.0 -458.0 -811.0
-466.0 -475.0 -322.0 -510.0 -742.0
-354.0 -478.0 -322.0 -310.0 -894.0
-542.0 -529.0 -168.0 -430.0 -804.0
-393.0 -427.0 -319.0 -565.0 -708.0
-608.0 -445.0 -29.0 -553.0 -910.0
-475.0 -611.0 -231.0 -364.0 -721.0
-481.0 -387.0 -366.0 -299.0 -872.0
-228.0 -507.0 -482.0 -417.0 -753.0
-471.0 -373.0 -402.0 -496.0 -717.0
-568.0 -532.0 -222.0 -340.0 -797.0
-300.0 -438.0 -570.0 -225.0 -720.0
-725.0 -384.0 -271.0 -354.0 -735.0
-337.0 -484.0 -340.0 -249.0 -886.0
-323.0 -306.0 -574.0 -52.0 -756.0
-318.0 -392.0 -545.0 -332.0 -744.0
-401.0 -557.0 -377.0 -395.0 -737.0
-583.0 -494.0 -235.0 -173.0 -818.0
-362.0 -410.0 -178.0 -695.0 -682.0
-467.0 -406.0 -455.0 -365.0 -728.0
-357.0 -354.0 -425.0 -512.0 -816.0
-475.0 -379.0 -327.0 -545.0 -707.0
-519.0 -657.0 -24.0 -275.0 -794.0
-467.0 -583.0 -368.0 -271.0 -743.0
-259.0 -380.0 -392.0 -547.0 -764.0
-457.0 -324.0 -490.0 -467.0 -693.0
-354.0 -525.0 -451.0 -429.0 -767.0
-423.0 -384.0 42.0 -703.0 -692.0
-444.0 -504.0 -384.0 -456.0 -585.0
-494.0 -228.0 -462.0 -371.0 -830.0
-433.0 -353.0 -357.0 -445.0 -862.0
-687.0 -345.0 -224.0 -484.0 -898.0
-528.0 -546.0 -194.0 -419.0 -751.0
-254.0 -364.0 -620.0 -287.0 -771.0
-483.0 -395.0 -314.0 -557.0 -701.0
-413.0 -398.0 -341.0 -406.0 -870.0
-603.0 -205.0 -416.0 -269.0 -851.0
-489.0 -411.0 -381.0 -528.0 -678.0
-504.0 -473.0 -164.0 -535.0 -877.0
-358.0 -481.0 -264.0 -583.0 -802.0
-482.0 -501.0 -424.0 -347.0 -727.0
-467.0 -492.0 -340.0 -416.0 -713.0
-612.0 -478.0 -311.0 -307.0 -776.0
-474.0 -504.0 -226.0 -542.0 -581.0
-579.0 -385.0 -302.0 -493.0 -866.0
-401.0 -304.0 -534.0 -500.0 -745.0
-460.0 -510.0 -54.0 -614.0 -816.0
-293.0 -405.0 -474.0 -284.0 -830.0
-551.0 -277.0 -259.0 -558.0 -883.0
-453.0 -438.0 -167.0 -607.0 -927.0
-464.0 -434.0 -219.0 -572.0 -796.0
-540.0 -210.0 -470.0 -445.0 -823.0
-470.0 -499.0 -161.0 -576.0 -715.0
-254.0 -227.0 -619.0 -361.0 -596.0
-547.0 -290.0 -381.0 -563.0 -760.0
-98.0 -325.0 -647.0 -360.0 -604.0
-435.0 -434.0 -468.0 -504.0 -599.0
-459.0 -410.0 -395.0 -460.0 -619.0
-616.0 -357.0 -251.0 -484.0 -889.0
-332.0 -513.0 -368.0 -360.0 -875.0
-367.0 -360.0 -476.0 -539.0 -692.0
-534.0 -231.0 -518.0 -468.0 -745.0
-612.0 -433.0 -86.0 -526.0 -909.0
-349.0 -212.0 -613.0 -351.0 -575.0
-356.0 -342.0 -594.0 -198.0 -602.0
-453.0 -374.0 -275.0 -592.0 -908.0
-464.0 -470.0 -407.0 -459.0 -546.0
-438.0 -352.0 -480.0 -467.0 -556.0
-269.0 -288.0 -643.0 -63.0 -649.0
-211.0 -440.0 -622.0 -219.0 -641.0
-277.0 -312.0 -630.0 -242.0 -593.0
-489.0 -432.0 -491.0 -291.0 -694.0
-510.0 -313.0 -316.0 -565.0 -716.0
-581.0 -223.0 -423.0 -401.0 -828.0
-499.0 -390.0 -443.0 -354.0 -774.0
-370.0 -479.0 -277.0 -527.0 -834.0
-263.0 -400.0 -477.0 -443.0 -750.0
-555.0 -430.0 -245.0 -540.0 -711.0
-279.0 -312.0 -477.0 -559.0 -658.0
-347.0 -260.0 -483.0 -507.0 -755.0
-569.0 -555.0 -159.0 -499.0 -866.0
-296.0 -397.0 -540.0 -178.0 -774.0
-358.0 -347.0 -439.0 -244.0 -919.0
-561.0 -373.0 -359.0 -493.0 -688.0
-516.0 -432.0 -172.0 -437.0 -899.0
-310.0 -432.0 -319.0 -525.0 -859.0
-591.0 -508.0 -259.0 -352.0 -796.0
-425.0 -318.0 -443.0 -410.0 -907.0
-578.0 -365.0 -475.0 -199.0 -668.0
-465.0 -138.0 -617.0 -305.0 -567.0
-412.0 -389.0 -363.0 -530.0 -801.0
-334.0 -412.0 -489.0 -220.0 -785.0
-326.0 -440.0 -348.0 -591.0 -703.0
-589.0 -387.0 -242.0 -386.0 -860.0
-571.0 -499.0 -335.0 -311.0 -888.0
-574.0 -364.0 -315.0 -484.0 -867.0
-366.0 -206.0 -595.0 -412.0 -583.0
-507.0 -463.0 -247.0 -543.0 -810.0
-514.0 -451.0 -269.0 -544.0 -823.0
-402.0 -633.0 -35.0 -569.0 -828.0
-400.0 -347.0 -526.0 -418.0 -585.0
-409.0 -424.0 -527.0 -333.0 -658.0
-383.0 -346.0 -511.0 -274.0 -777.0
-456.0 -461.0 -463.0 -316.0 -677.0
-553.0 -497.0 -236.0 -483.0 -617.0
-424.0 -519.0 -442.0 -248.0 -778.0
-446.0 -439.0 -395.0 -459.0 -592.0
-376.0 -226.0 -578.0 -368.0 -732.0
-184.0 -213.0 -648.0 -239.0 -654.0
-363.0 -274.0 -477.0 -433.0 -824.0
-477.0 -290.0 -513.0 -470.0 -654.0
-377.0 -549.0 -287.0 -615.0 -632.0
-611.0 -251.0 -335.0 -547.0 -674.0
-359.0 -275.0 -582.0 -316.0 -724.0
-359.0 -426.0 -569.0 -88.0 -747.0
-512.0 -550.0 -401.0 -240.0 -630.0
-660.0 -281.0 -297.0 -512.0 -761.0
-158.0 -292.0 -656.0 -274.0 -585.0
-535.0 -462.0 -412.0 -307.0 -649.0
-310.0 -399.0 -456.0 -345.0 -838.0
-325.0 -87.0 -652.0 -312.0 -578.0
-369.0 -445.0 -562.0 -319.0 -654.0
-398.0 -605.0 -374.0 -378.0 -789.0
-131.0 -466.0 -520.0 -319.0 -818.0
-390.0 -229.0 -408.0 -575.0 -706.0
-384.0 -354.0 -458.0 -600.0 -700.0
-517.0 -237.0 -536.0 -407.0 -737.0
-523.0 -645.0 -81.0 -248.0 -793.0
-236.0 -375.0 -574.0 -535.0 -634.0
-564.0 -624.0 -57.0 -244.0 -681.0
-424.0 -198.0 -471.0 -436.0 -754.0
-396.0 -403.0 -293.0 -613.0 -770.0
-555.0 -503.0 -317.0 -178.0 -910.0
-556.0 -321.0 -312.0 -517.0 -746.0
-483.0 -249.0 -396.0 -481.0 -783.0
-205.0 -577.0 -455.0 -214.0 -833.0
-437.0 -344.0 -372.0 -560.0 -814.0
-424.0 -571.0 -310.0 -511.0 -694.0
-510.0 -307.0 -409.0 -428.0 -825.0
-426.0 -269.0 -351.0 -614.0 -654.0
-584.0 -553.0 -201.0 -346.0 -603.0
-592.0 -484.0 -244.0 -441.0 -638.0
-121.0 -404.0 -600.0 -358.0 -684.0
-436.0 -213.0 -570.0 -245.0 -723.0
-619.0 -355.0 -328.0 -480.0 -672.0
-362.0 -314.0 -484.0 -387.0 -808.0
-448.0 -436.0 -393.0 -338.0 -844.0
-389.0 -493.0 -519.0 -387.0 -669.0
-308.0 -432.0 -446.0 -410.0 -899.0
-392.0 -389.0 -513.0 -196.0 -761.0
-611.0 -465.0 -237.0 -238.0 -828.0
-548.0 -337.0 -426.0 -457.0 -499.0
-544.0 -333.0 -387.0 -479.0 -536.0
-388.0 -469.0 -529.0 -217.0 -572.0
-587.0 -520.0 -202.0 -379.0 -797.0
-295.0 -369.0 -335.0 -492.0 -895.0
-451.0 -298.0 -391.0 -494.0 -804.0
-373.0 -279.0 -531.0 -540.0 -735.0
-467.0 -194.0 -458.0 -533.0 -711.0
-410.0 -445.0 -383.0 -601.0 -701.0
-489.0 -608.0 -47.0 -382.0 -891.0
-319.0 -491.0 -535.0 -324.0 -618.0
-624.0 -276.0 -355.0 -338.0 -875.0
-471.0 -597.0 -177.0 -401.0 -828.0
-404.0 -340.0 -418.0 -546.0 -517.0
-287.0 -443.0 -483.0 -281.0 -812.0
-486.0 -361.0 -308.0 -569.0 -861.0
-431.0 -497.0 -149.0 -581.0 -826.0
-487.0 -329.0 -424.0 -293.0 -835.0
-382.0 -376.0 -474.0 -480.0 -728.0
-400.0 -516.0 -347.0 -455.0 -794.0
-344.0 -455.0 -526.0 -471.0 -552.0
-602.0 -545.0 -203.0 -188.0 -691.0
-613.0 -380.0 -336.0 -223.0 -898.0
-519.0 -358.0 -347.0 -383.0 -841.0
-427.0 -395.0 -459.0 -501.0 -746.0
-310.0 -376.0 -203.0 -668.0 -593.0
-533.0 -453.0 -378.0 -205.0 -744.0
-428.0 -214.0 -458.0 -463.0 -798.0
-470.0 -588.0 -282.0 -386.0 -718.0
-539.0 -523.0 -241.0 -358.0 -815.0
-337.0 -359.0 -536.0 -48.0 -782.0
-438.0 -316.0 -538.0 -344.0 -744.0
-559.0 -316.0 -378.0 -518.0 -822.0
-495.0 -489.0 -280.0 -349.0 -899.0
-283.0 -371.0 -479.0 -395.0 -761.0
-296.0 -327.0 -395.0 -537.0 -797.0
-356.0 -285.0 -549.0 -479.0 -727.0
-337.0 -445.0 -510.0 -431.0 -642.0
-379.0 -345.0 -491.0 -294.0 -771.0
-576.0 -460.0 -362.0 -348.0 -850.0
-122.0 -341.0 -648.0 -126.0 -587.0
-461.0 -498.0 -366.0 -517.0 -593.0
-382.0 -420.0 -326.0 -174.0 -924.0
-538.0 -523.0 -280.0 -330.0 -648.0
-581.0 -303.0 -420.0 -387.0 -773.0
-413.0 -540.0 -284.0 -576.0 -772.0
-471.0 -182.0 -515.0 -506.0 -710.0
-414.0 -332.0 -529.0 -530.0 -650.0
-528.0 -633.0 -124.0 -290.0 -740.0
-248.0 -322.0 -625.0 -212.0 -675.0
-429.0 -506.0 -451.0 -222.0 -700.0
-560.0 -299.0 -453.0 -419.0 -727.0
-470.0 -463.0 -379.0 -483.0 -741.0
-529.0 -448.0 -444.0 -289.0 -730.0
-327.0 -349.0 -532.0 -245.0 -883.0
-674.0 -384.0 -269.0 -482.0 -643.0
-430.0 -392.0 -323.0 -467.0 -878.0
-251.0 -378.0 -555.0 -157.0 -756.0
-554.0 -413.0 -216.0 -580.0 -874.0
-502.0 -477.0 -342.0 -513.0 -481.0
-526.0 -355.0 -395.0 -458.0 -674.0
-379.0 -578.0 -413.0 -447.0 -824.0
-424.0 -352.0 -464.0 -371.0 -760.0
-540.0 -425.0 -266.0 -274.0 -937.0
-509.0 -318.0 -406.0 -469.0 -743.0
-492.0 -559.0 -322.0 -447.0 -855.0
-606.0 -235.0 -389.0 -510.0 -848.0
-610.0 -552.0 -59.0 -369.0 -859.0
-504.0 -365.0 -432.0 -458.0 -774.0
-546.0 -517.0 -225.0 -403.0 -803.0
-288.0 -246.0 -500.0 -475.0 -781.0
-236.0 -235.0 -607.0 -431.0 -517.0
-383.0 -469.0 -427.0 -387.0 -780.0
-352.0 -280.0 -215.0 -667.0 -641.0
-627.0 -432.0 -178.0 -544.0 -854.0
-365.0 -341.0 -464.0 -256.0 -827.0
-547.0 -479.0 -347.0 -408.0 -619.0
-248.0 -264.0 -521.0 -362.0 -762.0
-305.0 -397.0 -458.0 -388.0 -836.0
-351.0 -337.0 -539.0 -318.0 -799.0
-399.0 -370.0 -456.0 -541.0 -736.0
-506.0 -335.0 -472.0 -365.0 -779.0
-162.0 -287.0 -637.0 -342.0 -664.0
-427.0 -502.0 -490.0 -316.0 -617.0
-310.0 -585.0 -416.0 -141.0 -813.0
-418.0 -440.0 -486.0 -443.0 -591.0
-336.0 -443.0 -512.0 -399.0 -606.0
-482.0 -396.0 -461.0 -293.0 -766.0
-492.0 -371.0 -378.0 -520.0 -767.0
-509.0 -549.0 -436.0 -245.0 -743.0
-222.0 -517.0 -440.0 -459.0 -770.0
-366.0 -363.0 -399.0 -481.0 -775.0
-435.0 -401.0 -185.0 -495.0 -931.0
-484.0 -466.0 -331.0 -492.0 -636.0
-456.0 -574.0 -250.0 -499.0 -835.0
-467.0 -199.0 -444.0 -322.0 -917.0
-366.0 -309.0 -465.0 -455.0 -887.0
-247.0 -189.0 -671.0 -337.0 -563.0
-353.0 -364.0 -505.0 -472.0 -678.0
-436.0 -399.0 -314.0 -642.0 -695.0
-302.0 -424.0 -453.0 -295.0 -825.0
-558.0 -550.0 -202.0 -289.0 -780.0
-559.0 -418.0 -302.0 -513.0 -710.0
-416.0 -359.0 -375.0 -384.0 -854.0
-179.0 -483.0 -474.0 -536.0 -707.0
-395.0 -382.0 -399.0 -568.0 -737.0
-553.0 -298.0 -290.0 -578.0 -750.0
-512.0 -115.0 -498.0 -364.0 -793.0
-243.0 -299.0 -594.0 -400.0 -732.0
-440.0 -172.0 -396.0 -606.0 -588.0
-312.0 -241.0 -639.0 -332.0 -759.0
-607.0 -463.0 -201.0 -379.0 -847.0
-446.0 -408.0 -416.0 -427.0 -841.0
-430.0 -382.0 -528.0 -368.0 -588.0
-279.0 -529.0 -451.0 -278.0 -827.0
-346.0 -360.0 -492.0 -358.0 -761.0
-608.0 -504.0 -288.0 -263.0 -715.0
-423.0 -418.0 -494.0 -289.0 -694.0
-389.0 -480.0 -486.0 -301.0 -713.0
-195.0 -256.0 -631.0 -435.0 -629.0
-336.0 -570.0 -311.0 -619.0 -744.0
-284.0 -577.0 -488.0 -428.0 -694.0
-424.0 -545.0 -446.0 -416.0 -711.0
-429.0 -185.0 -485.0 -455.0 -779.0
-400.0 -396.0 -333.0 -453.0 -860.0
-632.0 -433.0 -301.0 -322.0 -796.0
-609.0 -461.0 -246.0 -376.0 -766.0
-475.0 -367.0 -261.0 -583.0 -810.0
-530.0 -243.0 -461.0 -495.0 -746.0
-547.0 -352.0 -382.0 -525.0 -691.0
-434.0 -324.0 -398.0 -469.0 -844.0
-363.0 -395.0 -278.0 -584.0 -830.0
-394.0 -435.0 -584.0 -306.0 -699.0
-378.0 -341.0 -562.0 -351.0 -681.0
-345.0 -320.0 -502.0 -326.0 -800.0
-429.0 -127.0 -636.0 -332.0 -767.0
-454.0 -343.0 -421.0 -464.0 -777.0
-507.0 -328.0 -434.0 -527.0 -709.0
-520.0 -409.0 -497.0 -268.0 -652.0
-505.0 -121.0 -473.0 -352.0 -885.0
-447.0 -484.0 -143.0 -672.0 -751.0
-508.0 -423.0 -365.0 -525.0 -640.0
-542.0 -361.0 -375.0 -496.0 -726.0
-574.0 -556.0 -282.0 -277.0 -808.0
-503.0 -376.0 -342.0 -484.0 -858.0
-484.0 -219.0 -544.0 -539.0 -608.0
-602.0 -207.0 -452.0 -341.0 -821.0
-430.0 -506.0 -302.0 -502.0 -780.0
-299.0 -303.0 -614.0 -313.0 -590.0
-470.0 -379.0 -526.0 -192.0 -796.0
-406.0 -327.0 -565.0 -312.0 -688.0
-593.0 -415.0 -283.0 -499.0 -740.0
-619.0 -300.0 -288.0 -512.0 -847.0
-363.0 -354.0 -474.0 -419.0 -769.0
-420.0 -571.0 -423.0 -372.0 -650.0
-445.0 -448.0 -423.0 -381.0 -825.0
-554.0 -253.0 -433.0 -535.0 -756.0
-337.0 -219.0 -640.0 -275.0 -653.0
-316.0 -291.0 -593.0 -306.0 -693.0
-457.0 -510.0 -309.0 -544.0 -594.0
-355.0 -420.0 -452.0 -532.0 -686.0
-578.0 -399.0 -257.0 -524.0 -773.0
-312.0 -422.0 72.0 -685.0 -711.0
-503.0 -325.0 -442.0 -426.0 -813.0
-415.0 -179.0 -606.0 -289.0 -606.0
-463.0 -458.0 -322.0 -525.0 -725.0
-624.0 -511.0 -131.0 -251.0 -724.0
-465.0 -356.0 -418.0 -472.0 -778.0
-467.0 -301.0 -546.0 -378.0 -646.0
-578.0 -430.0 -286.0 -510.0 -672.0
-423.0 -218.0 -483.0 -301.0 -815.0
-482.0 -243.0 -552.0 -339.0 -614.0
-667.0 -392.0 -199.0 -447.0 -642.0
-462.0 -227.0 -497.0 -287.0 -811.0
-524.0 -308.0 -526.0 -361.0 -656.0
-400.0 -73.0 -510.0 -397.0 -757.0
-369.0 -291.0 -474.0 -567.0 -736.0
-492.0 -291.0 -314.0 -589.0 -728.0
-477.0 -303.0 -361.0 -454.0 -912.0
-426.0 -246.0 -586.0 -482.0 -712.0
-450.0 -400.0 -277.0 -513.0 -876.0
-503.0 -184.0 -574.0 -411.0 -711.0
-560.0 -311.0 -353.0 -488.0 -841.0
-441.0 -346.0 -446.0 -432.0 -768.0
-346.0 -374.0 -562.0 -283.0 -754.0
-394.0 -240.0 -547.0 -531.0 -530.0
-555.0 -238.0 -477.0 -467.0 -564.0
-618.0 -314.0 -319.0 -493.0 -917.0
-340.0 -539.0 -325.0 -262.0 -914.0
-370.0 -617.0 -337.0 -398.0 -715.0
-497.0 -461.0 -369.0 -419.0 -665.0
-473.0 -554.0 -245.0 -410.0 -856.0
-614.0 -443.0 -280.0 -360.0 -787.0
-320.0 -451.0 -528.0 -370.0 -634.0
-614.0 -326.0 -262.0 -520.0 -918.0
-314.0 -342.0 -416.0 -570.0 -748.0
-494.0 -264.0 -587.0 -329.0 -650.0
-370.0 -390.0 -352.0 -600.0 -753.0
-400.0 -299.0 -463.0 -201.0 -883.0
-358.0 -410.0 -397.0 -312.0 -860.0
-336.0 -259.0 -647.0 -229.0 -637.0
-378.0 -328.0 -547.0 -415.0 -622.0
-467.0 -225.0 -562.0 -478.0 -600.0
-388.0 -235.0 -476.0 -352.0 -877.0
-528.0 -290.0 -481.0 -463.0 -749.0
-583.0 -343.0 -351.0 -518.0 -685.0
-360.0 -384.0 -406.0 -552.0 -756.0
-670.0 -355.0 -330.0 -352.0 -764.0
-452.0 -320.0 -437.0 -397.0 -819.0
-292.0 -339.0 -338.0 -564.0 -798.0
-492.0 -612.0 -32.0 -577.0 -906.0
-469.0 -419.0 -178.0 -611.0 -794.0
-539.0 -527.0 -118.0 -664.0 -812.0
-365.0 -324.0 -514.0 -326.0 -774.0
-633.0 -551.0 -138.0 -194.0 -645.0
-316.0 -297.0 -596.0 -374.0 -598.0
-428.0 -220.0 -481.0 -258.0 -817.0
-337.0 -498.0 -327.0 -399.0 -873.0
-343.0 -124.0 -634.0 -424.0 -574.0
-437.0 -367.0 -436.0 -535.0 -748.0
-328.0 -452.0 -371.0 -587.0 -710.0
-489.0 -417.0 -502.0 -310.0 -659.0
-329.0 -223.0 -501.0 -395.0 -759.0
-220.0 -333.0 -643.0 -275.0 -645.0
-418.0 -328.0 -380.0 -336.0 -866.0
-587.0 -326.0 -227.0 -563.0 -800.0
-362.0 -356.0 -423.0 -469.0 -818.0
-430.0 -423.0 -479.0 -278.0 -747.0
-378.0 -344.0 -570.0 -341.0 -610.0
-448.0 -230.0 -449.0 -410.0 -835.0
-511.0 -315.0 -312.0 -522.0 -832.0
-301.0 -398.0 -563.0 -271.0 -736.0
-496.0 -548.0 -246.0 -522.0 -684.0
-430.0 -534.0 -266.0 -637.0 -780.0
-430.0 -404.0 -384.0 -563.0 -752.0
-673.0 -346.0 -196.0 -514.0 -760.0
-280.0 -394.0 -459.0 -504.0 -758.0
-321.0 -402.0 -476.0 -370.0 -762.0
-441.0 -223.0 -530.0 -319.0 -765.0
-548.0 -282.0 -518.0 -318.0 -757.0
-502.0 -434.0 -334.0 -443.0 -853.0
-512.0 -201.0 -175.0 -645.0 -799.0
-480.0 -512.0 -221.0 -536.0 -547.0
-468.0 -316.0 -427.0 -208.0 -861.0
-407.0 -445.0 -163.0 -638.0 -661.0
-292.0 -324.0 -599.0 -335.0 -546.0
-313.0 -566.0 -485.0 -144.0 -729.0
-411.0 -290.0 -445.0 -523.0 -810.0
-574.0 -514.0 -277.0 -291.0 -788.0
-496.0 -600.0 -89.0 -550.0 -905.0
-629.0 -203.0 -393.0 -527.0 -780.0
-363.0 -368.0 -544.0 -344.0 -762.0
-377.0 -460.0 -274.0 -435.0 -924.0
-464.0 -498.0 -111.0 -587.0 -815.0
-324.0 -543.0 -307.0 -129.0 -936.0
-432.0 -400.0 -530.0 -304.0 -542.0
-332.0 -178.0 -597.0 -376.0 -480.0
-382.0 -303.0 -596.0 -343.0 -624.0
-410.0 -360.0 -449.0 -277.0 -845.0
-474.0 -318.0 -472.0 -528.0 -701.0
-423.0 -282.0 -572.0 -339.0 -512.0
-629.0 -430.0 -288.0 -382.0 -764.0
-300.0 -244.0 -507.0 -374.0 -806.0
-484.0 -400.0 -437.0 -426.0 -736.0
-586.0 -225.0 -421.0 -358.0 -830.0
-393.0 -200.0 -343.0 -615.0 -630.0
-446.0 -109.0 -498.0 -395.0 -767.0
-333.0 -284.0 -489.0 -556.0 -625.0
-630.0 -467.0 -209.0 -440.0 -645.0
-209.0 -212.0 -597.0 -339.0 -687.0
-457.0 -302.0 -551.0 -345.0 -698.0
-485.0 -483.0 -360.0 -452.0 -473.0
-492.0 -555.0 -454.0 -184.0 -735.0
-378.0 -335.0 -397.0 -493.0 -763.0
-259.0 -295.0 -353.0 -609.0 -612.0
-407.0 -302.0 -388.0 -550.0 -811.0
-417.0 -379.0 -440.0 -280.0 -838.0
-494.0 -346.0 -423.0 -502.0 -696.0
-547.0 -309.0 -510.0 -336.0 -682.0
-647.0 -461.0 -191.0 -501.0 -653.0
-470.0 -330.0 -415.0 -555.0 -702.0
-470.0 -516.0 -169.0 -569.0 -582.0
-499.0 -452.0 -177.0 -526.0 -878.0
-199.0 -349.0 -485.0 -412.0 -803.0
-518.0 -526.0 -100.0 -447.0 -895.0
-544.0 -476.0 -333.0 -386.0 -826.0
-435.0 -420.0 -406.0 -108.0 -865.0
-612.0 -369.0 -194.0 -511.0 -890.0
-395.0 -279.0 -564.0 -431.0 -752.0
-467.0 -673.0 -12.0 -443.0 -848.0
-306.0 -353.0 -373.0 -574.0 -706.0
-190.0 -445.0 -606.0 -167.0 -687.0
-253.0 -324.0 -623.0 -169.0 -677.0
-279.0 -173.0 -634.0 -342.0 -672.0
-482.0 -448.0 -329.0 -556.0 -682.0
-473.0 -477.0 -310.0 -543.0 -734.0
-501.0 -559.0 -207.0 -342.0 -827.0
-453.0 -381.0 -446.0 -470.0 -643.0
-482.0 -132.0 -599.0 -366.0 -575.0
-416.0 -583.0 -366.0 -399.0 -651.0
-305.0 -473.0 -397.0 -566.0 -632.0
-544.0 -163.0 -550.0 -407.0 -599.0
-626.0 -463.0 -175.0 -411.0 -673.0
-549.0 -574.0 -172.0 -369.0 -723.0
-433.0 -373.0 -392.0 -470.0 -794.0
-399.0 -387.0 -521.0 -344.0 -693.0
-454.0 -626.0 -277.0 -315.0 -559.0
