-208.0 -419.0 -130.0 -333.0 -149.0
-236.0 -206.0 -64.0 -440.0 -285.0
-243.0 -357.0 -152.0 -281.0 -303.0
-139.0 -205.0 -306.0 -297.0 -54.0
-218.0 -336.0 21.0 -309.0 -339.0
-320.0 -472.0 25.0 8.0 -313.0
-319.0 -347.0 -168.0 -264.0 -260.0
-300.0 -286.0 -196.0 -229.0 -336.0
-264.0 -439.0 -142.0 -266.0 -264.0
-221.0 -320.0 -111.0 -211.0 -353.0
-230.0 -69.0 -203.0 -318.0 -277.0
-134.0 -418.0 -175.0 -362.0 -78.0
-383.0 -418.0 -55.0 4.0 -309.0
-321.0 -449.0 -119.0 -39.0 -271.0
-274.0 -512.0 -160.0 13.0 -223.0
-291.0 -139.0 -160.0 -352.0 -273.0
-403.0 -417.0 -52.0 -28.0 -281.0
-368.0 -477.0 -92.0 -127.0 -179.0
-304.0 -254.0 -148.0 -303.0 -334.0
-352.0 -403.0 -250.0 -179.0 -169.0
-343.0 -369.0 -254.0 -257.0 -126.0
-223.0 -82.0 -225.0 -284.0 -300.0
-344.0 -262.0 -231.0 -298.0 -261.0
-336.0 -437.0 -83.0 -149.0 -231.0
-235.0 -299.0 -70.0 -214.0 -361.0
-259.0 -199.0 -196.0 -68.0 -377.0
-235.0 -373.0 -128.0 -214.0 -301.0
-330.0 -220.0 -247.0 -352.0 -173.0
-239.0 -267.0 -22.0 -288.0 -359.0
-171.0 -242.0 -25.0 -28.0 -395.0
-399.0 -392.0 -158.0 42.0 -344.0
-289.0 -440.0 -156.0 -134.0 -333.0
-368.0 -391.0 -239.0 -128.0 -87.0
-355.0 -408.0 -224.0 -115.0 -110.0
-248.0 -343.0 -132.0 -149.0 -338.0
-242.0 -150.0 -144.0 -339.0 -320.0
-294.0 -212.0 -286.0 -300.0 -227.0
-170.0 -230.0 -163.0 -255.0 -341.0
-318.0 -430.0 -93.0 -79.0 -292.0
-379.0 -450.0 -103.0 78.0 -311.0
-315.0 -427.0 -145.0 -57.0 -386.0
-143.0 -173.0 -258.0 -371.0 -52.0
-277.0 -360.0 -113.0 -188.0 -277.0
-256.0 -479.0 -115.0 -92.0 -276.0
