-530.0 -390.0 -564.0 -635.0 -344.0
-529.0 -447.0 -541.0 -530.0 -613.0
-569.0 -696.0 -370.0 -274.0 -379.0
-451.0 -635.0 -313.0 -528.0 -710.0
-480.0 -638.0 -488.0 -551.0 -569.0
-264.0 -416.0 -424.0 -464.0 -778.0
-380.0 -661.0 -437.0 -528.0 -715.0
-246.0 -703.0 -481.0 -495.0 -669.0
-411.0 -438.0 -578.0 -644.0 -467.0
-375.0 -464.0 -388.0 -380.0 -782.0
-347.0 -534.0 -409.0 -393.0 -719.0
-452.0 -229.0 -527.0 -524.0 -691.0
-495.0 -471.0 -511.0 -608.0 -601.0
-237.0 -581.0 -258.0 -447.0 -787.0
-422.0 -681.0 -507.0 -512.0 -621.0
-368.0 -643.0 -400.0 -393.0 -720.0
-418.0 -589.0 -561.0 -598.0 -346.0
-426.0 -697.0 -525.0 -576.0 -556.0
-487.0 -641.0 -390.0 -509.0 -702.0
-475.0 -699.0 -514.0 -495.0 -659.0
-351.0 -425.0 -613.0 -630.0 -566.0
-472.0 -456.0 -526.0 -555.0 -660.0
-362.0 -506.0 -489.0 -536.0 -688.0
-367.0 -655.0 -544.0 -470.0 -664.0
-368.0 -496.0 -559.0 -649.0 -639.0
-326.0 -564.0 -535.0 -653.0 -536.0
-435.0 -450.0 -528.0 -717.0 -328.0
-465.0 -458.0 -529.0 -555.0 -652.0
-145.0 -543.0 -462.0 -534.0 -699.0
-454.0 -559.0 -479.0 -677.0 -239.0
-173.0 -569.0 -499.0 -461.0 -749.0
-454.0 -688.0 -548.0 -478.0 -391.0
-418.0 -538.0 -526.0 -666.0 -300.0
-605.0 -666.0 -288.0 -353.0 -272.0
-317.0 -576.0 -300.0 -386.0 -749.0
-336.0 -369.0 -542.0 -709.0 -418.0
-532.0 -722.0 -386.0 -490.0 -505.0
-460.0 -666.0 -539.0 -483.0 -522.0
-533.0 -463.0 -559.0 -594.0 -548.0
-413.0 -417.0 -439.0 -502.0 -721.0
-586.0 -391.0 -571.0 -614.0 -469.0
-309.0 -542.0 -361.0 -407.0 -772.0
-443.0 -461.0 -559.0 -601.0 -676.0
-539.0 -387.0 -556.0 -579.0 -559.0
-483.0 -423.0 -541.0 -596.0 -588.0
-321.0 -476.0 -316.0 -546.0 -805.0
-404.0 -607.0 -512.0 -622.0 -509.0
-371.0 -510.0 -260.0 -497.0 -736.0
-314.0 -515.0 -562.0 -663.0 -460.0
-370.0 -550.0 -529.0 -598.0 -582.0
-304.0 -432.0 -518.0 -731.0 -291.0
-374.0 -617.0 -497.0 -570.0 -655.0
-457.0 -421.0 -446.0 -484.0 -747.0
-350.0 -778.0 -532.0 -485.0 -640.0
-561.0 -700.0 -278.0 -378.0 -423.0
-514.0 -500.0 -465.0 -565.0 -626.0
-396.0 -598.0 -526.0 -638.0 -293.0
-413.0 -654.0 -469.0 -570.0 -615.0
-76.0 -320.0 -361.0 -400.0 -808.0
-298.0 -490.0 -481.0 -471.0 -768.0
-371.0 -671.0 -562.0 -534.0 -599.0
-525.0 -651.0 -478.0 -465.0 -393.0
-380.0 -269.0 -548.0 -420.0 -704.0
-328.0 -493.0 -527.0 -443.0 -696.0
-294.0 -585.0 -349.0 -361.0 -764.0
-409.0 -638.0 -451.0 -506.0 -680.0
-392.0 -592.0 -664.0 -501.0 -473.0
-140.0 -500.0 -524.0 -465.0 -771.0
-382.0 -574.0 -549.0 -625.0 -544.0
-487.0 -762.0 -328.0 -472.0 -569.0
-486.0 -424.0 -554.0 -660.0 -495.0
-453.0 -653.0 -560.0 -545.0 -399.0
-333.0 -669.0 -578.0 -467.0 -631.0
-278.0 -690.0 -515.0 -597.0 -634.0
-369.0 -557.0 -550.0 -581.0 -571.0
-497.0 -321.0 -589.0 -639.0 -366.0
-392.0 -503.0 -216.0 -302.0 -738.0
-277.0 -472.0 -309.0 -564.0 -779.0
-261.0 -228.0 -509.0 -736.0 -431.0
-311.0 -420.0 -550.0 -729.0 -412.0
-478.0 -708.0 -307.0 -547.0 -629.0
-184.0 -621.0 -379.0 -397.0 -753.0
-501.0 -741.0 -503.0 -434.0 -608.0
-534.0 -492.0 -482.0 -650.0 -363.0
-468.0 -584.0 -532.0 -591.0 -487.0
-574.0 -689.0 -275.0 -230.0 -410.0
-194.0 -317.0 -469.0 -479.0 -786.0
-440.0 -509.0 -537.0 -575.0 -646.0
-497.0 -511.0 -521.0 -616.0 -542.0
