-602.0 -323.0 -456.0 -433.0 -196.0
-533.0 -467.0 -506.0 -48.0 -245.0
-644.0 -314.0 -322.0 -419.0 -138.0
-477.0 -443.0 -145.0 -346.0 -356.0
-310.0 -217.0 -290.0 -442.0 -389.0
-529.0 -173.0 -454.0 -474.0 -231.0
-491.0 -256.0 -532.0 -361.0 -242.0
-489.0 -24.0 -390.0 -531.0 -109.0
-217.0 -175.0 -273.0 -308.0 -446.0
-441.0 -425.0 -427.0 -52.0 -357.0
-395.0 -469.0 -179.0 -92.0 -438.0
-368.0 -406.0 -286.0 -214.0 -421.0
-170.0 -321.0 -274.0 -367.0 -404.0
-466.0 -325.0 -524.0 -465.0 -331.0
-380.0 -202.0 -459.0 -330.0 -363.0
-680.0 -476.0 -415.0 -324.0 -86.0
-510.0 -310.0 -162.0 -488.0 -220.0
-462.0 -234.0 -562.0 -341.0 -299.0
-474.0 -22.0 -420.0 -557.0 -146.0
-603.0 -170.0 -375.0 -517.0 126.0
-433.0 -306.0 -373.0 -439.0 -332.0
-536.0 -456.0 -440.0 -247.0 -199.0
-431.0 -386.0 -339.0 -82.0 -429.0
-416.0 -512.0 -211.0 -314.0 -324.0
-652.0 -419.0 -353.0 -382.0 -154.0
-310.0 -122.0 -401.0 -536.0 -384.0
-251.0 -274.0 -271.0 -432.0 -429.0
-339.0 62.0 -286.0 -559.0 -95.0
-634.0 -363.0 -489.0 -209.0 -141.0
-524.0 -492.0 -398.0 -337.0 -201.0
-621.0 -475.0 -350.0 -252.0 -172.0
-341.0 79.0 -380.0 -600.0 4.0
-600.0 -302.0 -271.0 -441.0 -216.0
-240.0 -220.0 -320.0 -402.0 -407.0
-609.0 -196.0 -562.0 -461.0 -225.0
-479.0 -472.0 -329.0 -397.0 -124.0
-540.0 -510.0 -377.0 -51.0 -231.0
-531.0 -338.0 -359.0 -479.0 -111.0
-299.0 -222.0 -345.0 -436.0 -396.0
-296.0 -333.0 -237.0 -431.0 -410.0
-568.0 -348.0 -613.0 -209.0 -28.0
-575.0 -49.0 -461.0 -514.0 -168.0
-485.0 -455.0 -507.0 -341.0 -235.0
-574.0 -152.0 -482.0 -483.0 -85.0
-579.0 -477.0 -385.0 -337.0 -120.0
-375.0 -438.0 -495.0 -209.0 -360.0
-326.0 -339.0 -430.0 -403.0 -336.0
-507.0 -293.0 -528.0 -340.0 -280.0
-611.0 -517.0 -418.0 -113.0 -65.0
-309.0 -225.0 -383.0 -398.0 -385.0
-569.0 -313.0 -521.0 -289.0 -321.0
-515.0 -138.0 -437.0 -528.0 -164.0
-508.0 -503.0 -369.0 -333.0 -248.0
-385.0 -130.0 -415.0 -362.0 -369.0
-500.0 -150.0 -531.0 -410.0 -242.0
-628.0 -308.0 -183.0 -441.0 -232.0
-387.0 -281.0 -419.0 -282.0 -418.0
-467.0 -396.0 -362.0 -390.0 -354.0
-632.0 -375.0 -302.0 -409.0 -155.0
-520.0 -283.0 -442.0 -298.0 -363.0
-440.0 -211.0 -477.0 -468.0 -276.0
-541.0 -463.0 -188.0 -397.0 -257.0
-444.0 -472.0 -416.0 -241.0 -325.0
-660.0 -507.0 -278.0 -291.0 -67.0
-529.0 -439.0 -194.0 -405.0 -211.0
-449.0 -156.0 -469.0 -483.0 -325.0
-585.0 -473.0 -404.0 -308.0 -122.0
-320.0 -358.0 -294.0 -294.0 -402.0
-314.0 -355.0 -268.0 -44.0 -464.0
-550.0 -455.0 -424.0 -366.0 -213.0
-517.0 -398.0 -553.0 -354.0 -102.0
-546.0 -255.0 -529.0 -413.0 -261.0
-593.0 -484.0 -473.0 -370.0 -67.0
-595.0 -512.0 -331.0 -327.0 -240.0
-373.0 -287.0 -451.0 -425.0 -348.0
-354.0 -314.0 -315.0 -402.0 -374.0
-374.0 -185.0 -465.0 -377.0 -349.0
-521.0 -284.0 -601.0 -427.0 -115.0
-190.0 -242.0 -138.0 -369.0 -442.0
-477.0 -348.0 -256.0 -440.0 -351.0
-451.0 -492.0 -133.0 -347.0 -309.0
-545.0 -446.0 -502.0 -212.0 -254.0
-403.0 -200.0 -485.0 -346.0 -345.0
-589.0 -477.0 -144.0 -313.0 -257.0
-402.0 -288.0 -208.0 -445.0 -349.0
-384.0 -290.0 -289.0 -321.0 -427.0
-386.0 -358.0 -316.0 -348.0 -366.0
-601.0 -185.0 -308.0 -544.0 54.0
-384.0 -333.0 -432.0 -224.0 -373.0
-319.0 -383.0 -259.0 -76.0 -473.0
-556.0 -468.0 -173.0 -347.0 -274.0
-401.0 -262.0 -336.0 -424.0 -386.0
-348.0 -74.0 -166.0 -539.0 -307.0
-447.0 -347.0 -174.0 -444.0 -330.0
-564.0 -411.0 -509.0 -178.0 -227.0
-325.0 -261.0 -426.0 -333.0 -377.0
-430.0 -339.0 -424.0 -61.0 -370.0
-444.0 -284.0 -296.0 -99.0 -410.0
-618.0 -259.0 -506.0 -457.0 -236.0
-423.0 -237.0 -438.0 -245.0 -375.0
-574.0 -492.0 -430.0 -177.0 -212.0
-390.0 -308.0 -339.0 -379.0 -370.0
-446.0 -436.0 -278.0 -353.0 -331.0
-583.0 -249.0 -217.0 -442.0 -251.0
-384.0 -401.0 -128.0 -212.0 -413.0
-573.0 -445.0 -515.0 -156.0 -153.0
-566.0 -430.0 -514.0 -340.0 -186.0
-703.0 -405.0 -450.0 -340.0 -117.0
-529.0 -431.0 -171.0 -230.0 -307.0
-357.0 -165.0 -311.0 -464.0 -401.0
-598.0 -544.0 -313.0 -321.0 -227.0
-383.0 -193.0 -446.0 -474.0 -367.0
-551.0 -362.0 -505.0 -380.0 -43.0
-631.0 -401.0 -473.0 -296.0 -142.0
-421.0 -76.0 -553.0 -518.0 -208.0
-471.0 -342.0 -394.0 -218.0 -365.0
-588.0 -194.0 -348.0 -482.0 -169.0
-547.0 -401.0 -501.0 -351.0 -210.0
-651.0 -340.0 -343.0 -379.0 -217.0
-618.0 -434.0 -268.0 -387.0 -193.0
-362.0 -237.0 -470.0 -474.0 -249.0
-593.0 -260.0 -512.0 -437.0 -185.0
-565.0 -342.0 -408.0 -297.0 -344.0
-605.0 -437.0 -410.0 -329.0 -180.0
-377.0 -338.0 -369.0 -89.0 -403.0
-549.0 -283.0 -614.0 -371.0 -14.0
-526.0 -314.0 -350.0 -468.0 -205.0
-623.0 -199.0 -556.0 -429.0 -154.0
-485.0 -235.0 -495.0 -486.0 -198.0
-261.0 -276.0 -242.0 -362.0 -391.0
-432.0 -289.0 -290.0 -441.0 -370.0
-515.0 -429.0 -478.0 -264.0 -241.0
-424.0 -200.0 -422.0 -212.0 -404.0
-358.0 -346.0 -172.0 -30.0 -441.0
-591.0 -399.0 -469.0 -394.0 -305.0
-426.0 -434.0 -70.0 -239.0 -419.0
-448.0 -418.0 -448.0 -69.0 -336.0
-576.0 -454.0 -366.0 -78.0 -282.0
-360.0 -262.0 -417.0 -146.0 -461.0
-327.0 -338.0 -247.0 -339.0 -469.0
-115.0 -138.0 -246.0 -416.0 -432.0
-269.0 -243.0 -243.0 -466.0 -396.0
-409.0 -282.0 -393.0 -405.0 -339.0
-592.0 -444.0 -460.0 -311.0 -157.0
-363.0 -378.0 -295.0 -182.0 -412.0
-519.0 -236.0 -527.0 -277.0 -304.0
-559.0 -331.0 -529.0 -309.0 -140.0
-264.0 -361.0 -411.0 -350.0 -399.0
-388.0 -426.0 -100.0 -209.0 -409.0
-506.0 3.0 -518.0 -531.0 22.0
-460.0 -267.0 -490.0 -238.0 -338.0
-524.0 -385.0 -421.0 -166.0 -334.0
-533.0 -521.0 -401.0 -200.0 -140.0
-556.0 -78.0 -497.0 -484.0 61.0
-405.0 -332.0 -341.0 3.0 -417.0
-584.0 -112.0 -405.0 -510.0 -179.0
-357.0 -251.0 -408.0 -490.0 -356.0
-507.0 -494.0 -155.0 -303.0 -316.0
-608.0 -295.0 -536.0 -353.0 -134.0
-436.0 -158.0 -501.0 -478.0 -173.0
-559.0 -422.0 -346.0 -405.0 -73.0
-521.0 -160.0 -446.0 -527.0 -300.0
-415.0 -120.0 -421.0 -477.0 -331.0
-371.0 -345.0 -369.0 -258.0 -378.0
-264.0 -242.0 -439.0 -131.0 -380.0
-581.0 -472.0 -258.0 -381.0 -226.0
-429.0 -425.0 -200.0 -200.0 -410.0
-591.0 -501.0 -379.0 -329.0 -166.0
-644.0 -399.0 -296.0 -401.0 -201.0
-545.0 -419.0 -578.0 -210.0 -143.0
-421.0 -415.0 -311.0 -417.0 -385.0
-336.0 -362.0 -285.0 -268.0 -429.0
-585.0 -417.0 -504.0 -41.0 -226.0
-441.0 -327.0 -578.0 -350.0 -119.0
-388.0 -310.0 -217.0 -462.0 -347.0
-515.0 -398.0 -559.0 -303.0 -296.0
-419.0 -293.0 -443.0 -262.0 -345.0
-564.0 -360.0 -473.0 -385.0 -195.0
-599.0 -202.0 -214.0 -503.0 -45.0
-600.0 -464.0 -517.0 -292.0 -110.0
-407.0 -326.0 -429.0 72.0 -374.0
-360.0 -340.0 -434.0 -226.0 -391.0
-460.0 -397.0 -444.0 -233.0 -345.0
-580.0 -379.0 -516.0 -79.0 -178.0
-285.0 -279.0 -286.0 -401.0 -388.0
-608.0 -332.0 -295.0 -444.0 -157.0
-434.0 -386.0 -258.0 -424.0 -351.0
-527.0 41.0 -485.0 -564.0 -30.0
-335.0 -395.0 -130.0 -231.0 -406.0
-597.0 -497.0 -398.0 -300.0 -168.0
-567.0 -426.0 -220.0 -222.0 -325.0
-314.0 -291.0 -305.0 -320.0 -415.0
-329.0 -323.0 -314.0 -312.0 -397.0
-555.0 -448.0 -371.0 -215.0 -283.0
-602.0 -447.0 -611.0 -333.0 -11.0
-544.0 -269.0 -572.0 -481.0 -152.0
-379.0 -129.0 -575.0 -410.0 -196.0
-479.0 -396.0 -389.0 -388.0 -349.0
-505.0 -147.0 -436.0 -537.0 -91.0
-316.0 15.0 -430.0 -538.0 -197.0
-278.0 -122.0 -186.0 -508.0 -393.0
-461.0 -444.0 -359.0 -254.0 -404.0
-547.0 -302.0 -444.0 -434.0 -320.0
-486.0 -398.0 -425.0 -152.0 -327.0
-307.0 -258.0 -311.0 -295.0 -424.0
-542.0 -175.0 -406.0 -484.0 -217.0
-602.0 -430.0 -80.0 -407.0 -208.0
-611.0 -457.0 -302.0 -207.0 -313.0
-573.0 -357.0 -260.0 -396.0 -222.0
-597.0 -518.0 -434.0 6.0 -51.0
-424.0 -284.0 -353.0 -266.0 -434.0
-593.0 -415.0 -455.0 -328.0 -178.0
-639.0 -274.0 -466.0 -414.0 -153.0
-227.0 -316.0 -277.0 -160.0 -459.0
-589.0 -365.0 -218.0 -423.0 -146.0
-539.0 -601.0 -294.0 -311.0 -267.0
-342.0 -347.0 -388.0 -414.0 -336.0
-578.0 -316.0 -527.0 -407.0 -90.0
-418.0 -500.0 -126.0 -336.0 -396.0
-522.0 -232.0 -407.0 -496.0 -215.0
-539.0 -197.0 -413.0 -471.0 -304.0
-502.0 -507.0 -350.0 -362.0 -246.0
-515.0 -314.0 -589.0 -234.0 -76.0
-474.0 -369.0 -504.0 -350.0 -248.0
-501.0 -415.0 -361.0 -83.0 -376.0
-588.0 -466.0 -351.0 -378.0 -235.0
-551.0 -313.0 -531.0 -366.0 -141.0
-282.0 -194.0 -307.0 -358.0 -425.0
-519.0 -301.0 -507.0 -386.0 -214.0
-276.0 -180.0 -262.0 -438.0 -411.0
-602.0 -345.0 -106.0 -425.0 -145.0
-553.0 -377.0 -471.0 -265.0 -281.0
-579.0 -441.0 -534.0 -127.0 -155.0
-451.0 -275.0 -345.0 -473.0 -299.0
-583.0 -294.0 -438.0 -431.0 -289.0
-472.0 -453.0 -320.0 -275.0 -358.0
-573.0 -442.0 -234.0 -378.0 -285.0
-585.0 -456.0 -277.0 -391.0 -241.0
-403.0 -395.0 -479.0 -297.0 -340.0
-499.0 -509.0 -213.0 -122.0 -319.0
-448.0 -397.0 -417.0 -235.0 -350.0
-591.0 -53.0 -452.0 -488.0 -195.0
-402.0 -97.0 -608.0 -404.0 82.0
-414.0 -397.0 -393.0 -241.0 -391.0
-499.0 -210.0 -606.0 -482.0 -171.0
-531.0 -366.0 -394.0 -410.0 -280.0
-453.0 -389.0 -336.0 9.0 -405.0
-538.0 -554.0 -379.0 -290.0 -208.0
-435.0 -299.0 -364.0 -428.0 -364.0
-225.0 -120.0 -456.0 -487.0 -257.0
-587.0 -419.0 -436.0 -357.0 -176.0
-326.0 -291.0 -332.0 -318.0 -410.0
-547.0 -227.0 -437.0 -474.0 -245.0
-623.0 -386.0 -440.0 -346.0 -78.0
-468.0 -444.0 -429.0 -188.0 -314.0
-538.0 -386.0 -114.0 -452.0 -343.0
-474.0 -368.0 -398.0 -356.0 -340.0
-510.0 -146.0 -368.0 -536.0 67.0
-367.0 -320.0 -387.0 -271.0 -458.0
-560.0 -370.0 -492.0 -282.0 -260.0
-516.0 -443.0 -550.0 -220.0 -148.0
-379.0 -305.0 -441.0 -192.0 -364.0
-556.0 -41.0 -368.0 -563.0 98.0
-250.0 -290.0 -422.0 -227.0 -401.0
-411.0 -374.0 -417.0 -95.0 -397.0
-353.0 -98.0 -492.0 -305.0 -352.0
-395.0 -180.0 -379.0 -293.0 -429.0
-557.0 -467.0 -376.0 -377.0 -242.0
-519.0 -402.0 -488.0 -407.0 -311.0
-519.0 -511.0 -421.0 -236.0 -231.0
-514.0 -91.0 -522.0 -507.0 -105.0
-480.0 -358.0 -330.0 -427.0 -345.0
-538.0 -367.0 -495.0 -373.0 -284.0
-591.0 -314.0 -495.0 -412.0 -242.0
-406.0 -346.0 -426.0 -63.0 -388.0
-400.0 -328.0 -436.0 -296.0 -372.0
-418.0 -75.0 -450.0 -533.0 27.0
-439.0 -499.0 -259.0 -381.0 -316.0
-520.0 -340.0 -470.0 -359.0 -334.0
-408.0 -366.0 -262.0 -312.0 -404.0
-367.0 -368.0 -269.0 -262.0 -395.0
-370.0 -350.0 -358.0 -337.0 -366.0
-327.0 -253.0 -273.0 -357.0 -406.0
-557.0 -252.0 -368.0 -447.0 -248.0
-450.0 -203.0 -384.0 -504.0 -384.0
-557.0 -390.0 -334.0 -407.0 -209.0
-487.0 -222.0 -118.0 -481.0 -230.0
-407.0 -152.0 -558.0 -494.0 -160.0
