-521.0 -425.0 -319.0 -504.0 -597.0
-327.0 -658.0 -512.0 -250.0 -425.0
-492.0 -562.0 -438.0 -324.0 -381.0
-412.0 -570.0 -432.0 -410.0 -580.0
-491.0 -551.0 -478.0 -323.0 -409.0
-434.0 -677.0 -372.0 -286.0 -504.0
-433.0 -404.0 -346.0 -607.0 -634.0
-452.0 -695.0 -401.0 -323.0 -430.0
-427.0 -673.0 -376.0 -180.0 -514.0
-370.0 -475.0 -398.0 -505.0 -579.0
-626.0 -373.0 -261.0 -455.0 -507.0
-418.0 -479.0 -434.0 -451.0 -612.0
-324.0 -402.0 -538.0 -421.0 -426.0
-493.0 -674.0 -328.0 -182.0 -337.0
-307.0 -333.0 -498.0 -371.0 -645.0
-462.0 -578.0 -358.0 -332.0 -564.0
-543.0 -611.0 -293.0 -380.0 -385.0
-419.0 -634.0 -410.0 -252.0 -579.0
-618.0 -619.0 -353.0 -166.0 -308.0
-463.0 -490.0 -372.0 -545.0 -578.0
-440.0 -586.0 -374.0 -327.0 -536.0
-481.0 -653.0 -386.0 -304.0 -449.0
-462.0 -656.0 -388.0 -200.0 -507.0
-590.0 -587.0 -307.0 -398.0 -330.0
-408.0 -599.0 -334.0 -413.0 -447.0
-463.0 -572.0 -462.0 -409.0 -406.0
-512.0 -656.0 -296.0 -244.0 -332.0
-487.0 -562.0 -388.0 -345.0 -481.0
-425.0 -641.0 -504.0 -256.0 -413.0
