-216.0 -621.0 -433.0 -573.0 -694.0
-293.0 -721.0 -461.0 -399.0 -641.0
-368.0 -721.0 -451.0 -415.0 -565.0
-16.0 -643.0 -814.0 -639.0 -687.0
-249.0 -737.0 -435.0 -567.0 -570.0
-286.0 -736.0 -493.0 -382.0 -612.0
-48.0 -444.0 -810.0 -688.0 -606.0
17.0 -766.0 -753.0 -635.0 -636.0
6.0 -671.0 -630.0 -528.0 -784.0
-266.0 -677.0 -491.0 -469.0 -658.0
-186.0 -725.0 -610.0 -643.0 -615.0
-104.0 -709.0 -709.0 -611.0 -664.0
-114.0 -745.0 -596.0 -636.0 -683.0
-63.0 -507.0 -844.0 -642.0 -449.0
-270.0 -712.0 -470.0 -426.0 -634.0
225.0 -557.0 -908.0 -637.0 -497.0
-227.0 -776.0 -455.0 -433.0 -638.0
-225.0 -696.0 -427.0 -453.0 -685.0
21.0 -691.0 -480.0 -517.0 -791.0
-45.0 -726.0 -610.0 -612.0 -710.0
-25.0 -788.0 -663.0 -672.0 -561.0
-335.0 -647.0 -578.0 -376.0 -611.0
-7.0 -711.0 -917.0 -534.0 -426.0
-245.0 -827.0 -529.0 -377.0 -566.0
-50.0 -743.0 -579.0 -563.0 -753.0
-426.0 -718.0 -439.0 -255.0 -518.0
-227.0 -603.0 -631.0 -649.0 -663.0
-327.0 -811.0 -504.0 -279.0 -344.0
-525.0 -630.0 -318.0 -215.0 -366.0
-292.0 -642.0 -667.0 -571.0 -379.0
-134.0 -611.0 -745.0 -678.0 -590.0
-228.0 -827.0 -453.0 -489.0 -564.0
-88.0 -553.0 -761.0 -645.0 -723.0
-146.0 -582.0 -623.0 -541.0 -766.0
-231.0 -648.0 -686.0 -646.0 -556.0
105.0 -625.0 -903.0 -585.0 -577.0
19.0 -674.0 -715.0 -520.0 -806.0
-412.0 -694.0 -441.0 -382.0 -533.0
-150.0 -661.0 -660.0 -758.0 -625.0
-132.0 -558.0 -625.0 -668.0 -781.0
-340.0 -710.0 -622.0 -448.0 -381.0
17.0 -741.0 -750.0 -603.0 -687.0
-36.0 -651.0 -727.0 -665.0 -743.0
-175.0 -650.0 -574.0 -538.0 -710.0
-189.0 -765.0 -553.0 -578.0 -633.0
-407.0 -759.0 -488.0 -348.0 -264.0
-137.0 -779.0 -461.0 -485.0 -684.0
-440.0 -671.0 -480.0 -310.0 -333.0
-118.0 -667.0 -628.0 -697.0 -694.0
-93.0 -665.0 -616.0 -505.0 -757.0
-232.0 -628.0 -662.0 -673.0 -556.0
-439.0 -715.0 -354.0 -263.0 -496.0
30.0 -744.0 -835.0 -595.0 -709.0
-223.0 -753.0 -579.0 -483.0 -630.0
-183.0 -664.0 -485.0 -497.0 -735.0
134.0 -577.0 -511.0 -388.0 -849.0
-98.0 -628.0 -772.0 -672.0 -640.0
-300.0 -618.0 -773.0 -553.0 -509.0
-207.0 -454.0 -898.0 -594.0 -447.0
-343.0 -620.0 -721.0 -482.0 -397.0
-398.0 -651.0 -401.0 -386.0 -582.0
-40.0 -696.0 -701.0 -445.0 -733.0
-105.0 -727.0 -621.0 -682.0 -643.0
-239.0 -697.0 -696.0 -464.0 -526.0
-78.0 -736.0 -613.0 -707.0 -568.0
-389.0 -655.0 -645.0 -337.0 -396.0
-230.0 -618.0 -707.0 -655.0 -409.0
-147.0 -702.0 -662.0 -607.0 -589.0
-357.0 -725.0 -483.0 -473.0 -538.0
-261.0 -764.0 -533.0 -510.0 -525.0
-240.0 -609.0 -451.0 -380.0 -730.0
-313.0 -615.0 -688.0 -561.0 -487.0
-286.0 -753.0 -447.0 -290.0 -610.0
-54.0 -663.0 -761.0 -609.0 -670.0
-206.0 -753.0 -503.0 -595.0 -628.0
-49.0 -648.0 -642.0 -673.0 -721.0
-248.0 -624.0 -489.0 -535.0 -691.0
-370.0 -795.0 -436.0 -251.0 -286.0
-139.0 -678.0 -454.0 -664.0 -697.0
-162.0 -653.0 -659.0 -530.0 -732.0
-237.0 -588.0 -378.0 -460.0 -737.0
-460.0 -632.0 -521.0 -327.0 -198.0
-29.0 -766.0 -821.0 -520.0 -636.0
-307.0 -717.0 -622.0 -563.0 -512.0
-81.0 -642.0 -674.0 -734.0 -652.0
-383.0 -563.0 -714.0 -484.0 -496.0
-330.0 -609.0 -447.0 -568.0 -644.0
-282.0 -643.0 -572.0 -589.0 -533.0
5.0 -479.0 -777.0 -751.0 -600.0
-222.0 -709.0 -746.0 -447.0 -531.0
-130.0 -747.0 -478.0 -461.0 -726.0
-216.0 -654.0 -730.0 -473.0 -627.0
13.0 -507.0 -803.0 -705.0 -449.0
250.0 -506.0 -404.0 -521.0 -819.0
-90.0 -673.0 -882.0 -544.0 -539.0
-214.0 -711.0 -693.0 -613.0 -415.0
-286.0 -701.0 -487.0 -664.0 -548.0
-206.0 -749.0 -548.0 -392.0 -637.0
-317.0 -612.0 -532.0 -560.0 -666.0
-206.0 -765.0 -629.0 -466.0 -635.0
-428.0 -719.0 -386.0 -321.0 -469.0
-116.0 -827.0 -706.0 -474.0 -516.0
-339.0 -674.0 -409.0 -529.0 -610.0
-174.0 -803.0 -533.0 -568.0 -576.0
-72.0 -627.0 -422.0 -378.0 -782.0
-105.0 -758.0 -564.0 -681.0 -641.0
-320.0 -714.0 -537.0 -571.0 -490.0
-56.0 -641.0 -645.0 -561.0 -728.0
147.0 -720.0 -899.0 -615.0 -411.0
-157.0 -729.0 -528.0 -608.0 -625.0
-384.0 -734.0 -468.0 -271.0 -388.0
-266.0 -737.0 -511.0 -455.0 -572.0
-249.0 -689.0 -541.0 -452.0 -663.0
-75.0 -764.0 -673.0 -638.0 -627.0
-68.0 -645.0 -759.0 -726.0 -674.0
-29.0 -720.0 -763.0 -507.0 -705.0
-119.0 -817.0 -598.0 -536.0 -629.0
-476.0 -677.0 -476.0 -224.0 -301.0
