-558.0 -401.0 -273.0 -553.0 -873.0
-554.0 -477.0 -108.0 -595.0 -893.0
-687.0 -345.0 -224.0 -484.0 -898.0
-453.0 -438.0 -167.0 -607.0 -927.0
-453.0 -374.0 -275.0 -592.0 -908.0
-569.0 -555.0 -159.0 -499.0 -866.0
-571.0 -499.0 -335.0 -311.0 -888.0
-529.0 -448.0 -444.0 -289.0 -730.0
-492.0 -559.0 -322.0 -447.0 -855.0
-509.0 -549.0 -436.0 -245.0 -743.0
-424.0 -545.0 -446.0 -416.0 -711.0
-618.0 -314.0 -319.0 -493.0 -917.0
-614.0 -326.0 -262.0 -520.0 -918.0
-539.0 -527.0 -118.0 -664.0 -812.0
-496.0 -600.0 -89.0 -550.0 -905.0
-492.0 -555.0 -454.0 -184.0 -735.0
