-289.0 -174.0 -222.0 -510.0 -508.0
-568.0 -224.0 -242.0 -467.0 -357.0
-368.0 -118.0 -193.0 -426.0 -539.0
-164.0 -140.0 -298.0 -540.0 -622.0
-236.0 -218.0 -91.0 -607.0 -527.0
-344.0 -189.0 -291.0 -605.0 -435.0
-491.0 -265.0 -246.0 -566.0 -261.0
-512.0 -215.0 -174.0 -606.0 -284.0
-253.0 -64.0 -174.0 -489.0 -536.0
-490.0 -293.0 -101.0 -158.0 -453.0
-474.0 -446.0 -156.0 -588.0 -302.0
-412.0 -190.0 -154.0 -532.0 -502.0
-622.0 -206.0 -151.0 -476.0 -388.0
-513.0 -194.0 -87.0 -685.0 -337.0
-509.0 -134.0 -138.0 -456.0 -509.0
-584.0 -208.0 -228.0 -459.0 -428.0
-587.0 -374.0 -122.0 -529.0 -223.0
-168.0 -184.0 -237.0 -428.0 -529.0
-556.0 -228.0 -137.0 -638.0 -178.0
-334.0 -127.0 -263.0 -580.0 -474.0
-338.0 -141.0 -108.0 -595.0 -487.0
-566.0 -288.0 15.0 -557.0 -393.0
-523.0 -279.0 -146.0 -491.0 -416.0
-231.0 -207.0 -129.0 -314.0 -579.0
-613.0 -206.0 -114.0 -651.0 -153.0
-499.0 -194.0 -221.0 -420.0 -488.0
-487.0 -324.0 -82.0 -441.0 -404.0
-306.0 -167.0 -116.0 -194.0 -575.0
-572.0 -121.0 -213.0 -607.0 -325.0
-588.0 -285.0 -158.0 -599.0 -266.0
-465.0 -336.0 -166.0 -561.0 -314.0
-449.0 -7.0 -284.0 -377.0 -519.0
-410.0 -209.0 -164.0 -430.0 -553.0
-471.0 -63.0 -225.0 -564.0 -444.0
-66.0 -272.0 -188.0 -343.0 -593.0
-338.0 -174.0 -262.0 -545.0 -454.0
-458.0 -117.0 -274.0 -404.0 -507.0
-241.0 -255.0 -216.0 -551.0 -473.0
-397.0 -199.0 -230.0 -416.0 -535.0
-367.0 -318.0 -96.0 -440.0 -522.0
-435.0 -306.0 -230.0 -512.0 -343.0
-326.0 -280.0 -255.0 -501.0 -473.0
-585.0 -277.0 -67.0 -377.0 -342.0
-413.0 -282.0 -181.0 -473.0 -477.0
-393.0 -304.0 -41.0 -423.0 -505.0
-520.0 -337.0 -85.0 -565.0 -377.0
-516.0 -338.0 -217.0 -305.0 -397.0
-497.0 -239.0 -294.0 -451.0 -313.0
-516.0 -241.0 -144.0 -658.0 -185.0
-558.0 -146.0 -125.0 -680.0 -391.0
-510.0 -257.0 -173.0 -559.0 -356.0
-388.0 -89.0 -240.0 -389.0 -547.0
-473.0 -108.0 -198.0 -520.0 -474.0
-625.0 -343.0 8.0 -621.0 -141.0
-537.0 -395.0 36.0 -453.0 -229.0
-529.0 -316.0 -159.0 -517.0 -348.0
-264.0 -101.0 -296.0 -443.0 -525.0
-664.0 -283.0 -66.0 -623.0 -164.0
-513.0 -270.0 -131.0 -570.0 -386.0
-525.0 -180.0 -166.0 -403.0 -471.0
-568.0 -162.0 -200.0 -512.0 -466.0
-561.0 -360.0 -23.0 -480.0 -262.0
-443.0 -205.0 -319.0 -540.0 -432.0
-555.0 -73.0 -108.0 -637.0 -467.0
-429.0 -36.0 -237.0 -414.0 -511.0
-349.0 -343.0 -122.0 -633.0 -458.0
-318.0 -117.0 -171.0 -485.0 -562.0
-355.0 -415.0 -233.0 -328.0 -475.0
-475.0 -214.0 -283.0 -527.0 -389.0
-483.0 -195.0 -182.0 -633.0 -378.0
