-1949.0 -1731.0 -1887.0 -1920.0 -1634.0
-1986.0 -1852.0 -1860.0 -1874.0 -1564.0
-1949.0 -1857.0 -1877.0 -1859.0 -1594.0
-1883.0 -1805.0 -1924.0 -1881.0 -1660.0
-1917.0 -1877.0 -1875.0 -1838.0 -1627.0
-1932.0 -1888.0 -1872.0 -1793.0 -1634.0
-1926.0 -1814.0 -1856.0 -1924.0 -1603.0
-1915.0 -1785.0 -1926.0 -1902.0 -1627.0
-1889.0 -1819.0 -1873.0 -1909.0 -1633.0
-1925.0 -1827.0 -1915.0 -1878.0 -1576.0
-1895.0 -1910.0 -1869.0 -1805.0 -1624.0
-1953.0 -1885.0 -1917.0 -1807.0 -1570.0
-1914.0 -1703.0 -1839.0 -1914.0 -1725.0
-1967.0 -1680.0 -1886.0 -1949.0 -1628.0
-1903.0 -1850.0 -1876.0 -1901.0 -1606.0
-1946.0 -1683.0 -1841.0 -1935.0 -1692.0
-1937.0 -1903.0 -1853.0 -1787.0 -1637.0
-1954.0 -1872.0 -1858.0 -1853.0 -1597.0
-1900.0 -1908.0 -1870.0 -1772.0 -1667.0
-1943.0 -1917.0 -1802.0 -1815.0 -1610.0
-1871.0 -1911.0 -1866.0 -1815.0 -1640.0
-1995.0 -1738.0 -1888.0 -1878.0 -1622.0
-1862.0 -1808.0 -1879.0 -1867.0 -1724.0
-1875.0 -1939.0 -1906.0 -1763.0 -1616.0
-1844.0 -1956.0 -1881.0 -1705.0 -1609.0
-1850.0 -1970.0 -1830.0 -1733.0 -1582.0
-1807.0 -1961.0 -1898.0 -1690.0 -1639.0
-1802.0 -1963.0 -1897.0 -1723.0 -1596.0
-1845.0 -1972.0 -1829.0 -1766.0 -1539.0
-1758.0 -1989.0 -1827.0 -1701.0 -1556.0
-1808.0 -1993.0 -1742.0 -1673.0 -1593.0
-1918.0 -1948.0 -1838.0 -1806.0 -1559.0
-1854.0 -1942.0 -1861.0 -1749.0 -1680.0
-1842.0 -1987.0 -1846.0 -1706.0 -1509.0
-1829.0 -1990.0 -1787.0 -1687.0 -1529.0
-1742.0 -2012.0 -1805.0 -1736.0 -1521.0
-1708.0 -2030.0 -1714.0 -1646.0 -1405.0
-1783.0 -2024.0 -1778.0 -1664.0 -1542.0
-1676.0 -2036.0 -1841.0 -1577.0 -1377.0
-1645.0 -2043.0 -1734.0 -1571.0 -1272.0
-1655.0 -2039.0 -1796.0 -1563.0 -1441.0
-1624.0 -2046.0 -1689.0 -1557.0 -1336.0
