-1804.0 -1836.0 -1643.0 -2012.0 -1986.0
-1864.0 -1851.0 -1595.0 -2049.0 -1941.0
-1822.0 -1865.0 -1578.0 -2059.0 -1972.0
-1898.0 -1869.0 -1588.0 -2053.0 -1897.0
-1734.0 -1837.0 -1639.0 -2083.0 -1985.0
-1833.0 -1868.0 -1573.0 -2023.0 -2000.0
-1910.0 -1916.0 -1523.0 -2041.0 -1876.0
-1794.0 -1849.0 -1634.0 -2048.0 -1994.0
-1903.0 -1867.0 -1577.0 -1952.0 -2001.0
-1918.0 -1816.0 -1575.0 -2007.0 -1943.0
-1705.0 -1884.0 -1701.0 -2034.0 -1936.0
-1633.0 -1899.0 -1673.0 -2086.0 -1902.0
-1981.0 -1803.0 -1443.0 -2029.0 -1829.0
-1975.0 -1832.0 -1541.0 -1946.0 -1935.0
-1976.0 -1829.0 -1556.0 -1919.0 -1867.0
-1982.0 -1752.0 -1458.0 -2011.0 -1876.0
-1997.0 -1786.0 -1456.0 -2003.0 -1784.0
-1991.0 -1775.0 -1569.0 -1906.0 -1813.0
-1958.0 -1842.0 -1561.0 -1947.0 -1955.0
-1615.0 -1870.0 -1738.0 -2039.0 -1916.0
-2009.0 -1784.0 -1481.0 -1976.0 -1778.0
-2012.0 -1735.0 -1486.0 -1939.0 -1826.0
-2015.0 -1773.0 -1483.0 -1856.0 -1796.0
-2021.0 -1824.0 -1457.0 -1843.0 -1704.0
-2029.0 -1724.0 -1509.0 -1809.0 -1771.0
-2041.0 -1689.0 -1466.0 -1820.0 -1732.0
