-1190.0 -1089.0 -1176.0 -1209.0 -1022.0 -985.0
-1211.0 -1179.0 -1106.0 -1248.0 -1236.0 -846.0
-1167.0 -1119.0 -1201.0 -1205.0 -1141.0 -978.0
-1200.0 -1071.0 -1169.0 -1280.0 -1131.0 -957.0
-1201.0 -1130.0 -1199.0 -1320.0 -1118.0 -857.0
-1197.0 -1189.0 -1173.0 -1287.0 -1107.0 -875.0
-1259.0 -1074.0 -1182.0 -1219.0 -1148.0 -938.0
-1266.0 -1151.0 -1169.0 -1232.0 -1074.0 -913.0
-1218.0 -1256.0 -1093.0 -1261.0 -1162.0 -821.0
-1183.0 -1092.0 -1090.0 -1193.0 -1118.0 -992.0
-1113.0 -1078.0 -1184.0 -1182.0 -1103.0 -1010.0
-1063.0 -1063.0 -1088.0 -1134.0 -1043.0 -1014.0
-1069.0 -973.0 -1125.0 -1112.0 -1076.0 -1019.0
-1110.0 -991.0 -1128.0 -1118.0 -998.0 -1029.0
-1054.0 -1029.0 -1136.0 -1125.0 -988.0 -1034.0
-1070.0 -968.0 -1044.0 -1069.0 -977.0 -1039.0
-1178.0 -1143.0 -1148.0 -1335.0 -1140.0 -905.0
-945.0 -961.0 -1052.0 -1036.0 -921.0 -1053.0
