-1923.0 -1809.0 -1407.0 -2323.0 -1884.0
-1955.0 -1717.0 -1480.0 -2299.0 -1910.0
-1890.0 -1715.0 -1503.0 -2257.0 -1965.0
-1830.0 -1797.0 -1455.0 -2302.0 -1910.0
-1873.0 -1844.0 -1436.0 -2234.0 -1898.0
-1840.0 -1858.0 -1447.0 -2174.0 -1849.0
-1856.0 -1764.0 -1504.0 -2273.0 -1912.0
-1999.0 -1761.0 -1400.0 -2281.0 -1968.0
-1887.0 -1802.0 -1471.0 -2309.0 -1833.0
-1895.0 -1799.0 -1432.0 -2344.0 -1855.0
-1937.0 -1793.0 -1418.0 -2285.0 -1925.0
-1952.0 -1620.0 -1470.0 -2346.0 -2018.0
-2026.0 -1677.0 -1461.0 -2248.0 -1990.0
-1868.0 -1735.0 -1468.0 -2266.0 -2018.0
-1937.0 -1752.0 -1439.0 -2352.0 -1923.0
-1818.0 -1785.0 -1500.0 -2223.0 -1928.0
-1935.0 -1812.0 -1418.0 -2230.0 -1941.0
-1856.0 -1792.0 -1511.0 -2161.0 -1880.0
-1913.0 -1847.0 -1386.0 -2285.0 -1890.0
-1939.0 -1843.0 -1352.0 -2326.0 -1913.0
-1880.0 -1849.0 -1465.0 -2195.0 -1785.0
-2057.0 -1715.0 -1428.0 -2284.0 -1911.0
-1730.0 -1837.0 -1494.0 -2154.0 -1816.0
-1770.0 -1860.0 -1459.0 -2242.0 -1832.0
-1844.0 -1840.0 -1476.0 -2183.0 -1821.0
-1824.0 -1850.0 -1470.0 -2155.0 -1824.0
-1812.0 -1870.0 -1459.0 -2123.0 -1830.0
-1763.0 -1844.0 -1496.0 -2097.0 -1766.0
-1710.0 -1847.0 -1488.0 -2126.0 -1819.0
-1875.0 -1896.0 -1405.0 -2208.0 -1834.0
-1791.0 -1898.0 -1436.0 -2157.0 -1710.0
-1678.0 -1918.0 -1432.0 -2112.0 -1822.0
-1753.0 -1882.0 -1475.0 -2059.0 -1772.0
-1706.0 -1918.0 -1440.0 -2073.0 -1731.0
-1894.0 -1666.0 -1442.0 -2343.0 -2075.0
-1621.0 -1926.0 -1439.0 -2049.0 -1745.0
-2041.0 -1638.0 -1447.0 -2345.0 -1947.0
-1925.0 -1704.0 -1409.0 -2379.0 -1996.0
-1855.0 -1893.0 -1358.0 -2282.0 -1947.0
-1884.0 -1704.0 -1421.0 -2305.0 -2081.0
-1895.0 -1886.0 -1411.0 -2236.0 -1831.0
-1611.0 -1899.0 -1468.0 -2004.0 -1690.0
-1601.0 -1937.0 -1447.0 -1966.0 -1696.0
