-1080.0 -1225.0 -1242.0 -1556.0 -926.0 -1207.0
-1085.0 -1206.0 -1263.0 -1488.0 -948.0 -1250.0
-1116.0 -1251.0 -1232.0 -1489.0 -946.0 -1212.0
-1079.0 -1213.0 -1250.0 -1475.0 -958.0 -1259.0
-1080.0 -1211.0 -1271.0 -1470.0 -967.0 -1241.0
-1139.0 -1154.0 -1270.0 -1527.0 -941.0 -1220.0
-1138.0 -1173.0 -1157.0 -1500.0 -1002.0 -1229.0
-1125.0 -1252.0 -1161.0 -1522.0 -914.0 -1256.0
-1148.0 -1211.0 -1219.0 -1483.0 -904.0 -1219.0
-1147.0 -1230.0 -1106.0 -1456.0 -965.0 -1228.0
-1144.0 -1129.0 -1241.0 -1521.0 -942.0 -1190.0
-1040.0 -1280.0 -1289.0 -1545.0 -963.0 -1222.0
-1153.0 -1206.0 -1211.0 -1501.0 -885.0 -1228.0
-1027.0 -1214.0 -1290.0 -1446.0 -1001.0 -1265.0
-1148.0 -1180.0 -1265.0 -1469.0 -855.0 -1119.0
-1156.0 -1196.0 -1185.0 -1500.0 -909.0 -1197.0
-1144.0 -1205.0 -1282.0 -1468.0 -917.0 -1184.0
-1132.0 -1210.0 -1231.0 -1499.0 -924.0 -1235.0
-1115.0 -1238.0 -1307.0 -1535.0 -910.0 -1179.0
-1151.0 -1223.0 -1111.0 -1457.0 -959.0 -1232.0
-1076.0 -1250.0 -1259.0 -1555.0 -988.0 -1272.0
-987.0 -1283.0 -1308.0 -1521.0 -997.0 -1246.0
-1123.0 -1254.0 -1227.0 -1566.0 -964.0 -1257.0
-1108.0 -1235.0 -1312.0 -1458.0 -892.0 -1134.0
-1191.0 -1209.0 -1250.0 -1479.0 -893.0 -1169.0
-1193.0 -1207.0 -1184.0 -1435.0 -843.0 -1168.0
-1206.0 -1128.0 -1180.0 -1413.0 -931.0 -1141.0
-1068.0 -1234.0 -1339.0 -1524.0 -934.0 -1194.0
-912.0 -1166.0 -1341.0 -1386.0 -919.0 -1193.0
-1215.0 -1185.0 -1129.0 -1369.0 -894.0 -1140.0
