-1073.0 -960.0 -1050.0 -1149.0 -1298.0 -1242.0
-1067.0 -1010.0 -1103.0 -1121.0 -1295.0 -1175.0
-1002.0 -1013.0 -1127.0 -1060.0 -1257.0 -1269.0
-1007.0 -1139.0 -1152.0 -1072.0 -1239.0 -1199.0
-1062.0 -1069.0 -1121.0 -1070.0 -1224.0 -1255.0
-907.0 -1035.0 -1259.0 -1047.0 -1142.0 -1205.0
-1066.0 -1081.0 -1053.0 -1045.0 -1279.0 -1264.0
-1118.0 -1116.0 -1009.0 -1093.0 -1299.0 -1139.0
-998.0 -1001.0 -1195.0 -1085.0 -1202.0 -1260.0
-1120.0 -1085.0 -1031.0 -1121.0 -1296.0 -1132.0
-992.0 -1000.0 -1138.0 -1104.0 -1222.0 -1283.0
-1138.0 -1025.0 -970.0 -1209.0 -1260.0 -1173.0
-1085.0 -1013.0 -1116.0 -1085.0 -1237.0 -1277.0
-1099.0 -1067.0 -1085.0 -1090.0 -1294.0 -1167.0
-909.0 -1004.0 -1281.0 -1075.0 -1139.0 -1198.0
-1143.0 -1029.0 -1033.0 -1115.0 -1300.0 -1214.0
