-1844.0 -1753.0 -1586.0 -1898.0 -1905.0
-1808.0 -1835.0 -1604.0 -1884.0 -1903.0
-1825.0 -1734.0 -1620.0 -1834.0 -1969.0
-1852.0 -1920.0 -1515.0 -1838.0 -1865.0
-1839.0 -1914.0 -1507.0 -1878.0 -1855.0
-1805.0 -1961.0 -1499.0 -1829.0 -1842.0
-1845.0 -1663.0 -1613.0 -1894.0 -1944.0
-1864.0 -1713.0 -1594.0 -1904.0 -1888.0
-1825.0 -1703.0 -1605.0 -1888.0 -1961.0
-1862.0 -1876.0 -1515.0 -1882.0 -1934.0
-1787.0 -1877.0 -1556.0 -1898.0 -1910.0
-1888.0 -1888.0 -1471.0 -1902.0 -1859.0
-1810.0 -1890.0 -1494.0 -1919.0 -1877.0
-1836.0 -1952.0 -1482.0 -1828.0 -1833.0
-1805.0 -1774.0 -1612.0 -1828.0 -1986.0
-1818.0 -1792.0 -1579.0 -1838.0 -1983.0
-1815.0 -1963.0 -1514.0 -1852.0 -1783.0
-1810.0 -1969.0 -1479.0 -1812.0 -1849.0
-1882.0 -1904.0 -1533.0 -1885.0 -1793.0
-1795.0 -1967.0 -1437.0 -1863.0 -1859.0
-1762.0 -2015.0 -1532.0 -1786.0 -1753.0
-1878.0 -1928.0 -1437.0 -1811.0 -1921.0
-1861.0 -1946.0 -1485.0 -1899.0 -1800.0
-1780.0 -2018.0 -1415.0 -1781.0 -1847.0
-1778.0 -1983.0 -1565.0 -1796.0 -1785.0
-1789.0 -2011.0 -1431.0 -1826.0 -1856.0
-1715.0 -2047.0 -1386.0 -1710.0 -1860.0
-1724.0 -2040.0 -1402.0 -1755.0 -1869.0
-1680.0 -2060.0 -1353.0 -1653.0 -1766.0
-1682.0 -2061.0 -1324.0 -1676.0 -1685.0
-1616.0 -2065.0 -1311.0 -1636.0 -1737.0
-1692.0 -2057.0 -1411.0 -1728.0 -1785.0
-1591.0 -2078.0 -1320.0 -1642.0 -1687.0
