-911.0 -1221.0 -1147.0 -943.0 -1118.0 -1105.0
-911.0 -1251.0 -1222.0 -1037.0 -990.0 -1131.0
-914.0 -1233.0 -1146.0 -869.0 -1105.0 -1118.0
-962.0 -1274.0 -1211.0 -1043.0 -1067.0 -1044.0
-902.0 -1216.0 -1174.0 -951.0 -1109.0 -1103.0
-883.0 -1221.0 -1205.0 -966.0 -1102.0 -1071.0
-905.0 -1246.0 -1156.0 -847.0 -1127.0 -1045.0
-992.0 -1237.0 -1134.0 -1047.0 -1068.0 -1117.0
-928.0 -1134.0 -1213.0 -957.0 -1120.0 -1097.0
-879.0 -1189.0 -1201.0 -1030.0 -1098.0 -1017.0
-991.0 -1191.0 -1154.0 -879.0 -1083.0 -1133.0
-915.0 -1204.0 -1215.0 -944.0 -1097.0 -1128.0
-905.0 -1177.0 -1138.0 -990.0 -1110.0 -1060.0
-842.0 -1247.0 -1162.0 -965.0 -1125.0 -1112.0
-908.0 -1227.0 -1188.0 -1086.0 -1062.0 -1038.0
-954.0 -1214.0 -1193.0 -1082.0 -1050.0 -1146.0
-990.0 -1254.0 -1257.0 -1007.0 -1071.0 -1129.0
-887.0 -1177.0 -1178.0 -961.0 -1140.0 -1091.0
-921.0 -1144.0 -1082.0 -972.0 -1142.0 -1047.0
-963.0 -1156.0 -1164.0 -912.0 -1144.0 -1061.0
-895.0 -1230.0 -1224.0 -900.0 -1116.0 -1051.0
-985.0 -1262.0 -1149.0 -1042.0 -1094.0 -1035.0
-942.0 -1119.0 -1177.0 -1055.0 -1083.0 -965.0
-857.0 -1181.0 -1123.0 -989.0 -1127.0 -1153.0
-973.0 -1234.0 -1212.0 -1078.0 -1079.0 -1050.0
-870.0 -1184.0 -1083.0 -1081.0 -1072.0 -1128.0
-892.0 -1094.0 -1149.0 -1032.0 -1099.0 -1114.0
-912.0 -1123.0 -1122.0 -1083.0 -1070.0 -1027.0
-921.0 -1280.0 -1272.0 -1029.0 -1078.0 -1136.0
-883.0 -1196.0 -1155.0 -955.0 -1080.0 -1199.0
-935.0 -1198.0 -1168.0 -1027.0 -1108.0 -1064.0
-920.0 -1111.0 -1099.0 -1014.0 -1112.0 -1101.0
-920.0 -1101.0 -1044.0 -1093.0 -1066.0 -1123.0
-882.0 -1122.0 -1071.0 -999.0 -1130.0 -1064.0
-995.0 -1208.0 -1132.0 -1096.0 -1039.0 -1054.0
-883.0 -1197.0 -1063.0 -749.0 -1171.0 -959.0
-929.0 -1158.0 -1086.0 -1111.0 -1019.0 -1056.0
-856.0 -1202.0 -1101.0 -930.0 -1153.0 -1108.0
-852.0 -1170.0 -1097.0 -994.0 -1149.0 -1054.0
-803.0 -1137.0 -1027.0 -762.0 -1172.0 -1050.0
-951.0 -1140.0 -1137.0 -944.0 -1155.0 -985.0
-906.0 -1267.0 -1183.0 -1129.0 -1004.0 -1035.0
-886.0 -1113.0 -1128.0 -1130.0 -975.0 -1018.0
-882.0 -1195.0 -1076.0 -1136.0 -963.0 -1065.0
-865.0 -1120.0 -1086.0 -1140.0 -920.0 -1058.0
-817.0 -1188.0 -1052.0 -1144.0 -946.0 -1053.0
-888.0 -1210.0 -1161.0 -919.0 -1170.0 -1037.0
-844.0 -1076.0 -1061.0 -796.0 -1172.0 -911.0
-758.0 -1143.0 -998.0 -774.0 -1179.0 -1036.0
-833.0 -1133.0 -1082.0 -734.0 -1185.0 -988.0
-803.0 -1007.0 -949.0 -702.0 -1187.0 -921.0
-812.0 -1057.0 -1032.0 -1147.0 -881.0 -1018.0
