-1903.0 -1836.0 -2026.0 -1620.0 -2039.0
-1997.0 -1774.0 -2049.0 -1662.0 -2048.0
-1914.0 -1830.0 -2001.0 -1645.0 -2050.0
-1917.0 -1829.0 -2001.0 -1645.0 -2063.0
-1906.0 -1846.0 -1975.0 -1601.0 -2100.0
-1872.0 -1866.0 -1973.0 -1591.0 -2073.0
-2038.0 -1703.0 -2082.0 -1646.0 -2061.0
-2008.0 -1768.0 -2024.0 -1687.0 -2059.0
-1941.0 -1854.0 -1980.0 -1573.0 -2020.0
-1993.0 -1792.0 -2091.0 -1632.0 -2028.0
-2101.0 -1587.0 -2118.0 -1684.0 -2036.0
-2064.0 -1647.0 -2033.0 -1704.0 -2057.0
-2069.0 -1634.0 -2015.0 -1703.0 -2090.0
-1996.0 -1802.0 -2040.0 -1613.0 -2089.0
-2065.0 -1712.0 -2045.0 -1617.0 -2062.0
-1823.0 -1891.0 -1978.0 -1603.0 -2054.0
-2092.0 -1617.0 -2070.0 -1675.0 -2089.0
-2104.0 -1597.0 -2067.0 -1665.0 -2097.0
-2090.0 -1684.0 -2070.0 -1606.0 -2087.0
-1892.0 -1879.0 -1985.0 -1585.0 -2001.0
-1869.0 -1892.0 -1941.0 -1584.0 -2015.0
-1826.0 -1907.0 -1928.0 -1556.0 -1993.0
-2105.0 -1569.0 -2076.0 -1714.0 -2056.0
-1813.0 -1904.0 -1990.0 -1565.0 -1971.0
-1980.0 -1848.0 -1970.0 -1599.0 -2027.0
-1962.0 -1875.0 -1987.0 -1520.0 -2010.0
-1843.0 -1896.0 -1984.0 -1631.0 -1947.0
-1883.0 -1902.0 -1948.0 -1552.0 -1984.0
-1830.0 -1917.0 -1963.0 -1553.0 -1938.0
-1803.0 -1934.0 -1944.0 -1524.0 -1934.0
-1718.0 -1939.0 -1870.0 -1505.0 -1846.0
-1688.0 -1947.0 -1876.0 -1439.0 -1870.0
