-1914.0 -1845.0 -1626.0 -1530.0 -1830.0
-1940.0 -1834.0 -1667.0 -1476.0 -1882.0
-1966.0 -1806.0 -1663.0 -1486.0 -1884.0
-1899.0 -1882.0 -1671.0 -1527.0 -1789.0
-1812.0 -1699.0 -1608.0 -1635.0 -1710.0
-1963.0 -1963.0 -1668.0 -1304.0 -1822.0
-1939.0 -1960.0 -1712.0 -1264.0 -1830.0
-1941.0 -1898.0 -1724.0 -1286.0 -1863.0
-1962.0 -1808.0 -1667.0 -1464.0 -1914.0
-1746.0 -1696.0 -1438.0 -1679.0 -1590.0
-1942.0 -1922.0 -1633.0 -1501.0 -1811.0
-1959.0 -1871.0 -1673.0 -1410.0 -1912.0
-1990.0 -1809.0 -1619.0 -1526.0 -1876.0
-1961.0 -1809.0 -1685.0 -1432.0 -1945.0
-1983.0 -1874.0 -1629.0 -1450.0 -1904.0
-1949.0 -1857.0 -1623.0 -1577.0 -1783.0
-1873.0 -1893.0 -1630.0 -1581.0 -1737.0
-1903.0 -1788.0 -1636.0 -1618.0 -1747.0
-1853.0 -1659.0 -1587.0 -1645.0 -1674.0
-1834.0 -1789.0 -1568.0 -1631.0 -1666.0
-1809.0 -1752.0 -1585.0 -1630.0 -1772.0
-1854.0 -1794.0 -1561.0 -1639.0 -1593.0
-1813.0 -1655.0 -1585.0 -1657.0 -1690.0
-1812.0 -1714.0 -1530.0 -1642.0 -1729.0
-1797.0 -1685.0 -1536.0 -1649.0 -1748.0
-1853.0 -1644.0 -1665.0 -1638.0 -1655.0
-1779.0 -1657.0 -1636.0 -1653.0 -1693.0
-1779.0 -1672.0 -1558.0 -1660.0 -1712.0
-1747.0 -1732.0 -1587.0 -1663.0 -1638.0
-1729.0 -1528.0 -1587.0 -1680.0 -1620.0
-1759.0 -1712.0 -1544.0 -1673.0 -1594.0
-1747.0 -1747.0 -1509.0 -1670.0 -1657.0
-1769.0 -1603.0 -1489.0 -1682.0 -1582.0
-1688.0 -1583.0 -1530.0 -1677.0 -1675.0
-1715.0 -1649.0 -1489.0 -1688.0 -1577.0
-1693.0 -1631.0 -1497.0 -1694.0 -1536.0
-1697.0 -1603.0 -1538.0 -1690.0 -1565.0
-1672.0 -1676.0 -1436.0 -1685.0 -1652.0
-1675.0 -1559.0 -1439.0 -1702.0 -1607.0
-1904.0 -1751.0 -1552.0 -1586.0 -1875.0
-1871.0 -1863.0 -1587.0 -1628.0 -1692.0
-1704.0 -1601.0 -1626.0 -1681.0 -1527.0
-1765.0 -1793.0 -1460.0 -1668.0 -1669.0
-1749.0 -1579.0 -1441.0 -1696.0 -1545.0
-1696.0 -1575.0 -1334.0 -1704.0 -1576.0
-1650.0 -1632.0 -1478.0 -1703.0 -1514.0
-1678.0 -1529.0 -1383.0 -1706.0 -1564.0
-1611.0 -1500.0 -1397.0 -1710.0 -1434.0
-1611.0 -1453.0 -1483.0 -1707.0 -1536.0
-1600.0 -1497.0 -1300.0 -1717.0 -1461.0
-1546.0 -1489.0 -1359.0 -1720.0 -1440.0
