-1811.0 -1593.0 -1937.0 -1790.0 -2019.0
-1825.0 -1536.0 -1873.0 -1818.0 -2011.0
-1793.0 -1663.0 -1947.0 -1775.0 -2050.0
-1813.0 -1641.0 -1917.0 -1805.0 -1990.0
-1719.0 -1673.0 -1912.0 -1813.0 -2130.0
-1776.0 -1675.0 -1880.0 -1815.0 -2088.0
-1705.0 -1724.0 -1923.0 -1701.0 -2159.0
-1762.0 -1634.0 -1997.0 -1798.0 -2080.0
-1795.0 -1599.0 -1855.0 -1838.0 -2086.0
-1715.0 -1742.0 -1920.0 -1738.0 -2138.0
-1827.0 -1584.0 -1853.0 -1833.0 -1982.0
-1742.0 -1737.0 -1939.0 -1772.0 -2107.0
-1860.0 -1503.0 -1796.0 -1814.0 -1981.0
-1689.0 -1716.0 -1972.0 -1673.0 -2147.0
-1841.0 -1542.0 -1845.0 -1830.0 -2002.0
-1874.0 -1461.0 -1788.0 -1811.0 -2001.0
-1906.0 -1425.0 -1721.0 -1792.0 -1843.0
-1904.0 -1398.0 -1806.0 -1791.0 -1926.0
