-1811.0 -1731.0 -1626.0 -1652.0 -1529.0
-1856.0 -1782.0 -1561.0 -1683.0 -1543.0
-1857.0 -1780.0 -1586.0 -1662.0 -1532.0
-1789.0 -1801.0 -1548.0 -1686.0 -1595.0
-1829.0 -1768.0 -1559.0 -1703.0 -1566.0
-1817.0 -1813.0 -1575.0 -1645.0 -1561.0
-1804.0 -1771.0 -1640.0 -1630.0 -1506.0
-1792.0 -1763.0 -1623.0 -1666.0 -1549.0
-1784.0 -1717.0 -1624.0 -1672.0 -1552.0
-1764.0 -1718.0 -1592.0 -1720.0 -1594.0
-1803.0 -1652.0 -1692.0 -1592.0 -1502.0
-1731.0 -1708.0 -1678.0 -1640.0 -1526.0
-1731.0 -1666.0 -1738.0 -1532.0 -1420.0
-1843.0 -1693.0 -1606.0 -1695.0 -1546.0
-1876.0 -1715.0 -1654.0 -1582.0 -1482.0
-1867.0 -1752.0 -1517.0 -1737.0 -1581.0
-1800.0 -1771.0 -1504.0 -1740.0 -1633.0
-1775.0 -1810.0 -1424.0 -1758.0 -1621.0
-1793.0 -1765.0 -1342.0 -1777.0 -1641.0
-1827.0 -1785.0 -1506.0 -1720.0 -1610.0
-1828.0 -1783.0 -1531.0 -1699.0 -1599.0
-1775.0 -1772.0 -1432.0 -1769.0 -1629.0
-1855.0 -1797.0 -1533.0 -1679.0 -1576.0
-1784.0 -1758.0 -1646.0 -1675.0 -1473.0
-1700.0 -1776.0 -1661.0 -1650.0 -1522.0
-1831.0 -1699.0 -1605.0 -1717.0 -1542.0
-1849.0 -1701.0 -1652.0 -1602.0 -1505.0
-1868.0 -1776.0 -1562.0 -1661.0 -1547.0
-1879.0 -1746.0 -1518.0 -1715.0 -1585.0
-1884.0 -1794.0 -1588.0 -1642.0 -1509.0
-1895.0 -1764.0 -1544.0 -1696.0 -1547.0
-1906.0 -1760.0 -1520.0 -1695.0 -1562.0
-1896.0 -1788.0 -1589.0 -1620.0 -1513.0
-1796.0 -1636.0 -1727.0 -1548.0 -1424.0
-1907.0 -1758.0 -1545.0 -1674.0 -1551.0
-1772.0 -1709.0 -1701.0 -1599.0 -1438.0
-1815.0 -1646.0 -1693.0 -1570.0 -1506.0
-1745.0 -1695.0 -1699.0 -1619.0 -1461.0
-1776.0 -1638.0 -1690.0 -1612.0 -1525.0
-1776.0 -1679.0 -1712.0 -1615.0 -1446.0
-1934.0 -1772.0 -1547.0 -1654.0 -1528.0
-1769.0 -1622.0 -1725.0 -1568.0 -1447.0
-1736.0 -1671.0 -1679.0 -1595.0 -1554.0
-1808.0 -1630.0 -1728.0 -1526.0 -1428.0
-1758.0 -1680.0 -1740.0 -1512.0 -1397.0
-1700.0 -1675.0 -1695.0 -1647.0 -1511.0
-1770.0 -1674.0 -1741.0 -1490.0 -1401.0
-1765.0 -1600.0 -1744.0 -1530.0 -1425.0
-1728.0 -1699.0 -1722.0 -1588.0 -1469.0
-1681.0 -1662.0 -1729.0 -1600.0 -1445.0
-1749.0 -1545.0 -1762.0 -1476.0 -1384.0
-1663.0 -1638.0 -1781.0 -1449.0 -1311.0
-1714.0 -1670.0 -1761.0 -1501.0 -1428.0
-1649.0 -1588.0 -1766.0 -1483.0 -1416.0
-1689.0 -1534.0 -1773.0 -1495.0 -1390.0
-1651.0 -1578.0 -1786.0 -1459.0 -1363.0
-1616.0 -1487.0 -1787.0 -1427.0 -1302.0
-1614.0 -1479.0 -1795.0 -1431.0 -1237.0
