-972.0 -943.0 -1067.0 -1207.0 -1137.0 -949.0
-977.0 -963.0 -1079.0 -1152.0 -1117.0 -1062.0
-1053.0 -890.0 -1100.0 -1058.0 -1092.0 -1068.0
-988.0 -917.0 -1172.0 -1038.0 -1115.0 -1059.0
-989.0 -882.0 -1163.0 -941.0 -1040.0 -1073.0
-1026.0 -957.0 -1128.0 -1092.0 -1082.0 -1037.0
-952.0 -989.0 -1064.0 -1221.0 -1062.0 -1010.0
-931.0 -1009.0 -1067.0 -1234.0 -1074.0 -981.0
-912.0 -998.0 -994.0 -1257.0 -1112.0 -985.0
-954.0 -973.0 -1114.0 -1108.0 -1171.0 -1027.0
-1020.0 -928.0 -1093.0 -1133.0 -1149.0 -1058.0
-906.0 -963.0 -1082.0 -1271.0 -1109.0 -926.0
