-840.0 -1127.0 -1070.0 -1262.0 -1012.0 -1090.0
-862.0 -1026.0 -1014.0 -1161.0 -1045.0 -964.0
-859.0 -1104.0 -1058.0 -1300.0 -964.0 -1081.0
-825.0 -1108.0 -1041.0 -1290.0 -904.0 -1112.0
-768.0 -1162.0 -1086.0 -1296.0 -956.0 -1025.0
-814.0 -1158.0 -1040.0 -1254.0 -956.0 -1086.0
-813.0 -1067.0 -1027.0 -1325.0 -1030.0 -1111.0
-877.0 -1099.0 -1096.0 -1300.0 -1005.0 -1064.0
-898.0 -960.0 -886.0 -1314.0 -977.0 -1136.0
-743.0 -1065.0 -1065.0 -1105.0 -1097.0 -968.0
-807.0 -1120.0 -1058.0 -1299.0 -1047.0 -1031.0
-897.0 -1004.0 -931.0 -1302.0 -966.0 -1159.0
-896.0 -1004.0 -965.0 -1159.0 -1039.0 -975.0
-862.0 -1063.0 -943.0 -1119.0 -1062.0 -967.0
-687.0 -961.0 -939.0 -1140.0 -1127.0 -931.0
-893.0 -1050.0 -1104.0 -1202.0 -916.0 -1027.0
-815.0 -1034.0 -1021.0 -1315.0 -940.0 -1186.0
-930.0 -991.0 -932.0 -1223.0 -989.0 -1108.0
-757.0 -1140.0 -1003.0 -1131.0 -1101.0 -940.0
-742.0 -1110.0 -977.0 -1165.0 -1114.0 -904.0
-736.0 -1208.0 -1044.0 -1200.0 -1025.0 -1020.0
-856.0 -1017.0 -1013.0 -1335.0 -853.0 -1163.0
-871.0 -1032.0 -951.0 -1339.0 -976.0 -1137.0
-847.0 -1004.0 -1042.0 -1316.0 -912.0 -1183.0
-830.0 -1141.0 -1084.0 -1068.0 -1050.0 -932.0
-755.0 -1200.0 -1091.0 -1074.0 -1061.0 -862.0
-825.0 -1078.0 -1041.0 -1318.0 -1004.0 -1152.0
-717.0 -1085.0 -1072.0 -1357.0 -889.0 -1078.0
-861.0 -932.0 -968.0 -1293.0 -1027.0 -1107.0
-815.0 -987.0 -916.0 -1105.0 -1103.0 -990.0
-820.0 -1068.0 -1069.0 -1283.0 -878.0 -1149.0
-812.0 -1110.0 -1076.0 -1297.0 -945.0 -1113.0
-777.0 -1214.0 -1077.0 -1164.0 -894.0 -1026.0
-854.0 -988.0 -902.0 -1309.0 -1029.0 -1105.0
-890.0 -902.0 -1040.0 -1233.0 -1031.0 -1079.0
-822.0 -1147.0 -1078.0 -1180.0 -1011.0 -972.0
-862.0 -1115.0 -1070.0 -1301.0 -989.0 -1057.0
-740.0 -1214.0 -1060.0 -1131.0 -1019.0 -885.0
-877.0 -1113.0 -1078.0 -1299.0 -979.0 -1034.0
-885.0 -962.0 -921.0 -1321.0 -1018.0 -1137.0
-803.0 -1201.0 -1080.0 -1242.0 -1003.0 -998.0
-856.0 -1034.0 -920.0 -1227.0 -1041.0 -1106.0
-710.0 -1092.0 -1089.0 -1189.0 -1103.0 -946.0
-763.0 -1095.0 -1078.0 -1314.0 -943.0 -1117.0
-810.0 -1153.0 -1036.0 -1289.0 -1010.0 -1047.0
-859.0 -1031.0 -1083.0 -1304.0 -1032.0 -1060.0
-837.0 -1072.0 -1079.0 -1316.0 -911.0 -1084.0
-716.0 -1039.0 -1058.0 -1215.0 -1086.0 -1026.0
-796.0 -1089.0 -1087.0 -1296.0 -998.0 -1107.0
-886.0 -1057.0 -1077.0 -1327.0 -1013.0 -1120.0
-868.0 -1145.0 -1072.0 -1104.0 -965.0 -1028.0
-701.0 -1100.0 -1059.0 -1248.0 -1094.0 -971.0
-833.0 -990.0 -958.0 -1300.0 -1039.0 -1115.0
-812.0 -1145.0 -1079.0 -1270.0 -1037.0 -1084.0
-846.0 -1154.0 -1013.0 -1239.0 -1022.0 -1047.0
-776.0 -1157.0 -1019.0 -1279.0 -950.0 -1078.0
-763.0 -985.0 -1019.0 -1289.0 -1065.0 -1049.0
-835.0 -1073.0 -1018.0 -1106.0 -1083.0 -992.0
-883.0 -1008.0 -1040.0 -1132.0 -1034.0 -971.0
-791.0 -1125.0 -1028.0 -1105.0 -1094.0 -904.0
-846.0 -1106.0 -1093.0 -1307.0 -1005.0 -1082.0
-818.0 -1173.0 -1083.0 -1246.0 -1031.0 -1038.0
-821.0 -1094.0 -1014.0 -1327.0 -1034.0 -1076.0
-825.0 -1050.0 -1058.0 -1167.0 -1062.0 -1073.0
-755.0 -1059.0 -1048.0 -1210.0 -1090.0 -973.0
-842.0 -1019.0 -1050.0 -1210.0 -1070.0 -993.0
-836.0 -1092.0 -987.0 -1126.0 -1081.0 -931.0
-830.0 -1119.0 -1006.0 -1304.0 -952.0 -1121.0
-684.0 -1176.0 -1068.0 -1264.0 -1016.0 -1063.0
-888.0 -1098.0 -1081.0 -1199.0 -945.0 -1062.0
-765.0 -1096.0 -1084.0 -1303.0 -998.0 -1125.0
-803.0 -1187.0 -1098.0 -1243.0 -1029.0 -1028.0
-788.0 -1138.0 -1069.0 -1299.0 -1021.0 -1090.0
-749.0 -1222.0 -1073.0 -1219.0 -860.0 -1013.0
-892.0 -1097.0 -1069.0 -1111.0 -961.0 -1031.0
-850.0 -1087.0 -973.0 -1295.0 -1040.0 -1050.0
-822.0 -1102.0 -1009.0 -1145.0 -1075.0 -1033.0
-740.0 -1174.0 -998.0 -1288.0 -1052.0 -1014.0
-768.0 -1107.0 -1052.0 -1153.0 -1094.0 -957.0
-722.0 -1177.0 -1089.0 -1239.0 -1022.0 -1071.0
-817.0 -1121.0 -1041.0 -1311.0 -993.0 -1122.0
-821.0 -940.0 -1025.0 -1213.0 -1072.0 -1013.0
-884.0 -1070.0 -1082.0 -1109.0 -957.0 -1066.0
-822.0 -1021.0 -1052.0 -1153.0 -1075.0 -940.0
-733.0 -1165.0 -1023.0 -1251.0 -953.0 -1120.0
-829.0 -1046.0 -1075.0 -1129.0 -1073.0 -1035.0
-789.0 -1173.0 -1099.0 -1233.0 -1019.0 -1035.0
-857.0 -1074.0 -991.0 -1158.0 -1074.0 -999.0
-732.0 -1179.0 -1065.0 -1305.0 -1058.0 -961.0
-815.0 -1118.0 -1076.0 -1222.0 -1061.0 -1003.0
-826.0 -1087.0 -1056.0 -1356.0 -1027.0 -1082.0
-829.0 -1119.0 -1107.0 -1251.0 -1035.0 -1005.0
-778.0 -1175.0 -1019.0 -1263.0 -1058.0 -1022.0
-747.0 -1188.0 -1068.0 -1215.0 -1024.0 -1057.0
-872.0 -1013.0 -990.0 -1125.0 -1066.0 -1054.0
-728.0 -1061.0 -1063.0 -1193.0 -1113.0 -982.0
-833.0 -1103.0 -974.0 -1273.0 -898.0 -1165.0
-819.0 -1094.0 -970.0 -1302.0 -1040.0 -1068.0
-815.0 -1115.0 -991.0 -1282.0 -1041.0 -1084.0
-876.0 -1028.0 -984.0 -1179.0 -1055.0 -956.0
-867.0 -1099.0 -991.0 -1283.0 -958.0 -1134.0
-813.0 -1147.0 -1001.0 -1276.0 -1057.0 -988.0
-780.0 -1155.0 -1090.0 -1288.0 -1071.0 -992.0
-863.0 -978.0 -986.0 -1211.0 -1039.0 -1108.0
-824.0 -1163.0 -1066.0 -1213.0 -849.0 -1083.0
-848.0 -1034.0 -1018.0 -1153.0 -1081.0 -1010.0
-875.0 -1011.0 -961.0 -1198.0 -1056.0 -989.0
-727.0 -1127.0 -1038.0 -1313.0 -843.0 -1092.0
-880.0 -1040.0 -977.0 -1127.0 -1070.0 -1019.0
-769.0 -1191.0 -1081.0 -1233.0 -969.0 -1059.0
-811.0 -1174.0 -1072.0 -1285.0 -1010.0 -1042.0
-937.0 -935.0 -998.0 -1207.0 -987.0 -1110.0
-732.0 -1136.0 -1028.0 -1314.0 -940.0 -1086.0
-871.0 -872.0 -860.0 -1226.0 -1053.0 -1078.0
-837.0 -1121.0 -982.0 -1063.0 -1094.0 -965.0
-781.0 -1066.0 -1086.0 -1080.0 -1103.0 -976.0
-939.0 -983.0 -962.0 -1164.0 -998.0 -1083.0
-879.0 -1015.0 -952.0 -1295.0 -1035.0 -1057.0
-793.0 -1179.0 -1034.0 -1285.0 -969.0 -1059.0
-863.0 -1144.0 -1065.0 -1238.0 -1002.0 -1091.0
-764.0 -1099.0 -1064.0 -1351.0 -836.0 -1066.0
-783.0 -1093.0 -993.0 -1352.0 -1028.0 -1068.0
-675.0 -1245.0 -1050.0 -1181.0 -970.0 -901.0
-791.0 -1130.0 -947.0 -1265.0 -899.0 -1146.0
-831.0 -1115.0 -996.0 -1260.0 -969.0 -1145.0
-804.0 -1086.0 -1028.0 -1152.0 -1092.0 -922.0
-771.0 -1094.0 -1020.0 -1269.0 -1074.0 -1058.0
-730.0 -1135.0 -1022.0 -1325.0 -885.0 -1078.0
-826.0 -1164.0 -1072.0 -1202.0 -904.0 -1091.0
-780.0 -1181.0 -1069.0 -1292.0 -1010.0 -1060.0
-853.0 -1155.0 -1013.0 -1101.0 -1030.0 -966.0
-865.0 -1069.0 -924.0 -1141.0 -1068.0 -1052.0
-809.0 -1196.0 -947.0 -1106.0 -1021.0 -1019.0
-799.0 -1100.0 -1055.0 -1146.0 -1094.0 -939.0
-890.0 -1049.0 -1105.0 -1154.0 -950.0 -1058.0
-803.0 -1067.0 -1059.0 -1132.0 -1094.0 -983.0
-788.0 -1136.0 -1015.0 -1252.0 -911.0 -1138.0
-865.0 -1077.0 -959.0 -1175.0 -1044.0 -1062.0
-705.0 -1215.0 -1041.0 -1207.0 -1025.0 -1038.0
-956.0 -968.0 -953.0 -1180.0 -940.0 -1094.0
-777.0 -1047.0 -970.0 -1304.0 -892.0 -1190.0
-863.0 -1058.0 -960.0 -1162.0 -1066.0 -985.0
-817.0 -1095.0 -1062.0 -1307.0 -1054.0 -1054.0
-954.0 -989.0 -1012.0 -1184.0 -902.0 -1111.0
-854.0 -1101.0 -1026.0 -1290.0 -999.0 -1135.0
-801.0 -1201.0 -1014.0 -1123.0 -1027.0 -966.0
-781.0 -1008.0 -998.0 -1265.0 -1076.0 -1060.0
-668.0 -973.0 -933.0 -1081.0 -1137.0 -811.0
-931.0 -1065.0 -996.0 -1195.0 -938.0 -1081.0
-855.0 -1172.0 -1029.0 -1109.0 -978.0 -1012.0
-791.0 -1060.0 -1025.0 -1160.0 -1102.0 -973.0
-858.0 -1093.0 -960.0 -1178.0 -1072.0 -938.0
-849.0 -1050.0 -1048.0 -1316.0 -928.0 -1175.0
-938.0 -1030.0 -1007.0 -1146.0 -964.0 -1007.0
-830.0 -971.0 -974.0 -1248.0 -1074.0 -1049.0
-900.0 -1014.0 -1016.0 -1208.0 -1036.0 -1042.0
-801.0 -1039.0 -1036.0 -1370.0 -819.0 -1128.0
-894.0 -1125.0 -1024.0 -1176.0 -955.0 -1019.0
-906.0 -976.0 -950.0 -1201.0 -1033.0 -1024.0
-814.0 -1078.0 -973.0 -1207.0 -1079.0 -1055.0
-802.0 -1087.0 -1023.0 -1262.0 -1074.0 -1040.0
-813.0 -1126.0 -1001.0 -1157.0 -1085.0 -911.0
-774.0 -1064.0 -932.0 -1281.0 -1078.0 -1058.0
-822.0 -931.0 -982.0 -1089.0 -1101.0 -992.0
-851.0 -1050.0 -999.0 -1245.0 -1072.0 -1029.0
-831.0 -1052.0 -1001.0 -1188.0 -1077.0 -976.0
-734.0 -1184.0 -992.0 -1271.0 -951.0 -1059.0
-760.0 -1086.0 -1006.0 -1148.0 -1113.0 -941.0
-765.0 -1186.0 -1077.0 -1268.0 -1023.0 -1020.0
-764.0 -1065.0 -985.0 -1168.0 -1112.0 -925.0
-798.0 -1214.0 -1036.0 -1156.0 -993.0 -929.0
-949.0 -1024.0 -887.0 -1196.0 -942.0 -1092.0
-827.0 -1035.0 -954.0 -1240.0 -1080.0 -1025.0
-834.0 -979.0 -1020.0 -1224.0 -1078.0 -1027.0
-786.0 -1058.0 -967.0 -1166.0 -1103.0 -992.0
-751.0 -1094.0 -976.0 -1207.0 -1104.0 -966.0
-797.0 -1211.0 -1020.0 -1223.0 -919.0 -963.0
-954.0 -1027.0 -946.0 -1189.0 -908.0 -1107.0
-821.0 -1027.0 -864.0 -1239.0 -1082.0 -1039.0
-806.0 -1049.0 -946.0 -1178.0 -1097.0 -923.0
-761.0 -1242.0 -1010.0 -1118.0 -1000.0 -955.0
-790.0 -1063.0 -928.0 -1202.0 -1087.0 -1051.0
-803.0 -1005.0 -1001.0 -1212.0 -1089.0 -995.0
-795.0 -961.0 -954.0 -1174.0 -1091.0 -1028.0
-728.0 -1126.0 -1066.0 -1138.0 -1105.0 -913.0
-894.0 -1018.0 -1034.0 -1310.0 -859.0 -1171.0
-756.0 -1088.0 -1043.0 -1147.0 -1103.0 -1007.0
-943.0 -1011.0 -961.0 -1254.0 -986.0 -1079.0
-802.0 -910.0 -845.0 -1206.0 -1094.0 -1012.0
-808.0 -1131.0 -1004.0 -1181.0 -1096.0 -975.0
-798.0 -1214.0 -1090.0 -1158.0 -976.0 -1009.0
-786.0 -1017.0 -844.0 -1165.0 -1099.0 -1018.0
-883.0 -1046.0 -1065.0 -1326.0 -988.0 -1144.0
-753.0 -1123.0 -956.0 -1183.0 -1104.0 -989.0
-794.0 -1061.0 -891.0 -1203.0 -1097.0 -985.0
-787.0 -1052.0 -979.0 -1184.0 -1098.0 -995.0
-955.0 -1017.0 -993.0 -1202.0 -934.0 -1084.0
-679.0 -1099.0 -1086.0 -1196.0 -1103.0 -964.0
-760.0 -1239.0 -994.0 -1185.0 -926.0 -989.0
-906.0 -1063.0 -1060.0 -1302.0 -978.0 -1145.0
-758.0 -1107.0 -940.0 -1148.0 -1109.0 -986.0
-865.0 -978.0 -1052.0 -1330.0 -1015.0 -1140.0
-927.0 -989.0 -1077.0 -1173.0 -933.0 -1120.0
-694.0 -905.0 -1005.0 -1124.0 -1125.0 -933.0
-895.0 -1074.0 -1065.0 -1222.0 -859.0 -1150.0
-665.0 -1243.0 -1074.0 -1115.0 -934.0 -1011.0
-727.0 -1032.0 -1068.0 -1256.0 -1100.0 -948.0
-753.0 -1011.0 -1084.0 -1253.0 -1079.0 -1000.0
-757.0 -1121.0 -919.0 -1184.0 -1114.0 -923.0
-784.0 -1116.0 -959.0 -1176.0 -1104.0 -971.0
-865.0 -1037.0 -1026.0 -1162.0 -1070.0 -940.0
-823.0 -1002.0 -1094.0 -1210.0 -1051.0 -1100.0
-791.0 -961.0 -902.0 -1343.0 -1009.0 -1164.0
-891.0 -983.0 -1067.0 -1173.0 -1034.0 -1006.0
-797.0 -1023.0 -1078.0 -1213.0 -1072.0 -1048.0
-745.0 -1100.0 -1040.0 -1314.0 -902.0 -1134.0
-860.0 -1022.0 -1040.0 -1180.0 -1061.0 -1039.0
-680.0 -1113.0 -1046.0 -1319.0 -896.0 -1104.0
-743.0 -1183.0 -1064.0 -1250.0 -1078.0 -1018.0
-856.0 -1066.0 -996.0 -1340.0 -1033.0 -1042.0
-727.0 -1095.0 -1063.0 -1328.0 -992.0 -1117.0
-745.0 -1224.0 -1088.0 -1182.0 -928.0 -934.0
-840.0 -1039.0 -948.0 -1346.0 -976.0 -1155.0
-703.0 -1127.0 -1013.0 -1306.0 -903.0 -1115.0
-809.0 -1134.0 -1067.0 -1269.0 -1012.0 -1108.0
-774.0 -1109.0 -1055.0 -1322.0 -939.0 -1105.0
-874.0 -1013.0 -1034.0 -1150.0 -1060.0 -1062.0
-775.0 -1138.0 -1050.0 -1259.0 -952.0 -1139.0
-696.0 -1246.0 -1030.0 -1196.0 -987.0 -955.0
-843.0 -1048.0 -1045.0 -1147.0 -1083.0 -1027.0
-927.0 -1069.0 -1051.0 -1124.0 -960.0 -997.0
-852.0 -1087.0 -1017.0 -1320.0 -1034.0 -1058.0
-858.0 -1034.0 -986.0 -1346.0 -1017.0 -1138.0
-799.0 -1007.0 -1038.0 -1211.0 -1079.0 -1061.0
-868.0 -969.0 -1053.0 -1231.0 -1038.0 -1127.0
-892.0 -989.0 -923.0 -1284.0 -1035.0 -1113.0
-775.0 -1022.0 -1105.0 -1161.0 -1081.0 -1041.0
-887.0 -1059.0 -999.0 -1333.0 -1033.0 -1024.0
-777.0 -1146.0 -1024.0 -1326.0 -1045.0 -988.0
-791.0 -1220.0 -1042.0 -1140.0 -928.0 -995.0
-899.0 -933.0 -989.0 -1268.0 -1033.0 -1115.0
-754.0 -1040.0 -1079.0 -1190.0 -1092.0 -1034.0
-865.0 -1051.0 -1027.0 -1326.0 -947.0 -1161.0
-799.0 -1126.0 -1003.0 -1311.0 -952.0 -1139.0
-832.0 -995.0 -901.0 -1308.0 -978.0 -1188.0
-730.0 -1172.0 -1022.0 -1222.0 -1016.0 -1124.0
-831.0 -1094.0 -1039.0 -1086.0 -1084.0 -1008.0
-759.0 -1119.0 -1069.0 -1131.0 -1105.0 -895.0
-672.0 -981.0 -979.0 -1057.0 -1141.0 -789.0
-814.0 -1186.0 -1103.0 -1202.0 -887.0 -1000.0
-925.0 -996.0 -935.0 -1247.0 -1000.0 -1172.0
-712.0 -1140.0 -984.0 -1325.0 -844.0 -1095.0
-787.0 -1081.0 -977.0 -1319.0 -833.0 -1165.0
-862.0 -1147.0 -1043.0 -1042.0 -1039.0 -941.0
-859.0 -1025.0 -943.0 -1222.0 -1046.0 -1117.0
-874.0 -1152.0 -1015.0 -1139.0 -948.0 -1109.0
-855.0 -1017.0 -897.0 -1246.0 -1042.0 -1139.0
-784.0 -1122.0 -988.0 -1289.0 -1041.0 -1102.0
-855.0 -978.0 -1084.0 -1137.0 -1079.0 -1012.0
-862.0 -961.0 -963.0 -1230.0 -1040.0 -1141.0
-862.0 -1050.0 -1067.0 -1356.0 -997.0 -1126.0
-818.0 -1006.0 -1058.0 -1099.0 -1086.0 -1038.0
-935.0 -1044.0 -1078.0 -1165.0 -960.0 -1032.0
-808.0 -1105.0 -1072.0 -1332.0 -999.0 -1074.0
-918.0 -878.0 -923.0 -1287.0 -975.0 -1194.0
-934.0 -988.0 -965.0 -1188.0 -1009.0 -1147.0
-783.0 -1114.0 -1050.0 -1037.0 -1114.0 -949.0
-811.0 -1030.0 -1094.0 -1136.0 -1090.0 -924.0
-685.0 -955.0 -950.0 -1046.0 -1141.0 -845.0
-846.0 -1120.0 -1075.0 -1306.0 -979.0 -1052.0
-813.0 -1084.0 -1062.0 -1362.0 -938.0 -1102.0
-855.0 -1096.0 -1083.0 -1282.0 -1060.0 -1062.0
-875.0 -1158.0 -1026.0 -1119.0 -975.0 -968.0
-784.0 -1114.0 -1029.0 -1348.0 -1028.0 -1063.0
-912.0 -1126.0 -1033.0 -1148.0 -887.0 -982.0
-708.0 -1252.0 -1062.0 -1144.0 -935.0 -960.0
-866.0 -969.0 -1009.0 -1206.0 -1044.0 -1119.0
-695.0 -1255.0 -985.0 -1068.0 -958.0 -948.0
-859.0 -1158.0 -976.0 -1187.0 -873.0 -1095.0
-724.0 -1015.0 -979.0 -1156.0 -1125.0 -949.0
-820.0 -1105.0 -1009.0 -1280.0 -939.0 -1166.0
-806.0 -1015.0 -1108.0 -1154.0 -1081.0 -1023.0
-859.0 -1094.0 -1068.0 -1319.0 -992.0 -1141.0
-866.0 -1153.0 -978.0 -1094.0 -989.0 -965.0
-902.0 -952.0 -973.0 -1320.0 -998.0 -1181.0
-856.0 -1156.0 -1012.0 -1149.0 -996.0 -935.0
-873.0 -1155.0 -1029.0 -1150.0 -982.0 -999.0
-900.0 -1084.0 -1037.0 -1257.0 -985.0 -1153.0
-931.0 -988.0 -1029.0 -1181.0 -1004.0 -1030.0
-834.0 -1123.0 -1066.0 -1356.0 -955.0 -1044.0
-822.0 -1154.0 -1096.0 -1300.0 -1009.0 -1079.0
-889.0 -1127.0 -1096.0 -1196.0 -876.0 -1070.0
-809.0 -1189.0 -952.0 -1127.0 -1060.0 -953.0
-932.0 -940.0 -1001.0 -1231.0 -998.0 -1174.0
-945.0 -938.0 -966.0 -1224.0 -957.0 -1173.0
-791.0 -943.0 -834.0 -1011.0 -1120.0 -904.0
-711.0 -1254.0 -996.0 -1174.0 -824.0 -953.0
-806.0 -1133.0 -1107.0 -1299.0 -1062.0 -1073.0
-883.0 -942.0 -853.0 -1358.0 -943.0 -1179.0
-789.0 -1082.0 -983.0 -1308.0 -888.0 -1173.0
-941.0 -991.0 -1047.0 -1191.0 -943.0 -1112.0
-903.0 -939.0 -924.0 -1320.0 -983.0 -1139.0
-822.0 -1149.0 -1118.0 -1146.0 -965.0 -967.0
-850.0 -1146.0 -1100.0 -1245.0 -1043.0 -1092.0
-797.0 -1151.0 -1040.0 -1318.0 -962.0 -1070.0
-911.0 -934.0 -857.0 -1303.0 -977.0 -1192.0
-891.0 -1006.0 -902.0 -1240.0 -1040.0 -1072.0
-754.0 -1025.0 -1044.0 -1376.0 -872.0 -1140.0
-890.0 -989.0 -879.0 -1259.0 -1041.0 -1105.0
-783.0 -1044.0 -998.0 -1370.0 -778.0 -1145.0
-897.0 -1122.0 -1029.0 -1179.0 -870.0 -1123.0
-885.0 -1059.0 -933.0 -1214.0 -1057.0 -992.0
-896.0 -997.0 -969.0 -1260.0 -1039.0 -1091.0
-835.0 -1152.0 -1061.0 -1293.0 -968.0 -1078.0
-853.0 -1147.0 -1099.0 -1293.0 -1009.0 -1061.0
-777.0 -1186.0 -1014.0 -1216.0 -963.0 -1112.0
-872.0 -1092.0 -1033.0 -1312.0 -951.0 -1140.0
-674.0 -1256.0 -1045.0 -1134.0 -875.0 -991.0
-848.0 -1154.0 -1057.0 -1264.0 -1016.0 -1055.0
-785.0 -1026.0 -887.0 -1289.0 -1070.0 -1039.0
-728.0 -1221.0 -1070.0 -1158.0 -1044.0 -1006.0
-802.0 -1158.0 -1103.0 -1306.0 -1016.0 -994.0
-932.0 -976.0 -913.0 -1315.0 -965.0 -1125.0
-846.0 -1160.0 -1011.0 -1194.0 -914.0 -1096.0
-812.0 -1059.0 -1089.0 -1073.0 -1103.0 -958.0
-811.0 -1182.0 -1031.0 -1226.0 -1023.0 -1081.0
-728.0 -1124.0 -1058.0 -1265.0 -1005.0 -1151.0
-870.0 -1163.0 -1029.0 -1143.0 -986.0 -1032.0
-857.0 -1144.0 -1047.0 -1239.0 -1071.0 -1035.0
-841.0 -1159.0 -1016.0 -1263.0 -1033.0 -1111.0
-950.0 -1022.0 -996.0 -1226.0 -945.0 -1148.0
-750.0 -1015.0 -995.0 -1272.0 -1076.0 -1078.0
-878.0 -1131.0 -1042.0 -1301.0 -1026.0 -1085.0
-859.0 -1122.0 -955.0 -1115.0 -1085.0 -972.0
-879.0 -1127.0 -1087.0 -1269.0 -944.0 -1111.0
-775.0 -1140.0 -1104.0 -1306.0 -1062.0 -1091.0
-851.0 -1139.0 -822.0 -1048.0 -1072.0 -981.0
-903.0 -941.0 -1035.0 -1244.0 -1037.0 -1093.0
-951.0 -1017.0 -1029.0 -1122.0 -875.0 -1040.0
-833.0 -1113.0 -966.0 -1248.0 -848.0 -1154.0
-778.0 -1132.0 -982.0 -1272.0 -940.0 -1147.0
-908.0 -1072.0 -1030.0 -1215.0 -818.0 -1149.0
-828.0 -1129.0 -952.0 -1122.0 -1085.0 -990.0
-910.0 -923.0 -853.0 -1108.0 -1040.0 -1072.0
-828.0 -933.0 -928.0 -1381.0 -1002.0 -1138.0
-835.0 -1179.0 -1097.0 -1268.0 -955.0 -1023.0
-784.0 -1153.0 -1075.0 -1325.0 -1003.0 -1071.0
-659.0 -988.0 -964.0 -1158.0 -1138.0 -881.0
-817.0 -983.0 -927.0 -1345.0 -1054.0 -1112.0
-854.0 -1079.0 -1060.0 -1301.0 -1061.0 -1095.0
-866.0 -1066.0 -1021.0 -1099.0 -1083.0 -974.0
-812.0 -1080.0 -1076.0 -1325.0 -1045.0 -1153.0
-811.0 -1148.0 -1093.0 -1281.0 -1071.0 -974.0
-883.0 -1132.0 -1037.0 -1232.0 -907.0 -1070.0
-893.0 -1054.0 -866.0 -1197.0 -1051.0 -1045.0
-897.0 -1090.0 -1111.0 -1140.0 -954.0 -1037.0
-883.0 -1126.0 -1039.0 -1277.0 -1015.0 -1021.0
-911.0 -1124.0 -1041.0 -1177.0 -941.0 -1083.0
-850.0 -1039.0 -1053.0 -1363.0 -1023.0 -1085.0
-895.0 -1048.0 -949.0 -1144.0 -1032.0 -1077.0
-878.0 -1071.0 -1056.0 -1357.0 -944.0 -1132.0
-818.0 -1124.0 -1057.0 -1244.0 -1067.0 -1088.0
-781.0 -1184.0 -1085.0 -1225.0 -1084.0 -1026.0
-905.0 -982.0 -938.0 -1183.0 -1038.0 -1021.0
-892.0 -1125.0 -1052.0 -1262.0 -903.0 -1110.0
-889.0 -1073.0 -1008.0 -1303.0 -998.0 -1101.0
-869.0 -1091.0 -1034.0 -1264.0 -985.0 -1171.0
-810.0 -1131.0 -1070.0 -1300.0 -1072.0 -1007.0
-902.0 -1041.0 -950.0 -1179.0 -1061.0 -1026.0
-841.0 -1099.0 -1030.0 -1319.0 -951.0 -1158.0
-755.0 -1178.0 -1013.0 -1310.0 -963.0 -1051.0
-779.0 -1138.0 -1067.0 -1307.0 -1072.0 -1025.0
-885.0 -1094.0 -1029.0 -1283.0 -999.0 -1117.0
-902.0 -1071.0 -973.0 -1296.0 -957.0 -1100.0
-910.0 -1044.0 -918.0 -1196.0 -1031.0 -1089.0
-945.0 -990.0 -999.0 -1199.0 -1014.0 -1022.0
-786.0 -1210.0 -1014.0 -1089.0 -1019.0 -946.0
-884.0 -1148.0 -1016.0 -1094.0 -1030.0 -948.0
-896.0 -1066.0 -1094.0 -1357.0 -985.0 -1115.0
-909.0 -985.0 -1016.0 -1163.0 -1059.0 -1028.0
-877.0 -916.0 -841.0 -1145.0 -1075.0 -1013.0
-743.0 -1071.0 -929.0 -1288.0 -1078.0 -1076.0
-796.0 -1018.0 -932.0 -1262.0 -1046.0 -1141.0
-963.0 -953.0 -992.0 -1231.0 -943.0 -1080.0
-812.0 -1177.0 -1088.0 -1218.0 -1084.0 -1008.0
-752.0 -994.0 -1061.0 -1272.0 -1080.0 -1033.0
-839.0 -1184.0 -1101.0 -1233.0 -901.0 -1062.0
-820.0 -1172.0 -1021.0 -1201.0 -1078.0 -1061.0
-909.0 -1064.0 -1059.0 -1350.0 -944.0 -1114.0
-857.0 -934.0 -1005.0 -1292.0 -1017.0 -1173.0
-809.0 -1036.0 -914.0 -1294.0 -1077.0 -1024.0
-910.0 -1120.0 -1090.0 -1262.0 -944.0 -1093.0
-855.0 -1203.0 -977.0 -1058.0 -1041.0 -939.0
-661.0 -1029.0 -867.0 -1097.0 -1139.0 -809.0
-776.0 -1167.0 -1065.0 -1256.0 -883.0 -1147.0
-784.0 -1181.0 -962.0 -1121.0 -1096.0 -902.0
-823.0 -1027.0 -908.0 -1264.0 -1076.0 -1047.0
-693.0 -1098.0 -1042.0 -1115.0 -1123.0 -824.0
-772.0 -1016.0 -968.0 -1324.0 -1067.0 -1085.0
-777.0 -1138.0 -1001.0 -1188.0 -1096.0 -993.0
-699.0 -1123.0 -939.0 -1287.0 -1089.0 -988.0
-920.0 -1066.0 -1011.0 -1296.0 -998.0 -1083.0
-874.0 -1061.0 -954.0 -1082.0 -1077.0 -1027.0
-850.0 -990.0 -939.0 -1308.0 -1019.0 -1171.0
-809.0 -1207.0 -1023.0 -1100.0 -1041.0 -878.0
-715.0 -984.0 -1030.0 -1121.0 -1123.0 -913.0
-877.0 -1153.0 -1014.0 -1187.0 -914.0 -1078.0
-881.0 -1139.0 -1103.0 -1238.0 -1043.0 -1074.0
-878.0 -1151.0 -967.0 -1147.0 -1019.0 -1019.0
-896.0 -1130.0 -1002.0 -1225.0 -866.0 -1069.0
-873.0 -1038.0 -1001.0 -1368.0 -928.0 -1175.0
-740.0 -1166.0 -1039.0 -1347.0 -1039.0 -975.0
-889.0 -1134.0 -1036.0 -1221.0 -1037.0 -1127.0
-726.0 -1098.0 -1043.0 -1376.0 -830.0 -1058.0
-831.0 -1055.0 -1010.0 -1316.0 -887.0 -1192.0
-861.0 -1071.0 -1024.0 -1123.0 -1094.0 -1038.0
-736.0 -1216.0 -1003.0 -1141.0 -1038.0 -1059.0
-950.0 -955.0 -1027.0 -1238.0 -984.0 -1081.0
-774.0 -1235.0 -1041.0 -1087.0 -1042.0 -912.0
-880.0 -1110.0 -1108.0 -1301.0 -1030.0 -1040.0
-727.0 -1218.0 -1054.0 -1225.0 -970.0 -1040.0
-951.0 -937.0 -968.0 -1225.0 -997.0 -1102.0
-786.0 -1130.0 -1031.0 -1129.0 -1105.0 -968.0
-738.0 -1002.0 -1006.0 -1073.0 -1123.0 -860.0
-858.0 -999.0 -890.0 -1277.0 -1075.0 -1013.0
-883.0 -1006.0 -1000.0 -1166.0 -1080.0 -976.0
-809.0 -1094.0 -1002.0 -1109.0 -1104.0 -940.0
-824.0 -1202.0 -1060.0 -1257.0 -1020.0 -1052.0
-860.0 -1182.0 -1057.0 -1160.0 -887.0 -1061.0
-821.0 -1125.0 -1101.0 -1363.0 -996.0 -1045.0
-823.0 -1210.0 -1031.0 -1122.0 -894.0 -1087.0
-814.0 -1051.0 -900.0 -1276.0 -1086.0 -925.0
-728.0 -1068.0 -978.0 -1323.0 -1078.0 -997.0
-914.0 -1125.0 -1040.0 -1225.0 -907.0 -1052.0
-830.0 -1078.0 -1021.0 -1130.0 -1094.0 -1056.0
-963.0 -1020.0 -961.0 -1219.0 -904.0 -1147.0
-724.0 -1238.0 -1034.0 -1141.0 -1021.0 -968.0
-746.0 -1243.0 -1037.0 -1142.0 -1008.0 -899.0
-878.0 -1158.0 -962.0 -1126.0 -980.0 -1085.0
-907.0 -1132.0 -954.0 -1171.0 -920.0 -1038.0
-838.0 -977.0 -983.0 -1225.0 -1088.0 -961.0
-927.0 -1067.0 -1011.0 -1158.0 -1006.0 -1002.0
-852.0 -1194.0 -1064.0 -1202.0 -1054.0 -1065.0
-723.0 -1235.0 -1018.0 -1208.0 -947.0 -1002.0
-883.0 -1153.0 -959.0 -1102.0 -969.0 -1021.0
-940.0 -1065.0 -976.0 -1151.0 -965.0 -1001.0
-786.0 -1211.0 -1085.0 -1259.0 -947.0 -1113.0
-793.0 -999.0 -948.0 -1210.0 -1081.0 -1075.0
-742.0 -1180.0 -1048.0 -1317.0 -1004.0 -1052.0
-681.0 -1147.0 -1050.0 -1153.0 -1114.0 -937.0
-816.0 -1092.0 -1046.0 -1374.0 -980.0 -1088.0
-887.0 -1150.0 -980.0 -1132.0 -907.0 -1108.0
-836.0 -1208.0 -1092.0 -1205.0 -968.0 -1057.0
-774.0 -1088.0 -1114.0 -1244.0 -1007.0 -1100.0
-933.0 -1065.0 -1040.0 -1220.0 -932.0 -1089.0
-823.0 -1134.0 -955.0 -1146.0 -1096.0 -1054.0
-735.0 -1213.0 -987.0 -1208.0 -964.0 -1093.0
-831.0 -1033.0 -917.0 -1241.0 -1090.0 -959.0
-934.0 -1068.0 -927.0 -1204.0 -954.0 -1072.0
-802.0 -1212.0 -1075.0 -1195.0 -908.0 -1088.0
-786.0 -1055.0 -882.0 -1226.0 -1083.0 -1073.0
-937.0 -1056.0 -1063.0 -1295.0 -978.0 -1127.0
-852.0 -1079.0 -994.0 -1182.0 -1085.0 -1063.0
-698.0 -1248.0 -926.0 -1096.0 -1002.0 -999.0
-958.0 -1010.0 -934.0 -1230.0 -978.0 -1135.0
-804.0 -1034.0 -996.0 -1149.0 -1102.0 -1029.0
-831.0 -962.0 -931.0 -1124.0 -1103.0 -1028.0
-702.0 -1132.0 -1005.0 -1249.0 -1115.0 -992.0
-785.0 -1117.0 -1045.0 -1281.0 -1102.0 -1029.0
-926.0 -1106.0 -1062.0 -1259.0 -1030.0 -1101.0
-950.0 -1042.0 -984.0 -1233.0 -890.0 -1072.0
-787.0 -1014.0 -941.0 -1123.0 -1114.0 -940.0
-952.0 -1010.0 -974.0 -1239.0 -874.0 -1168.0
-784.0 -1041.0 -1018.0 -1322.0 -940.0 -1204.0
-795.0 -1218.0 -1027.0 -1177.0 -860.0 -1074.0
-683.0 -1032.0 -1046.0 -1252.0 -1121.0 -967.0
-948.0 -1064.0 -1013.0 -1196.0 -924.0 -1145.0
-823.0 -1183.0 -1111.0 -1297.0 -940.0 -1087.0
-787.0 -1223.0 -1094.0 -1194.0 -866.0 -1021.0
-907.0 -1133.0 -991.0 -1119.0 -894.0 -976.0
-944.0 -1015.0 -1041.0 -1256.0 -880.0 -1115.0
-955.0 -1045.0 -1028.0 -1212.0 -863.0 -1036.0
-741.0 -1169.0 -1055.0 -1280.0 -1113.0 -941.0
-978.0 -967.0 -877.0 -1184.0 -839.0 -1122.0
-815.0 -1080.0 -895.0 -1213.0 -1099.0 -959.0
-839.0 -1006.0 -978.0 -1162.0 -1101.0 -995.0
-706.0 -1060.0 -1090.0 -1141.0 -1122.0 -975.0
-945.0 -974.0 -878.0 -1308.0 -924.0 -1124.0
-797.0 -939.0 -917.0 -1092.0 -1107.0 -898.0
-786.0 -1066.0 -958.0 -1220.0 -1103.0 -932.0
-796.0 -999.0 -910.0 -1046.0 -1113.0 -870.0
-782.0 -1229.0 -1033.0 -1249.0 -1021.0 -1033.0
-765.0 -1146.0 -1012.0 -1108.0 -1115.0 -852.0
-777.0 -1073.0 -998.0 -1243.0 -1104.0 -1062.0
-798.0 -887.0 -900.0 -995.0 -1118.0 -906.0
-737.0 -1123.0 -921.0 -1127.0 -1119.0 -870.0
-656.0 -1155.0 -985.0 -1156.0 -1120.0 -843.0
-691.0 -1127.0 -967.0 -1169.0 -1119.0 -809.0
-960.0 -968.0 -917.0 -1260.0 -999.0 -1138.0
-730.0 -1109.0 -1027.0 -1150.0 -1124.0 -955.0
-783.0 -1232.0 -1049.0 -1182.0 -1095.0 -999.0
-832.0 -1062.0 -912.0 -1178.0 -1103.0 -993.0
-805.0 -1115.0 -1023.0 -1089.0 -1105.0 -956.0
-952.0 -1063.0 -965.0 -1204.0 -995.0 -1055.0
-703.0 -936.0 -954.0 -1159.0 -1127.0 -969.0
-964.0 -935.0 -933.0 -1218.0 -956.0 -1101.0
-733.0 -1125.0 -1008.0 -1242.0 -1115.0 -974.0
-757.0 -1051.0 -1091.0 -1191.0 -1117.0 -1010.0
-949.0 -1070.0 -1024.0 -1176.0 -951.0 -1004.0
-802.0 -1003.0 -862.0 -1141.0 -1109.0 -890.0
-789.0 -1055.0 -844.0 -1062.0 -1115.0 -868.0
-971.0 -954.0 -897.0 -1123.0 -940.0 -1042.0
-968.0 -1043.0 -993.0 -1205.0 -822.0 -1035.0
-957.0 -1065.0 -957.0 -1159.0 -945.0 -1057.0
-605.0 -1258.0 -1019.0 -1192.0 -884.0 -973.0
-780.0 -1070.0 -875.0 -1139.0 -1116.0 -938.0
-703.0 -1240.0 -1078.0 -1214.0 -1035.0 -969.0
-738.0 -1064.0 -843.0 -1012.0 -1120.0 -833.0
-781.0 -1071.0 -961.0 -1244.0 -1114.0 -996.0
-970.0 -972.0 -956.0 -1136.0 -927.0 -1021.0
-750.0 -1107.0 -1025.0 -1207.0 -1119.0 -1008.0
-737.0 -1053.0 -1093.0 -1134.0 -1122.0 -957.0
-807.0 -989.0 -835.0 -1147.0 -1107.0 -873.0
-699.0 -1116.0 -1024.0 -1157.0 -1124.0 -973.0
-684.0 -1113.0 -1073.0 -1192.0 -1124.0 -894.0
-944.0 -1075.0 -1027.0 -1200.0 -962.0 -1068.0
-798.0 -1240.0 -1015.0 -1160.0 -932.0 -997.0
-946.0 -1078.0 -869.0 -1076.0 -846.0 -989.0
-795.0 -1058.0 -988.0 -1161.0 -1112.0 -907.0
-761.0 -1242.0 -1064.0 -1120.0 -983.0 -1035.0
-788.0 -1114.0 -922.0 -1177.0 -1114.0 -905.0
-737.0 -1118.0 -1096.0 -1079.0 -1114.0 -888.0
-761.0 -1073.0 -963.0 -1187.0 -1119.0 -943.0
-740.0 -1043.0 -909.0 -1012.0 -1124.0 -788.0
-732.0 -1059.0 -1026.0 -1194.0 -1123.0 -916.0
-806.0 -970.0 -866.0 -1127.0 -1109.0 -934.0
-663.0 -1253.0 -1046.0 -1206.0 -948.0 -847.0
-686.0 -1132.0 -970.0 -1193.0 -1130.0 -873.0
-654.0 -1087.0 -1007.0 -1216.0 -1132.0 -958.0
-971.0 -1008.0 -899.0 -1223.0 -937.0 -1134.0
-745.0 -1250.0 -1067.0 -1186.0 -867.0 -1002.0
-977.0 -971.0 -832.0 -1216.0 -921.0 -1096.0
-790.0 -862.0 -807.0 -1071.0 -1117.0 -977.0
-731.0 -964.0 -870.0 -1188.0 -1128.0 -933.0
-696.0 -992.0 -888.0 -1175.0 -1129.0 -967.0
-712.0 -1257.0 -1012.0 -1107.0 -898.0 -919.0
-802.0 -1036.0 -1056.0 -1322.0 -981.0 -1187.0
-976.0 -919.0 -925.0 -1162.0 -910.0 -1101.0
-979.0 -1045.0 -945.0 -1151.0 -876.0 -1004.0
-685.0 -1080.0 -1010.0 -1209.0 -1132.0 -940.0
-778.0 -1055.0 -980.0 -1152.0 -1123.0 -977.0
-740.0 -1209.0 -1102.0 -1200.0 -919.0 -1033.0
-740.0 -949.0 -839.0 -1111.0 -1127.0 -863.0
-741.0 -850.0 -872.0 -1021.0 -1126.0 -897.0
-696.0 -1001.0 -849.0 -1110.0 -1138.0 -775.0
-677.0 -911.0 -903.0 -1008.0 -1143.0 -878.0
-861.0 -940.0 -940.0 -1344.0 -967.0 -1197.0
-785.0 -999.0 -1046.0 -1136.0 -1121.0 -979.0
-778.0 -1206.0 -1106.0 -1299.0 -1020.0 -991.0
-687.0 -1016.0 -880.0 -1187.0 -1139.0 -845.0
-670.0 -1284.0 -985.0 -1099.0 -899.0 -900.0
-734.0 -1015.0 -947.0 -1349.0 -1061.0 -1077.0
-733.0 -1007.0 -1009.0 -1097.0 -1134.0 -924.0
-806.0 -1198.0 -1110.0 -1244.0 -1054.0 -1004.0
-746.0 -914.0 -817.0 -1070.0 -1128.0 -889.0
-940.0 -1009.0 -1106.0 -1204.0 -930.0 -1091.0
-653.0 -1120.0 -1070.0 -1199.0 -1124.0 -912.0
-953.0 -1007.0 -1071.0 -1197.0 -889.0 -1090.0
-779.0 -1186.0 -965.0 -1145.0 -1107.0 -966.0
-790.0 -1176.0 -1115.0 -1166.0 -1093.0 -1001.0
-737.0 -1236.0 -1095.0 -1224.0 -1095.0 -938.0
-709.0 -1175.0 -966.0 -1182.0 -1115.0 -901.0
-705.0 -984.0 -918.0 -1116.0 -1138.0 -942.0
-771.0 -987.0 -973.0 -1387.0 -1054.0 -1051.0
-730.0 -1174.0 -1030.0 -1095.0 -1116.0 -886.0
-711.0 -942.0 -963.0 -1136.0 -1141.0 -881.0
-629.0 -833.0 -891.0 -1047.0 -1144.0 -765.0
-780.0 -1011.0 -901.0 -1307.0 -1061.0 -1138.0
-852.0 -1118.0 -1104.0 -1356.0 -996.0 -1027.0
-924.0 -1058.0 -1098.0 -1302.0 -1019.0 -1128.0
-911.0 -1033.0 -980.0 -1120.0 -1070.0 -1001.0
-887.0 -1086.0 -1072.0 -1264.0 -1026.0 -1154.0
-849.0 -1117.0 -1105.0 -1308.0 -1030.0 -1058.0
-697.0 -1075.0 -975.0 -1330.0 -1078.0 -1015.0
-921.0 -1042.0 -1108.0 -1147.0 -950.0 -1040.0
-915.0 -1011.0 -1028.0 -1376.0 -927.0 -1194.0
-959.0 -954.0 -1040.0 -1223.0 -872.0 -1170.0
-638.0 -864.0 -840.0 -1082.0 -1146.0 -801.0
-898.0 -1038.0 -1113.0 -1154.0 -903.0 -987.0
-964.0 -1009.0 -1023.0 -1143.0 -943.0 -1059.0
-846.0 -1035.0 -1013.0 -1263.0 -1063.0 -1128.0
-943.0 -1003.0 -1032.0 -1321.0 -961.0 -1207.0
-897.0 -1046.0 -953.0 -1203.0 -1072.0 -1090.0
-622.0 -889.0 -825.0 -1063.0 -1146.0 -763.0
-790.0 -932.0 -907.0 -1406.0 -996.0 -1130.0
-745.0 -1050.0 -995.0 -1288.0 -1082.0 -1031.0
-916.0 -930.0 -890.0 -1143.0 -1056.0 -1011.0
-873.0 -1180.0 -1118.0 -1243.0 -961.0 -1031.0
-710.0 -1176.0 -1052.0 -1287.0 -1113.0 -959.0
-874.0 -1166.0 -915.0 -1044.0 -864.0 -961.0
-923.0 -1003.0 -856.0 -1148.0 -1037.0 -1044.0
-869.0 -984.0 -987.0 -1382.0 -965.0 -1164.0
-747.0 -1143.0 -1122.0 -1207.0 -984.0 -966.0
-849.0 -1052.0 -1102.0 -1363.0 -1038.0 -1127.0
-896.0 -1061.0 -1116.0 -1203.0 -941.0 -1003.0
-701.0 -1227.0 -962.0 -1173.0 -854.0 -1113.0
-736.0 -1233.0 -1079.0 -1291.0 -1021.0 -972.0
-860.0 -1074.0 -927.0 -1165.0 -1079.0 -1116.0
-711.0 -1060.0 -962.0 -1281.0 -1122.0 -931.0
-927.0 -961.0 -905.0 -1297.0 -1034.0 -1079.0
-887.0 -1158.0 -909.0 -1065.0 -932.0 -980.0
-949.0 -966.0 -965.0 -1314.0 -945.0 -1169.0
-890.0 -1146.0 -1045.0 -1156.0 -956.0 -1035.0
-880.0 -956.0 -1118.0 -1159.0 -956.0 -1013.0
-798.0 -990.0 -1015.0 -1230.0 -1080.0 -1094.0
-865.0 -980.0 -947.0 -1282.0 -1005.0 -1207.0
-676.0 -1088.0 -980.0 -1268.0 -1123.0 -965.0
-873.0 -1062.0 -1119.0 -1098.0 -980.0 -981.0
-905.0 -1145.0 -1018.0 -1132.0 -948.0 -1091.0
-932.0 -1020.0 -975.0 -1182.0 -1025.0 -1051.0
-760.0 -1239.0 -1048.0 -1187.0 -909.0 -1069.0
-980.0 -925.0 -860.0 -1214.0 -860.0 -1125.0
-868.0 -1205.0 -1046.0 -1113.0 -965.0 -1029.0
-968.0 -1037.0 -1022.0 -1233.0 -931.0 -1055.0
-842.0 -1211.0 -983.0 -1037.0 -973.0 -920.0
-954.0 -961.0 -962.0 -1290.0 -934.0 -1105.0
-954.0 -1021.0 -948.0 -1234.0 -1016.0 -1058.0
-909.0 -1138.0 -897.0 -1057.0 -863.0 -927.0
-731.0 -1192.0 -1114.0 -1305.0 -1073.0 -1003.0
-867.0 -1126.0 -1123.0 -1144.0 -885.0 -1063.0
-889.0 -1099.0 -940.0 -1152.0 -1095.0 -1002.0
-753.0 -1245.0 -1000.0 -1169.0 -861.0 -1055.0
-915.0 -1130.0 -988.0 -1164.0 -973.0 -1059.0
-674.0 -1242.0 -1034.0 -1248.0 -896.0 -935.0
-920.0 -1125.0 -985.0 -1140.0 -962.0 -995.0
-707.0 -1249.0 -1046.0 -1211.0 -861.0 -994.0
-893.0 -995.0 -1114.0 -1210.0 -983.0 -1103.0
-854.0 -1127.0 -958.0 -1139.0 -1096.0 -1036.0
-924.0 -1122.0 -1006.0 -1170.0 -900.0 -1082.0
-925.0 -1118.0 -1027.0 -1169.0 -955.0 -1001.0
-962.0 -956.0 -895.0 -1273.0 -928.0 -1158.0
-969.0 -900.0 -961.0 -1257.0 -926.0 -1160.0
-846.0 -951.0 -852.0 -1142.0 -1098.0 -978.0
-661.0 -1267.0 -1051.0 -1206.0 -1036.0 -950.0
-711.0 -1254.0 -1050.0 -1176.0 -807.0 -1033.0
-840.0 -1213.0 -1042.0 -1168.0 -931.0 -1016.0
-670.0 -1274.0 -993.0 -1124.0 -949.0 -911.0
-840.0 -1087.0 -1005.0 -1102.0 -1104.0 -922.0
-655.0 -1168.0 -1034.0 -1156.0 -1135.0 -885.0
-855.0 -1098.0 -1123.0 -1248.0 -1014.0 -1057.0
-695.0 -1070.0 -940.0 -1120.0 -1136.0 -940.0
-796.0 -990.0 -949.0 -1111.0 -1104.0 -1062.0
-815.0 -1215.0 -1098.0 -1139.0 -900.0 -1034.0
-824.0 -1018.0 -865.0 -1140.0 -1105.0 -1026.0
-942.0 -1117.0 -1044.0 -1170.0 -941.0 -1065.0
-799.0 -1243.0 -1031.0 -1093.0 -1006.0 -963.0
-962.0 -1016.0 -881.0 -1217.0 -1010.0 -1111.0
-729.0 -1028.0 -1000.0 -1210.0 -1121.0 -1028.0
-815.0 -962.0 -896.0 -1068.0 -1118.0 -909.0
-777.0 -955.0 -999.0 -1098.0 -1123.0 -1012.0
-964.0 -973.0 -867.0 -1223.0 -962.0 -1097.0
-634.0 -1044.0 -910.0 -1080.0 -1143.0 -805.0
-948.0 -1078.0 -913.0 -1101.0 -840.0 -997.0
-654.0 -1273.0 -1003.0 -1188.0 -988.0 -936.0
-961.0 -1070.0 -907.0 -1122.0 -908.0 -1016.0
-657.0 -1053.0 -1030.0 -1255.0 -1142.0 -915.0
-808.0 -1018.0 -830.0 -1084.0 -1120.0 -907.0
-961.0 -1062.0 -978.0 -1189.0 -883.0 -1144.0
-632.0 -1283.0 -1018.0 -1126.0 -876.0 -972.0
-793.0 -983.0 -929.0 -954.0 -1122.0 -851.0
-786.0 -1245.0 -970.0 -1010.0 -932.0 -993.0
-754.0 -1248.0 -1016.0 -1102.0 -935.0 -1021.0
-665.0 -1037.0 -913.0 -1073.0 -1143.0 -787.0
-752.0 -1249.0 -1078.0 -1147.0 -888.0 -998.0
-784.0 -998.0 -960.0 -1031.0 -1123.0 -921.0
-973.0 -966.0 -882.0 -1253.0 -958.0 -1137.0
-725.0 -982.0 -916.0 -1173.0 -1133.0 -995.0
-594.0 -861.0 -909.0 -1034.0 -1145.0 -799.0
-770.0 -1011.0 -933.0 -1114.0 -1125.0 -1010.0
-759.0 -866.0 -790.0 -979.0 -1127.0 -863.0
-983.0 -1050.0 -895.0 -1114.0 -839.0 -963.0
-746.0 -1253.0 -1083.0 -1119.0 -941.0 -968.0
-712.0 -1257.0 -1066.0 -1109.0 -881.0 -999.0
-750.0 -881.0 -821.0 -1056.0 -1128.0 -933.0
-978.0 -1027.0 -863.0 -1128.0 -921.0 -1075.0
-711.0 -1269.0 -1021.0 -1095.0 -1030.0 -876.0
-740.0 -1021.0 -903.0 -1074.0 -1129.0 -839.0
-674.0 -991.0 -915.0 -1123.0 -1138.0 -960.0
-734.0 -1107.0 -990.0 -1151.0 -1134.0 -889.0
-981.0 -1035.0 -987.0 -1226.0 -890.0 -1054.0
-982.0 -973.0 -824.0 -1171.0 -871.0 -1098.0
-726.0 -1063.0 -943.0 -1113.0 -1136.0 -922.0
-715.0 -918.0 -800.0 -978.0 -1138.0 -775.0
-713.0 -983.0 -866.0 -1075.0 -1142.0 -809.0
-704.0 -1270.0 -1010.0 -1134.0 -1009.0 -880.0
-712.0 -883.0 -885.0 -1021.0 -1142.0 -844.0
-676.0 -970.0 -981.0 -1123.0 -1142.0 -915.0
-985.0 -1008.0 -878.0 -1144.0 -860.0 -966.0
-989.0 -917.0 -890.0 -1155.0 -869.0 -1100.0
-704.0 -998.0 -897.0 -1152.0 -1143.0 -879.0
-705.0 -939.0 -819.0 -1037.0 -1144.0 -842.0
-670.0 -1284.0 -1039.0 -1101.0 -882.0 -980.0
-991.0 -955.0 -847.0 -1170.0 -843.0 -1046.0
-684.0 -860.0 -794.0 -1040.0 -1146.0 -862.0
-603.0 -892.0 -858.0 -1069.0 -1147.0 -835.0
-626.0 -1285.0 -898.0 -1009.0 -937.0 -876.0
-631.0 -920.0 -774.0 -1098.0 -1148.0 -799.0
-573.0 -1295.0 -950.0 -1035.0 -872.0 -881.0
-640.0 -912.0 -804.0 -1039.0 -1157.0 -774.0
-859.0 -1138.0 -1130.0 -1186.0 -1052.0 -1067.0
-1004.0 -953.0 -812.0 -1163.0 -802.0 -1045.0
