-964.0 -1068.0 -896.0 -1273.0 -1014.0 -791.0
-988.0 -1054.0 -840.0 -1340.0 -953.0 -930.0
-1048.0 -988.0 -805.0 -1366.0 -976.0 -912.0
-1017.0 -1005.0 -764.0 -1371.0 -947.0 -958.0
-1030.0 -1011.0 -764.0 -1373.0 -945.0 -928.0
-1053.0 -984.0 -754.0 -1382.0 -906.0 -970.0
-1040.0 -978.0 -754.0 -1380.0 -908.0 -1000.0
-1067.0 -971.0 -798.0 -1353.0 -878.0 -967.0
-1001.0 -1052.0 -813.0 -1348.0 -963.0 -945.0
-1004.0 -1051.0 -875.0 -1341.0 -877.0 -951.0
-1041.0 -1025.0 -902.0 -1303.0 -1021.0 -809.0
-1008.0 -1077.0 -855.0 -1350.0 -973.0 -896.0
-1032.0 -1050.0 -922.0 -1274.0 -951.0 -879.0
-944.0 -1119.0 -902.0 -1213.0 -980.0 -804.0
-910.0 -1093.0 -918.0 -1113.0 -1041.0 -698.0
-887.0 -1166.0 -934.0 -1157.0 -923.0 -706.0
-1067.0 -897.0 -752.0 -1309.0 -791.0 -1106.0
-1066.0 -917.0 -719.0 -1380.0 -879.0 -1033.0
-1094.0 -950.0 -785.0 -1376.0 -967.0 -911.0
-987.0 -1050.0 -924.0 -1143.0 -1048.0 -716.0
-1086.0 -940.0 -734.0 -1390.0 -899.0 -999.0
-1036.0 -1071.0 -765.0 -1374.0 -994.0 -860.0
-1011.0 -1034.0 -822.0 -1390.0 -937.0 -922.0
