-1147.0 -1053.0 -1042.0 -1056.0 -1288.0 -1068.0
-1209.0 -1100.0 -984.0 -1009.0 -1204.0 -1038.0
-1187.0 -1124.0 -1042.0 -1003.0 -1248.0 -1004.0
-1162.0 -1059.0 -1032.0 -1078.0 -1244.0 -1050.0
-1228.0 -1160.0 -971.0 -829.0 -1117.0 -981.0
-1084.0 -992.0 -1025.0 -1078.0 -1345.0 -1102.0
-1194.0 -1053.0 -1021.0 -1051.0 -1313.0 -1030.0
-1133.0 -1003.0 -1083.0 -963.0 -1354.0 -1123.0
-1133.0 -1031.0 -1008.0 -1099.0 -1339.0 -1058.0
-1164.0 -1048.0 -1061.0 -1043.0 -1318.0 -1069.0
-1129.0 -1052.0 -1017.0 -1079.0 -1341.0 -1055.0
-1084.0 -1015.0 -1074.0 -949.0 -1366.0 -1140.0
-1215.0 -1124.0 -1026.0 -1008.0 -1218.0 -981.0
-1145.0 -1094.0 -1045.0 -1050.0 -1322.0 -1023.0
-1188.0 -1045.0 -972.0 -1089.0 -1182.0 -958.0
-1152.0 -985.0 -1024.0 -1092.0 -1335.0 -1104.0
-1204.0 -1060.0 -1027.0 -1079.0 -1177.0 -967.0
-1087.0 -983.0 -1068.0 -965.0 -1364.0 -1153.0
-1213.0 -1090.0 -1002.0 -1054.0 -1268.0 -1027.0
-1167.0 -991.0 -1014.0 -1114.0 -1291.0 -1086.0
-1170.0 -1013.0 -940.0 -1127.0 -1251.0 -1074.0
-1182.0 -1076.0 -977.0 -1078.0 -1234.0 -1039.0
-1184.0 -1035.0 -974.0 -1084.0 -1200.0 -1084.0
-1155.0 -1109.0 -1115.0 -888.0 -1280.0 -1066.0
-1157.0 -1040.0 -1053.0 -1061.0 -1366.0 -1121.0
-1210.0 -1068.0 -1076.0 -1041.0 -1308.0 -1039.0
-1211.0 -1107.0 -1072.0 -980.0 -1289.0 -1027.0
-1123.0 -930.0 -996.0 -1122.0 -1267.0 -1161.0
-1134.0 -1014.0 -970.0 -1136.0 -1175.0 -1070.0
-1104.0 -976.0 -980.0 -1129.0 -1271.0 -1115.0
-1150.0 -1002.0 -1094.0 -1018.0 -1356.0 -1104.0
-1097.0 -977.0 -975.0 -1137.0 -1277.0 -1054.0
-1150.0 -1006.0 -981.0 -1130.0 -1200.0 -1031.0
-1224.0 -1106.0 -974.0 -1031.0 -1160.0 -1020.0
-1069.0 -986.0 -1035.0 -1056.0 -1389.0 -1120.0
-1011.0 -933.0 -944.0 -1153.0 -1178.0 -1130.0
-1092.0 -1011.0 -1014.0 -1122.0 -1242.0 -1107.0
-1228.0 -1092.0 -1000.0 -1008.0 -1252.0 -1029.0
-1102.0 -1016.0 -1099.0 -926.0 -1313.0 -1153.0
-1228.0 -1164.0 -963.0 -897.0 -1089.0 -961.0
-1092.0 -939.0 -904.0 -1169.0 -1242.0 -1028.0
-1232.0 -1154.0 -981.0 -942.0 -1153.0 -950.0
-1205.0 -1106.0 -1108.0 -896.0 -1305.0 -1029.0
-1221.0 -1163.0 -1021.0 -960.0 -1187.0 -1003.0
-1145.0 -1066.0 -1120.0 -914.0 -1337.0 -1088.0
-1177.0 -1064.0 -1101.0 -955.0 -1378.0 -1048.0
-1136.0 -970.0 -969.0 -1102.0 -1340.0 -1095.0
-1191.0 -1110.0 -1068.0 -980.0 -1340.0 -1013.0
-1163.0 -1100.0 -1063.0 -1011.0 -1343.0 -1022.0
-1210.0 -1089.0 -1095.0 -970.0 -1338.0 -1025.0
-1173.0 -983.0 -998.0 -1098.0 -1361.0 -1051.0
-1210.0 -1021.0 -914.0 -1095.0 -1138.0 -992.0
-1105.0 -1017.0 -1011.0 -1062.0 -1370.0 -1087.0
-1086.0 -975.0 -955.0 -1152.0 -1324.0 -1102.0
-1117.0 -1084.0 -1040.0 -1081.0 -1325.0 -1032.0
-1187.0 -1068.0 -1058.0 -1034.0 -1383.0 -1079.0
-1150.0 -1094.0 -1066.0 -1071.0 -1215.0 -1042.0
-1161.0 -983.0 -965.0 -1152.0 -1160.0 -1014.0
-1228.0 -1096.0 -992.0 -1076.0 -1224.0 -1009.0
-1131.0 -1044.0 -1086.0 -957.0 -1388.0 -1078.0
-1191.0 -1114.0 -1060.0 -1048.0 -1312.0 -993.0
-1164.0 -1052.0 -1053.0 -1111.0 -1290.0 -1049.0
-1072.0 -925.0 -996.0 -1059.0 -1390.0 -1157.0
-1103.0 -1034.0 -1081.0 -988.0 -1391.0 -1087.0
-1237.0 -1119.0 -1021.0 -959.0 -1309.0 -972.0
-1163.0 -1158.0 -1110.0 -897.0 -1230.0 -1013.0
-1119.0 -981.0 -1049.0 -1006.0 -1405.0 -1113.0
-1148.0 -1037.0 -998.0 -1121.0 -1295.0 -1040.0
-1077.0 -1018.0 -944.0 -1125.0 -1303.0 -1086.0
-1216.0 -1029.0 -963.0 -1057.0 -1269.0 -1064.0
-1225.0 -1153.0 -1039.0 -1005.0 -1251.0 -992.0
-993.0 -932.0 -919.0 -1176.0 -1231.0 -1117.0
-1107.0 -1017.0 -1004.0 -1144.0 -1198.0 -1089.0
-1228.0 -1119.0 -1041.0 -947.0 -1245.0 -1047.0
-1169.0 -1159.0 -1074.0 -981.0 -1214.0 -1011.0
-1115.0 -1002.0 -1058.0 -986.0 -1407.0 -1110.0
-1110.0 -940.0 -1010.0 -1164.0 -1177.0 -1050.0
-1112.0 -983.0 -965.0 -1159.0 -1233.0 -1036.0
-1032.0 -966.0 -872.0 -1169.0 -1280.0 -1026.0
-1123.0 -960.0 -949.0 -1181.0 -1193.0 -1019.0
-1062.0 -898.0 -793.0 -1182.0 -1115.0 -980.0
-1027.0 -856.0 -856.0 -1185.0 -1190.0 -1027.0
-1219.0 -1197.0 -997.0 -871.0 -1111.0 -908.0
-1034.0 -837.0 -866.0 -1190.0 -1166.0 -1037.0
-1025.0 -813.0 -901.0 -1190.0 -1134.0 -1041.0
