-1020.0 -1262.0 -1128.0 -1045.0 -1019.0 -1004.0
-1045.0 -1262.0 -1050.0 -1100.0 -1010.0 -1081.0
-970.0 -1276.0 -1098.0 -1064.0 -1019.0 -1055.0
-1033.0 -1277.0 -1109.0 -1085.0 -979.0 -1045.0
-1074.0 -1179.0 -1103.0 -1100.0 -1085.0 -1116.0
-991.0 -1193.0 -1087.0 -992.0 -1170.0 -1026.0
-1058.0 -1241.0 -1067.0 -1081.0 -1132.0 -1110.0
-1082.0 -1240.0 -1083.0 -1071.0 -1088.0 -1095.0
-951.0 -1195.0 -1028.0 -1029.0 -1172.0 -1067.0
-1032.0 -1197.0 -1133.0 -1090.0 -1099.0 -1098.0
-991.0 -1208.0 -1002.0 -1027.0 -1180.0 -1024.0
-1005.0 -1249.0 -1076.0 -1102.0 -1002.0 -1124.0
-1053.0 -1247.0 -1097.0 -1109.0 -1061.0 -1133.0
-1077.0 -1246.0 -1113.0 -1099.0 -1017.0 -1118.0
-1040.0 -1258.0 -1113.0 -1061.0 -1102.0 -1077.0
-978.0 -1266.0 -1011.0 -1090.0 -1101.0 -1041.0
-921.0 -1204.0 -1027.0 -1092.0 -1189.0 -1016.0
-1010.0 -1264.0 -1037.0 -1069.0 -1076.0 -1026.0
-1032.0 -1267.0 -1065.0 -1047.0 -1034.0 -1039.0
-1016.0 -1259.0 -1097.0 -1071.0 -1146.0 -1092.0
-928.0 -1269.0 -1093.0 -1061.0 -1082.0 -1051.0
-954.0 -1262.0 -1038.0 -1028.0 -1104.0 -1069.0
-1099.0 -1094.0 -1029.0 -1027.0 -1147.0 -1146.0
-1057.0 -1297.0 -1112.0 -1090.0 -946.0 -1102.0
-1007.0 -1290.0 -993.0 -1066.0 -1072.0 -1067.0
-981.0 -1297.0 -1048.0 -1099.0 -1050.0 -1049.0
-970.0 -1117.0 -954.0 -960.0 -1231.0 -1044.0
-989.0 -1335.0 -1027.0 -1042.0 -922.0 -951.0
-1069.0 -1282.0 -1053.0 -1105.0 -977.0 -1138.0
-1065.0 -1276.0 -1087.0 -1119.0 -996.0 -1080.0
-1066.0 -1200.0 -1128.0 -1071.0 -1035.0 -1138.0
-1062.0 -1302.0 -1072.0 -1091.0 -944.0 -1124.0
-1037.0 -1191.0 -1103.0 -1062.0 -1170.0 -1075.0
-1005.0 -1213.0 -1112.0 -1043.0 -1164.0 -1112.0
-1026.0 -1111.0 -987.0 -1116.0 -1148.0 -1162.0
-1042.0 -1201.0 -1112.0 -1081.0 -1079.0 -1153.0
-1005.0 -1260.0 -1100.0 -1030.0 -1168.0 -1022.0
-952.0 -1265.0 -1016.0 -969.0 -1113.0 -969.0
-996.0 -1223.0 -1030.0 -954.0 -1224.0 -997.0
-1037.0 -1248.0 -1054.0 -1136.0 -1019.0 -1159.0
-994.0 -1275.0 -1012.0 -1026.0 -1112.0 -1026.0
-949.0 -1131.0 -1004.0 -1075.0 -1228.0 -1089.0
-1046.0 -1320.0 -1048.0 -1029.0 -849.0 -969.0
-1021.0 -1151.0 -1148.0 -1062.0 -1117.0 -1118.0
-968.0 -1282.0 -1067.0 -1059.0 -1090.0 -1008.0
-982.0 -1290.0 -1071.0 -1011.0 -1081.0 -990.0
-1013.0 -1192.0 -1087.0 -1072.0 -1214.0 -1090.0
-1030.0 -1175.0 -1026.0 -957.0 -1230.0 -1052.0
-1002.0 -1048.0 -957.0 -992.0 -1233.0 -1097.0
-1028.0 -1154.0 -1033.0 -986.0 -1226.0 -1050.0
-987.0 -1295.0 -1031.0 -1012.0 -1079.0 -1012.0
-956.0 -1297.0 -1126.0 -1044.0 -1059.0 -972.0
-975.0 -1103.0 -962.0 -1027.0 -1239.0 -1035.0
-961.0 -1302.0 -1086.0 -1045.0 -1057.0 -994.0
-1010.0 -1319.0 -985.0 -1072.0 -930.0 -1024.0
-998.0 -1315.0 -1069.0 -1044.0 -1028.0 -984.0
-1062.0 -1106.0 -1029.0 -989.0 -1232.0 -1105.0
-1001.0 -1320.0 -968.0 -1057.0 -953.0 -987.0
-926.0 -1142.0 -987.0 -956.0 -1239.0 -1002.0
-960.0 -1094.0 -983.0 -959.0 -1245.0 -1057.0
-1005.0 -1317.0 -1051.0 -1104.0 -1017.0 -1106.0
-998.0 -1045.0 -946.0 -992.0 -1246.0 -1104.0
-976.0 -1320.0 -1046.0 -1002.0 -962.0 -910.0
-969.0 -1340.0 -1065.0 -988.0 -929.0 -896.0
-975.0 -1056.0 -929.0 -873.0 -1257.0 -1017.0
-921.0 -1004.0 -890.0 -830.0 -1258.0 -947.0
-915.0 -998.0 -857.0 -876.0 -1258.0 -1009.0
-994.0 -1340.0 -987.0 -1043.0 -920.0 -973.0
-949.0 -950.0 -853.0 -879.0 -1264.0 -1064.0
