-809.0 -985.0 -930.0 -1142.0 -1129.0 -1042.0
-921.0 -965.0 -955.0 -1160.0 -1136.0 -1037.0
-1004.0 -878.0 -1074.0 -1043.0 -1054.0 -1079.0
-981.0 -925.0 -1075.0 -1055.0 -1115.0 -1079.0
-979.0 -947.0 -1081.0 -1044.0 -1071.0 -1086.0
-965.0 -973.0 -1051.0 -1179.0 -1130.0 -968.0
-948.0 -926.0 -1130.0 -986.0 -1046.0 -1085.0
-978.0 -926.0 -1103.0 -1030.0 -1045.0 -1075.0
-1005.0 -964.0 -1121.0 -1143.0 -1080.0 -993.0
-1003.0 -847.0 -1092.0 -1053.0 -1095.0 -1078.0
-972.0 -943.0 -1067.0 -1207.0 -1137.0 -949.0
-1014.0 -887.0 -1082.0 -980.0 -1058.0 -1089.0
-983.0 -835.0 -1151.0 -907.0 -1034.0 -1080.0
-1011.0 -897.0 -1103.0 -1179.0 -1122.0 -910.0
-980.0 -866.0 -1139.0 -952.0 -1049.0 -1086.0
-1045.0 -839.0 -1067.0 -972.0 -1026.0 -1095.0
-993.0 -859.0 -1103.0 -968.0 -1051.0 -1100.0
-993.0 -890.0 -1083.0 -983.0 -1050.0 -1108.0
-983.0 -866.0 -1131.0 -922.0 -1033.0 -1088.0
-1042.0 -761.0 -1067.0 -893.0 -1005.0 -1096.0
-954.0 -942.0 -1125.0 -1039.0 -1143.0 -1072.0
-937.0 -947.0 -985.0 -1194.0 -1129.0 -1020.0
-1039.0 -792.0 -1055.0 -938.0 -1020.0 -1102.0
-966.0 -957.0 -1111.0 -1017.0 -1040.0 -1077.0
-925.0 -910.0 -1103.0 -1090.0 -1162.0 -1066.0
-1048.0 -808.0 -1079.0 -927.0 -1011.0 -1089.0
-1019.0 -886.0 -1159.0 -1040.0 -1103.0 -1017.0
-1036.0 -933.0 -1108.0 -1145.0 -1068.0 -951.0
-1002.0 -905.0 -1072.0 -1042.0 -1103.0 -1108.0
-872.0 -976.0 -935.0 -1224.0 -1134.0 -1005.0
-1016.0 -863.0 -1166.0 -998.0 -1011.0 -966.0
-977.0 -963.0 -1079.0 -1152.0 -1117.0 -1062.0
-1053.0 -890.0 -1100.0 -1058.0 -1092.0 -1068.0
-988.0 -917.0 -1172.0 -1038.0 -1115.0 -1059.0
-984.0 -877.0 -1085.0 -1000.0 -1080.0 -1121.0
-978.0 -978.0 -979.0 -1193.0 -1140.0 -1008.0
-1008.0 -852.0 -1170.0 -994.0 -1055.0 -1030.0
-971.0 -884.0 -1121.0 -984.0 -1078.0 -1107.0
-893.0 -981.0 -938.0 -1122.0 -1172.0 -1026.0
-862.0 -955.0 -986.0 -1252.0 -1115.0 -995.0
-1005.0 -977.0 -1131.0 -1105.0 -1094.0 -1008.0
-1067.0 -747.0 -1106.0 -965.0 -1027.0 -1038.0
-926.0 -977.0 -1119.0 -1041.0 -1069.0 -1088.0
-867.0 -1000.0 -1004.0 -1108.0 -1145.0 -1100.0
-989.0 -882.0 -1163.0 -941.0 -1040.0 -1073.0
-984.0 -984.0 -1124.0 -1156.0 -1092.0 -964.0
-1012.0 -933.0 -1183.0 -1054.0 -990.0 -888.0
-1026.0 -957.0 -1128.0 -1092.0 -1082.0 -1037.0
-986.0 -913.0 -1151.0 -986.0 -1055.0 -1079.0
-936.0 -932.0 -1085.0 -1153.0 -1106.0 -1074.0
-1015.0 -898.0 -1036.0 -1058.0 -1105.0 -1122.0
-1061.0 -883.0 -1119.0 -987.0 -975.0 -990.0
-1032.0 -910.0 -1103.0 -1071.0 -1104.0 -1039.0
-1019.0 -829.0 -1013.0 -910.0 -994.0 -1130.0
-1013.0 -782.0 -1001.0 -876.0 -988.0 -1137.0
-888.0 -980.0 -1001.0 -1095.0 -1133.0 -1129.0
-966.0 -917.0 -990.0 -1058.0 -1066.0 -1141.0
-1009.0 -882.0 -1004.0 -1039.0 -1098.0 -1137.0
-1004.0 -922.0 -1187.0 -1050.0 -1034.0 -952.0
-978.0 -861.0 -1053.0 -981.0 -1073.0 -1136.0
-991.0 -949.0 -1027.0 -1116.0 -1132.0 -1099.0
-907.0 -991.0 -1074.0 -1072.0 -1095.0 -1125.0
-1007.0 -847.0 -1003.0 -972.0 -1039.0 -1149.0
-981.0 -908.0 -1073.0 -1045.0 -1095.0 -1127.0
-1004.0 -800.0 -983.0 -908.0 -1017.0 -1158.0
-874.0 -914.0 -1010.0 -956.0 -1108.0 -1159.0
-826.0 -969.0 -1010.0 -1109.0 -1134.0 -1112.0
-952.0 -989.0 -1064.0 -1221.0 -1062.0 -1010.0
-1001.0 -831.0 -971.0 -953.0 -1032.0 -1164.0
-931.0 -1009.0 -1067.0 -1234.0 -1074.0 -981.0
-1084.0 -859.0 -1087.0 -1060.0 -1080.0 -1026.0
-916.0 -984.0 -1031.0 -1243.0 -1128.0 -936.0
-1000.0 -774.0 -963.0 -961.0 -1039.0 -1178.0
-922.0 -949.0 -1015.0 -998.0 -1046.0 -1146.0
-921.0 -892.0 -1007.0 -1006.0 -1053.0 -1160.0
-947.0 -919.0 -927.0 -1043.0 -1118.0 -1160.0
-936.0 -887.0 -946.0 -1006.0 -1101.0 -1166.0
-930.0 -871.0 -914.0 -987.0 -1094.0 -1181.0
-1052.0 -785.0 -1019.0 -954.0 -1022.0 -1116.0
-1058.0 -832.0 -1031.0 -988.0 -1028.0 -1109.0
-972.0 -938.0 -954.0 -1139.0 -1170.0 -1103.0
-1033.0 -913.0 -1180.0 -1041.0 -978.0 -917.0
-931.0 -945.0 -1015.0 -1076.0 -1165.0 -1125.0
-912.0 -998.0 -994.0 -1257.0 -1112.0 -985.0
-910.0 -965.0 -1018.0 -1089.0 -1177.0 -1096.0
-1023.0 -816.0 -1187.0 -968.0 -1045.0 -921.0
-1062.0 -812.0 -1141.0 -957.0 -1002.0 -1006.0
-1069.0 -864.0 -1135.0 -1055.0 -1012.0 -953.0
-954.0 -973.0 -1114.0 -1108.0 -1171.0 -1027.0
-1019.0 -847.0 -1189.0 -902.0 -953.0 -947.0
-1020.0 -928.0 -1093.0 -1133.0 -1149.0 -1058.0
-788.0 -1005.0 -933.0 -1155.0 -1141.0 -1013.0
-1081.0 -820.0 -1125.0 -952.0 -946.0 -954.0
-872.0 -1001.0 -941.0 -1135.0 -1184.0 -997.0
-1084.0 -841.0 -1110.0 -985.0 -1007.0 -1012.0
-944.0 -921.0 -1176.0 -1067.0 -1124.0 -1062.0
-957.0 -967.0 -1099.0 -1268.0 -1032.0 -907.0
-906.0 -963.0 -1082.0 -1271.0 -1109.0 -926.0
-919.0 -935.0 -1137.0 -995.0 -1102.0 -1120.0
-888.0 -942.0 -946.0 -1159.0 -1127.0 -1119.0
-1046.0 -957.0 -1060.0 -1206.0 -1085.0 -971.0
-894.0 -982.0 -971.0 -1213.0 -1097.0 -1024.0
-950.0 -956.0 -1088.0 -1053.0 -1127.0 -1121.0
-844.0 -1011.0 -929.0 -1226.0 -1060.0 -1021.0
-987.0 -865.0 -1232.0 -954.0 -1011.0 -885.0
-871.0 -945.0 -998.0 -1001.0 -1123.0 -1165.0
-866.0 -960.0 -1080.0 -1073.0 -1084.0 -1137.0
-976.0 -924.0 -991.0 -1125.0 -1186.0 -1054.0
-945.0 -874.0 -1067.0 -922.0 -1046.0 -1142.0
-953.0 -931.0 -1208.0 -927.0 -1006.0 -1037.0
-1014.0 -824.0 -935.0 -969.0 -1034.0 -1178.0
-1057.0 -926.0 -1115.0 -1094.0 -1070.0 -995.0
-942.0 -905.0 -1055.0 -967.0 -1061.0 -1148.0
-847.0 -949.0 -1007.0 -1096.0 -1122.0 -1141.0
-925.0 -886.0 -996.0 -1059.0 -1055.0 -1153.0
-868.0 -898.0 -978.0 -937.0 -1101.0 -1174.0
-955.0 -898.0 -1019.0 -983.0 -1063.0 -1162.0
-952.0 -851.0 -999.0 -919.0 -1041.0 -1171.0
-949.0 -882.0 -987.0 -964.0 -1056.0 -1177.0
-970.0 -807.0 -845.0 -1058.0 -1106.0 -1173.0
-948.0 -825.0 -979.0 -972.0 -1063.0 -1191.0
-929.0 -814.0 -906.0 -995.0 -1101.0 -1195.0
