-1717.0 -2015.0 -1720.0 -1536.0 -1781.0
-1763.0 -1998.0 -1660.0 -1551.0 -1800.0
-1760.0 -2025.0 -1665.0 -1500.0 -1802.0
-1800.0 -1996.0 -1616.0 -1513.0 -1805.0
-1720.0 -1960.0 -1799.0 -1492.0 -1734.0
-1714.0 -2067.0 -1630.0 -1534.0 -1798.0
-1679.0 -2054.0 -1607.0 -1580.0 -1827.0
-1742.0 -2076.0 -1558.0 -1515.0 -1825.0
-1711.0 -2004.0 -1778.0 -1460.0 -1776.0
-1756.0 -2067.0 -1573.0 -1551.0 -1778.0
-1735.0 -1987.0 -1786.0 -1490.0 -1703.0
-1689.0 -1933.0 -1832.0 -1408.0 -1794.0
-1732.0 -2016.0 -1737.0 -1519.0 -1775.0
-1745.0 -2034.0 -1717.0 -1557.0 -1724.0
-1690.0 -2097.0 -1532.0 -1614.0 -1797.0
-1741.0 -1972.0 -1758.0 -1551.0 -1733.0
-1749.0 -1897.0 -1814.0 -1460.0 -1787.0
-1762.0 -1915.0 -1794.0 -1498.0 -1736.0
-1699.0 -1980.0 -1763.0 -1475.0 -1815.0
-1707.0 -1942.0 -1819.0 -1454.0 -1785.0
-1637.0 -2099.0 -1612.0 -1574.0 -1825.0
-1756.0 -1936.0 -1775.0 -1464.0 -1811.0
-1731.0 -1925.0 -1827.0 -1484.0 -1712.0
-1730.0 -1898.0 -1844.0 -1469.0 -1711.0
-1752.0 -1868.0 -1863.0 -1431.0 -1715.0
-1701.0 -2032.0 -1583.0 -1644.0 -1765.0
-1754.0 -1780.0 -1900.0 -1350.0 -1679.0
-1700.0 -1853.0 -1887.0 -1405.0 -1699.0
-1709.0 -1745.0 -1909.0 -1401.0 -1684.0
-1554.0 -1751.0 -1930.0 -1326.0 -1662.0
-1719.0 -1729.0 -1928.0 -1377.0 -1635.0
-1692.0 -1757.0 -1920.0 -1410.0 -1664.0
-1684.0 -1713.0 -1934.0 -1365.0 -1521.0
-1676.0 -2106.0 -1517.0 -1578.0 -1844.0
-1675.0 -2060.0 -1725.0 -1530.0 -1779.0
-1710.0 -1913.0 -1868.0 -1425.0 -1713.0
-1669.0 -1891.0 -1888.0 -1398.0 -1669.0
-1695.0 -1707.0 -1942.0 -1325.0 -1528.0
-1634.0 -1697.0 -1950.0 -1272.0 -1596.0
-1633.0 -1687.0 -1961.0 -1288.0 -1540.0
-1574.0 -1619.0 -1969.0 -1206.0 -1511.0
