-1074.0 -1179.0 -1103.0 -1100.0 -1085.0 -1116.0
-1058.0 -1241.0 -1067.0 -1081.0 -1132.0 -1110.0
-1082.0 -1240.0 -1083.0 -1071.0 -1088.0 -1095.0
-1053.0 -1247.0 -1097.0 -1109.0 -1061.0 -1133.0
-1077.0 -1246.0 -1113.0 -1099.0 -1017.0 -1118.0
-1016.0 -1259.0 -1097.0 -1071.0 -1146.0 -1092.0
-1057.0 -1297.0 -1112.0 -1090.0 -946.0 -1102.0
-1037.0 -1191.0 -1103.0 -1062.0 -1170.0 -1075.0
-1005.0 -1213.0 -1112.0 -1043.0 -1164.0 -1112.0
-1042.0 -1201.0 -1112.0 -1081.0 -1079.0 -1153.0
-1013.0 -1192.0 -1087.0 -1072.0 -1214.0 -1090.0
-975.0 -1103.0 -962.0 -1027.0 -1239.0 -1035.0
-1062.0 -1106.0 -1029.0 -989.0 -1232.0 -1105.0
-998.0 -1045.0 -946.0 -992.0 -1246.0 -1104.0
-975.0 -1056.0 -929.0 -873.0 -1257.0 -1017.0
-949.0 -950.0 -853.0 -879.0 -1264.0 -1064.0
