-1048.0 -1127.0 -1207.0 -1015.0 -1003.0 -1200.0
-1075.0 -1146.0 -1161.0 -959.0 -1008.0 -1267.0
-1003.0 -1149.0 -1187.0 -946.0 -1033.0 -1259.0
-1052.0 -1091.0 -1198.0 -974.0 -1009.0 -1300.0
-1060.0 -1105.0 -1176.0 -931.0 -1036.0 -1287.0
-1071.0 -1118.0 -1236.0 -982.0 -1019.0 -1199.0
-1035.0 -1139.0 -1203.0 -1012.0 -1003.0 -1285.0
-1041.0 -1132.0 -1188.0 -976.0 -967.0 -1304.0
-1025.0 -1157.0 -1256.0 -964.0 -1010.0 -1209.0
-1002.0 -1126.0 -1208.0 -1012.0 -1020.0 -1233.0
-1025.0 -1120.0 -1253.0 -1067.0 -876.0 -1194.0
-958.0 -1166.0 -1286.0 -1020.0 -995.0 -1144.0
-1012.0 -1126.0 -1167.0 -984.0 -1025.0 -1304.0
-974.0 -1111.0 -1237.0 -959.0 -1046.0 -1117.0
-1017.0 -1132.0 -1171.0 -1053.0 -985.0 -1247.0
-1022.0 -1090.0 -1176.0 -1015.0 -1020.0 -1206.0
-1009.0 -1035.0 -1242.0 -893.0 -1063.0 -1204.0
-1054.0 -1116.0 -1171.0 -1033.0 -1002.0 -1192.0
-1056.0 -1090.0 -1158.0 -1020.0 -1014.0 -1201.0
-935.0 -1159.0 -1332.0 -1072.0 -868.0 -1138.0
-1049.0 -1110.0 -1167.0 -964.0 -1042.0 -1249.0
-968.0 -1126.0 -1226.0 -1007.0 -1026.0 -1238.0
-1103.0 -1074.0 -1117.0 -972.0 -1036.0 -1217.0
-1051.0 -1084.0 -1154.0 -951.0 -1054.0 -1258.0
-1017.0 -1084.0 -1172.0 -946.0 -1060.0 -1263.0
-999.0 -1121.0 -1262.0 -969.0 -1044.0 -1191.0
-1053.0 -1085.0 -1212.0 -977.0 -1038.0 -1159.0
-1003.0 -1070.0 -1193.0 -908.0 -1073.0 -1203.0
-967.0 -1027.0 -1081.0 -971.0 -1059.0 -1153.0
-1075.0 -1109.0 -1158.0 -1062.0 -874.0 -1252.0
-962.0 -1033.0 -1115.0 -858.0 -1082.0 -1213.0
-1030.0 -1072.0 -1176.0 -949.0 -1060.0 -1178.0
-951.0 -1063.0 -1179.0 -944.0 -1061.0 -1170.0
-1009.0 -1059.0 -1157.0 -926.0 -1072.0 -1195.0
-957.0 -1063.0 -1072.0 -940.0 -1064.0 -1251.0
-913.0 -1063.0 -1131.0 -963.0 -1065.0 -1185.0
-1031.0 -1109.0 -1217.0 -1085.0 -875.0 -1186.0
-953.0 -1013.0 -1102.0 -933.0 -1072.0 -1093.0
-938.0 -1020.0 -1096.0 -1082.0 -936.0 -1090.0
-981.0 -1120.0 -1312.0 -1090.0 -877.0 -1128.0
-845.0 -961.0 -1182.0 -935.0 -1066.0 -978.0
-1009.0 -1009.0 -1063.0 -910.0 -1093.0 -1120.0
-1040.0 -1161.0 -1238.0 -1095.0 -848.0 -1174.0
-948.0 -1007.0 -1098.0 -864.0 -1112.0 -1150.0
-925.0 -1065.0 -1183.0 -1111.0 -850.0 -1169.0
-920.0 -1112.0 -1265.0 -964.0 -1045.0 -1183.0
-953.0 -1160.0 -1282.0 -951.0 -1035.0 -1201.0
-986.0 -1161.0 -1194.0 -945.0 -1018.0 -1294.0
-1014.0 -1162.0 -1247.0 -997.0 -1016.0 -1171.0
-1018.0 -1091.0 -1216.0 -969.0 -1015.0 -1305.0
-988.0 -1108.0 -1202.0 -918.0 -1061.0 -1279.0
-1065.0 -1149.0 -1282.0 -1075.0 -912.0 -1054.0
-1064.0 -1072.0 -1158.0 -954.0 -1054.0 -1173.0
-1062.0 -1110.0 -1241.0 -1083.0 -903.0 -1075.0
-942.0 -981.0 -1088.0 -1024.0 -1006.0 -1042.0
-1069.0 -1078.0 -1162.0 -1023.0 -1014.0 -1116.0
-1035.0 -1078.0 -1180.0 -1018.0 -1020.0 -1121.0
-977.0 -1105.0 -1220.0 -869.0 -1066.0 -1193.0
-1019.0 -1059.0 -1116.0 -898.0 -1077.0 -1266.0
-959.0 -1070.0 -1252.0 -931.0 -1074.0 -1137.0
-975.0 -1057.0 -1080.0 -1012.0 -1024.0 -1109.0
-1004.0 -1127.0 -1266.0 -1038.0 -1004.0 -1134.0
-1030.0 -1120.0 -1175.0 -1056.0 -985.0 -1162.0
-1047.0 -1115.0 -1140.0 -1081.0 -927.0 -1240.0
-1096.0 -1141.0 -1168.0 -1058.0 -984.0 -1255.0
-931.0 -1068.0 -1156.0 -1122.0 -691.0 -1045.0
-989.0 -1078.0 -1179.0 -860.0 -1077.0 -1251.0
-1053.0 -1059.0 -1098.0 -903.0 -1071.0 -1261.0
-1121.0 -1107.0 -1141.0 -977.0 -1017.0 -1257.0
-948.0 -1072.0 -1137.0 -1059.0 -977.0 -1175.0
-981.0 -1114.0 -1230.0 -1010.0 -1026.0 -1153.0
-1019.0 -1168.0 -1251.0 -1066.0 -976.0 -1114.0
-969.0 -1070.0 -1211.0 -903.0 -1079.0 -1208.0
-997.0 -1044.0 -1183.0 -1068.0 -967.0 -1095.0
-894.0 -984.0 -1167.0 -1069.0 -965.0 -1028.0
-944.0 -1058.0 -1167.0 -925.0 -1083.0 -1138.0
-865.0 -1049.0 -1170.0 -920.0 -1084.0 -1130.0
-949.0 -1064.0 -1171.0 -994.0 -1043.0 -1081.0
-1014.0 -1015.0 -1067.0 -979.0 -1053.0 -1063.0
-1020.0 -1072.0 -1217.0 -977.0 -1055.0 -1107.0
-1020.0 -1029.0 -1093.0 -840.0 -1093.0 -1238.0
-965.0 -1018.0 -1129.0 -1070.0 -963.0 -1041.0
-980.0 -1015.0 -1085.0 -974.0 -1059.0 -1068.0
-1020.0 -1068.0 -1134.0 -1079.0 -944.0 -1077.0
-951.0 -1008.0 -1100.0 -1085.0 -936.0 -1005.0
-970.0 -1040.0 -1188.0 -845.0 -1095.0 -1180.0
-1009.0 -1116.0 -1210.0 -1089.0 -935.0 -1029.0
-926.0 -1051.0 -1135.0 -966.0 -1065.0 -1100.0
-962.0 -1021.0 -1077.0 -902.0 -1099.0 -1210.0
-884.0 -932.0 -1126.0 -1092.0 -924.0 -943.0
-998.0 -996.0 -1003.0 -859.0 -1110.0 -1208.0
-840.0 -933.0 -1063.0 -945.0 -1066.0 -1051.0
-965.0 -1009.0 -1122.0 -933.0 -1094.0 -1054.0
-1029.0 -1062.0 -1224.0 -1096.0 -913.0 -1057.0
-975.0 -1009.0 -1081.0 -905.0 -1099.0 -1125.0
-964.0 -996.0 -1021.0 -854.0 -1116.0 -1213.0
-896.0 -1000.0 -1084.0 -900.0 -1100.0 -1117.0
-952.0 -1063.0 -1216.0 -1099.0 -877.0 -1120.0
-1007.0 -1113.0 -1221.0 -1108.0 -858.0 -1156.0
-938.0 -1053.0 -1187.0 -1114.0 -850.0 -1084.0
-996.0 -1161.0 -1297.0 -1118.0 -849.0 -1108.0
-904.0 -1007.0 -1157.0 -887.0 -1113.0 -1084.0
-871.0 -977.0 -1213.0 -1121.0 -838.0 -1022.0
-915.0 -1066.0 -1152.0 -1121.0 -803.0 -1146.0
-870.0 -1067.0 -1207.0 -1122.0 -763.0 -1045.0
-966.0 -978.0 -1144.0 -1126.0 -760.0 -1017.0
-872.0 -1041.0 -1135.0 -1129.0 -753.0 -986.0
-916.0 -1000.0 -1151.0 -1131.0 -699.0 -1025.0
-895.0 -981.0 -1098.0 -1143.0 -692.0 -1048.0
-914.0 -1007.0 -1116.0 -859.0 -1118.0 -1155.0
