122.0 79.0 107.0 87.0
75.0 125.0 103.0 74.0
101.0 82.0 101.0 110.0
106.0 73.0 123.0 102.0
79.0 98.0 104.0 94.0
82.0 128.0 91.0 75.0
89.0 112.0 90.0 80.0
89.0 126.0 90.0 72.0
99.0 82.0 96.0 117.0
111.0 58.0 143.0 122.0
73.0 113.0 102.0 83.0
122.0 51.0 150.0 131.0
113.0 60.0 135.0 120.0
116.0 52.0 131.0 149.0
81.0 96.0 102.0 98.0
128.0 69.0 117.0 98.0
135.0 57.0 131.0 114.0
118.0 64.0 124.0 114.0
164.0 40.0 123.0 183.0
89.0 90.0 98.0 105.0
131.0 57.0 126.0 123.0
136.0 57.0 123.0 121.0
82.0 99.0 95.0 99.0
109.0 77.0 112.0 102.0
133.0 49.0 149.0 127.0
78.0 104.0 94.0 91.0
86.0 92.0 118.0 87.0
88.0 87.0 105.0 104.0
104.0 93.0 99.0 83.0
145.0 44.0 152.0 141.0
102.0 76.0 104.0 120.0
156.0 47.0 121.0 141.0
134.0 71.0 110.0 92.0
162.0 43.0 127.0 150.0
87.0 119.0 83.0 83.0
137.0 59.0 123.0 112.0
115.0 78.0 103.0 103.0
108.0 68.0 138.0 102.0
71.0 140.0 104.0 69.0
78.0 100.0 102.0 93.0
163.0 41.0 126.0 169.0
139.0 45.0 155.0 136.0
97.0 85.0 109.0 97.0
163.0 42.0 124.0 164.0
130.0 50.0 150.0 124.0
132.0 52.0 142.0 122.0
103.0 77.0 96.0 124.0
85.0 118.0 89.0 80.0
118.0 56.0 129.0 135.0
118.0 72.0 102.0 115.0
129.0 53.0 128.0 137.0
135.0 55.0 125.0 126.0
86.0 88.0 104.0 106.0
87.0 81.0 106.0 120.0
123.0 48.0 157.0 136.0
126.0 61.0 132.0 108.0
75.0 102.0 94.0 99.0
84.0 83.0 110.0 114.0
82.0 114.0 91.0 83.0
132.0 63.0 129.0 97.0
85.0 84.0 102.0 118.0
136.0 46.0 156.0 133.0
114.0 70.0 135.0 91.0
80.0 101.0 97.0 95.0
84.0 109.0 87.0 89.0
82.0 117.0 86.0 87.0
123.0 65.0 128.0 104.0
106.0 80.0 99.0 110.0
124.0 66.0 117.0 108.0
130.0 61.0 137.0 99.0
118.0 75.0 112.0 97.0
80.0 98.0 100.0 97.0
88.0 86.0 102.0 110.0
79.0 135.0 94.0 74.0
131.0 49.0 130.0 148.0
129.0 62.0 111.0 123.0
116.0 54.0 137.0 137.0
