163.0 160.0 161.0 41.0
96.0 84.0 126.0 80.0
197.0 154.0 174.0 40.0
82.0 73.0 88.0 150.0
79.0 66.0 96.0 157.0
156.0 107.0 140.0 48.0
85.0 87.0 103.0 103.0
97.0 79.0 116.0 90.0
113.0 91.0 128.0 67.0
120.0 115.0 118.0 60.0
83.0 88.0 91.0 114.0
86.0 86.0 92.0 107.0
91.0 73.0 120.0 94.0
90.0 77.0 80.0 144.0
105.0 80.0 126.0 79.0
107.0 85.0 132.0 71.0
77.0 61.0 101.0 161.0
139.0 101.0 142.0 51.0
128.0 88.0 144.0 57.0
89.0 74.0 108.0 105.0
102.0 90.0 122.0 76.0
134.0 94.0 140.0 53.0
173.0 131.0 163.0 42.0
100.0 80.0 140.0 74.0
86.0 81.0 80.0 144.0
122.0 113.0 118.0 60.0
76.0 81.0 92.0 139.0
83.0 87.0 85.0 126.0
89.0 85.0 102.0 102.0
79.0 79.0 93.0 132.0
137.0 102.0 157.0 49.0
80.0 72.0 94.0 145.0
129.0 109.0 143.0 52.0
99.0 83.0 119.0 85.0
95.0 94.0 96.0 93.0
91.0 84.0 114.0 91.0
87.0 83.0 85.0 126.0
128.0 110.0 123.0 55.0
116.0 86.0 134.0 64.0
88.0 85.0 104.0 96.0
76.0 67.0 94.0 172.0
125.0 103.0 126.0 59.0
109.0 85.0 126.0 74.0
78.0 78.0 92.0 141.0
93.0 95.0 84.0 104.0
131.0 112.0 142.0 50.0
80.0 83.0 87.0 137.0
88.0 89.0 115.0 90.0
84.0 91.0 79.0 131.0
110.0 80.0 138.0 68.0
140.0 135.0 145.0 45.0
154.0 120.0 136.0 46.0
87.0 79.0 93.0 120.0
125.0 115.0 117.0 58.0
162.0 131.0 155.0 43.0
118.0 103.0 123.0 62.0
99.0 86.0 110.0 87.0
152.0 121.0 151.0 44.0
144.0 128.0 137.0 47.0
102.0 81.0 120.0 82.0
109.0 90.0 112.0 79.0
78.0 62.0 102.0 152.0
