127.0 102.0 61.0 128.0
121.0 75.0 78.0 151.0
160.0 103.0 51.0 152.0
104.0 120.0 60.0 119.0
67.0 169.0 135.0 62.0
110.0 122.0 62.0 110.0
165.0 84.0 64.0 131.0
127.0 81.0 85.0 114.0
106.0 91.0 93.0 100.0
77.0 123.0 105.0 73.0
87.0 152.0 53.0 123.0
126.0 144.0 46.0 125.0
105.0 72.0 123.0 110.0
102.0 138.0 55.0 117.0
99.0 72.0 128.0 114.0
158.0 114.0 47.0 141.0
112.0 79.0 112.0 94.0
68.0 124.0 147.0 73.0
120.0 52.0 167.0 127.0
170.0 109.0 48.0 143.0
171.0 45.0 111.0 174.0
152.0 41.0 157.0 158.0
119.0 66.0 129.0 106.0
117.0 85.0 74.0 139.0
76.0 123.0 87.0 92.0
100.0 155.0 58.0 101.0
122.0 79.0 107.0 87.0
86.0 106.0 90.0 93.0
169.0 102.0 51.0 148.0
115.0 73.0 109.0 111.0
130.0 57.0 114.0 142.0
118.0 79.0 78.0 142.0
167.0 79.0 61.0 170.0
146.0 46.0 146.0 138.0
106.0 97.0 76.0 117.0
66.0 152.0 121.0 68.0
67.0 164.0 123.0 63.0
161.0 71.0 73.0 151.0
134.0 108.0 54.0 136.0
67.0 124.0 130.0 77.0
111.0 73.0 97.0 129.0
68.0 104.0 173.0 85.0
79.0 166.0 65.0 111.0
148.0 67.0 97.0 115.0
114.0 96.0 75.0 113.0
75.0 125.0 103.0 74.0
130.0 57.0 116.0 136.0
111.0 82.0 94.0 115.0
89.0 91.0 128.0 86.0
159.0 85.0 62.0 153.0
100.0 130.0 77.0 76.0
98.0 85.0 121.0 89.0
79.0 97.0 95.0 107.0
130.0 170.0 42.0 119.0
116.0 98.0 69.0 120.0
92.0 141.0 74.0 86.0
101.0 82.0 101.0 110.0
75.0 98.0 102.0 101.0
104.0 116.0 60.0 127.0
93.0 80.0 119.0 110.0
139.0 71.0 91.0 118.0
90.0 89.0 141.0 86.0
156.0 82.0 63.0 142.0
161.0 49.0 108.0 160.0
97.0 131.0 56.0 127.0
96.0 119.0 70.0 106.0
137.0 151.0 46.0 107.0
100.0 114.0 69.0 107.0
88.0 84.0 99.0 121.0
158.0 45.0 123.0 156.0
123.0 87.0 71.0 133.0
90.0 135.0 59.0 112.0
151.0 59.0 91.0 152.0
74.0 95.0 125.0 97.0
144.0 87.0 63.0 140.0
165.0 57.0 94.0 146.0
113.0 92.0 73.0 125.0
90.0 121.0 65.0 123.0
178.0 89.0 54.0 175.0
128.0 70.0 114.0 102.0
156.0 50.0 113.0 155.0
120.0 100.0 64.0 126.0
124.0 128.0 50.0 126.0
88.0 147.0 72.0 92.0
170.0 57.0 89.0 147.0
156.0 102.0 54.0 145.0
129.0 142.0 47.0 117.0
91.0 134.0 67.0 100.0
142.0 55.0 112.0 136.0
116.0 69.0 129.0 105.0
120.0 49.0 158.0 133.0
74.0 96.0 95.0 115.0
76.0 96.0 104.0 102.0
136.0 48.0 129.0 158.0
148.0 92.0 58.0 154.0
102.0 79.0 104.0 114.0
141.0 66.0 96.0 126.0
140.0 61.0 104.0 134.0
108.0 98.0 90.0 84.0
89.0 82.0 110.0 117.0
159.0 53.0 115.0 131.0
121.0 63.0 125.0 118.0
114.0 139.0 49.0 123.0
140.0 152.0 44.0 118.0
117.0 62.0 143.0 109.0
137.0 54.0 110.0 155.0
119.0 88.0 78.0 120.0
195.0 124.0 41.0 153.0
89.0 130.0 78.0 85.0
67.0 128.0 122.0 75.0
152.0 113.0 47.0 151.0
142.0 83.0 77.0 112.0
98.0 76.0 135.0 99.0
124.0 65.0 98.0 144.0
100.0 62.0 167.0 116.0
124.0 49.0 141.0 146.0
106.0 73.0 123.0 102.0
130.0 67.0 91.0 138.0
110.0 176.0 45.0 127.0
161.0 62.0 86.0 145.0
121.0 86.0 72.0 132.0
122.0 89.0 69.0 129.0
102.0 72.0 120.0 121.0
99.0 145.0 57.0 106.0
145.0 80.0 73.0 132.0
131.0 155.0 43.0 122.0
140.0 157.0 40.0 124.0
76.0 144.0 101.0 69.0
89.0 165.0 56.0 111.0
88.0 130.0 68.0 104.0
117.0 111.0 57.0 131.0
123.0 60.0 118.0 129.0
101.0 74.0 110.0 124.0
180.0 60.0 84.0 140.0
83.0 86.0 104.0 114.0
133.0 64.0 119.0 114.0
172.0 67.0 76.0 154.0
113.0 59.0 137.0 130.0
104.0 127.0 65.0 96.0
79.0 79.0 152.0 106.0
95.0 89.0 94.0 111.0
116.0 83.0 81.0 130.0
115.0 61.0 129.0 128.0
71.0 105.0 134.0 85.0
115.0 59.0 120.0 141.0
79.0 98.0 104.0 94.0
76.0 127.0 94.0 82.0
69.0 129.0 141.0 70.0
118.0 92.0 68.0 132.0
135.0 69.0 97.0 119.0
108.0 109.0 69.0 110.0
149.0 48.0 136.0 136.0
67.0 162.0 120.0 65.0
93.0 107.0 81.0 99.0
122.0 88.0 74.0 123.0
123.0 89.0 83.0 102.0
129.0 102.0 62.0 120.0
150.0 66.0 92.0 120.0
64.0 160.0 85.0 98.0
113.0 157.0 47.0 123.0
131.0 99.0 62.0 125.0
89.0 138.0 76.0 85.0
111.0 97.0 85.0 92.0
143.0 50.0 117.0 149.0
110.0 105.0 71.0 106.0
150.0 128.0 48.0 111.0
127.0 75.0 101.0 102.0
151.0 58.0 95.0 149.0
87.0 135.0 57.0 120.0
141.0 52.0 123.0 140.0
144.0 127.0 46.0 133.0
85.0 90.0 139.0 88.0
66.0 118.0 131.0 81.0
127.0 92.0 70.0 113.0
149.0 46.0 123.0 158.0
157.0 53.0 107.0 142.0
87.0 97.0 111.0 85.0
119.0 134.0 52.0 110.0
146.0 55.0 118.0 128.0
165.0 98.0 53.0 148.0
121.0 109.0 60.0 121.0
135.0 58.0 137.0 109.0
153.0 74.0 78.0 120.0
97.0 100.0 93.0 88.0
165.0 153.0 38.0 138.0
83.0 102.0 119.0 82.0
162.0 50.0 102.0 169.0
145.0 85.0 65.0 144.0
86.0 136.0 77.0 87.0
116.0 67.0 125.0 111.0
161.0 46.0 138.0 134.0
74.0 115.0 112.0 80.0
101.0 75.0 104.0 126.0
91.0 123.0 66.0 116.0
115.0 161.0 46.0 127.0
124.0 149.0 48.0 111.0
164.0 102.0 54.0 137.0
81.0 158.0 102.0 63.0
106.0 103.0 74.0 108.0
103.0 72.0 134.0 104.0
146.0 99.0 61.0 119.0
73.0 104.0 138.0 82.0
85.0 81.0 159.0 89.0
110.0 71.0 124.0 108.0
86.0 112.0 80.0 104.0
150.0 63.0 93.0 132.0
138.0 74.0 89.0 115.0
106.0 71.0 98.0 141.0
106.0 112.0 62.0 123.0
142.0 51.0 114.0 157.0
136.0 150.0 46.0 109.0
164.0 55.0 110.0 121.0
153.0 45.0 138.0 153.0
68.0 118.0 164.0 73.0
91.0 116.0 81.0 91.0
160.0 70.0 83.0 111.0
188.0 131.0 38.0 172.0
126.0 83.0 84.0 113.0
131.0 63.0 139.0 96.0
113.0 66.0 139.0 105.0
80.0 82.0 149.0 100.0
132.0 103.0 64.0 108.0
92.0 86.0 133.0 89.0
144.0 62.0 104.0 126.0
80.0 127.0 99.0 75.0
194.0 103.0 48.0 157.0
88.0 87.0 160.0 81.0
97.0 128.0 54.0 132.0
172.0 65.0 75.0 156.0
69.0 114.0 140.0 81.0
82.0 128.0 91.0 75.0
92.0 89.0 89.0 121.0
89.0 112.0 90.0 80.0
183.0 56.0 86.0 162.0
120.0 97.0 81.0 90.0
136.0 169.0 38.0 151.0
83.0 88.0 121.0 99.0
74.0 100.0 140.0 86.0
66.0 117.0 132.0 83.0
113.0 81.0 89.0 122.0
102.0 102.0 88.0 84.0
106.0 96.0 75.0 121.0
96.0 145.0 55.0 114.0
95.0 93.0 107.0 89.0
84.0 77.0 131.0 116.0
124.0 131.0 50.0 120.0
116.0 142.0 54.0 105.0
180.0 46.0 105.0 190.0
176.0 92.0 54.0 169.0
91.0 117.0 74.0 104.0
166.0 58.0 94.0 140.0
168.0 55.0 105.0 134.0
81.0 89.0 165.0 83.0
83.0 90.0 118.0 95.0
166.0 139.0 41.0 130.0
95.0 115.0 77.0 99.0
80.0 139.0 87.0 81.0
102.0 69.0 171.0 99.0
105.0 102.0 79.0 101.0
74.0 95.0 177.0 84.0
113.0 55.0 153.0 127.0
68.0 136.0 75.0 110.0
171.0 134.0 38.0 166.0
89.0 126.0 90.0 72.0
120.0 72.0 98.0 120.0
77.0 155.0 65.0 114.0
158.0 62.0 84.0 161.0
106.0 140.0 52.0 122.0
74.0 117.0 104.0 81.0
103.0 69.0 155.0 103.0
76.0 103.0 91.0 107.0
90.0 84.0 142.0 91.0
155.0 79.0 65.0 150.0
121.0 77.0 86.0 130.0
115.0 83.0 81.0 131.0
128.0 98.0 67.0 115.0
155.0 111.0 48.0 150.0
98.0 84.0 121.0 92.0
79.0 89.0 162.0 86.0
180.0 114.0 45.0 137.0
71.0 85.0 136.0 111.0
135.0 53.0 140.0 122.0
95.0 92.0 91.0 109.0
136.0 96.0 70.0 100.0
105.0 74.0 100.0 126.0
112.0 73.0 115.0 108.0
138.0 118.0 52.0 123.0
161.0 91.0 59.0 140.0
108.0 95.0 87.0 99.0
115.0 57.0 145.0 125.0
116.0 68.0 134.0 103.0
104.0 107.0 73.0 109.0
78.0 84.0 169.0 88.0
119.0 52.0 168.0 127.0
119.0 107.0 66.0 112.0
63.0 109.0 137.0 90.0
151.0 130.0 48.0 107.0
74.0 118.0 148.0 71.0
123.0 163.0 45.0 116.0
83.0 85.0 116.0 110.0
158.0 81.0 62.0 156.0
101.0 146.0 51.0 125.0
92.0 129.0 78.0 84.0
93.0 86.0 129.0 92.0
138.0 79.0 84.0 108.0
105.0 110.0 66.0 117.0
147.0 51.0 132.0 128.0
165.0 97.0 54.0 152.0
93.0 127.0 65.0 107.0
156.0 65.0 84.0 135.0
90.0 70.0 167.0 110.0
76.0 108.0 92.0 95.0
99.0 89.0 96.0 104.0
147.0 67.0 84.0 139.0
94.0 114.0 76.0 104.0
172.0 66.0 70.0 162.0
88.0 136.0 86.0 76.0
65.0 109.0 170.0 82.0
67.0 111.0 143.0 82.0
104.0 107.0 74.0 104.0
84.0 126.0 89.0 79.0
131.0 177.0 39.0 129.0
111.0 124.0 54.0 122.0
134.0 111.0 53.0 134.0
79.0 95.0 95.0 113.0
96.0 74.0 107.0 131.0
152.0 61.0 106.0 120.0
81.0 106.0 92.0 91.0
99.0 82.0 96.0 117.0
149.0 143.0 41.0 136.0
75.0 147.0 83.0 91.0
136.0 61.0 107.0 130.0
90.0 93.0 112.0 89.0
101.0 69.0 137.0 113.0
125.0 116.0 52.0 138.0
122.0 137.0 45.0 141.0
126.0 94.0 77.0 101.0
143.0 48.0 134.0 145.0
149.0 61.0 88.0 160.0
124.0 167.0 41.0 133.0
83.0 78.0 149.0 105.0
172.0 67.0 65.0 174.0
114.0 169.0 43.0 131.0
98.0 134.0 55.0 127.0
107.0 151.0 47.0 134.0
117.0 75.0 106.0 109.0
104.0 146.0 53.0 119.0
112.0 135.0 54.0 114.0
121.0 57.0 140.0 121.0
90.0 136.0 65.0 104.0
156.0 111.0 50.0 121.0
116.0 62.0 132.0 116.0
70.0 104.0 109.0 95.0
107.0 103.0 80.0 93.0
101.0 133.0 70.0 84.0
74.0 101.0 132.0 86.0
89.0 107.0 86.0 99.0
111.0 67.0 123.0 120.0
68.0 145.0 143.0 63.0
65.0 110.0 112.0 91.0
80.0 158.0 92.0 74.0
131.0 85.0 80.0 106.0
125.0 108.0 65.0 109.0
180.0 132.0 39.0 164.0
94.0 89.0 98.0 108.0
93.0 93.0 91.0 109.0
153.0 57.0 99.0 144.0
143.0 84.0 68.0 128.0
134.0 87.0 80.0 98.0
72.0 160.0 87.0 88.0
75.0 89.0 135.0 103.0
157.0 80.0 64.0 162.0
86.0 132.0 64.0 112.0
133.0 135.0 48.0 117.0
76.0 99.0 188.0 78.0
180.0 44.0 115.0 157.0
123.0 97.0 80.0 92.0
99.0 122.0 68.0 103.0
132.0 56.0 143.0 115.0
109.0 103.0 68.0 125.0
189.0 52.0 92.0 171.0
88.0 114.0 81.0 100.0
90.0 133.0 71.0 93.0
78.0 102.0 106.0 91.0
132.0 108.0 55.0 129.0
74.0 121.0 112.0 76.0
174.0 40.0 122.0 190.0
74.0 126.0 94.0 85.0
70.0 106.0 106.0 94.0
110.0 86.0 96.0 104.0
168.0 91.0 55.0 157.0
115.0 96.0 79.0 106.0
68.0 116.0 136.0 80.0
74.0 111.0 105.0 86.0
149.0 58.0 111.0 122.0
93.0 167.0 66.0 91.0
72.0 109.0 100.0 95.0
168.0 66.0 79.0 143.0
126.0 81.0 88.0 113.0
178.0 111.0 45.0 140.0
111.0 58.0 143.0 122.0
92.0 118.0 69.0 114.0
154.0 79.0 66.0 146.0
144.0 56.0 116.0 132.0
68.0 154.0 140.0 63.0
110.0 75.0 117.0 104.0
113.0 185.0 44.0 125.0
83.0 108.0 84.0 105.0
98.0 81.0 116.0 103.0
85.0 114.0 107.0 70.0
108.0 57.0 190.0 120.0
101.0 101.0 87.0 93.0
90.0 139.0 70.0 93.0
161.0 162.0 38.0 134.0
170.0 53.0 95.0 154.0
108.0 85.0 89.0 118.0
133.0 79.0 82.0 118.0
176.0 72.0 62.0 170.0
80.0 142.0 90.0 77.0
110.0 55.0 131.0 147.0
82.0 106.0 133.0 73.0
124.0 180.0 43.0 119.0
65.0 119.0 121.0 83.0
119.0 112.0 61.0 114.0
122.0 81.0 87.0 118.0
76.0 107.0 103.0 92.0
121.0 85.0 77.0 126.0
73.0 113.0 102.0 83.0
100.0 88.0 98.0 107.0
99.0 121.0 66.0 110.0
135.0 66.0 102.0 117.0
91.0 84.0 98.0 121.0
135.0 72.0 117.0 90.0
120.0 97.0 69.0 118.0
109.0 63.0 124.0 131.0
105.0 137.0 64.0 92.0
198.0 108.0 45.0 153.0
96.0 135.0 75.0 83.0
99.0 82.0 95.0 125.0
107.0 65.0 150.0 109.0
122.0 51.0 150.0 131.0
132.0 62.0 116.0 118.0
104.0 88.0 98.0 103.0
106.0 74.0 135.0 96.0
127.0 98.0 63.0 131.0
167.0 42.0 151.0 151.0
138.0 53.0 110.0 160.0
100.0 127.0 63.0 105.0
160.0 119.0 43.0 165.0
143.0 71.0 82.0 135.0
69.0 131.0 128.0 70.0
104.0 80.0 111.0 102.0
112.0 88.0 93.0 99.0
113.0 60.0 135.0 120.0
131.0 62.0 96.0 151.0
116.0 52.0 131.0 149.0
180.0 45.0 113.0 152.0
119.0 55.0 148.0 123.0
86.0 137.0 63.0 112.0
112.0 120.0 63.0 107.0
82.0 138.0 78.0 88.0
129.0 76.0 74.0 143.0
102.0 156.0 72.0 77.0
181.0 61.0 79.0 165.0
165.0 43.0 118.0 179.0
123.0 56.0 146.0 120.0
97.0 108.0 90.0 81.0
124.0 90.0 70.0 121.0
79.0 125.0 88.0 87.0
90.0 141.0 58.0 112.0
116.0 159.0 48.0 113.0
105.0 84.0 90.0 121.0
86.0 93.0 110.0 96.0
95.0 143.0 54.0 122.0
165.0 54.0 103.0 141.0
99.0 83.0 123.0 90.0
78.0 101.0 121.0 87.0
133.0 136.0 49.0 111.0
83.0 86.0 142.0 94.0
87.0 116.0 76.0 108.0
69.0 102.0 178.0 86.0
125.0 111.0 65.0 101.0
105.0 66.0 163.0 104.0
173.0 47.0 104.0 172.0
74.0 154.0 125.0 59.0
81.0 96.0 102.0 98.0
94.0 79.0 137.0 98.0
138.0 69.0 91.0 129.0
123.0 65.0 117.0 116.0
91.0 136.0 74.0 89.0
94.0 76.0 162.0 91.0
91.0 93.0 108.0 92.0
138.0 87.0 70.0 127.0
75.0 116.0 111.0 78.0
106.0 103.0 76.0 100.0
147.0 162.0 39.0 123.0
134.0 104.0 57.0 125.0
99.0 80.0 95.0 127.0
124.0 70.0 97.0 128.0
147.0 97.0 57.0 145.0
131.0 132.0 49.0 117.0
125.0 101.0 68.0 111.0
89.0 167.0 62.0 105.0
86.0 116.0 82.0 94.0
128.0 69.0 117.0 98.0
159.0 43.0 123.0 173.0
153.0 50.0 109.0 163.0
71.0 103.0 111.0 97.0
108.0 84.0 95.0 109.0
149.0 42.0 158.0 155.0
136.0 58.0 112.0 134.0
151.0 58.0 106.0 129.0
80.0 106.0 141.0 74.0
149.0 70.0 74.0 150.0
100.0 86.0 116.0 91.0
121.0 83.0 82.0 120.0
158.0 83.0 72.0 113.0
120.0 101.0 75.0 95.0
147.0 72.0 82.0 125.0
131.0 144.0 44.0 134.0
129.0 64.0 109.0 123.0
149.0 102.0 58.0 117.0
130.0 154.0 43.0 125.0
155.0 159.0 39.0 127.0
66.0 142.0 124.0 72.0
110.0 67.0 109.0 133.0
83.0 110.0 82.0 104.0
141.0 64.0 107.0 117.0
138.0 130.0 47.0 127.0
196.0 60.0 75.0 177.0
86.0 89.0 113.0 98.0
71.0 117.0 157.0 74.0
142.0 51.0 116.0 151.0
141.0 140.0 43.0 126.0
156.0 51.0 112.0 145.0
89.0 102.0 87.0 102.0
156.0 114.0 51.0 119.0
127.0 88.0 79.0 109.0
95.0 104.0 89.0 87.0
95.0 137.0 63.0 103.0
157.0 165.0 38.0 132.0
168.0 99.0 54.0 144.0
80.0 97.0 125.0 88.0
97.0 84.0 114.0 100.0
164.0 108.0 48.0 153.0
125.0 92.0 85.0 90.0
85.0 119.0 77.0 100.0
108.0 162.0 49.0 116.0
173.0 49.0 101.0 167.0
173.0 103.0 49.0 148.0
150.0 129.0 49.0 105.0
85.0 150.0 61.0 113.0
141.0 124.0 50.0 114.0
101.0 79.0 98.0 120.0
122.0 157.0 46.0 121.0
136.0 71.0 84.0 128.0
99.0 87.0 119.0 88.0
124.0 77.0 85.0 130.0
161.0 65.0 88.0 124.0
151.0 62.0 90.0 145.0
95.0 67.0 141.0 114.0
152.0 137.0 42.0 130.0
105.0 140.0 53.0 119.0
66.0 145.0 112.0 72.0
140.0 59.0 128.0 107.0
127.0 101.0 67.0 114.0
109.0 57.0 180.0 121.0
140.0 156.0 42.0 124.0
144.0 67.0 80.0 160.0
69.0 123.0 157.0 71.0
135.0 57.0 131.0 114.0
170.0 112.0 47.0 147.0
171.0 48.0 111.0 144.0
89.0 113.0 86.0 85.0
123.0 56.0 128.0 135.0
110.0 118.0 62.0 111.0
120.0 87.0 74.0 131.0
143.0 56.0 118.0 127.0
134.0 68.0 113.0 104.0
103.0 146.0 63.0 91.0
86.0 93.0 112.0 93.0
155.0 40.0 164.0 168.0
116.0 114.0 66.0 104.0
90.0 121.0 70.0 107.0
89.0 70.0 177.0 109.0
116.0 53.0 169.0 124.0
99.0 61.0 176.0 122.0
154.0 115.0 48.0 125.0
152.0 167.0 37.0 147.0
174.0 62.0 88.0 129.0
126.0 104.0 68.0 106.0
177.0 148.0 38.0 133.0
141.0 80.0 72.0 144.0
147.0 46.0 128.0 151.0
81.0 112.0 140.0 70.0
67.0 128.0 104.0 81.0
132.0 156.0 44.0 115.0
100.0 86.0 89.0 125.0
92.0 128.0 64.0 111.0
61.0 137.0 121.0 78.0
127.0 82.0 87.0 112.0
160.0 90.0 57.0 156.0
95.0 78.0 118.0 109.0
165.0 61.0 96.0 122.0
115.0 165.0 42.0 138.0
118.0 64.0 124.0 114.0
176.0 52.0 97.0 150.0
169.0 71.0 72.0 148.0
99.0 174.0 52.0 113.0
125.0 68.0 114.0 110.0
111.0 56.0 148.0 130.0
142.0 136.0 46.0 122.0
85.0 86.0 141.0 94.0
74.0 88.0 144.0 99.0
152.0 100.0 53.0 153.0
151.0 54.0 122.0 120.0
83.0 124.0 92.0 81.0
80.0 92.0 145.0 88.0
101.0 163.0 61.0 94.0
100.0 138.0 56.0 117.0
91.0 146.0 55.0 117.0
163.0 101.0 52.0 142.0
89.0 150.0 91.0 67.0
148.0 90.0 61.0 144.0
167.0 56.0 101.0 137.0
135.0 68.0 100.0 115.0
106.0 77.0 93.0 127.0
77.0 123.0 102.0 75.0
72.0 135.0 88.0 90.0
73.0 81.0 120.0 126.0
164.0 40.0 123.0 183.0
152.0 106.0 53.0 125.0
80.0 104.0 118.0 84.0
117.0 100.0 70.0 109.0
147.0 64.0 92.0 128.0
79.0 91.0 135.0 93.0
88.0 137.0 76.0 87.0
95.0 145.0 71.0 86.0
105.0 131.0 65.0 92.0
90.0 127.0 80.0 83.0
107.0 71.0 104.0 130.0
144.0 76.0 82.0 117.0
79.0 136.0 93.0 75.0
78.0 91.0 171.0 85.0
132.0 58.0 127.0 119.0
106.0 172.0 46.0 127.0
96.0 95.0 106.0 87.0
116.0 56.0 178.0 118.0
78.0 99.0 124.0 88.0
125.0 112.0 58.0 122.0
125.0 90.0 74.0 115.0
109.0 147.0 53.0 110.0
89.0 90.0 98.0 105.0
130.0 99.0 68.0 108.0
124.0 59.0 140.0 110.0
179.0 64.0 73.0 175.0
96.0 138.0 68.0 92.0
166.0 57.0 96.0 137.0
162.0 65.0 81.0 144.0
146.0 160.0 39.0 131.0
113.0 54.0 136.0 148.0
61.0 135.0 131.0 76.0
128.0 70.0 87.0 134.0
75.0 109.0 139.0 77.0
159.0 43.0 122.0 175.0
160.0 54.0 100.0 156.0
125.0 173.0 41.0 123.0
99.0 94.0 85.0 114.0
161.0 103.0 53.0 136.0
129.0 61.0 147.0 98.0
174.0 50.0 107.0 148.0
81.0 131.0 82.0 89.0
65.0 111.0 130.0 87.0
93.0 87.0 117.0 95.0
63.0 113.0 129.0 88.0
101.0 80.0 137.0 87.0
153.0 106.0 52.0 143.0
94.0 101.0 86.0 101.0
130.0 72.0 106.0 100.0
156.0 110.0 50.0 138.0
103.0 64.0 146.0 115.0
119.0 75.0 95.0 116.0
128.0 81.0 82.0 117.0
102.0 84.0 87.0 129.0
94.0 130.0 58.0 115.0
129.0 58.0 125.0 124.0
118.0 69.0 132.0 101.0
65.0 145.0 134.0 69.0
128.0 109.0 64.0 105.0
162.0 63.0 80.0 146.0
144.0 109.0 52.0 134.0
94.0 86.0 150.0 80.0
133.0 69.0 101.0 114.0
84.0 141.0 84.0 82.0
118.0 80.0 103.0 95.0
87.0 80.0 125.0 109.0
80.0 120.0 94.0 84.0
78.0 94.0 102.0 106.0
137.0 65.0 95.0 132.0
115.0 93.0 86.0 96.0
131.0 57.0 126.0 123.0
158.0 61.0 86.0 154.0
203.0 123.0 40.0 161.0
108.0 65.0 140.0 118.0
166.0 50.0 111.0 147.0
72.0 107.0 156.0 77.0
115.0 160.0 42.0 140.0
67.0 139.0 144.0 67.0
94.0 152.0 68.0 91.0
82.0 97.0 126.0 84.0
99.0 90.0 85.0 120.0
121.0 57.0 165.0 112.0
116.0 95.0 74.0 112.0
123.0 104.0 67.0 111.0
136.0 57.0 123.0 121.0
122.0 57.0 155.0 113.0
167.0 89.0 55.0 160.0
89.0 95.0 136.0 77.0
130.0 79.0 81.0 125.0
112.0 82.0 93.0 115.0
160.0 117.0 50.0 116.0
90.0 102.0 93.0 93.0
94.0 155.0 80.0 72.0
92.0 117.0 67.0 119.0
107.0 110.0 78.0 90.0
62.0 158.0 126.0 70.0
102.0 115.0 75.0 96.0
145.0 60.0 107.0 128.0
129.0 86.0 75.0 122.0
139.0 92.0 59.0 157.0
122.0 122.0 56.0 116.0
116.0 74.0 110.0 109.0
135.0 96.0 66.0 112.0
98.0 104.0 79.0 105.0
180.0 46.0 109.0 163.0
144.0 77.0 77.0 123.0
115.0 140.0 50.0 116.0
82.0 99.0 95.0 99.0
94.0 100.0 84.0 107.0
125.0 104.0 66.0 110.0
72.0 108.0 121.0 83.0
137.0 100.0 60.0 130.0
67.0 150.0 165.0 63.0
86.0 103.0 93.0 95.0
118.0 96.0 68.0 126.0
75.0 117.0 133.0 73.0
179.0 46.0 116.0 138.0
91.0 73.0 177.0 99.0
109.0 153.0 49.0 124.0
153.0 45.0 145.0 144.0
88.0 126.0 78.0 89.0
141.0 55.0 137.0 111.0
104.0 76.0 138.0 91.0
176.0 69.0 67.0 162.0
105.0 115.0 59.0 130.0
111.0 109.0 68.0 110.0
85.0 118.0 71.0 113.0
177.0 102.0 50.0 146.0
160.0 73.0 78.0 119.0
92.0 87.0 120.0 93.0
85.0 75.0 180.0 100.0
70.0 134.0 105.0 73.0
122.0 71.0 101.0 122.0
74.0 122.0 99.0 82.0
151.0 72.0 87.0 108.0
69.0 130.0 146.0 69.0
90.0 144.0 73.0 90.0
93.0 115.0 74.0 107.0
162.0 48.0 105.0 174.0
89.0 81.0 149.0 92.0
105.0 83.0 103.0 104.0
90.0 121.0 81.0 83.0
146.0 91.0 63.0 120.0
140.0 50.0 140.0 129.0
151.0 45.0 128.0 157.0
132.0 102.0 58.0 134.0
175.0 99.0 51.0 144.0
68.0 127.0 111.0 78.0
84.0 115.0 78.0 105.0
91.0 136.0 69.0 96.0
188.0 47.0 102.0 166.0
144.0 57.0 106.0 140.0
86.0 142.0 63.0 110.0
131.0 141.0 47.0 122.0
124.0 64.0 117.0 124.0
103.0 87.0 86.0 117.0
151.0 65.0 91.0 128.0
138.0 48.0 148.0 131.0
80.0 100.0 119.0 89.0
114.0 144.0 48.0 131.0
88.0 128.0 66.0 108.0
85.0 75.0 139.0 111.0
93.0 124.0 60.0 119.0
81.0 82.0 172.0 87.0
117.0 151.0 49.0 117.0
143.0 51.0 109.0 170.0
89.0 117.0 76.0 103.0
178.0 54.0 87.0 181.0
90.0 91.0 101.0 103.0
80.0 156.0 64.0 113.0
164.0 42.0 120.0 178.0
88.0 96.0 92.0 103.0
90.0 126.0 58.0 135.0
128.0 53.0 118.0 150.0
94.0 149.0 81.0 72.0
137.0 59.0 108.0 140.0
113.0 62.0 149.0 109.0
63.0 132.0 126.0 78.0
92.0 79.0 123.0 109.0
78.0 104.0 92.0 99.0
77.0 131.0 87.0 89.0
100.0 92.0 89.0 105.0
98.0 85.0 90.0 124.0
171.0 148.0 37.0 156.0
154.0 92.0 62.0 121.0
151.0 104.0 53.0 128.0
155.0 51.0 103.0 165.0
114.0 60.0 145.0 118.0
134.0 62.0 134.0 97.0
72.0 98.0 97.0 111.0
152.0 105.0 51.0 149.0
83.0 92.0 174.0 78.0
145.0 44.0 145.0 153.0
75.0 128.0 98.0 78.0
100.0 108.0 86.0 86.0
109.0 77.0 112.0 102.0
90.0 105.0 83.0 99.0
133.0 49.0 149.0 127.0
126.0 92.0 77.0 104.0
164.0 60.0 85.0 155.0
95.0 135.0 75.0 84.0
109.0 76.0 133.0 91.0
156.0 68.0 81.0 123.0
139.0 64.0 107.0 119.0
118.0 121.0 51.0 143.0
120.0 75.0 107.0 104.0
92.0 135.0 72.0 89.0
134.0 69.0 93.0 126.0
73.0 102.0 179.0 80.0
129.0 169.0 41.0 126.0
99.0 84.0 90.0 127.0
77.0 133.0 86.0 89.0
69.0 175.0 134.0 59.0
174.0 58.0 93.0 137.0
100.0 73.0 143.0 100.0
99.0 99.0 86.0 97.0
156.0 141.0 45.0 104.0
139.0 98.0 68.0 100.0
95.0 159.0 51.0 122.0
69.0 140.0 111.0 70.0
141.0 50.0 122.0 142.0
91.0 151.0 69.0 92.0
100.0 75.0 144.0 89.0
120.0 116.0 61.0 110.0
132.0 77.0 89.0 112.0
105.0 87.0 91.0 110.0
78.0 104.0 94.0 91.0
84.0 86.0 131.0 98.0
129.0 56.0 140.0 120.0
82.0 87.0 165.0 85.0
90.0 125.0 65.0 115.0
123.0 100.0 67.0 119.0
77.0 94.0 131.0 90.0
102.0 127.0 53.0 131.0
100.0 99.0 94.0 86.0
149.0 76.0 70.0 150.0
151.0 165.0 37.0 156.0
83.0 93.0 91.0 119.0
89.0 166.0 77.0 82.0
125.0 61.0 122.0 121.0
83.0 83.0 120.0 113.0
82.0 90.0 94.0 122.0
69.0 124.0 163.0 69.0
127.0 95.0 65.0 121.0
145.0 60.0 116.0 113.0
116.0 82.0 87.0 123.0
165.0 51.0 111.0 142.0
146.0 68.0 89.0 125.0
148.0 43.0 151.0 144.0
151.0 73.0 81.0 121.0
110.0 76.0 116.0 103.0
108.0 86.0 90.0 113.0
136.0 65.0 116.0 108.0
100.0 83.0 88.0 128.0
127.0 70.0 106.0 108.0
94.0 94.0 111.0 85.0
128.0 86.0 76.0 115.0
122.0 104.0 71.0 97.0
123.0 59.0 130.0 123.0
131.0 145.0 42.0 134.0
91.0 122.0 65.0 119.0
147.0 83.0 65.0 150.0
94.0 77.0 115.0 115.0
116.0 66.0 127.0 115.0
136.0 49.0 140.0 141.0
149.0 121.0 45.0 130.0
92.0 112.0 78.0 104.0
169.0 42.0 136.0 155.0
67.0 132.0 75.0 114.0
86.0 92.0 118.0 87.0
74.0 122.0 118.0 75.0
125.0 99.0 63.0 125.0
91.0 76.0 131.0 110.0
104.0 108.0 78.0 98.0
160.0 60.0 98.0 129.0
114.0 67.0 113.0 125.0
88.0 87.0 105.0 104.0
160.0 67.0 86.0 123.0
154.0 70.0 78.0 139.0
97.0 64.0 151.0 119.0
104.0 93.0 99.0 83.0
67.0 107.0 171.0 81.0
118.0 68.0 132.0 102.0
95.0 67.0 161.0 111.0
182.0 153.0 36.0 157.0
138.0 62.0 130.0 100.0
68.0 106.0 169.0 83.0
91.0 64.0 175.0 122.0
74.0 119.0 104.0 78.0
110.0 69.0 124.0 113.0
97.0 161.0 68.0 85.0
83.0 88.0 129.0 97.0
142.0 86.0 66.0 124.0
169.0 77.0 67.0 149.0
98.0 129.0 68.0 95.0
95.0 139.0 56.0 120.0
108.0 124.0 59.0 113.0
100.0 76.0 138.0 95.0
132.0 116.0 54.0 125.0
143.0 84.0 66.0 143.0
63.0 133.0 162.0 72.0
103.0 100.0 90.0 88.0
112.0 93.0 82.0 107.0
73.0 107.0 149.0 80.0
102.0 69.0 129.0 119.0
89.0 120.0 71.0 107.0
71.0 134.0 121.0 70.0
74.0 91.0 133.0 99.0
109.0 92.0 86.0 105.0
84.0 110.0 108.0 78.0
76.0 164.0 88.0 82.0
153.0 78.0 68.0 134.0
126.0 67.0 98.0 136.0
140.0 47.0 139.0 148.0
125.0 71.0 97.0 123.0
180.0 62.0 85.0 138.0
127.0 82.0 80.0 120.0
138.0 63.0 109.0 121.0
152.0 57.0 114.0 120.0
81.0 87.0 191.0 84.0
66.0 129.0 112.0 77.0
90.0 89.0 143.0 83.0
146.0 134.0 46.0 121.0
109.0 86.0 94.0 106.0
89.0 126.0 78.0 88.0
66.0 92.0 161.0 98.0
162.0 86.0 59.0 152.0
143.0 67.0 83.0 149.0
86.0 86.0 101.0 117.0
103.0 101.0 76.0 108.0
84.0 134.0 80.0 84.0
170.0 100.0 50.0 157.0
82.0 112.0 94.0 86.0
86.0 83.0 157.0 89.0
82.0 104.0 119.0 80.0
86.0 99.0 123.0 81.0
154.0 96.0 55.0 149.0
87.0 79.0 139.0 101.0
87.0 92.0 106.0 99.0
71.0 99.0 119.0 99.0
123.0 147.0 48.0 115.0
103.0 67.0 137.0 115.0
138.0 75.0 77.0 139.0
80.0 123.0 85.0 89.0
113.0 108.0 72.0 101.0
113.0 91.0 78.0 119.0
91.0 109.0 77.0 111.0
72.0 112.0 113.0 81.0
95.0 92.0 113.0 86.0
123.0 53.0 138.0 138.0
74.0 132.0 90.0 85.0
101.0 69.0 151.0 106.0
155.0 48.0 142.0 123.0
157.0 78.0 63.0 167.0
75.0 164.0 72.0 102.0
133.0 59.0 117.0 129.0
111.0 178.0 45.0 118.0
150.0 94.0 58.0 147.0
64.0 144.0 139.0 69.0
112.0 153.0 47.0 127.0
100.0 109.0 72.0 113.0
76.0 89.0 125.0 105.0
132.0 139.0 47.0 123.0
135.0 113.0 53.0 131.0
142.0 58.0 103.0 140.0
73.0 93.0 157.0 91.0
83.0 133.0 86.0 83.0
165.0 68.0 75.0 157.0
107.0 123.0 64.0 104.0
65.0 117.0 134.0 82.0
110.0 114.0 58.0 129.0
75.0 132.0 93.0 81.0
127.0 62.0 106.0 141.0
122.0 71.0 128.0 92.0
118.0 104.0 62.0 130.0
82.0 85.0 118.0 108.0
73.0 96.0 167.0 86.0
117.0 75.0 90.0 123.0
83.0 136.0 75.0 95.0
99.0 111.0 72.0 109.0
106.0 114.0 76.0 92.0
83.0 126.0 69.0 112.0
127.0 109.0 56.0 130.0
91.0 68.0 159.0 115.0
114.0 98.0 72.0 109.0
159.0 79.0 64.0 161.0
145.0 44.0 152.0 141.0
102.0 76.0 104.0 120.0
69.0 133.0 110.0 74.0
195.0 56.0 88.0 143.0
157.0 48.0 115.0 150.0
75.0 121.0 111.0 76.0
104.0 73.0 108.0 124.0
98.0 76.0 143.0 95.0
116.0 94.0 73.0 117.0
125.0 87.0 78.0 117.0
118.0 52.0 141.0 144.0
117.0 52.0 164.0 132.0
66.0 132.0 107.0 81.0
165.0 41.0 121.0 184.0
76.0 90.0 108.0 114.0
79.0 109.0 101.0 86.0
86.0 74.0 178.0 102.0
59.0 127.0 110.0 88.0
91.0 115.0 77.0 103.0
91.0 74.0 148.0 101.0
74.0 129.0 95.0 81.0
118.0 90.0 78.0 117.0
141.0 107.0 60.0 109.0
66.0 122.0 123.0 79.0
85.0 94.0 92.0 111.0
77.0 99.0 97.0 103.0
172.0 48.0 107.0 158.0
86.0 86.0 152.0 87.0
87.0 103.0 83.0 107.0
174.0 41.0 136.0 156.0
157.0 86.0 62.0 144.0
72.0 143.0 122.0 65.0
112.0 77.0 123.0 91.0
89.0 95.0 110.0 88.0
118.0 98.0 68.0 121.0
147.0 47.0 119.0 163.0
93.0 109.0 97.0 75.0
73.0 123.0 96.0 85.0
96.0 84.0 143.0 84.0
127.0 91.0 75.0 107.0
142.0 105.0 58.0 116.0
113.0 156.0 50.0 110.0
100.0 74.0 112.0 122.0
80.0 105.0 135.0 75.0
105.0 67.0 135.0 114.0
80.0 148.0 89.0 77.0
118.0 63.0 120.0 127.0
112.0 82.0 92.0 116.0
88.0 104.0 88.0 97.0
145.0 116.0 53.0 113.0
96.0 77.0 111.0 120.0
87.0 159.0 82.0 78.0
156.0 47.0 121.0 141.0
77.0 133.0 93.0 78.0
85.0 107.0 114.0 74.0
102.0 69.0 159.0 103.0
169.0 75.0 65.0 154.0
134.0 71.0 110.0 92.0
121.0 50.0 142.0 143.0
125.0 62.0 121.0 120.0
87.0 82.0 167.0 83.0
162.0 43.0 127.0 150.0
87.0 119.0 83.0 83.0
95.0 123.0 67.0 103.0
82.0 94.0 158.0 81.0
70.0 114.0 187.0 75.0
101.0 60.0 188.0 123.0
127.0 80.0 77.0 131.0
73.0 102.0 141.0 84.0
188.0 50.0 99.0 148.0
127.0 69.0 99.0 123.0
144.0 110.0 51.0 142.0
89.0 131.0 59.0 116.0
192.0 55.0 86.0 173.0
153.0 52.0 110.0 148.0
112.0 94.0 86.0 97.0
89.0 76.0 121.0 120.0
154.0 136.0 44.0 115.0
114.0 70.0 105.0 126.0
87.0 168.0 75.0 86.0
65.0 107.0 138.0 89.0
76.0 83.0 115.0 121.0
83.0 122.0 69.0 117.0
115.0 115.0 55.0 135.0
68.0 105.0 144.0 86.0
94.0 114.0 71.0 110.0
82.0 105.0 114.0 82.0
144.0 85.0 67.0 134.0
135.0 52.0 121.0 149.0
123.0 73.0 83.0 142.0
93.0 75.0 134.0 108.0
119.0 54.0 117.0 161.0
136.0 54.0 135.0 126.0
90.0 76.0 119.0 122.0
129.0 121.0 54.0 112.0
78.0 105.0 114.0 86.0
92.0 119.0 76.0 95.0
101.0 132.0 57.0 121.0
165.0 50.0 115.0 133.0
104.0 151.0 51.0 119.0
126.0 127.0 52.0 116.0
69.0 101.0 118.0 100.0
137.0 59.0 123.0 112.0
177.0 134.0 39.0 143.0
107.0 69.0 115.0 126.0
86.0 108.0 82.0 104.0
128.0 54.0 125.0 142.0
134.0 82.0 69.0 151.0
70.0 111.0 115.0 83.0
139.0 101.0 61.0 118.0
124.0 133.0 47.0 137.0
126.0 107.0 62.0 109.0
90.0 91.0 91.0 117.0
90.0 82.0 137.0 96.0
116.0 134.0 48.0 140.0
136.0 78.0 89.0 104.0
84.0 114.0 82.0 102.0
84.0 103.0 115.0 82.0
107.0 111.0 76.0 96.0
96.0 67.0 151.0 112.0
88.0 96.0 114.0 86.0
149.0 72.0 76.0 132.0
115.0 78.0 103.0 103.0
139.0 48.0 139.0 144.0
131.0 155.0 44.0 118.0
140.0 68.0 87.0 137.0
75.0 172.0 63.0 117.0
89.0 72.0 173.0 103.0
70.0 135.0 140.0 66.0
75.0 92.0 154.0 90.0
84.0 87.0 128.0 100.0
96.0 93.0 96.0 99.0
108.0 68.0 138.0 102.0
97.0 139.0 56.0 118.0
125.0 69.0 134.0 91.0
113.0 161.0 49.0 113.0
114.0 71.0 104.0 123.0
115.0 68.0 116.0 119.0
88.0 91.0 108.0 100.0
113.0 93.0 74.0 120.0
140.0 90.0 62.0 143.0
149.0 81.0 76.0 109.0
125.0 85.0 84.0 108.0
114.0 97.0 77.0 103.0
120.0 71.0 99.0 125.0
92.0 121.0 80.0 84.0
76.0 126.0 97.0 81.0
138.0 78.0 74.0 127.0
111.0 60.0 146.0 120.0
94.0 119.0 74.0 96.0
99.0 75.0 154.0 88.0
78.0 112.0 84.0 101.0
103.0 108.0 73.0 107.0
122.0 56.0 117.0 153.0
114.0 73.0 119.0 103.0
92.0 74.0 115.0 127.0
112.0 110.0 60.0 125.0
155.0 135.0 42.0 134.0
99.0 151.0 56.0 106.0
121.0 61.0 113.0 135.0
103.0 64.0 162.0 111.0
71.0 140.0 104.0 69.0
95.0 132.0 52.0 136.0
138.0 77.0 79.0 121.0
84.0 111.0 79.0 112.0
93.0 124.0 73.0 92.0
83.0 101.0 113.0 87.0
95.0 76.0 152.0 92.0
76.0 97.0 188.0 80.0
72.0 140.0 100.0 75.0
110.0 72.0 117.0 115.0
172.0 40.0 147.0 172.0
62.0 138.0 116.0 78.0
157.0 111.0 49.0 139.0
167.0 94.0 53.0 156.0
129.0 85.0 76.0 126.0
154.0 81.0 70.0 125.0
102.0 80.0 130.0 89.0
78.0 100.0 102.0 93.0
142.0 85.0 71.0 118.0
120.0 70.0 100.0 129.0
151.0 94.0 59.0 138.0
163.0 41.0 126.0 169.0
165.0 119.0 44.0 154.0
110.0 116.0 56.0 136.0
107.0 116.0 65.0 112.0
132.0 66.0 100.0 123.0
152.0 62.0 94.0 131.0
92.0 77.0 126.0 109.0
79.0 105.0 91.0 99.0
67.0 91.0 127.0 110.0
71.0 160.0 91.0 82.0
60.0 121.0 121.0 87.0
161.0 105.0 50.0 146.0
96.0 101.0 90.0 94.0
102.0 110.0 73.0 105.0
93.0 72.0 129.0 119.0
139.0 45.0 155.0 136.0
165.0 59.0 82.0 168.0
135.0 88.0 67.0 127.0
96.0 160.0 57.0 106.0
151.0 74.0 68.0 154.0
92.0 79.0 144.0 94.0
137.0 122.0 48.0 131.0
171.0 94.0 54.0 148.0
124.0 89.0 75.0 115.0
143.0 47.0 133.0 146.0
132.0 146.0 43.0 127.0
105.0 109.0 74.0 99.0
86.0 143.0 62.0 112.0
97.0 85.0 109.0 97.0
120.0 77.0 107.0 99.0
132.0 72.0 89.0 122.0
71.0 170.0 70.0 108.0
90.0 160.0 67.0 95.0
171.0 93.0 55.0 149.0
88.0 127.0 86.0 79.0
101.0 99.0 82.0 101.0
115.0 64.0 141.0 107.0
93.0 91.0 96.0 107.0
128.0 52.0 140.0 135.0
65.0 152.0 162.0 65.0
115.0 96.0 68.0 129.0
144.0 106.0 54.0 131.0
103.0 131.0 68.0 88.0
116.0 73.0 117.0 102.0
77.0 98.0 95.0 107.0
157.0 54.0 101.0 158.0
113.0 125.0 51.0 138.0
96.0 87.0 94.0 117.0
155.0 123.0 47.0 121.0
90.0 74.0 158.0 100.0
99.0 74.0 122.0 113.0
117.0 51.0 157.0 134.0
92.0 99.0 85.0 109.0
163.0 42.0 124.0 164.0
130.0 50.0 150.0 124.0
123.0 105.0 62.0 117.0
122.0 146.0 47.0 122.0
99.0 132.0 61.0 103.0
119.0 110.0 64.0 108.0
93.0 116.0 77.0 97.0
190.0 51.0 96.0 147.0
149.0 82.0 67.0 145.0
168.0 117.0 45.0 134.0
148.0 45.0 141.0 153.0
169.0 85.0 57.0 156.0
116.0 68.0 108.0 127.0
142.0 89.0 65.0 136.0
80.0 97.0 119.0 91.0
80.0 96.0 111.0 96.0
194.0 95.0 52.0 160.0
100.0 71.0 130.0 108.0
160.0 87.0 60.0 138.0
131.0 83.0 85.0 104.0
124.0 70.0 129.0 91.0
60.0 129.0 132.0 80.0
100.0 154.0 59.0 100.0
75.0 131.0 112.0 67.0
67.0 131.0 99.0 85.0
148.0 176.0 37.0 143.0
97.0 90.0 89.0 113.0
91.0 124.0 88.0 76.0
130.0 64.0 108.0 125.0
76.0 116.0 143.0 71.0
132.0 52.0 142.0 122.0
103.0 77.0 96.0 124.0
91.0 128.0 58.0 123.0
89.0 106.0 80.0 109.0
79.0 105.0 121.0 80.0
103.0 76.0 102.0 122.0
103.0 117.0 61.0 126.0
189.0 52.0 99.0 134.0
203.0 57.0 83.0 178.0
118.0 95.0 79.0 105.0
180.0 41.0 119.0 178.0
152.0 57.0 115.0 117.0
141.0 158.0 41.0 117.0
171.0 110.0 46.0 173.0
173.0 93.0 54.0 171.0
160.0 55.0 105.0 142.0
164.0 73.0 67.0 158.0
121.0 56.0 120.0 143.0
85.0 118.0 89.0 80.0
94.0 132.0 84.0 73.0
160.0 64.0 90.0 129.0
66.0 148.0 113.0 70.0
106.0 66.0 153.0 105.0
158.0 45.0 124.0 154.0
131.0 62.0 128.0 111.0
86.0 95.0 91.0 111.0
118.0 56.0 129.0 135.0
103.0 69.0 161.0 100.0
69.0 106.0 104.0 98.0
171.0 55.0 88.0 177.0
95.0 146.0 75.0 81.0
173.0 52.0 107.0 136.0
105.0 126.0 57.0 121.0
120.0 69.0 106.0 119.0
107.0 148.0 53.0 111.0
118.0 91.0 73.0 123.0
137.0 45.0 153.0 147.0
128.0 50.0 134.0 147.0
109.0 98.0 75.0 113.0
134.0 60.0 109.0 133.0
118.0 72.0 102.0 115.0
130.0 55.0 120.0 141.0
106.0 92.0 81.0 117.0
123.0 70.0 121.0 100.0
110.0 80.0 121.0 90.0
85.0 127.0 70.0 104.0
110.0 75.0 138.0 89.0
102.0 86.0 94.0 113.0
78.0 137.0 86.0 85.0
137.0 75.0 86.0 116.0
79.0 136.0 74.0 101.0
134.0 101.0 62.0 117.0
138.0 69.0 88.0 136.0
123.0 129.0 50.0 124.0
137.0 65.0 104.0 119.0
127.0 81.0 78.0 126.0
121.0 56.0 134.0 130.0
147.0 90.0 59.0 160.0
107.0 62.0 154.0 113.0
69.0 134.0 85.0 97.0
93.0 113.0 88.0 79.0
190.0 63.0 74.0 156.0
68.0 122.0 132.0 75.0
66.0 87.0 141.0 112.0
158.0 110.0 51.0 128.0
151.0 146.0 41.0 119.0
117.0 53.0 153.0 131.0
68.0 137.0 98.0 81.0
159.0 127.0 43.0 123.0
87.0 76.0 157.0 99.0
92.0 122.0 71.0 99.0
106.0 97.0 84.0 102.0
106.0 119.0 64.0 108.0
116.0 66.0 146.0 97.0
137.0 51.0 141.0 126.0
75.0 107.0 152.0 77.0
96.0 81.0 121.0 99.0
130.0 80.0 76.0 131.0
104.0 168.0 50.0 113.0
129.0 53.0 128.0 137.0
73.0 94.0 162.0 88.0
77.0 96.0 100.0 105.0
132.0 128.0 45.0 136.0
91.0 131.0 81.0 80.0
146.0 107.0 60.0 104.0
118.0 93.0 73.0 117.0
129.0 114.0 55.0 124.0
181.0 58.0 88.0 147.0
145.0 54.0 113.0 141.0
97.0 112.0 69.0 115.0
165.0 66.0 74.0 165.0
97.0 125.0 63.0 113.0
112.0 118.0 64.0 106.0
127.0 58.0 113.0 137.0
140.0 62.0 100.0 136.0
123.0 108.0 61.0 123.0
124.0 108.0 59.0 127.0
98.0 94.0 91.0 101.0
135.0 55.0 125.0 126.0
91.0 114.0 77.0 105.0
129.0 69.0 102.0 115.0
79.0 121.0 100.0 79.0
128.0 55.0 124.0 138.0
145.0 61.0 106.0 127.0
130.0 64.0 107.0 128.0
169.0 49.0 127.0 123.0
150.0 114.0 49.0 133.0
174.0 108.0 49.0 141.0
77.0 81.0 123.0 116.0
76.0 93.0 193.0 82.0
71.0 144.0 97.0 81.0
90.0 92.0 103.0 102.0
71.0 117.0 114.0 79.0
134.0 60.0 119.0 117.0
82.0 102.0 136.0 77.0
160.0 84.0 65.0 130.0
87.0 78.0 159.0 92.0
108.0 122.0 63.0 108.0
94.0 114.0 79.0 96.0
74.0 125.0 113.0 71.0
142.0 45.0 146.0 150.0
91.0 125.0 85.0 77.0
98.0 122.0 73.0 88.0
74.0 100.0 127.0 90.0
150.0 52.0 124.0 125.0
89.0 138.0 65.0 104.0
68.0 132.0 87.0 97.0
110.0 71.0 101.0 134.0
114.0 130.0 55.0 114.0
139.0 139.0 47.0 116.0
103.0 78.0 136.0 90.0
95.0 65.0 154.0 120.0
98.0 117.0 68.0 112.0
96.0 139.0 55.0 120.0
133.0 81.0 71.0 139.0
164.0 89.0 58.0 154.0
94.0 73.0 147.0 100.0
105.0 112.0 69.0 107.0
98.0 128.0 72.0 88.0
164.0 58.0 97.0 133.0
140.0 76.0 81.0 124.0
70.0 107.0 123.0 85.0
118.0 96.0 80.0 98.0
86.0 88.0 104.0 106.0
74.0 108.0 154.0 75.0
92.0 83.0 128.0 95.0
64.0 146.0 126.0 69.0
77.0 138.0 82.0 90.0
87.0 147.0 73.0 92.0
73.0 110.0 95.0 95.0
138.0 64.0 96.0 134.0
91.0 130.0 70.0 96.0
182.0 48.0 103.0 159.0
113.0 107.0 69.0 106.0
183.0 116.0 43.0 164.0
109.0 77.0 92.0 127.0
99.0 77.0 109.0 119.0
147.0 94.0 65.0 111.0
160.0 55.0 103.0 143.0
106.0 153.0 44.0 148.0
122.0 73.0 105.0 108.0
65.0 109.0 123.0 89.0
120.0 102.0 70.0 101.0
97.0 82.0 142.0 88.0
87.0 82.0 154.0 91.0
121.0 95.0 73.0 109.0
100.0 108.0 79.0 98.0
96.0 97.0 86.0 105.0
106.0 128.0 57.0 117.0
133.0 65.0 111.0 113.0
97.0 125.0 79.0 80.0
176.0 71.0 67.0 158.0
118.0 66.0 138.0 101.0
125.0 58.0 138.0 118.0
99.0 77.0 106.0 122.0
138.0 60.0 100.0 145.0
126.0 85.0 86.0 106.0
131.0 49.0 147.0 138.0
131.0 100.0 61.0 133.0
87.0 133.0 69.0 101.0
82.0 86.0 163.0 88.0
100.0 87.0 109.0 89.0
143.0 71.0 78.0 144.0
75.0 113.0 147.0 73.0
88.0 83.0 152.0 90.0
70.0 133.0 87.0 94.0
103.0 59.0 167.0 124.0
68.0 110.0 153.0 80.0
154.0 52.0 106.0 159.0
174.0 106.0 48.0 144.0
87.0 116.0 87.0 84.0
131.0 61.0 127.0 114.0
104.0 168.0 47.0 122.0
110.0 70.0 94.0 143.0
197.0 131.0 39.0 156.0
97.0 169.0 59.0 100.0
73.0 113.0 155.0 73.0
111.0 94.0 75.0 121.0
154.0 99.0 55.0 143.0
119.0 164.0 46.0 118.0
150.0 67.0 81.0 145.0
119.0 97.0 75.0 105.0
74.0 83.0 141.0 109.0
115.0 120.0 53.0 137.0
138.0 107.0 61.0 109.0
96.0 140.0 56.0 111.0
78.0 116.0 127.0 72.0
108.0 73.0 90.0 139.0
139.0 118.0 50.0 127.0
154.0 68.0 88.0 122.0
104.0 101.0 82.0 93.0
96.0 115.0 83.0 86.0
174.0 122.0 44.0 132.0
146.0 118.0 53.0 109.0
111.0 146.0 52.0 114.0
78.0 143.0 85.0 85.0
155.0 44.0 139.0 153.0
82.0 117.0 80.0 101.0
129.0 84.0 79.0 114.0
85.0 110.0 84.0 97.0
66.0 158.0 124.0 67.0
104.0 119.0 66.0 107.0
138.0 65.0 103.0 122.0
173.0 116.0 46.0 140.0
78.0 170.0 76.0 92.0
81.0 80.0 151.0 101.0
82.0 166.0 71.0 98.0
90.0 118.0 75.0 103.0
138.0 64.0 103.0 127.0
112.0 64.0 113.0 137.0
111.0 170.0 49.0 109.0
105.0 129.0 56.0 122.0
81.0 114.0 80.0 108.0
81.0 101.0 124.0 80.0
140.0 64.0 122.0 98.0
94.0 119.0 73.0 102.0
82.0 90.0 128.0 94.0
70.0 137.0 127.0 66.0
137.0 63.0 91.0 148.0
157.0 54.0 102.0 157.0
77.0 96.0 128.0 89.0
146.0 94.0 57.0 155.0
129.0 67.0 110.0 112.0
115.0 75.0 129.0 90.0
82.0 94.0 109.0 100.0
93.0 68.0 162.0 112.0
160.0 110.0 49.0 137.0
88.0 77.0 141.0 102.0
178.0 54.0 89.0 162.0
67.0 97.0 169.0 91.0
87.0 119.0 70.0 115.0
79.0 132.0 77.0 96.0
119.0 72.0 94.0 127.0
141.0 44.0 146.0 153.0
115.0 170.0 44.0 124.0
96.0 126.0 60.0 111.0
142.0 57.0 135.0 106.0
130.0 54.0 132.0 133.0
93.0 161.0 64.0 99.0
150.0 60.0 104.0 128.0
90.0 130.0 74.0 93.0
80.0 96.0 131.0 82.0
182.0 139.0 37.0 167.0
154.0 81.0 61.0 164.0
173.0 78.0 61.0 165.0
78.0 151.0 97.0 70.0
99.0 108.0 75.0 105.0
97.0 116.0 71.0 102.0
117.0 118.0 59.0 112.0
123.0 107.0 61.0 124.0
62.0 138.0 115.0 79.0
169.0 84.0 62.0 144.0
74.0 138.0 89.0 85.0
120.0 87.0 83.0 110.0
98.0 117.0 66.0 114.0
90.0 68.0 169.0 114.0
162.0 57.0 95.0 144.0
169.0 73.0 64.0 169.0
183.0 77.0 64.0 154.0
172.0 54.0 92.0 153.0
165.0 69.0 72.0 155.0
98.0 65.0 170.0 114.0
68.0 125.0 153.0 71.0
109.0 105.0 74.0 100.0
167.0 55.0 106.0 125.0
124.0 91.0 80.0 102.0
107.0 118.0 60.0 119.0
95.0 120.0 75.0 88.0
149.0 95.0 58.0 128.0
104.0 78.0 107.0 112.0
164.0 64.0 77.0 155.0
144.0 51.0 127.0 133.0
115.0 109.0 70.0 102.0
121.0 58.0 126.0 131.0
123.0 80.0 90.0 111.0
137.0 50.0 138.0 134.0
197.0 59.0 79.0 153.0
95.0 74.0 141.0 104.0
67.0 149.0 108.0 70.0
73.0 106.0 109.0 87.0
96.0 109.0 72.0 117.0
101.0 79.0 131.0 96.0
121.0 94.0 78.0 103.0
88.0 139.0 64.0 108.0
132.0 84.0 73.0 130.0
156.0 152.0 39.0 137.0
112.0 120.0 58.0 123.0
65.0 93.0 135.0 104.0
104.0 126.0 57.0 122.0
178.0 63.0 71.0 183.0
97.0 106.0 81.0 98.0
148.0 138.0 42.0 128.0
79.0 109.0 113.0 78.0
114.0 102.0 67.0 124.0
160.0 59.0 104.0 121.0
79.0 99.0 122.0 90.0
87.0 81.0 106.0 120.0
129.0 125.0 53.0 115.0
123.0 48.0 157.0 136.0
99.0 132.0 74.0 83.0
104.0 81.0 98.0 112.0
97.0 111.0 83.0 87.0
88.0 122.0 96.0 71.0
102.0 105.0 80.0 97.0
149.0 57.0 118.0 116.0
179.0 61.0 80.0 147.0
82.0 125.0 84.0 87.0
73.0 98.0 154.0 86.0
99.0 141.0 55.0 112.0
135.0 66.0 115.0 105.0
154.0 76.0 68.0 146.0
101.0 134.0 54.0 127.0
111.0 103.0 67.0 126.0
126.0 61.0 132.0 108.0
166.0 77.0 67.0 152.0
92.0 121.0 67.0 111.0
98.0 118.0 67.0 111.0
108.0 77.0 103.0 114.0
121.0 89.0 79.0 112.0
79.0 92.0 108.0 106.0
112.0 58.0 153.0 120.0
91.0 70.0 158.0 111.0
90.0 105.0 81.0 107.0
122.0 73.0 93.0 124.0
83.0 120.0 73.0 109.0
165.0 69.0 73.0 152.0
85.0 109.0 85.0 97.0
96.0 87.0 96.0 112.0
100.0 153.0 52.0 116.0
105.0 92.0 83.0 115.0
79.0 90.0 135.0 96.0
183.0 54.0 98.0 140.0
152.0 90.0 65.0 122.0
146.0 88.0 68.0 112.0
94.0 117.0 82.0 80.0
136.0 102.0 64.0 109.0
81.0 97.0 143.0 79.0
63.0 120.0 147.0 83.0
105.0 68.0 153.0 102.0
113.0 98.0 80.0 101.0
122.0 80.0 91.0 110.0
79.0 94.0 126.0 93.0
81.0 156.0 99.0 65.0
131.0 110.0 59.0 118.0
85.0 92.0 128.0 86.0
106.0 60.0 155.0 121.0
140.0 62.0 109.0 120.0
148.0 78.0 72.0 138.0
116.0 157.0 49.0 111.0
109.0 128.0 52.0 126.0
127.0 93.0 80.0 94.0
140.0 122.0 50.0 118.0
158.0 78.0 67.0 158.0
157.0 42.0 154.0 159.0
93.0 92.0 104.0 96.0
132.0 101.0 60.0 129.0
91.0 79.0 154.0 91.0
152.0 69.0 87.0 124.0
104.0 144.0 50.0 126.0
80.0 85.0 164.0 90.0
113.0 70.0 145.0 90.0
156.0 138.0 40.0 147.0
117.0 100.0 72.0 101.0
90.0 122.0 93.0 73.0
94.0 124.0 72.0 95.0
74.0 120.0 99.0 85.0
196.0 51.0 93.0 156.0
77.0 98.0 186.0 80.0
80.0 92.0 96.0 118.0
109.0 65.0 140.0 117.0
117.0 65.0 122.0 120.0
146.0 87.0 73.0 106.0
140.0 61.0 100.0 138.0
95.0 72.0 168.0 99.0
114.0 91.0 83.0 109.0
180.0 48.0 101.0 194.0
125.0 82.0 79.0 127.0
134.0 51.0 139.0 131.0
68.0 163.0 124.0 62.0
169.0 47.0 108.0 163.0
172.0 46.0 110.0 163.0
158.0 46.0 114.0 169.0
83.0 108.0 93.0 87.0
92.0 144.0 66.0 98.0
83.0 133.0 83.0 85.0
112.0 70.0 109.0 121.0
89.0 115.0 85.0 84.0
90.0 103.0 111.0 78.0
97.0 130.0 73.0 87.0
150.0 142.0 42.0 121.0
156.0 61.0 89.0 143.0
62.0 154.0 142.0 66.0
109.0 102.0 78.0 101.0
196.0 47.0 107.0 147.0
130.0 175.0 39.0 137.0
93.0 74.0 129.0 114.0
102.0 95.0 77.0 124.0
136.0 111.0 54.0 124.0
80.0 103.0 124.0 78.0
133.0 48.0 155.0 134.0
112.0 148.0 46.0 135.0
103.0 123.0 61.0 116.0
104.0 109.0 80.0 92.0
120.0 153.0 50.0 107.0
160.0 58.0 108.0 118.0
85.0 123.0 81.0 87.0
92.0 130.0 83.0 77.0
127.0 155.0 49.0 103.0
137.0 52.0 118.0 148.0
104.0 101.0 80.0 101.0
106.0 147.0 62.0 90.0
165.0 106.0 47.0 162.0
97.0 126.0 66.0 107.0
156.0 53.0 103.0 154.0
111.0 139.0 51.0 121.0
164.0 51.0 99.0 165.0
97.0 119.0 80.0 80.0
126.0 121.0 52.0 120.0
87.0 91.0 112.0 97.0
69.0 143.0 158.0 64.0
109.0 89.0 93.0 98.0
165.0 50.0 111.0 148.0
160.0 107.0 51.0 137.0
161.0 143.0 38.0 171.0
125.0 143.0 46.0 128.0
102.0 131.0 63.0 100.0
166.0 78.0 62.0 164.0
128.0 117.0 54.0 116.0
108.0 81.0 88.0 131.0
83.0 95.0 141.0 81.0
139.0 56.0 103.0 148.0
111.0 87.0 95.0 99.0
67.0 151.0 111.0 68.0
116.0 93.0 78.0 111.0
111.0 79.0 125.0 88.0
160.0 148.0 40.0 114.0
119.0 70.0 104.0 122.0
69.0 115.0 146.0 78.0
171.0 59.0 87.0 140.0
142.0 58.0 99.0 149.0
146.0 102.0 56.0 127.0
151.0 114.0 52.0 118.0
106.0 78.0 102.0 116.0
90.0 96.0 97.0 96.0
118.0 101.0 69.0 109.0
137.0 97.0 62.0 127.0
197.0 58.0 84.0 141.0
95.0 91.0 89.0 113.0
125.0 91.0 69.0 121.0
125.0 52.0 130.0 146.0
108.0 76.0 100.0 120.0
116.0 105.0 67.0 114.0
82.0 164.0 78.0 86.0
102.0 153.0 60.0 96.0
100.0 105.0 87.0 87.0
168.0 78.0 64.0 154.0
84.0 103.0 100.0 88.0
94.0 111.0 77.0 103.0
129.0 192.0 39.0 129.0
112.0 104.0 78.0 93.0
90.0 130.0 78.0 84.0
149.0 55.0 97.0 156.0
127.0 82.0 88.0 108.0
134.0 124.0 47.0 132.0
75.0 123.0 94.0 86.0
119.0 62.0 126.0 124.0
147.0 101.0 58.0 124.0
115.0 99.0 69.0 117.0
150.0 66.0 88.0 129.0
108.0 85.0 95.0 107.0
147.0 46.0 144.0 139.0
138.0 57.0 136.0 109.0
90.0 144.0 69.0 96.0
75.0 102.0 94.0 99.0
67.0 119.0 154.0 75.0
72.0 103.0 194.0 78.0
122.0 56.0 118.0 148.0
87.0 153.0 83.0 78.0
122.0 106.0 65.0 117.0
111.0 128.0 56.0 117.0
81.0 89.0 101.0 119.0
124.0 98.0 64.0 129.0
130.0 97.0 64.0 129.0
122.0 109.0 65.0 109.0
94.0 96.0 85.0 113.0
120.0 93.0 69.0 124.0
147.0 89.0 63.0 132.0
123.0 131.0 51.0 115.0
126.0 94.0 66.0 125.0
165.0 70.0 68.0 158.0
84.0 83.0 110.0 114.0
82.0 132.0 79.0 88.0
85.0 83.0 108.0 116.0
145.0 73.0 84.0 112.0
112.0 90.0 82.0 116.0
143.0 137.0 46.0 119.0
106.0 79.0 96.0 116.0
116.0 93.0 85.0 98.0
68.0 134.0 103.0 77.0
180.0 44.0 108.0 195.0
150.0 68.0 76.0 151.0
65.0 123.0 113.0 81.0
98.0 82.0 132.0 89.0
87.0 108.0 90.0 91.0
136.0 67.0 90.0 140.0
123.0 74.0 99.0 112.0
64.0 134.0 157.0 72.0
145.0 52.0 109.0 157.0
169.0 107.0 52.0 125.0
150.0 158.0 39.0 138.0
76.0 88.0 143.0 99.0
142.0 134.0 43.0 129.0
127.0 163.0 45.0 112.0
68.0 142.0 99.0 80.0
181.0 43.0 112.0 171.0
158.0 55.0 93.0 156.0
76.0 98.0 186.0 81.0
197.0 61.0 77.0 169.0
92.0 137.0 60.0 108.0
138.0 53.0 127.0 134.0
102.0 100.0 79.0 109.0
109.0 55.0 178.0 128.0
99.0 136.0 55.0 125.0
85.0 133.0 63.0 116.0
95.0 152.0 74.0 81.0
107.0 68.0 128.0 115.0
132.0 75.0 83.0 126.0
142.0 47.0 150.0 135.0
143.0 47.0 147.0 135.0
129.0 75.0 79.0 137.0
69.0 87.0 144.0 105.0
125.0 73.0 101.0 114.0
121.0 51.0 146.0 140.0
135.0 195.0 38.0 136.0
148.0 60.0 92.0 143.0
140.0 92.0 66.0 120.0
102.0 91.0 105.0 88.0
93.0 95.0 88.0 105.0
70.0 111.0 102.0 91.0
116.0 64.0 137.0 112.0
161.0 157.0 37.0 161.0
99.0 63.0 178.0 115.0
131.0 102.0 65.0 112.0
175.0 177.0 36.0 157.0
142.0 83.0 69.0 136.0
82.0 114.0 91.0 83.0
134.0 77.0 90.0 105.0
81.0 87.0 101.0 121.0
165.0 54.0 107.0 133.0
96.0 78.0 110.0 117.0
114.0 59.0 148.0 116.0
161.0 83.0 60.0 163.0
80.0 84.0 145.0 99.0
87.0 125.0 75.0 95.0
151.0 52.0 113.0 147.0
71.0 113.0 122.0 81.0
83.0 91.0 112.0 101.0
132.0 63.0 129.0 97.0
113.0 154.0 48.0 120.0
79.0 89.0 103.0 117.0
165.0 138.0 41.0 133.0
132.0 69.0 110.0 104.0
75.0 100.0 97.0 103.0
144.0 95.0 61.0 124.0
118.0 98.0 79.0 98.0
73.0 116.0 119.0 79.0
85.0 84.0 102.0 118.0
108.0 101.0 67.0 133.0
104.0 79.0 95.0 123.0
115.0 70.0 126.0 107.0
78.0 84.0 116.0 117.0
85.0 147.0 95.0 64.0
78.0 81.0 113.0 125.0
164.0 100.0 52.0 151.0
127.0 152.0 44.0 131.0
116.0 57.0 148.0 122.0
109.0 162.0 48.0 116.0
150.0 63.0 101.0 116.0
158.0 44.0 117.0 174.0
179.0 62.0 75.0 159.0
118.0 144.0 45.0 139.0
124.0 80.0 80.0 128.0
137.0 80.0 88.0 105.0
178.0 51.0 107.0 139.0
73.0 123.0 79.0 105.0
157.0 107.0 50.0 146.0
83.0 91.0 144.0 87.0
83.0 74.0 174.0 106.0
118.0 133.0 51.0 117.0
114.0 88.0 73.0 137.0
143.0 65.0 82.0 151.0
97.0 100.0 92.0 90.0
171.0 123.0 43.0 137.0
145.0 97.0 61.0 121.0
162.0 48.0 109.0 166.0
136.0 46.0 156.0 133.0
139.0 57.0 110.0 142.0
85.0 86.0 127.0 101.0
138.0 105.0 61.0 111.0
93.0 132.0 78.0 79.0
146.0 135.0 47.0 111.0
150.0 41.0 155.0 169.0
86.0 78.0 132.0 112.0
163.0 44.0 121.0 159.0
139.0 93.0 64.0 123.0
127.0 118.0 53.0 128.0
153.0 62.0 102.0 121.0
138.0 45.0 147.0 150.0
112.0 116.0 57.0 133.0
75.0 83.0 131.0 110.0
91.0 71.0 152.0 105.0
122.0 69.0 132.0 97.0
107.0 104.0 73.0 108.0
133.0 66.0 108.0 117.0
145.0 103.0 60.0 108.0
153.0 97.0 60.0 116.0
122.0 102.0 66.0 118.0
100.0 124.0 74.0 84.0
143.0 83.0 75.0 114.0
112.0 78.0 87.0 135.0
108.0 89.0 91.0 102.0
103.0 119.0 57.0 134.0
96.0 85.0 130.0 88.0
115.0 133.0 56.0 108.0
82.0 110.0 99.0 85.0
70.0 104.0 165.0 84.0
118.0 162.0 45.0 124.0
143.0 71.0 103.0 100.0
92.0 123.0 82.0 79.0
91.0 98.0 84.0 115.0
109.0 56.0 167.0 127.0
151.0 117.0 47.0 126.0
72.0 139.0 114.0 67.0
61.0 137.0 120.0 79.0
70.0 129.0 156.0 67.0
152.0 49.0 117.0 147.0
136.0 83.0 73.0 128.0
130.0 66.0 114.0 113.0
101.0 86.0 85.0 125.0
167.0 69.0 80.0 126.0
156.0 105.0 52.0 141.0
93.0 159.0 58.0 105.0
143.0 107.0 58.0 112.0
135.0 126.0 51.0 111.0
117.0 67.0 116.0 119.0
125.0 126.0 49.0 140.0
112.0 79.0 88.0 132.0
109.0 114.0 62.0 115.0
117.0 99.0 77.0 95.0
94.0 113.0 72.0 113.0
144.0 115.0 51.0 129.0
145.0 49.0 139.0 133.0
82.0 84.0 159.0 91.0
107.0 66.0 144.0 109.0
95.0 103.0 87.0 95.0
123.0 52.0 134.0 141.0
108.0 110.0 71.0 105.0
165.0 80.0 60.0 160.0
79.0 129.0 88.0 84.0
144.0 53.0 112.0 151.0
113.0 76.0 111.0 105.0
93.0 81.0 130.0 96.0
172.0 162.0 36.0 162.0
132.0 88.0 79.0 104.0
167.0 67.0 78.0 144.0
150.0 53.0 116.0 134.0
172.0 96.0 52.0 153.0
113.0 70.0 101.0 133.0
99.0 112.0 71.0 111.0
87.0 111.0 85.0 89.0
126.0 163.0 47.0 109.0
72.0 136.0 100.0 78.0
153.0 102.0 53.0 150.0
107.0 83.0 92.0 111.0
100.0 113.0 74.0 101.0
91.0 109.0 78.0 110.0
98.0 91.0 94.0 103.0
133.0 84.0 71.0 134.0
97.0 88.0 89.0 119.0
148.0 114.0 55.0 105.0
104.0 123.0 55.0 127.0
98.0 114.0 73.0 104.0
92.0 91.0 110.0 93.0
113.0 75.0 111.0 107.0
79.0 118.0 95.0 81.0
93.0 94.0 117.0 85.0
108.0 95.0 85.0 100.0
89.0 129.0 71.0 97.0
78.0 129.0 101.0 71.0
78.0 85.0 163.0 94.0
111.0 125.0 55.0 118.0
82.0 113.0 85.0 93.0
145.0 61.0 112.0 116.0
104.0 123.0 62.0 112.0
103.0 112.0 68.0 113.0
81.0 108.0 117.0 76.0
176.0 68.0 72.0 150.0
115.0 62.0 131.0 122.0
92.0 146.0 54.0 117.0
116.0 83.0 99.0 99.0
69.0 165.0 117.0 65.0
99.0 152.0 61.0 97.0
80.0 124.0 94.0 80.0
89.0 137.0 50.0 149.0
136.0 68.0 113.0 102.0
125.0 71.0 101.0 119.0
175.0 60.0 90.0 130.0
111.0 164.0 50.0 109.0
108.0 96.0 83.0 101.0
117.0 57.0 146.0 122.0
100.0 86.0 97.0 113.0
175.0 40.0 133.0 170.0
147.0 106.0 56.0 121.0
175.0 127.0 41.0 140.0
97.0 139.0 68.0 90.0
97.0 90.0 111.0 90.0
127.0 52.0 149.0 125.0
64.0 138.0 155.0 70.0
129.0 55.0 134.0 125.0
120.0 74.0 97.0 118.0
177.0 59.0 84.0 149.0
84.0 177.0 89.0 72.0
107.0 96.0 77.0 116.0
144.0 145.0 44.0 120.0
142.0 49.0 119.0 156.0
82.0 101.0 122.0 82.0
91.0 88.0 131.0 88.0
116.0 54.0 152.0 132.0
119.0 107.0 67.0 106.0
61.0 134.0 97.0 93.0
150.0 91.0 58.0 153.0
92.0 108.0 91.0 84.0
132.0 86.0 79.0 106.0
122.0 110.0 72.0 90.0
77.0 139.0 92.0 78.0
95.0 130.0 76.0 83.0
127.0 82.0 84.0 116.0
154.0 51.0 135.0 118.0
85.0 152.0 86.0 77.0
71.0 94.0 147.0 93.0
113.0 121.0 57.0 114.0
87.0 94.0 97.0 104.0
162.0 68.0 78.0 132.0
132.0 59.0 119.0 127.0
128.0 155.0 45.0 120.0
114.0 70.0 135.0 91.0
132.0 112.0 52.0 140.0
75.0 127.0 101.0 79.0
166.0 143.0 39.0 132.0
153.0 75.0 73.0 126.0
122.0 63.0 119.0 126.0
140.0 120.0 49.0 127.0
172.0 65.0 78.0 143.0
121.0 89.0 73.0 129.0
93.0 132.0 71.0 92.0
90.0 126.0 70.0 100.0
140.0 147.0 45.0 114.0
80.0 101.0 97.0 95.0
74.0 118.0 120.0 75.0
95.0 74.0 117.0 122.0
123.0 127.0 49.0 133.0
119.0 55.0 164.0 119.0
94.0 76.0 109.0 127.0
157.0 77.0 65.0 164.0
92.0 91.0 107.0 97.0
95.0 115.0 66.0 122.0
116.0 143.0 45.0 142.0
100.0 161.0 57.0 101.0
96.0 127.0 67.0 99.0
92.0 89.0 142.0 82.0
70.0 112.0 164.0 76.0
147.0 92.0 61.0 132.0
166.0 129.0 40.0 142.0
73.0 112.0 149.0 75.0
73.0 115.0 98.0 88.0
117.0 95.0 81.0 98.0
116.0 81.0 94.0 113.0
122.0 68.0 94.0 140.0
154.0 49.0 106.0 177.0
90.0 88.0 147.0 80.0
115.0 104.0 70.0 105.0
143.0 63.0 100.0 130.0
102.0 119.0 61.0 120.0
139.0 53.0 133.0 124.0
126.0 106.0 67.0 103.0
139.0 148.0 45.0 110.0
107.0 95.0 72.0 131.0
117.0 75.0 107.0 107.0
111.0 107.0 75.0 96.0
188.0 49.0 99.0 161.0
118.0 92.0 78.0 111.0
139.0 110.0 53.0 136.0
99.0 75.0 132.0 105.0
98.0 88.0 100.0 107.0
80.0 112.0 96.0 85.0
102.0 108.0 66.0 125.0
105.0 112.0 73.0 100.0
171.0 55.0 95.0 140.0
134.0 157.0 42.0 127.0
139.0 47.0 145.0 145.0
93.0 63.0 154.0 124.0
165.0 186.0 36.0 162.0
164.0 50.0 104.0 161.0
161.0 132.0 42.0 141.0
180.0 47.0 110.0 147.0
81.0 105.0 154.0 72.0
155.0 44.0 142.0 145.0
121.0 166.0 46.0 113.0
97.0 130.0 60.0 107.0
105.0 79.0 131.0 92.0
135.0 107.0 59.0 119.0
105.0 94.0 83.0 109.0
129.0 84.0 72.0 135.0
166.0 49.0 112.0 146.0
132.0 79.0 92.0 101.0
166.0 70.0 73.0 148.0
110.0 136.0 50.0 132.0
99.0 117.0 68.0 111.0
76.0 143.0 122.0 61.0
153.0 126.0 44.0 145.0
157.0 63.0 86.0 136.0
99.0 127.0 58.0 123.0
98.0 107.0 78.0 106.0
122.0 60.0 133.0 122.0
137.0 47.0 176.0 130.0
125.0 65.0 101.0 137.0
60.0 117.0 149.0 86.0
142.0 97.0 59.0 131.0
119.0 54.0 142.0 132.0
148.0 92.0 60.0 136.0
84.0 109.0 87.0 89.0
129.0 98.0 71.0 103.0
127.0 79.0 89.0 112.0
98.0 115.0 65.0 122.0
163.0 45.0 119.0 168.0
104.0 88.0 85.0 117.0
104.0 58.0 156.0 125.0
111.0 65.0 123.0 125.0
102.0 167.0 55.0 105.0
134.0 75.0 87.0 116.0
82.0 117.0 86.0 87.0
142.0 68.0 98.0 113.0
91.0 72.0 146.0 111.0
178.0 52.0 90.0 186.0
153.0 83.0 78.0 97.0
104.0 111.0 70.0 111.0
101.0 91.0 87.0 113.0
96.0 136.0 75.0 82.0
100.0 60.0 160.0 125.0
96.0 82.0 90.0 135.0
151.0 156.0 41.0 117.0
72.0 79.0 134.0 122.0
92.0 116.0 88.0 77.0
97.0 72.0 141.0 107.0
76.0 117.0 149.0 70.0
157.0 46.0 118.0 155.0
123.0 65.0 128.0 104.0
139.0 146.0 45.0 117.0
109.0 117.0 79.0 79.0
111.0 139.0 54.0 114.0
96.0 97.0 88.0 97.0
156.0 49.0 122.0 139.0
123.0 74.0 93.0 119.0
106.0 122.0 59.0 118.0
147.0 83.0 67.0 144.0
143.0 120.0 52.0 110.0
97.0 98.0 85.0 105.0
127.0 97.0 68.0 116.0
117.0 99.0 75.0 103.0
190.0 64.0 69.0 168.0
115.0 106.0 65.0 124.0
70.0 152.0 121.0 64.0
139.0 67.0 104.0 107.0
103.0 117.0 64.0 116.0
134.0 137.0 48.0 113.0
125.0 64.0 105.0 135.0
106.0 80.0 99.0 110.0
105.0 67.0 124.0 123.0
124.0 66.0 117.0 108.0
150.0 93.0 60.0 132.0
167.0 52.0 101.0 150.0
174.0 84.0 57.0 179.0
143.0 64.0 98.0 128.0
109.0 112.0 79.0 86.0
75.0 94.0 195.0 80.0
80.0 143.0 84.0 85.0
130.0 61.0 137.0 99.0
161.0 79.0 67.0 135.0
143.0 136.0 45.0 122.0
183.0 126.0 40.0 148.0
195.0 50.0 95.0 145.0
100.0 174.0 48.0 119.0
146.0 43.0 149.0 155.0
103.0 93.0 88.0 107.0
86.0 78.0 169.0 91.0
109.0 54.0 156.0 132.0
136.0 67.0 99.0 123.0
121.0 118.0 56.0 120.0
142.0 103.0 59.0 123.0
121.0 160.0 44.0 125.0
155.0 67.0 93.0 112.0
134.0 117.0 51.0 133.0
169.0 72.0 70.0 146.0
117.0 89.0 80.0 114.0
97.0 130.0 55.0 131.0
118.0 75.0 112.0 97.0
164.0 59.0 93.0 136.0
80.0 98.0 100.0 97.0
62.0 166.0 147.0 63.0
111.0 106.0 68.0 114.0
177.0 53.0 91.0 151.0
150.0 78.0 85.0 100.0
100.0 133.0 57.0 114.0
134.0 49.0 124.0 159.0
73.0 95.0 148.0 88.0
93.0 119.0 68.0 112.0
123.0 76.0 97.0 110.0
181.0 45.0 109.0 166.0
81.0 90.0 149.0 85.0
161.0 93.0 56.0 152.0
154.0 114.0 48.0 142.0
165.0 57.0 98.0 137.0
79.0 141.0 85.0 85.0
153.0 100.0 55.0 124.0
148.0 56.0 116.0 128.0
125.0 113.0 54.0 134.0
65.0 106.0 120.0 93.0
88.0 109.0 81.0 103.0
122.0 66.0 134.0 101.0
95.0 75.0 122.0 115.0
88.0 86.0 102.0 110.0
144.0 50.0 127.0 136.0
83.0 174.0 73.0 92.0
81.0 84.0 152.0 95.0
145.0 62.0 99.0 135.0
82.0 84.0 119.0 111.0
116.0 161.0 43.0 133.0
91.0 106.0 80.0 107.0
86.0 142.0 76.0 87.0
157.0 45.0 120.0 160.0
84.0 143.0 74.0 93.0
134.0 63.0 104.0 127.0
106.0 89.0 86.0 109.0
81.0 149.0 67.0 108.0
146.0 60.0 99.0 142.0
127.0 111.0 62.0 105.0
138.0 74.0 81.0 132.0
167.0 102.0 49.0 158.0
123.0 77.0 82.0 133.0
108.0 112.0 67.0 110.0
67.0 128.0 121.0 76.0
84.0 102.0 117.0 84.0
189.0 56.0 91.0 134.0
87.0 82.0 112.0 118.0
136.0 107.0 55.0 130.0
79.0 135.0 94.0 74.0
104.0 56.0 149.0 134.0
87.0 89.0 140.0 90.0
107.0 65.0 144.0 112.0
83.0 93.0 180.0 77.0
149.0 73.0 71.0 138.0
124.0 172.0 40.0 130.0
142.0 131.0 44.0 137.0
120.0 108.0 60.0 128.0
154.0 54.0 109.0 141.0
74.0 127.0 135.0 68.0
131.0 49.0 130.0 148.0
145.0 70.0 98.0 105.0
90.0 127.0 77.0 88.0
85.0 86.0 119.0 103.0
95.0 120.0 69.0 106.0
129.0 62.0 111.0 123.0
82.0 107.0 87.0 97.0
91.0 103.0 101.0 79.0
97.0 71.0 147.0 101.0
110.0 118.0 65.0 104.0
111.0 114.0 67.0 102.0
116.0 113.0 59.0 126.0
102.0 82.0 113.0 98.0
112.0 145.0 48.0 128.0
143.0 70.0 80.0 137.0
168.0 64.0 85.0 139.0
182.0 65.0 73.0 171.0
75.0 111.0 100.0 87.0
97.0 137.0 56.0 124.0
142.0 173.0 38.0 136.0
81.0 128.0 79.0 92.0
86.0 97.0 121.0 84.0
89.0 123.0 77.0 92.0
64.0 115.0 112.0 90.0
88.0 108.0 91.0 88.0
106.0 65.0 160.0 108.0
118.0 73.0 101.0 121.0
116.0 54.0 137.0 137.0
147.0 61.0 121.0 102.0
166.0 91.0 56.0 151.0
150.0 53.0 113.0 144.0
187.0 44.0 112.0 157.0
89.0 132.0 66.0 104.0
72.0 99.0 145.0 84.0
128.0 63.0 95.0 148.0
125.0 100.0 66.0 118.0
