97.0 87.0 95.0 101.0
103.0 108.0 105.0 76.0
108.0 118.0 110.0 66.0
126.0 136.0 114.0 55.0
79.0 121.0 86.0 96.0
96.0 98.0 78.0 107.0
109.0 122.0 101.0 67.0
91.0 104.0 115.0 78.0
85.0 94.0 59.0 143.0
92.0 107.0 92.0 91.0
95.0 96.0 88.0 101.0
108.0 131.0 111.0 62.0
103.0 91.0 77.0 108.0
91.0 86.0 74.0 128.0
102.0 84.0 81.0 112.0
97.0 78.0 99.0 105.0
101.0 89.0 64.0 122.0
86.0 116.0 84.0 96.0
121.0 131.0 100.0 60.0
87.0 85.0 103.0 104.0
120.0 102.0 106.0 69.0
97.0 93.0 95.0 97.0
128.0 141.0 133.0 49.0
96.0 96.0 61.0 126.0
94.0 88.0 75.0 120.0
127.0 124.0 125.0 55.0
130.0 133.0 134.0 50.0
96.0 83.0 82.0 115.0
92.0 86.0 64.0 138.0
83.0 90.0 78.0 128.0
90.0 104.0 92.0 96.0
88.0 96.0 60.0 135.0
89.0 119.0 88.0 87.0
113.0 138.0 101.0 60.0
92.0 106.0 105.0 84.0
111.0 117.0 91.0 75.0
116.0 124.0 110.0 62.0
90.0 84.0 61.0 162.0
108.0 105.0 100.0 77.0
97.0 122.0 83.0 85.0
90.0 88.0 58.0 153.0
97.0 102.0 91.0 93.0
105.0 131.0 83.0 75.0
109.0 125.0 94.0 69.0
104.0 117.0 81.0 85.0
117.0 135.0 95.0 63.0
90.0 89.0 96.0 104.0
133.0 119.0 98.0 62.0
129.0 134.0 95.0 58.0
114.0 129.0 104.0 63.0
96.0 76.0 109.0 99.0
118.0 126.0 150.0 51.0
93.0 94.0 60.0 134.0
132.0 127.0 127.0 52.0
91.0 90.0 79.0 119.0
134.0 139.0 109.0 53.0
159.0 145.0 145.0 46.0
132.0 125.0 122.0 54.0
102.0 89.0 87.0 102.0
98.0 87.0 63.0 130.0
127.0 122.0 113.0 57.0
90.0 109.0 88.0 95.0
114.0 137.0 96.0 63.0
87.0 100.0 99.0 96.0
89.0 82.0 93.0 113.0
116.0 108.0 95.0 75.0
95.0 86.0 104.0 97.0
95.0 119.0 92.0 80.0
128.0 143.0 145.0 47.0
111.0 126.0 119.0 59.0
113.0 110.0 97.0 73.0
96.0 114.0 86.0 87.0
95.0 81.0 92.0 109.0
85.0 117.0 102.0 83.0
116.0 121.0 105.0 64.0
82.0 113.0 109.0 83.0
119.0 119.0 118.0 59.0
112.0 99.0 111.0 71.0
117.0 131.0 122.0 56.0
117.0 135.0 99.0 61.0
99.0 107.0 110.0 76.0
