58.0 152.0 151.0 88.0
75.0 137.0 133.0 69.0
122.0 116.0 117.0 52.0
73.0 135.0 167.0 63.0
79.0 83.0 99.0 111.0
80.0 128.0 153.0 63.0
85.0 123.0 134.0 64.0
55.0 124.0 146.0 105.0
146.0 128.0 114.0 40.0
99.0 144.0 158.0 48.0
80.0 79.0 84.0 139.0
100.0 72.0 87.0 114.0
124.0 72.0 84.0 96.0
93.0 70.0 97.0 112.0
94.0 77.0 93.0 106.0
101.0 90.0 101.0 80.0
131.0 89.0 100.0 69.0
104.0 101.0 117.0 68.0
94.0 99.0 104.0 82.0
127.0 81.0 94.0 81.0
76.0 147.0 171.0 58.0
146.0 102.0 121.0 47.0
137.0 82.0 81.0 87.0
100.0 111.0 119.0 63.0
63.0 126.0 141.0 86.0
105.0 94.0 116.0 69.0
72.0 83.0 125.0 99.0
120.0 61.0 71.0 144.0
78.0 144.0 151.0 61.0
92.0 88.0 124.0 78.0
74.0 136.0 161.0 65.0
48.0 136.0 160.0 128.0
100.0 110.0 133.0 60.0
118.0 93.0 107.0 68.0
119.0 117.0 127.0 52.0
96.0 102.0 129.0 66.0
114.0 118.0 119.0 55.0
101.0 146.0 150.0 44.0
82.0 78.0 87.0 125.0
99.0 93.0 112.0 76.0
77.0 133.0 125.0 67.0
109.0 83.0 108.0 79.0
68.0 114.0 109.0 94.0
146.0 108.0 117.0 46.0
82.0 143.0 149.0 59.0
125.0 74.0 95.0 86.0
127.0 90.0 101.0 70.0
105.0 76.0 96.0 92.0
124.0 89.0 103.0 70.0
91.0 87.0 85.0 106.0
105.0 78.0 76.0 111.0
57.0 109.0 104.0 124.0
61.0 106.0 112.0 113.0
99.0 97.0 120.0 71.0
105.0 97.0 111.0 71.0
124.0 80.0 96.0 81.0
72.0 71.0 116.0 116.0
150.0 63.0 65.0 127.0
87.0 144.0 144.0 55.0
90.0 91.0 125.0 77.0
73.0 74.0 99.0 123.0
96.0 67.0 98.0 111.0
99.0 99.0 132.0 65.0
57.0 143.0 153.0 89.0
123.0 124.0 150.0 42.0
89.0 84.0 111.0 92.0
98.0 95.0 126.0 70.0
68.0 135.0 138.0 78.0
96.0 77.0 102.0 98.0
102.0 138.0 169.0 42.0
86.0 140.0 145.0 57.0
73.0 102.0 122.0 88.0
67.0 132.0 126.0 84.0
133.0 67.0 74.0 113.0
95.0 125.0 130.0 58.0
133.0 86.0 103.0 68.0
65.0 139.0 139.0 80.0
124.0 98.0 109.0 59.0
102.0 101.0 118.0 66.0
98.0 117.0 136.0 57.0
98.0 101.0 121.0 68.0
81.0 74.0 105.0 112.0
64.0 140.0 121.0 86.0
62.0 187.0 173.0 70.0
83.0 94.0 125.0 81.0
97.0 71.0 94.0 108.0
75.0 140.0 122.0 72.0
69.0 127.0 126.0 82.0
122.0 88.0 107.0 66.0
97.0 114.0 135.0 59.0
61.0 162.0 152.0 72.0
117.0 80.0 98.0 84.0
83.0 81.0 96.0 111.0
130.0 68.0 83.0 99.0
91.0 67.0 87.0 129.0
48.0 120.0 153.0 134.0
66.0 159.0 147.0 72.0
105.0 63.0 76.0 147.0
110.0 115.0 150.0 49.0
94.0 113.0 137.0 59.0
110.0 153.0 158.0 38.0
129.0 73.0 96.0 83.0
106.0 115.0 147.0 51.0
99.0 104.0 113.0 71.0
85.0 91.0 110.0 90.0
107.0 77.0 92.0 96.0
127.0 119.0 128.0 46.0
85.0 76.0 107.0 103.0
104.0 91.0 99.0 80.0
114.0 75.0 67.0 122.0
112.0 91.0 106.0 73.0
136.0 87.0 94.0 73.0
47.0 126.0 149.0 154.0
138.0 78.0 71.0 99.0
99.0 102.0 125.0 66.0
58.0 123.0 109.0 114.0
109.0 67.0 92.0 104.0
121.0 94.0 114.0 62.0
68.0 99.0 120.0 96.0
107.0 139.0 142.0 44.0
90.0 106.0 118.0 69.0
103.0 137.0 137.0 50.0
60.0 86.0 111.0 145.0
111.0 68.0 84.0 109.0
63.0 163.0 134.0 75.0
54.0 187.0 175.0 86.0
56.0 122.0 137.0 109.0
90.0 102.0 116.0 73.0
116.0 63.0 88.0 110.0
148.0 64.0 76.0 107.0
123.0 132.0 129.0 43.0
116.0 82.0 117.0 70.0
96.0 95.0 96.0 90.0
51.0 108.0 123.0 138.0
149.0 105.0 127.0 44.0
88.0 75.0 96.0 113.0
64.0 164.0 154.0 70.0
70.0 160.0 138.0 68.0
87.0 82.0 118.0 89.0
53.0 128.0 121.0 118.0
61.0 94.0 127.0 112.0
105.0 82.0 106.0 83.0
79.0 94.0 119.0 87.0
138.0 68.0 87.0 94.0
56.0 105.0 109.0 131.0
63.0 145.0 137.0 83.0
63.0 88.0 104.0 127.0
67.0 103.0 126.0 95.0
84.0 111.0 117.0 74.0
140.0 81.0 83.0 86.0
93.0 80.0 106.0 93.0
120.0 108.0 115.0 55.0
51.0 102.0 119.0 158.0
116.0 78.0 101.0 82.0
105.0 74.0 103.0 91.0
69.0 88.0 115.0 106.0
119.0 83.0 115.0 70.0
59.0 120.0 121.0 107.0
83.0 106.0 116.0 80.0
137.0 145.0 135.0 37.0
100.0 84.0 107.0 86.0
80.0 132.0 162.0 59.0
108.0 122.0 119.0 56.0
73.0 99.0 114.0 93.0
91.0 69.0 102.0 109.0
60.0 140.0 118.0 98.0
138.0 91.0 88.0 74.0
108.0 97.0 108.0 71.0
113.0 78.0 100.0 85.0
88.0 120.0 126.0 64.0
103.0 113.0 140.0 56.0
74.0 85.0 84.0 145.0
90.0 87.0 120.0 80.0
119.0 72.0 92.0 94.0
68.0 153.0 136.0 73.0
129.0 60.0 69.0 142.0
92.0 84.0 106.0 93.0
147.0 84.0 77.0 82.0
78.0 80.0 98.0 118.0
89.0 102.0 117.0 77.0
58.0 110.0 116.0 115.0
133.0 70.0 94.0 87.0
83.0 96.0 118.0 85.0
79.0 80.0 94.0 117.0
65.0 153.0 165.0 67.0
98.0 67.0 79.0 137.0
118.0 93.0 116.0 62.0
104.0 106.0 132.0 60.0
134.0 54.0 76.0 139.0
140.0 72.0 72.0 103.0
99.0 124.0 146.0 52.0
130.0 110.0 103.0 56.0
139.0 104.0 112.0 52.0
81.0 104.0 114.0 85.0
156.0 90.0 84.0 74.0
66.0 84.0 115.0 120.0
95.0 133.0 138.0 56.0
97.0 127.0 142.0 54.0
52.0 130.0 148.0 110.0
68.0 140.0 138.0 76.0
73.0 85.0 113.0 103.0
73.0 116.0 126.0 74.0
58.0 96.0 104.0 141.0
148.0 117.0 113.0 45.0
132.0 105.0 119.0 52.0
54.0 93.0 129.0 129.0
128.0 98.0 127.0 53.0
76.0 149.0 163.0 61.0
94.0 153.0 163.0 47.0
93.0 66.0 96.0 116.0
141.0 142.0 119.0 37.0
112.0 60.0 81.0 125.0
70.0 73.0 105.0 124.0
136.0 65.0 66.0 136.0
141.0 115.0 125.0 44.0
106.0 99.0 119.0 64.0
75.0 138.0 124.0 72.0
57.0 114.0 137.0 109.0
140.0 140.0 163.0 36.0
93.0 158.0 167.0 44.0
107.0 80.0 100.0 89.0
126.0 86.0 101.0 73.0
58.0 110.0 108.0 118.0
77.0 120.0 132.0 68.0
103.0 128.0 152.0 46.0
80.0 120.0 135.0 65.0
114.0 115.0 111.0 56.0
81.0 75.0 108.0 105.0
92.0 133.0 137.0 57.0
59.0 147.0 154.0 83.0
64.0 106.0 114.0 101.0
114.0 101.0 104.0 67.0
112.0 119.0 134.0 51.0
161.0 122.0 110.0 43.0
64.0 119.0 107.0 100.0
136.0 63.0 82.0 106.0
65.0 92.0 109.0 117.0
168.0 63.0 70.0 119.0
68.0 146.0 163.0 66.0
94.0 96.0 117.0 74.0
81.0 159.0 147.0 57.0
96.0 92.0 114.0 76.0
63.0 118.0 135.0 94.0
129.0 69.0 89.0 94.0
86.0 76.0 103.0 106.0
95.0 94.0 111.0 80.0
87.0 75.0 111.0 100.0
109.0 74.0 107.0 88.0
96.0 108.0 123.0 66.0
70.0 115.0 120.0 87.0
57.0 112.0 112.0 119.0
73.0 96.0 114.0 96.0
53.0 116.0 111.0 136.0
110.0 75.0 113.0 82.0
147.0 81.0 101.0 71.0
52.0 122.0 131.0 118.0
125.0 81.0 106.0 75.0
124.0 90.0 99.0 74.0
57.0 90.0 109.0 142.0
98.0 133.0 150.0 50.0
89.0 72.0 80.0 151.0
124.0 64.0 84.0 104.0
88.0 83.0 115.0 91.0
48.0 107.0 135.0 150.0
134.0 105.0 106.0 56.0
71.0 117.0 122.0 85.0
142.0 74.0 73.0 102.0
87.0 88.0 106.0 94.0
96.0 103.0 115.0 71.0
75.0 143.0 151.0 65.0
115.0 68.0 100.0 93.0
75.0 85.0 103.0 112.0
142.0 60.0 77.0 112.0
91.0 70.0 88.0 120.0
152.0 81.0 79.0 85.0
118.0 68.0 85.0 101.0
71.0 96.0 108.0 103.0
116.0 124.0 126.0 50.0
80.0 138.0 152.0 60.0
108.0 98.0 115.0 68.0
59.0 139.0 125.0 99.0
115.0 127.0 117.0 53.0
102.0 88.0 108.0 79.0
106.0 111.0 120.0 61.0
86.0 148.0 170.0 52.0
128.0 74.0 91.0 89.0
146.0 118.0 130.0 38.0
132.0 96.0 95.0 63.0
87.0 77.0 84.0 124.0
121.0 118.0 126.0 49.0
110.0 97.0 119.0 65.0
49.0 117.0 143.0 135.0
77.0 142.0 147.0 64.0
101.0 119.0 141.0 53.0
99.0 73.0 90.0 109.0
60.0 136.0 142.0 88.0
62.0 126.0 110.0 103.0
60.0 151.0 148.0 84.0
107.0 126.0 149.0 45.0
93.0 102.0 130.0 68.0
72.0 106.0 117.0 92.0
109.0 79.0 112.0 79.0
137.0 80.0 87.0 84.0
121.0 105.0 106.0 61.0
63.0 121.0 128.0 97.0
57.0 131.0 116.0 111.0
89.0 70.0 93.0 122.0
106.0 120.0 115.0 60.0
108.0 92.0 107.0 74.0
107.0 91.0 101.0 79.0
59.0 134.0 139.0 91.0
111.0 143.0 141.0 42.0
138.0 70.0 72.0 107.0
81.0 99.0 124.0 78.0
112.0 70.0 87.0 106.0
115.0 70.0 100.0 88.0
133.0 69.0 81.0 99.0
133.0 138.0 146.0 38.0
146.0 78.0 95.0 77.0
59.0 142.0 148.0 88.0
102.0 123.0 141.0 51.0
120.0 126.0 124.0 49.0
60.0 167.0 169.0 75.0
56.0 102.0 101.0 138.0
104.0 69.0 89.0 113.0
153.0 88.0 94.0 65.0
99.0 63.0 85.0 128.0
87.0 129.0 133.0 62.0
57.0 97.0 109.0 126.0
86.0 85.0 101.0 102.0
80.0 134.0 147.0 63.0
111.0 130.0 139.0 48.0
117.0 69.0 80.0 107.0
90.0 72.0 97.0 112.0
140.0 78.0 97.0 77.0
106.0 73.0 98.0 97.0
81.0 146.0 154.0 58.0
87.0 86.0 122.0 80.0
100.0 125.0 143.0 53.0
95.0 112.0 130.0 61.0
51.0 126.0 130.0 126.0
107.0 72.0 77.0 116.0
144.0 120.0 119.0 43.0
115.0 62.0 75.0 128.0
148.0 75.0 69.0 100.0
65.0 147.0 143.0 73.0
99.0 69.0 75.0 146.0
51.0 119.0 134.0 127.0
138.0 115.0 119.0 47.0
93.0 130.0 145.0 56.0
148.0 104.0 120.0 46.0
115.0 108.0 142.0 51.0
110.0 106.0 124.0 58.0
113.0 116.0 140.0 48.0
110.0 61.0 76.0 135.0
92.0 95.0 122.0 76.0
80.0 93.0 109.0 96.0
79.0 73.0 90.0 143.0
84.0 81.0 110.0 98.0
92.0 76.0 74.0 130.0
52.0 122.0 158.0 109.0
100.0 76.0 94.0 103.0
98.0 106.0 126.0 65.0
93.0 145.0 174.0 45.0
60.0 133.0 154.0 87.0
62.0 132.0 112.0 98.0
123.0 74.0 88.0 90.0
89.0 144.0 148.0 54.0
113.0 90.0 104.0 75.0
136.0 108.0 134.0 45.0
81.0 110.0 134.0 70.0
53.0 142.0 146.0 99.0
86.0 125.0 122.0 66.0
135.0 97.0 93.0 63.0
111.0 68.0 72.0 130.0
86.0 77.0 104.0 105.0
98.0 88.0 108.0 85.0
101.0 61.0 82.0 151.0
136.0 76.0 93.0 82.0
100.0 114.0 130.0 58.0
119.0 79.0 94.0 82.0
76.0 116.0 129.0 71.0
90.0 71.0 95.0 118.0
111.0 67.0 87.0 107.0
130.0 69.0 96.0 87.0
66.0 78.0 111.0 127.0
134.0 101.0 107.0 58.0
61.0 178.0 161.0 71.0
101.0 85.0 117.0 78.0
58.0 134.0 150.0 94.0
61.0 127.0 142.0 90.0
139.0 108.0 114.0 50.0
128.0 80.0 97.0 79.0
141.0 129.0 126.0 38.0
143.0 135.0 154.0 36.0
146.0 94.0 101.0 60.0
61.0 146.0 153.0 79.0
107.0 126.0 142.0 49.0
102.0 93.0 109.0 76.0
58.0 125.0 146.0 98.0
87.0 134.0 132.0 60.0
56.0 148.0 143.0 96.0
118.0 69.0 96.0 95.0
55.0 149.0 148.0 90.0
83.0 82.0 109.0 99.0
125.0 103.0 114.0 58.0
132.0 102.0 112.0 53.0
138.0 78.0 93.0 78.0
69.0 124.0 124.0 83.0
128.0 75.0 90.0 89.0
72.0 148.0 161.0 65.0
97.0 79.0 90.0 105.0
125.0 95.0 97.0 69.0
57.0 139.0 145.0 95.0
62.0 148.0 127.0 86.0
63.0 131.0 130.0 92.0
118.0 71.0 98.0 88.0
141.0 111.0 139.0 39.0
71.0 148.0 128.0 69.0
85.0 95.0 114.0 85.0
61.0 124.0 129.0 100.0
93.0 102.0 135.0 65.0
90.0 129.0 142.0 58.0
56.0 163.0 163.0 81.0
102.0 141.0 146.0 47.0
100.0 84.0 99.0 90.0
74.0 150.0 130.0 67.0
113.0 98.0 117.0 65.0
119.0 105.0 117.0 57.0
82.0 89.0 114.0 93.0
144.0 161.0 171.0 35.0
90.0 78.0 76.0 130.0
57.0 126.0 130.0 103.0
79.0 76.0 91.0 122.0
146.0 85.0 103.0 64.0
102.0 81.0 104.0 85.0
62.0 79.0 110.0 131.0
50.0 112.0 131.0 139.0
114.0 64.0 75.0 125.0
88.0 134.0 147.0 58.0
71.0 108.0 117.0 86.0
95.0 135.0 170.0 48.0
104.0 71.0 88.0 112.0
93.0 143.0 139.0 53.0
84.0 140.0 153.0 56.0
131.0 93.0 108.0 63.0
110.0 78.0 118.0 75.0
109.0 100.0 117.0 64.0
110.0 86.0 95.0 84.0
121.0 114.0 128.0 50.0
95.0 120.0 142.0 57.0
87.0 127.0 136.0 61.0
55.0 136.0 130.0 106.0
124.0 140.0 130.0 40.0
105.0 71.0 98.0 98.0
97.0 81.0 98.0 97.0
61.0 109.0 118.0 108.0
54.0 112.0 103.0 135.0
78.0 152.0 162.0 57.0
106.0 99.0 107.0 72.0
49.0 157.0 158.0 118.0
61.0 159.0 146.0 78.0
126.0 65.0 67.0 137.0
132.0 114.0 119.0 49.0
117.0 129.0 118.0 52.0
77.0 79.0 104.0 112.0
85.0 91.0 108.0 92.0
101.0 114.0 142.0 55.0
146.0 131.0 123.0 37.0
120.0 91.0 105.0 69.0
106.0 128.0 140.0 50.0
112.0 62.0 89.0 112.0
67.0 154.0 147.0 70.0
90.0 131.0 154.0 53.0
157.0 124.0 118.0 38.0
100.0 138.0 169.0 47.0
90.0 84.0 107.0 93.0
103.0 73.0 92.0 103.0
122.0 77.0 113.0 74.0
81.0 156.0 165.0 54.0
141.0 71.0 70.0 107.0
66.0 149.0 117.0 80.0
50.0 163.0 162.0 104.0
112.0 78.0 96.0 88.0
106.0 77.0 101.0 90.0
139.0 64.0 80.0 106.0
109.0 125.0 127.0 53.0
80.0 134.0 148.0 62.0
75.0 73.0 116.0 106.0
108.0 78.0 119.0 75.0
55.0 101.0 109.0 144.0
77.0 98.0 118.0 87.0
140.0 60.0 70.0 130.0
119.0 85.0 98.0 77.0
133.0 99.0 103.0 59.0
65.0 174.0 162.0 65.0
74.0 94.0 90.0 117.0
70.0 153.0 123.0 74.0
135.0 110.0 118.0 51.0
63.0 150.0 141.0 76.0
62.0 138.0 116.0 96.0
110.0 75.0 80.0 109.0
64.0 98.0 107.0 109.0
140.0 55.0 72.0 137.0
108.0 67.0 88.0 110.0
136.0 126.0 121.0 44.0
84.0 121.0 138.0 63.0
71.0 85.0 111.0 107.0
91.0 68.0 95.0 119.0
59.0 127.0 118.0 105.0
58.0 121.0 119.0 112.0
98.0 131.0 145.0 52.0
90.0 97.0 116.0 79.0
134.0 53.0 79.0 132.0
81.0 76.0 100.0 114.0
105.0 69.0 79.0 121.0
81.0 73.0 85.0 129.0
80.0 87.0 117.0 92.0
83.0 102.0 112.0 85.0
89.0 82.0 101.0 98.0
97.0 111.0 122.0 63.0
83.0 84.0 111.0 96.0
135.0 84.0 98.0 72.0
51.0 115.0 128.0 130.0
80.0 95.0 115.0 89.0
69.0 92.0 117.0 97.0
79.0 87.0 105.0 102.0
134.0 87.0 91.0 77.0
121.0 58.0 71.0 152.0
110.0 77.0 102.0 85.0
66.0 104.0 113.0 108.0
69.0 128.0 129.0 79.0
73.0 83.0 123.0 99.0
90.0 114.0 130.0 63.0
133.0 88.0 102.0 66.0
122.0 80.0 92.0 82.0
123.0 84.0 101.0 76.0
115.0 65.0 87.0 106.0
103.0 115.0 128.0 58.0
83.0 152.0 155.0 56.0
55.0 97.0 110.0 156.0
68.0 122.0 116.0 86.0
54.0 112.0 108.0 131.0
129.0 63.0 72.0 115.0
122.0 100.0 116.0 59.0
153.0 83.0 72.0 92.0
106.0 83.0 100.0 84.0
80.0 75.0 112.0 106.0
83.0 133.0 154.0 58.0
101.0 70.0 85.0 117.0
140.0 109.0 117.0 48.0
103.0 71.0 90.0 108.0
126.0 66.0 71.0 124.0
105.0 102.0 116.0 66.0
144.0 82.0 99.0 72.0
96.0 74.0 87.0 113.0
125.0 86.0 92.0 79.0
139.0 121.0 107.0 49.0
148.0 81.0 94.0 75.0
113.0 64.0 82.0 115.0
75.0 94.0 109.0 96.0
143.0 79.0 95.0 77.0
69.0 141.0 122.0 78.0
161.0 93.0 97.0 61.0
58.0 140.0 110.0 103.0
83.0 108.0 132.0 69.0
95.0 102.0 129.0 67.0
77.0 129.0 154.0 65.0
150.0 78.0 80.0 86.0
97.0 76.0 102.0 99.0
117.0 116.0 125.0 53.0
57.0 161.0 162.0 78.0
107.0 112.0 112.0 62.0
77.0 118.0 124.0 73.0
117.0 107.0 117.0 55.0
59.0 101.0 109.0 120.0
93.0 130.0 146.0 54.0
98.0 91.0 118.0 75.0
62.0 133.0 110.0 101.0
127.0 65.0 82.0 104.0
50.0 105.0 140.0 131.0
70.0 145.0 134.0 73.0
108.0 95.0 113.0 70.0
88.0 120.0 145.0 59.0
79.0 150.0 138.0 63.0
61.0 122.0 111.0 107.0
59.0 147.0 132.0 90.0
102.0 96.0 113.0 71.0
120.0 121.0 122.0 50.0
167.0 87.0 85.0 75.0
80.0 86.0 104.0 104.0
122.0 73.0 97.0 86.0
104.0 82.0 100.0 89.0
80.0 148.0 176.0 52.0
87.0 104.0 132.0 68.0
55.0 119.0 100.0 132.0
87.0 99.0 115.0 78.0
97.0 130.0 133.0 56.0
112.0 63.0 77.0 128.0
52.0 179.0 162.0 95.0
108.0 83.0 104.0 83.0
76.0 76.0 95.0 126.0
151.0 111.0 122.0 40.0
79.0 98.0 102.0 98.0
54.0 149.0 159.0 93.0
61.0 143.0 139.0 85.0
137.0 82.0 96.0 76.0
98.0 83.0 105.0 87.0
143.0 111.0 128.0 44.0
93.0 88.0 105.0 92.0
58.0 86.0 115.0 135.0
121.0 113.0 122.0 53.0
134.0 80.0 97.0 78.0
61.0 125.0 123.0 102.0
122.0 105.0 123.0 54.0
96.0 78.0 80.0 118.0
61.0 123.0 137.0 95.0
54.0 118.0 152.0 109.0
91.0 134.0 149.0 54.0
62.0 161.0 120.0 85.0
77.0 80.0 117.0 100.0
82.0 138.0 172.0 55.0
85.0 82.0 105.0 101.0
50.0 101.0 130.0 144.0
137.0 76.0 78.0 95.0
72.0 123.0 129.0 75.0
142.0 80.0 81.0 89.0
67.0 155.0 123.0 77.0
83.0 107.0 130.0 70.0
110.0 117.0 143.0 50.0
116.0 85.0 96.0 78.0
145.0 108.0 113.0 49.0
120.0 102.0 98.0 65.0
68.0 110.0 123.0 92.0
152.0 77.0 79.0 90.0
77.0 107.0 121.0 81.0
73.0 148.0 160.0 62.0
82.0 92.0 113.0 90.0
99.0 76.0 84.0 112.0
75.0 100.0 115.0 90.0
101.0 88.0 120.0 74.0
122.0 72.0 88.0 96.0
80.0 147.0 141.0 61.0
121.0 94.0 105.0 68.0
124.0 97.0 106.0 63.0
56.0 116.0 103.0 129.0
113.0 95.0 108.0 68.0
128.0 66.0 83.0 103.0
144.0 85.0 91.0 73.0
84.0 77.0 88.0 124.0
103.0 79.0 97.0 95.0
70.0 117.0 135.0 82.0
78.0 145.0 168.0 59.0
60.0 123.0 107.0 113.0
73.0 87.0 105.0 110.0
48.0 173.0 153.0 124.0
134.0 71.0 75.0 107.0
59.0 178.0 143.0 79.0
133.0 94.0 116.0 58.0
123.0 70.0 76.0 112.0
85.0 69.0 92.0 127.0
120.0 149.0 155.0 40.0
51.0 128.0 146.0 114.0
75.0 82.0 100.0 113.0
121.0 93.0 101.0 70.0
80.0 114.0 133.0 69.0
142.0 104.0 100.0 54.0
83.0 146.0 167.0 54.0
134.0 68.0 73.0 108.0
130.0 87.0 104.0 66.0
77.0 99.0 125.0 84.0
129.0 117.0 128.0 46.0
139.0 82.0 85.0 83.0
60.0 134.0 115.0 102.0
143.0 105.0 108.0 53.0
67.0 167.0 140.0 69.0
127.0 109.0 105.0 56.0
111.0 130.0 148.0 43.0
91.0 74.0 91.0 115.0
93.0 79.0 91.0 110.0
57.0 139.0 138.0 99.0
88.0 91.0 113.0 84.0
66.0 172.0 140.0 71.0
117.0 53.0 76.0 167.0
126.0 109.0 108.0 54.0
90.0 64.0 89.0 140.0
113.0 69.0 87.0 105.0
93.0 111.0 131.0 64.0
108.0 95.0 114.0 69.0
102.0 72.0 73.0 128.0
93.0 107.0 116.0 69.0
69.0 145.0 131.0 75.0
110.0 75.0 77.0 113.0
81.0 125.0 119.0 70.0
105.0 67.0 99.0 102.0
126.0 117.0 133.0 44.0
66.0 128.0 117.0 89.0
76.0 127.0 135.0 69.0
56.0 148.0 163.0 86.0
69.0 113.0 117.0 88.0
96.0 88.0 117.0 79.0
111.0 96.0 102.0 74.0
67.0 80.0 106.0 118.0
88.0 136.0 159.0 52.0
108.0 72.0 96.0 98.0
113.0 67.0 101.0 96.0
64.0 91.0 107.0 125.0
91.0 70.0 83.0 130.0
54.0 164.0 159.0 88.0
127.0 70.0 96.0 89.0
109.0 115.0 138.0 52.0
98.0 65.0 85.0 125.0
60.0 107.0 97.0 132.0
67.0 89.0 111.0 117.0
57.0 132.0 155.0 93.0
53.0 121.0 149.0 112.0
120.0 133.0 171.0 40.0
98.0 73.0 94.0 106.0
112.0 72.0 74.0 116.0
94.0 72.0 84.0 123.0
107.0 64.0 93.0 109.0
90.0 77.0 88.0 120.0
124.0 127.0 137.0 41.0
108.0 77.0 112.0 80.0
98.0 69.0 94.0 111.0
127.0 109.0 120.0 51.0
57.0 174.0 155.0 77.0
61.0 134.0 155.0 83.0
161.0 105.0 125.0 44.0
155.0 63.0 68.0 121.0
88.0 102.0 119.0 77.0
139.0 114.0 128.0 44.0
87.0 79.0 107.0 100.0
83.0 96.0 113.0 89.0
59.0 112.0 124.0 112.0
82.0 112.0 129.0 72.0
126.0 95.0 101.0 65.0
100.0 103.0 128.0 62.0
153.0 82.0 69.0 94.0
147.0 77.0 82.0 86.0
114.0 95.0 115.0 64.0
147.0 132.0 138.0 36.0
124.0 108.0 122.0 51.0
118.0 66.0 85.0 106.0
112.0 76.0 81.0 106.0
112.0 67.0 102.0 93.0
85.0 151.0 152.0 55.0
81.0 89.0 105.0 100.0
105.0 109.0 125.0 61.0
111.0 60.0 79.0 134.0
60.0 131.0 110.0 105.0
78.0 71.0 109.0 114.0
90.0 126.0 155.0 55.0
76.0 93.0 108.0 98.0
46.0 155.0 166.0 137.0
75.0 146.0 149.0 64.0
141.0 84.0 85.0 81.0
142.0 83.0 83.0 83.0
93.0 94.0 111.0 82.0
146.0 115.0 121.0 41.0
155.0 87.0 81.0 76.0
67.0 139.0 157.0 72.0
126.0 56.0 70.0 146.0
96.0 67.0 89.0 122.0
116.0 68.0 89.0 101.0
116.0 79.0 96.0 85.0
65.0 151.0 157.0 72.0
105.0 123.0 129.0 55.0
99.0 122.0 137.0 56.0
131.0 56.0 73.0 140.0
94.0 72.0 95.0 108.0
130.0 56.0 77.0 134.0
105.0 65.0 77.0 127.0
76.0 143.0 135.0 67.0
67.0 140.0 133.0 79.0
94.0 71.0 105.0 102.0
126.0 68.0 91.0 94.0
54.0 118.0 156.0 105.0
103.0 117.0 133.0 57.0
106.0 74.0 88.0 103.0
63.0 104.0 118.0 106.0
94.0 60.0 87.0 146.0
88.0 69.0 113.0 103.0
105.0 121.0 121.0 56.0
149.0 83.0 82.0 81.0
132.0 63.0 79.0 111.0
86.0 112.0 129.0 67.0
104.0 67.0 77.0 124.0
148.0 68.0 64.0 129.0
56.0 132.0 101.0 115.0
123.0 94.0 103.0 65.0
110.0 121.0 116.0 57.0
56.0 97.0 129.0 123.0
71.0 155.0 158.0 64.0
62.0 98.0 105.0 113.0
97.0 135.0 157.0 50.0
62.0 109.0 116.0 107.0
74.0 167.0 150.0 61.0
101.0 67.0 78.0 141.0
79.0 74.0 103.0 116.0
89.0 73.0 89.0 123.0
145.0 112.0 106.0 50.0
110.0 66.0 81.0 121.0
81.0 91.0 121.0 86.0
98.0 113.0 128.0 61.0
112.0 74.0 96.0 92.0
91.0 128.0 150.0 57.0
115.0 78.0 103.0 81.0
77.0 109.0 122.0 80.0
104.0 109.0 129.0 60.0
65.0 98.0 120.0 108.0
130.0 99.0 105.0 62.0
77.0 86.0 109.0 104.0
65.0 98.0 99.0 123.0
93.0 103.0 114.0 73.0
112.0 104.0 112.0 61.0
146.0 103.0 94.0 59.0
114.0 84.0 108.0 77.0
83.0 81.0 93.0 115.0
55.0 125.0 98.0 127.0
79.0 142.0 130.0 66.0
125.0 73.0 94.0 88.0
134.0 77.0 86.0 89.0
107.0 85.0 97.0 84.0
97.0 117.0 140.0 57.0
78.0 78.0 98.0 121.0
135.0 116.0 117.0 48.0
103.0 61.0 84.0 127.0
75.0 71.0 93.0 130.0
98.0 101.0 122.0 67.0
78.0 102.0 124.0 81.0
131.0 79.0 99.0 78.0
111.0 80.0 91.0 92.0
68.0 168.0 160.0 64.0
130.0 92.0 109.0 64.0
131.0 66.0 83.0 101.0
95.0 70.0 96.0 111.0
106.0 127.0 143.0 49.0
64.0 128.0 115.0 93.0
119.0 106.0 109.0 60.0
73.0 96.0 110.0 99.0
88.0 92.0 93.0 99.0
131.0 86.0 93.0 77.0
92.0 94.0 115.0 79.0
63.0 127.0 139.0 89.0
85.0 92.0 120.0 84.0
86.0 76.0 90.0 120.0
82.0 81.0 108.0 102.0
56.0 92.0 109.0 143.0
100.0 126.0 141.0 54.0
79.0 103.0 124.0 76.0
138.0 98.0 123.0 51.0
79.0 83.0 119.0 97.0
119.0 85.0 106.0 71.0
49.0 117.0 146.0 124.0
149.0 83.0 101.0 68.0
105.0 91.0 109.0 74.0
101.0 77.0 109.0 88.0
84.0 89.0 113.0 91.0
66.0 85.0 100.0 132.0
98.0 68.0 79.0 129.0
54.0 123.0 114.0 124.0
52.0 121.0 118.0 130.0
144.0 82.0 70.0 94.0
127.0 112.0 114.0 53.0
109.0 102.0 121.0 62.0
140.0 92.0 94.0 69.0
144.0 83.0 79.0 82.0
79.0 91.0 115.0 90.0
137.0 105.0 134.0 45.0
110.0 63.0 70.0 164.0
144.0 123.0 122.0 42.0
115.0 61.0 69.0 158.0
75.0 87.0 113.0 101.0
76.0 147.0 139.0 65.0
68.0 87.0 111.0 113.0
94.0 95.0 112.0 79.0
63.0 124.0 137.0 92.0
70.0 77.0 98.0 133.0
97.0 143.0 167.0 46.0
127.0 66.0 78.0 108.0
126.0 107.0 120.0 52.0
51.0 97.0 130.0 148.0
103.0 98.0 109.0 72.0
60.0 114.0 137.0 101.0
76.0 146.0 147.0 64.0
93.0 77.0 101.0 100.0
131.0 76.0 88.0 89.0
150.0 90.0 84.0 75.0
125.0 160.0 175.0 36.0
122.0 126.0 139.0 45.0
130.0 133.0 122.0 40.0
103.0 81.0 82.0 104.0
74.0 97.0 105.0 102.0
85.0 75.0 112.0 101.0
88.0 75.0 101.0 107.0
96.0 131.0 148.0 53.0
91.0 92.0 111.0 84.0
100.0 81.0 112.0 82.0
75.0 75.0 104.0 118.0
140.0 113.0 123.0 45.0
132.0 90.0 96.0 72.0
108.0 83.0 96.0 89.0
66.0 126.0 113.0 91.0
138.0 97.0 121.0 52.0
91.0 79.0 95.0 105.0
100.0 132.0 135.0 54.0
119.0 124.0 132.0 47.0
48.0 131.0 140.0 137.0
73.0 86.0 107.0 109.0
118.0 64.0 77.0 120.0
58.0 130.0 146.0 97.0
81.0 86.0 114.0 95.0
153.0 105.0 112.0 48.0
118.0 148.0 139.0 41.0
134.0 76.0 97.0 80.0
61.0 142.0 132.0 88.0
126.0 74.0 97.0 84.0
91.0 121.0 143.0 59.0
67.0 117.0 130.0 88.0
123.0 108.0 110.0 54.0
103.0 72.0 85.0 114.0
101.0 89.0 118.0 75.0
72.0 150.0 169.0 60.0
55.0 139.0 121.0 110.0
72.0 81.0 102.0 122.0
54.0 140.0 154.0 98.0
51.0 108.0 128.0 134.0
56.0 104.0 118.0 126.0
148.0 91.0 77.0 80.0
85.0 110.0 123.0 72.0
149.0 95.0 99.0 60.0
63.0 101.0 128.0 103.0
84.0 86.0 108.0 95.0
146.0 82.0 103.0 68.0
136.0 61.0 72.0 128.0
110.0 66.0 88.0 110.0
84.0 87.0 126.0 82.0
64.0 100.0 119.0 106.0
63.0 89.0 99.0 143.0
77.0 114.0 108.0 86.0
101.0 118.0 134.0 57.0
81.0 117.0 134.0 66.0
110.0 140.0 165.0 39.0
110.0 73.0 89.0 102.0
123.0 137.0 143.0 41.0
155.0 130.0 132.0 36.0
102.0 75.0 93.0 105.0
94.0 129.0 144.0 56.0
114.0 131.0 139.0 45.0
102.0 69.0 81.0 121.0
130.0 120.0 129.0 41.0
84.0 118.0 132.0 66.0
164.0 94.0 95.0 61.0
53.0 97.0 114.0 146.0
88.0 58.0 95.0 147.0
51.0 144.0 150.0 106.0
79.0 74.0 98.0 121.0
49.0 152.0 172.0 114.0
86.0 76.0 114.0 98.0
111.0 86.0 108.0 76.0
61.0 105.0 143.0 102.0
107.0 106.0 127.0 59.0
86.0 83.0 109.0 97.0
113.0 83.0 110.0 77.0
61.0 91.0 102.0 127.0
73.0 78.0 102.0 118.0
67.0 89.0 115.0 111.0
72.0 81.0 114.0 112.0
140.0 94.0 95.0 66.0
114.0 67.0 69.0 129.0
99.0 84.0 97.0 92.0
107.0 73.0 90.0 99.0
97.0 94.0 110.0 80.0
119.0 66.0 74.0 114.0
127.0 149.0 163.0 36.0
121.0 128.0 140.0 43.0
125.0 87.0 103.0 73.0
81.0 77.0 115.0 101.0
108.0 113.0 135.0 54.0
143.0 112.0 123.0 45.0
113.0 101.0 100.0 71.0
55.0 126.0 111.0 115.0
120.0 108.0 127.0 54.0
113.0 84.0 98.0 78.0
111.0 54.0 81.0 154.0
95.0 87.0 115.0 82.0
95.0 80.0 122.0 82.0
89.0 126.0 146.0 58.0
79.0 110.0 111.0 81.0
97.0 81.0 106.0 91.0
110.0 67.0 91.0 104.0
104.0 125.0 148.0 50.0
59.0 129.0 130.0 101.0
68.0 149.0 145.0 71.0
97.0 73.0 95.0 106.0
86.0 77.0 111.0 99.0
54.0 108.0 132.0 122.0
49.0 137.0 172.0 119.0
55.0 113.0 120.0 122.0
105.0 63.0 77.0 141.0
76.0 104.0 119.0 86.0
149.0 68.0 88.0 91.0
152.0 90.0 88.0 71.0
76.0 134.0 146.0 66.0
92.0 99.0 115.0 77.0
129.0 127.0 132.0 42.0
65.0 81.0 112.0 124.0
148.0 87.0 92.0 69.0
60.0 120.0 96.0 119.0
90.0 87.0 107.0 87.0
87.0 65.0 90.0 128.0
103.0 123.0 153.0 48.0
96.0 71.0 85.0 122.0
91.0 121.0 131.0 60.0
143.0 116.0 124.0 43.0
85.0 79.0 103.0 106.0
89.0 141.0 171.0 49.0
150.0 95.0 95.0 62.0
116.0 84.0 108.0 71.0
93.0 84.0 79.0 113.0
160.0 120.0 111.0 44.0
102.0 104.0 124.0 65.0
85.0 82.0 123.0 88.0
122.0 70.0 84.0 100.0
85.0 118.0 140.0 63.0
143.0 102.0 96.0 59.0
115.0 75.0 94.0 92.0
87.0 80.0 107.0 95.0
63.0 169.0 182.0 70.0
111.0 71.0 99.0 94.0
100.0 141.0 142.0 48.0
129.0 82.0 101.0 75.0
57.0 159.0 151.0 87.0
151.0 124.0 115.0 39.0
70.0 140.0 130.0 75.0
71.0 133.0 116.0 78.0
53.0 141.0 139.0 102.0
71.0 128.0 136.0 77.0
102.0 73.0 77.0 121.0
85.0 78.0 95.0 115.0
143.0 93.0 92.0 69.0
121.0 125.0 125.0 48.0
149.0 101.0 97.0 58.0
98.0 70.0 100.0 104.0
143.0 82.0 81.0 86.0
52.0 115.0 120.0 135.0
83.0 105.0 120.0 75.0
113.0 68.0 93.0 99.0
114.0 97.0 102.0 72.0
103.0 76.0 103.0 90.0
99.0 74.0 104.0 93.0
116.0 69.0 91.0 99.0
97.0 89.0 111.0 81.0
73.0 84.0 105.0 113.0
121.0 69.0 83.0 101.0
103.0 75.0 113.0 84.0
98.0 70.0 87.0 118.0
137.0 135.0 130.0 38.0
119.0 72.0 99.0 87.0
58.0 106.0 128.0 113.0
83.0 88.0 130.0 83.0
87.0 131.0 151.0 56.0
84.0 98.0 117.0 78.0
96.0 137.0 136.0 54.0
157.0 152.0 171.0 35.0
118.0 135.0 146.0 42.0
86.0 87.0 110.0 94.0
109.0 74.0 86.0 103.0
102.0 66.0 94.0 110.0
73.0 105.0 111.0 91.0
52.0 135.0 149.0 102.0
87.0 82.0 87.0 114.0
122.0 100.0 121.0 56.0
141.0 70.0 92.0 89.0
117.0 71.0 96.0 92.0
115.0 105.0 110.0 61.0
56.0 116.0 141.0 110.0
65.0 104.0 96.0 121.0
88.0 99.0 125.0 74.0
111.0 100.0 106.0 67.0
76.0 81.0 99.0 115.0
67.0 78.0 105.0 144.0
145.0 68.0 79.0 101.0
96.0 93.0 111.0 81.0
87.0 67.0 113.0 104.0
143.0 73.0 70.0 103.0
94.0 70.0 85.0 124.0
117.0 86.0 104.0 77.0
102.0 70.0 83.0 117.0
123.0 119.0 123.0 49.0
94.0 80.0 108.0 91.0
136.0 100.0 101.0 59.0
101.0 105.0 134.0 60.0
60.0 129.0 137.0 96.0
85.0 128.0 139.0 60.0
50.0 120.0 140.0 126.0
106.0 64.0 82.0 122.0
140.0 66.0 67.0 126.0
90.0 79.0 80.0 123.0
94.0 64.0 96.0 119.0
59.0 94.0 125.0 116.0
112.0 70.0 75.0 122.0
142.0 81.0 94.0 76.0
110.0 94.0 110.0 68.0
109.0 108.0 132.0 57.0
71.0 120.0 123.0 79.0
94.0 138.0 135.0 56.0
58.0 105.0 138.0 111.0
110.0 85.0 105.0 78.0
151.0 82.0 88.0 79.0
121.0 71.0 90.0 97.0
64.0 114.0 128.0 97.0
68.0 159.0 156.0 65.0
106.0 85.0 111.0 77.0
92.0 124.0 132.0 58.0
121.0 65.0 70.0 131.0
70.0 83.0 114.0 113.0
104.0 79.0 93.0 98.0
79.0 116.0 117.0 75.0
110.0 69.0 116.0 83.0
150.0 87.0 96.0 65.0
52.0 109.0 140.0 125.0
64.0 127.0 115.0 97.0
84.0 82.0 90.0 117.0
117.0 123.0 131.0 48.0
91.0 110.0 129.0 67.0
86.0 107.0 125.0 69.0
112.0 70.0 91.0 101.0
112.0 66.0 79.0 122.0
121.0 86.0 102.0 75.0
99.0 68.0 88.0 115.0
81.0 85.0 94.0 112.0
104.0 114.0 137.0 56.0
147.0 78.0 70.0 99.0
117.0 79.0 111.0 77.0
68.0 102.0 104.0 108.0
130.0 77.0 103.0 76.0
94.0 144.0 170.0 48.0
137.0 69.0 71.0 108.0
136.0 91.0 103.0 61.0
78.0 81.0 126.0 95.0
70.0 147.0 145.0 69.0
75.0 87.0 122.0 91.0
108.0 64.0 89.0 112.0
73.0 129.0 119.0 73.0
81.0 134.0 131.0 64.0
109.0 102.0 130.0 60.0
88.0 70.0 103.0 109.0
105.0 82.0 101.0 87.0
100.0 119.0 142.0 55.0
128.0 87.0 90.0 79.0
49.0 140.0 158.0 120.0
123.0 62.0 76.0 117.0
69.0 136.0 148.0 73.0
79.0 88.0 100.0 105.0
154.0 104.0 104.0 53.0
103.0 65.0 78.0 147.0
87.0 76.0 97.0 111.0
117.0 97.0 111.0 65.0
126.0 66.0 69.0 128.0
73.0 86.0 108.0 106.0
109.0 69.0 70.0 135.0
67.0 170.0 146.0 68.0
114.0 71.0 95.0 94.0
61.0 96.0 110.0 122.0
63.0 117.0 111.0 105.0
129.0 113.0 121.0 49.0
99.0 102.0 112.0 73.0
63.0 107.0 124.0 100.0
79.0 79.0 106.0 107.0
84.0 77.0 93.0 121.0
58.0 134.0 155.0 91.0
145.0 60.0 73.0 124.0
72.0 87.0 113.0 105.0
98.0 91.0 108.0 80.0
98.0 120.0 148.0 54.0
64.0 147.0 112.0 90.0
59.0 94.0 104.0 140.0
59.0 116.0 137.0 102.0
111.0 114.0 113.0 56.0
124.0 109.0 132.0 49.0
121.0 68.0 65.0 141.0
132.0 72.0 95.0 85.0
72.0 72.0 105.0 124.0
134.0 84.0 102.0 70.0
131.0 75.0 99.0 80.0
50.0 118.0 158.0 115.0
68.0 78.0 100.0 132.0
61.0 113.0 111.0 111.0
125.0 147.0 182.0 37.0
61.0 115.0 127.0 103.0
103.0 152.0 165.0 41.0
96.0 101.0 114.0 73.0
58.0 132.0 117.0 107.0
155.0 89.0 75.0 81.0
59.0 105.0 118.0 114.0
58.0 146.0 137.0 95.0
117.0 136.0 124.0 47.0
94.0 129.0 151.0 52.0
63.0 147.0 156.0 74.0
82.0 127.0 141.0 60.0
96.0 83.0 99.0 92.0
90.0 72.0 95.0 114.0
152.0 102.0 95.0 58.0
65.0 126.0 143.0 82.0
131.0 52.0 73.0 186.0
82.0 93.0 126.0 84.0
61.0 93.0 119.0 115.0
95.0 90.0 120.0 75.0
72.0 131.0 154.0 67.0
118.0 114.0 122.0 53.0
51.0 139.0 148.0 110.0
55.0 119.0 154.0 102.0
126.0 75.0 86.0 90.0
101.0 84.0 103.0 87.0
95.0 100.0 120.0 72.0
65.0 107.0 126.0 96.0
61.0 124.0 135.0 96.0
130.0 58.0 73.0 137.0
76.0 93.0 129.0 89.0
95.0 79.0 93.0 101.0
65.0 108.0 122.0 98.0
136.0 75.0 84.0 91.0
88.0 181.0 157.0 50.0
126.0 148.0 150.0 38.0
100.0 64.0 100.0 107.0
131.0 110.0 125.0 46.0
58.0 153.0 103.0 102.0
122.0 136.0 125.0 46.0
106.0 66.0 92.0 106.0
132.0 115.0 119.0 48.0
133.0 75.0 95.0 82.0
137.0 113.0 118.0 49.0
113.0 129.0 133.0 47.0
104.0 90.0 111.0 73.0
91.0 90.0 115.0 83.0
158.0 111.0 110.0 47.0
57.0 146.0 158.0 88.0
125.0 117.0 121.0 47.0
150.0 104.0 114.0 48.0
151.0 103.0 106.0 53.0
100.0 66.0 88.0 118.0
89.0 77.0 101.0 102.0
59.0 139.0 128.0 98.0
59.0 160.0 147.0 82.0
84.0 98.0 114.0 85.0
50.0 133.0 158.0 110.0
83.0 82.0 120.0 93.0
153.0 85.0 92.0 71.0
121.0 66.0 97.0 94.0
80.0 161.0 169.0 51.0
109.0 112.0 132.0 55.0
60.0 148.0 154.0 82.0
90.0 105.0 130.0 68.0
84.0 150.0 174.0 51.0
74.0 133.0 136.0 72.0
145.0 91.0 77.0 81.0
79.0 158.0 147.0 60.0
104.0 103.0 111.0 69.0
57.0 108.0 128.0 114.0
111.0 78.0 94.0 90.0
112.0 132.0 127.0 50.0
98.0 76.0 111.0 88.0
130.0 85.0 105.0 68.0
79.0 86.0 112.0 99.0
117.0 126.0 144.0 44.0
97.0 63.0 89.0 125.0
125.0 71.0 82.0 97.0
97.0 132.0 144.0 53.0
88.0 109.0 131.0 67.0
88.0 81.0 82.0 123.0
133.0 70.0 77.0 103.0
55.0 116.0 109.0 124.0
51.0 170.0 159.0 101.0
90.0 155.0 167.0 48.0
135.0 80.0 86.0 86.0
73.0 151.0 172.0 59.0
81.0 77.0 96.0 117.0
93.0 67.0 82.0 127.0
131.0 83.0 104.0 70.0
103.0 64.0 80.0 128.0
56.0 120.0 140.0 103.0
102.0 108.0 127.0 61.0
83.0 100.0 110.0 86.0
64.0 149.0 136.0 82.0
127.0 99.0 107.0 59.0
113.0 75.0 88.0 97.0
78.0 105.0 125.0 78.0
58.0 149.0 155.0 86.0
63.0 99.0 102.0 122.0
85.0 154.0 158.0 54.0
137.0 99.0 111.0 57.0
56.0 136.0 156.0 92.0
85.0 72.0 99.0 116.0
142.0 114.0 130.0 43.0
60.0 118.0 117.0 106.0
148.0 110.0 111.0 48.0
130.0 58.0 74.0 136.0
69.0 100.0 124.0 89.0
57.0 127.0 137.0 100.0
142.0 67.0 81.0 101.0
135.0 77.0 95.0 78.0
72.0 136.0 122.0 74.0
160.0 76.0 79.0 91.0
134.0 75.0 80.0 95.0
110.0 106.0 119.0 61.0
96.0 124.0 143.0 55.0
146.0 77.0 80.0 90.0
99.0 73.0 104.0 98.0
141.0 84.0 93.0 73.0
72.0 171.0 166.0 58.0
122.0 116.0 145.0 46.0
118.0 85.0 104.0 75.0
48.0 123.0 142.0 144.0
131.0 78.0 82.0 92.0
96.0 130.0 152.0 51.0
86.0 113.0 139.0 64.0
141.0 69.0 85.0 94.0
63.0 136.0 122.0 93.0
128.0 65.0 85.0 101.0
154.0 91.0 84.0 73.0
128.0 84.0 104.0 72.0
140.0 111.0 122.0 46.0
109.0 112.0 134.0 54.0
100.0 128.0 149.0 49.0
108.0 116.0 145.0 50.0
56.0 133.0 108.0 112.0
101.0 67.0 86.0 121.0
136.0 116.0 114.0 50.0
145.0 112.0 120.0 46.0
127.0 121.0 132.0 43.0
101.0 133.0 157.0 45.0
103.0 104.0 126.0 62.0
109.0 98.0 122.0 63.0
122.0 64.0 70.0 129.0
121.0 98.0 109.0 63.0
72.0 115.0 122.0 81.0
162.0 110.0 104.0 52.0
97.0 147.0 172.0 44.0
131.0 67.0 81.0 103.0
107.0 126.0 140.0 50.0
51.0 124.0 135.0 122.0
129.0 101.0 114.0 53.0
143.0 64.0 89.0 96.0
151.0 94.0 104.0 57.0
89.0 110.0 132.0 65.0
125.0 70.0 73.0 109.0
135.0 67.0 71.0 110.0
117.0 107.0 129.0 54.0
75.0 112.0 123.0 80.0
122.0 72.0 96.0 88.0
48.0 147.0 144.0 129.0
58.0 125.0 145.0 99.0
70.0 100.0 99.0 108.0
154.0 79.0 68.0 95.0
54.0 118.0 142.0 111.0
107.0 72.0 66.0 151.0
110.0 74.0 90.0 97.0
50.0 130.0 145.0 116.0
132.0 95.0 117.0 57.0
135.0 126.0 119.0 45.0
94.0 156.0 145.0 50.0
103.0 96.0 122.0 69.0
85.0 80.0 90.0 117.0
53.0 178.0 172.0 92.0
49.0 104.0 128.0 140.0
54.0 119.0 108.0 127.0
71.0 161.0 158.0 63.0
69.0 126.0 155.0 74.0
64.0 134.0 119.0 91.0
116.0 73.0 90.0 96.0
105.0 75.0 83.0 109.0
99.0 87.0 110.0 79.0
76.0 145.0 156.0 62.0
128.0 61.0 75.0 121.0
139.0 103.0 102.0 54.0
114.0 73.0 75.0 113.0
52.0 125.0 147.0 111.0
101.0 102.0 120.0 67.0
97.0 97.0 115.0 74.0
139.0 88.0 92.0 73.0
93.0 115.0 128.0 63.0
145.0 93.0 109.0 58.0
65.0 134.0 150.0 74.0
52.0 148.0 159.0 97.0
79.0 95.0 108.0 94.0
103.0 82.0 102.0 88.0
107.0 91.0 109.0 73.0
76.0 76.0 121.0 105.0
98.0 74.0 123.0 84.0
101.0 81.0 91.0 99.0
126.0 102.0 113.0 58.0
90.0 87.0 112.0 86.0
115.0 105.0 136.0 54.0
87.0 103.0 123.0 73.0
59.0 165.0 150.0 80.0
108.0 77.0 96.0 90.0
55.0 106.0 128.0 121.0
94.0 91.0 109.0 85.0
94.0 89.0 103.0 86.0
123.0 119.0 136.0 44.0
72.0 147.0 122.0 73.0
79.0 86.0 110.0 100.0
69.0 177.0 162.0 63.0
60.0 112.0 122.0 111.0
65.0 128.0 126.0 87.0
49.0 121.0 136.0 137.0
107.0 141.0 168.0 41.0
112.0 64.0 71.0 152.0
114.0 69.0 90.0 103.0
64.0 89.0 95.0 135.0
109.0 112.0 118.0 61.0
77.0 145.0 165.0 60.0
135.0 91.0 93.0 70.0
76.0 174.0 166.0 56.0
126.0 81.0 103.0 75.0
88.0 120.0 133.0 60.0
118.0 79.0 101.0 81.0
72.0 144.0 147.0 66.0
89.0 83.0 116.0 87.0
80.0 151.0 157.0 56.0
108.0 85.0 110.0 76.0
68.0 122.0 145.0 79.0
88.0 149.0 152.0 51.0
89.0 95.0 130.0 71.0
118.0 127.0 118.0 52.0
104.0 120.0 139.0 53.0
83.0 126.0 135.0 64.0
84.0 81.0 100.0 110.0
71.0 147.0 147.0 68.0
66.0 83.0 100.0 146.0
66.0 107.0 111.0 107.0
51.0 112.0 116.0 146.0
155.0 94.0 109.0 54.0
65.0 115.0 133.0 88.0
51.0 131.0 157.0 107.0
75.0 165.0 164.0 57.0
54.0 140.0 163.0 95.0
143.0 78.0 80.0 90.0
139.0 127.0 121.0 43.0
93.0 90.0 121.0 75.0
98.0 69.0 86.0 119.0
82.0 106.0 111.0 85.0
153.0 89.0 86.0 74.0
157.0 137.0 111.0 37.0
89.0 108.0 123.0 69.0
94.0 142.0 144.0 51.0
79.0 94.0 122.0 86.0
101.0 76.0 98.0 96.0
60.0 99.0 103.0 134.0
113.0 52.0 82.0 160.0
154.0 87.0 92.0 68.0
62.0 103.0 114.0 112.0
93.0 75.0 82.0 123.0
130.0 58.0 69.0 145.0
61.0 123.0 131.0 97.0
103.0 68.0 83.0 120.0
72.0 88.0 117.0 101.0
125.0 89.0 105.0 66.0
90.0 83.0 102.0 97.0
85.0 78.0 90.0 118.0
95.0 100.0 123.0 68.0
125.0 58.0 70.0 143.0
127.0 73.0 82.0 96.0
65.0 166.0 158.0 66.0
99.0 71.0 81.0 122.0
101.0 71.0 98.0 100.0
74.0 112.0 126.0 79.0
103.0 97.0 128.0 65.0
121.0 68.0 94.0 96.0
88.0 92.0 110.0 88.0
84.0 73.0 101.0 113.0
70.0 127.0 126.0 80.0
62.0 113.0 109.0 110.0
106.0 70.0 82.0 117.0
94.0 110.0 124.0 63.0
87.0 115.0 137.0 63.0
61.0 81.0 110.0 132.0
119.0 63.0 71.0 141.0
110.0 64.0 76.0 134.0
72.0 90.0 127.0 96.0
133.0 136.0 111.0 45.0
137.0 102.0 105.0 58.0
61.0 141.0 152.0 81.0
151.0 86.0 94.0 68.0
111.0 78.0 110.0 80.0
154.0 99.0 129.0 45.0
66.0 108.0 128.0 94.0
104.0 111.0 114.0 62.0
104.0 117.0 138.0 54.0
97.0 156.0 160.0 45.0
83.0 102.0 114.0 84.0
68.0 80.0 104.0 126.0
129.0 87.0 99.0 73.0
78.0 148.0 161.0 60.0
120.0 72.0 94.0 92.0
69.0 80.0 108.0 114.0
110.0 70.0 108.0 86.0
124.0 145.0 143.0 39.0
76.0 140.0 128.0 68.0
65.0 112.0 127.0 94.0
54.0 113.0 133.0 117.0
106.0 56.0 82.0 160.0
64.0 153.0 114.0 85.0
112.0 81.0 106.0 82.0
82.0 83.0 113.0 96.0
69.0 148.0 152.0 69.0
127.0 136.0 170.0 37.0
47.0 136.0 152.0 133.0
119.0 116.0 140.0 47.0
80.0 105.0 118.0 79.0
53.0 124.0 120.0 123.0
101.0 96.0 107.0 77.0
63.0 135.0 151.0 78.0
91.0 77.0 104.0 100.0
131.0 65.0 63.0 142.0
52.0 134.0 136.0 114.0
99.0 72.0 99.0 103.0
77.0 143.0 149.0 63.0
81.0 88.0 109.0 97.0
140.0 81.0 85.0 84.0
114.0 87.0 106.0 74.0
84.0 76.0 108.0 103.0
106.0 107.0 134.0 57.0
97.0 75.0 80.0 123.0
59.0 100.0 94.0 146.0
144.0 110.0 129.0 43.0
71.0 127.0 137.0 77.0
86.0 127.0 148.0 59.0
104.0 70.0 71.0 128.0
95.0 81.0 118.0 83.0
53.0 109.0 120.0 128.0
135.0 96.0 123.0 52.0
142.0 111.0 108.0 50.0
70.0 132.0 155.0 71.0
134.0 84.0 96.0 74.0
110.0 82.0 112.0 77.0
73.0 164.0 165.0 58.0
96.0 83.0 115.0 82.0
109.0 99.0 104.0 72.0
77.0 75.0 110.0 109.0
83.0 150.0 170.0 52.0
66.0 136.0 124.0 81.0
132.0 102.0 101.0 60.0
86.0 90.0 116.0 84.0
92.0 111.0 130.0 65.0
97.0 75.0 73.0 137.0
130.0 93.0 118.0 58.0
47.0 166.0 156.0 127.0
85.0 75.0 82.0 142.0
83.0 153.0 147.0 57.0
127.0 110.0 116.0 53.0
119.0 98.0 106.0 67.0
113.0 71.0 106.0 86.0
86.0 74.0 82.0 131.0
142.0 83.0 93.0 74.0
133.0 78.0 101.0 76.0
134.0 111.0 120.0 50.0
71.0 135.0 135.0 70.0
73.0 108.0 119.0 82.0
107.0 63.0 90.0 115.0
129.0 71.0 97.0 85.0
114.0 118.0 146.0 46.0
70.0 108.0 137.0 84.0
105.0 103.0 114.0 67.0
93.0 69.0 105.0 103.0
55.0 132.0 147.0 101.0
142.0 105.0 110.0 52.0
59.0 141.0 150.0 85.0
81.0 73.0 98.0 121.0
78.0 125.0 156.0 64.0
84.0 100.0 108.0 89.0
98.0 146.0 143.0 49.0
59.0 115.0 122.0 109.0
61.0 149.0 159.0 73.0
105.0 113.0 141.0 54.0
118.0 86.0 102.0 77.0
85.0 68.0 96.0 121.0
67.0 92.0 115.0 101.0
75.0 77.0 95.0 127.0
72.0 126.0 125.0 77.0
128.0 72.0 80.0 97.0
70.0 144.0 160.0 67.0
90.0 93.0 113.0 82.0
56.0 133.0 150.0 98.0
115.0 85.0 107.0 75.0
121.0 107.0 134.0 51.0
123.0 71.0 86.0 98.0
138.0 92.0 91.0 70.0
116.0 59.0 72.0 145.0
139.0 92.0 101.0 61.0
63.0 121.0 120.0 99.0
52.0 108.0 108.0 137.0
60.0 121.0 147.0 93.0
162.0 100.0 105.0 53.0
52.0 112.0 129.0 127.0
51.0 118.0 139.0 123.0
62.0 120.0 113.0 106.0
91.0 104.0 108.0 79.0
98.0 88.0 115.0 79.0
54.0 122.0 119.0 120.0
120.0 70.0 88.0 98.0
89.0 82.0 90.0 112.0
83.0 79.0 109.0 104.0
149.0 79.0 93.0 77.0
77.0 121.0 113.0 76.0
107.0 78.0 102.0 89.0
97.0 66.0 91.0 121.0
113.0 65.0 78.0 116.0
81.0 109.0 124.0 73.0
53.0 129.0 128.0 115.0
53.0 155.0 156.0 94.0
144.0 63.0 88.0 98.0
104.0 95.0 117.0 70.0
61.0 102.0 134.0 104.0
53.0 121.0 107.0 129.0
116.0 105.0 111.0 60.0
60.0 133.0 157.0 86.0
69.0 132.0 138.0 76.0
55.0 127.0 131.0 112.0
85.0 85.0 93.0 107.0
101.0 94.0 119.0 70.0
121.0 73.0 95.0 90.0
56.0 126.0 155.0 100.0
115.0 61.0 72.0 142.0
116.0 70.0 81.0 110.0
85.0 134.0 147.0 59.0
61.0 127.0 136.0 93.0
84.0 94.0 115.0 87.0
104.0 102.0 110.0 70.0
63.0 132.0 144.0 84.0
102.0 72.0 93.0 106.0
124.0 125.0 128.0 45.0
68.0 77.0 100.0 139.0
141.0 112.0 113.0 47.0
67.0 130.0 123.0 87.0
100.0 86.0 90.0 97.0
132.0 74.0 94.0 83.0
113.0 120.0 129.0 53.0
98.0 80.0 93.0 99.0
112.0 74.0 76.0 115.0
117.0 96.0 113.0 64.0
75.0 135.0 147.0 66.0
61.0 116.0 108.0 111.0
127.0 98.0 104.0 63.0
85.0 84.0 114.0 94.0
57.0 167.0 155.0 82.0
135.0 90.0 98.0 67.0
107.0 139.0 135.0 48.0
93.0 77.0 103.0 99.0
117.0 139.0 137.0 43.0
68.0 135.0 109.0 85.0
104.0 71.0 78.0 118.0
148.0 109.0 111.0 49.0
66.0 114.0 107.0 98.0
93.0 82.0 99.0 94.0
57.0 154.0 162.0 83.0
121.0 65.0 82.0 110.0
58.0 125.0 154.0 96.0
122.0 54.0 74.0 152.0
51.0 117.0 149.0 118.0
111.0 114.0 125.0 55.0
72.0 163.0 162.0 59.0
107.0 91.0 107.0 76.0
138.0 91.0 96.0 67.0
63.0 100.0 113.0 110.0
55.0 162.0 141.0 89.0
91.0 90.0 111.0 85.0
96.0 78.0 99.0 100.0
108.0 97.0 112.0 69.0
50.0 117.0 127.0 132.0
