133.0 125.0 59.0 105.0
74.0 66.0 140.0 136.0
89.0 105.0 136.0 77.0
82.0 65.0 133.0 122.0
122.0 121.0 80.0 91.0
100.0 137.0 117.0 66.0
100.0 91.0 95.0 102.0
105.0 114.0 93.0 90.0
102.0 105.0 64.0 136.0
97.0 109.0 73.0 117.0
90.0 93.0 134.0 83.0
94.0 111.0 120.0 76.0
82.0 64.0 133.0 127.0
127.0 123.0 107.0 67.0
92.0 60.0 103.0 152.0
109.0 133.0 60.0 115.0
107.0 97.0 93.0 100.0
95.0 66.0 143.0 96.0
91.0 70.0 103.0 132.0
94.0 85.0 134.0 87.0
100.0 123.0 131.0 64.0
124.0 110.0 117.0 67.0
88.0 72.0 124.0 108.0
124.0 152.0 48.0 120.0
96.0 105.0 69.0 138.0
117.0 147.0 159.0 48.0
107.0 89.0 87.0 107.0
93.0 82.0 135.0 88.0
110.0 123.0 55.0 131.0
93.0 83.0 98.0 113.0
74.0 86.0 110.0 117.0
103.0 122.0 110.0 74.0
89.0 114.0 71.0 128.0
102.0 68.0 112.0 104.0
110.0 104.0 118.0 75.0
113.0 113.0 102.0 80.0
114.0 89.0 94.0 98.0
94.0 69.0 101.0 130.0
128.0 113.0 96.0 77.0
100.0 106.0 79.0 111.0
108.0 90.0 68.0 141.0
72.0 70.0 167.0 127.0
116.0 161.0 173.0 44.0
136.0 127.0 63.0 100.0
109.0 148.0 48.0 132.0
120.0 132.0 49.0 131.0
107.0 102.0 69.0 119.0
85.0 92.0 92.0 119.0
84.0 110.0 137.0 75.0
95.0 82.0 89.0 122.0
107.0 105.0 119.0 75.0
126.0 120.0 65.0 102.0
115.0 96.0 122.0 74.0
100.0 106.0 116.0 81.0
88.0 68.0 107.0 127.0
148.0 127.0 47.0 121.0
99.0 75.0 100.0 115.0
100.0 147.0 47.0 154.0
108.0 80.0 75.0 126.0
110.0 103.0 78.0 108.0
151.0 138.0 71.0 85.0
92.0 110.0 151.0 66.0
70.0 77.0 117.0 142.0
114.0 77.0 101.0 99.0
86.0 100.0 87.0 118.0
113.0 109.0 104.0 81.0
111.0 109.0 75.0 106.0
103.0 95.0 67.0 148.0
87.0 62.0 110.0 136.0
137.0 126.0 70.0 93.0
95.0 103.0 100.0 95.0
96.0 136.0 58.0 123.0
91.0 55.0 120.0 138.0
134.0 156.0 73.0 83.0
95.0 114.0 109.0 83.0
95.0 72.0 102.0 115.0
105.0 85.0 79.0 121.0
97.0 119.0 138.0 66.0
159.0 124.0 53.0 105.0
115.0 88.0 65.0 146.0
110.0 131.0 67.0 103.0
86.0 93.0 137.0 85.0
81.0 71.0 100.0 162.0
103.0 127.0 55.0 143.0
82.0 73.0 118.0 116.0
108.0 97.0 125.0 75.0
112.0 141.0 123.0 58.0
118.0 132.0 61.0 108.0
73.0 94.0 90.0 133.0
118.0 157.0 134.0 48.0
111.0 137.0 133.0 56.0
113.0 132.0 53.0 126.0
119.0 121.0 76.0 93.0
117.0 125.0 103.0 73.0
75.0 89.0 117.0 106.0
88.0 95.0 80.0 132.0
91.0 85.0 97.0 114.0
98.0 93.0 134.0 79.0
85.0 69.0 101.0 142.0
110.0 102.0 85.0 101.0
106.0 124.0 179.0 53.0
92.0 78.0 136.0 95.0
86.0 63.0 103.0 173.0
153.0 133.0 60.0 94.0
106.0 75.0 110.0 99.0
100.0 101.0 146.0 68.0
124.0 121.0 168.0 50.0
116.0 146.0 128.0 56.0
87.0 100.0 94.0 109.0
95.0 73.0 117.0 104.0
112.0 122.0 142.0 58.0
74.0 67.0 136.0 135.0
113.0 115.0 137.0 61.0
86.0 81.0 114.0 107.0
92.0 85.0 103.0 109.0
120.0 126.0 103.0 71.0
152.0 121.0 69.0 91.0
134.0 158.0 143.0 47.0
137.0 142.0 106.0 63.0
102.0 112.0 68.0 120.0
100.0 134.0 52.0 143.0
128.0 127.0 63.0 103.0
91.0 102.0 67.0 153.0
147.0 134.0 105.0 62.0
75.0 93.0 138.0 93.0
107.0 91.0 86.0 110.0
96.0 136.0 54.0 148.0
126.0 132.0 107.0 66.0
97.0 66.0 115.0 109.0
105.0 98.0 102.0 90.0
85.0 97.0 77.0 141.0
100.0 116.0 96.0 90.0
88.0 115.0 178.0 61.0
82.0 78.0 136.0 102.0
138.0 139.0 54.0 107.0
131.0 112.0 80.0 91.0
75.0 70.0 118.0 142.0
86.0 61.0 135.0 120.0
125.0 120.0 101.0 72.0
70.0 82.0 141.0 107.0
92.0 63.0 126.0 107.0
124.0 127.0 80.0 85.0
132.0 147.0 167.0 43.0
85.0 75.0 158.0 96.0
116.0 97.0 125.0 71.0
119.0 111.0 144.0 59.0
102.0 116.0 80.0 103.0
116.0 114.0 73.0 103.0
134.0 145.0 106.0 63.0
113.0 95.0 64.0 131.0
93.0 65.0 97.0 146.0
93.0 84.0 131.0 90.0
107.0 107.0 97.0 90.0
98.0 89.0 144.0 74.0
75.0 75.0 113.0 133.0
112.0 131.0 155.0 52.0
107.0 87.0 104.0 97.0
120.0 126.0 113.0 65.0
96.0 127.0 69.0 116.0
102.0 106.0 96.0 94.0
71.0 85.0 111.0 125.0
107.0 91.0 79.0 115.0
79.0 62.0 134.0 141.0
85.0 91.0 123.0 93.0
71.0 92.0 96.0 137.0
88.0 102.0 137.0 78.0
93.0 95.0 176.0 71.0
80.0 94.0 130.0 93.0
110.0 147.0 50.0 124.0
82.0 113.0 66.0 158.0
94.0 127.0 126.0 67.0
110.0 106.0 105.0 81.0
74.0 92.0 91.0 141.0
88.0 96.0 116.0 94.0
127.0 147.0 144.0 49.0
122.0 80.0 68.0 138.0
96.0 120.0 58.0 153.0
133.0 131.0 60.0 102.0
144.0 150.0 123.0 54.0
125.0 105.0 79.0 96.0
105.0 103.0 63.0 143.0
110.0 88.0 129.0 78.0
88.0 114.0 142.0 70.0
95.0 113.0 61.0 144.0
107.0 117.0 140.0 62.0
99.0 142.0 57.0 120.0
134.0 152.0 157.0 45.0
90.0 106.0 67.0 151.0
84.0 118.0 135.0 73.0
91.0 93.0 112.0 96.0
134.0 133.0 58.0 104.0
104.0 99.0 113.0 83.0
115.0 92.0 65.0 135.0
84.0 77.0 133.0 101.0
83.0 75.0 95.0 150.0
124.0 148.0 145.0 49.0
158.0 150.0 47.0 110.0
155.0 119.0 50.0 113.0
78.0 89.0 107.0 112.0
97.0 133.0 124.0 67.0
123.0 133.0 75.0 90.0
117.0 147.0 50.0 117.0
139.0 122.0 107.0 64.0
71.0 75.0 116.0 145.0
105.0 66.0 156.0 83.0
82.0 69.0 98.0 164.0
68.0 75.0 139.0 127.0
128.0 132.0 125.0 57.0
125.0 135.0 84.0 79.0
93.0 72.0 113.0 109.0
100.0 68.0 123.0 98.0
144.0 132.0 99.0 66.0
101.0 86.0 130.0 83.0
114.0 98.0 80.0 106.0
94.0 82.0 104.0 109.0
138.0 123.0 100.0 67.0
123.0 159.0 48.0 117.0
104.0 103.0 114.0 82.0
145.0 124.0 63.0 97.0
96.0 127.0 61.0 126.0
62.0 79.0 132.0 144.0
125.0 141.0 69.0 93.0
64.0 75.0 131.0 160.0
96.0 90.0 132.0 84.0
76.0 103.0 97.0 111.0
121.0 126.0 62.0 109.0
124.0 148.0 45.0 128.0
131.0 117.0 60.0 114.0
101.0 128.0 115.0 71.0
108.0 95.0 80.0 112.0
80.0 83.0 97.0 136.0
86.0 119.0 134.0 71.0
102.0 130.0 151.0 56.0
109.0 120.0 116.0 69.0
106.0 126.0 106.0 74.0
109.0 120.0 129.0 63.0
135.0 119.0 104.0 67.0
77.0 69.0 135.0 121.0
91.0 112.0 69.0 133.0
112.0 110.0 77.0 104.0
109.0 128.0 127.0 62.0
142.0 122.0 71.0 88.0
103.0 122.0 184.0 55.0
97.0 88.0 107.0 98.0
70.0 68.0 146.0 144.0
95.0 131.0 161.0 55.0
117.0 132.0 56.0 121.0
78.0 77.0 112.0 119.0
111.0 104.0 85.0 100.0
105.0 93.0 110.0 90.0
101.0 94.0 68.0 145.0
122.0 108.0 157.0 55.0
126.0 173.0 122.0 54.0
99.0 94.0 111.0 91.0
98.0 99.0 115.0 87.0
84.0 108.0 182.0 66.0
91.0 131.0 161.0 56.0
105.0 95.0 103.0 91.0
139.0 144.0 64.0 93.0
90.0 111.0 108.0 89.0
138.0 137.0 64.0 94.0
95.0 84.0 91.0 120.0
151.0 141.0 65.0 86.0
93.0 62.0 104.0 138.0
101.0 141.0 158.0 52.0
97.0 95.0 91.0 108.0
106.0 105.0 103.0 87.0
123.0 139.0 87.0 78.0
129.0 133.0 51.0 120.0
110.0 128.0 139.0 57.0
115.0 126.0 109.0 69.0
135.0 147.0 112.0 56.0
118.0 151.0 114.0 57.0
89.0 81.0 87.0 132.0
86.0 68.0 160.0 99.0
103.0 119.0 72.0 108.0
89.0 83.0 111.0 106.0
79.0 76.0 100.0 156.0
118.0 136.0 61.0 104.0
94.0 76.0 111.0 109.0
120.0 117.0 84.0 88.0
110.0 90.0 95.0 101.0
84.0 94.0 80.0 133.0
102.0 111.0 74.0 111.0
105.0 88.0 71.0 140.0
161.0 152.0 51.0 105.0
91.0 95.0 73.0 143.0
115.0 120.0 133.0 60.0
116.0 135.0 64.0 101.0
104.0 83.0 85.0 117.0
114.0 159.0 44.0 130.0
113.0 101.0 70.0 116.0
105.0 110.0 120.0 74.0
156.0 133.0 92.0 69.0
136.0 112.0 86.0 82.0
138.0 138.0 61.0 96.0
140.0 134.0 76.0 83.0
102.0 92.0 121.0 82.0
111.0 119.0 87.0 89.0
122.0 144.0 127.0 53.0
131.0 132.0 94.0 72.0
61.0 84.0 110.0 156.0
119.0 123.0 97.0 76.0
113.0 116.0 81.0 95.0
90.0 76.0 98.0 124.0
105.0 122.0 103.0 78.0
107.0 137.0 130.0 57.0
106.0 87.0 92.0 106.0
102.0 114.0 76.0 105.0
111.0 121.0 56.0 130.0
110.0 151.0 149.0 49.0
80.0 78.0 96.0 148.0
109.0 153.0 46.0 130.0
118.0 143.0 63.0 102.0
108.0 93.0 64.0 165.0
123.0 127.0 55.0 121.0
72.0 93.0 95.0 132.0
102.0 100.0 107.0 86.0
146.0 135.0 77.0 81.0
108.0 91.0 114.0 85.0
100.0 120.0 120.0 72.0
107.0 122.0 85.0 91.0
96.0 139.0 60.0 117.0
83.0 96.0 92.0 118.0
91.0 69.0 165.0 92.0
124.0 103.0 100.0 82.0
93.0 92.0 77.0 136.0
85.0 74.0 99.0 144.0
136.0 145.0 92.0 71.0
84.0 68.0 114.0 124.0
103.0 131.0 132.0 61.0
110.0 153.0 126.0 56.0
99.0 74.0 110.0 105.0
141.0 126.0 81.0 81.0
103.0 120.0 59.0 134.0
93.0 98.0 150.0 71.0
113.0 100.0 90.0 95.0
86.0 87.0 88.0 127.0
117.0 84.0 82.0 112.0
114.0 105.0 70.0 114.0
93.0 101.0 112.0 90.0
101.0 74.0 153.0 80.0
131.0 128.0 116.0 60.0
88.0 68.0 145.0 100.0
120.0 99.0 95.0 87.0
126.0 119.0 76.0 92.0
123.0 140.0 45.0 129.0
128.0 149.0 184.0 43.0
134.0 129.0 77.0 82.0
102.0 90.0 98.0 101.0
96.0 80.0 124.0 91.0
87.0 100.0 87.0 115.0
97.0 114.0 142.0 63.0
82.0 82.0 98.0 133.0
100.0 111.0 136.0 69.0
95.0 84.0 107.0 102.0
113.0 126.0 82.0 89.0
91.0 89.0 85.0 119.0
88.0 77.0 97.0 129.0
116.0 131.0 137.0 54.0
133.0 136.0 41.0 162.0
103.0 102.0 68.0 129.0
145.0 130.0 75.0 82.0
134.0 163.0 90.0 71.0
87.0 68.0 149.0 103.0
75.0 99.0 148.0 86.0
99.0 92.0 142.0 74.0
131.0 121.0 59.0 108.0
94.0 104.0 113.0 87.0
148.0 139.0 61.0 91.0
134.0 120.0 91.0 74.0
121.0 130.0 156.0 50.0
129.0 113.0 86.0 85.0
102.0 115.0 102.0 82.0
89.0 72.0 110.0 112.0
83.0 96.0 78.0 144.0
144.0 140.0 91.0 71.0
98.0 103.0 136.0 72.0
107.0 122.0 112.0 73.0
103.0 130.0 85.0 88.0
87.0 69.0 121.0 113.0
133.0 121.0 85.0 80.0
156.0 138.0 78.0 80.0
124.0 110.0 99.0 79.0
86.0 127.0 60.0 148.0
99.0 105.0 99.0 93.0
156.0 132.0 82.0 76.0
89.0 76.0 131.0 99.0
114.0 133.0 54.0 124.0
124.0 118.0 116.0 67.0
98.0 88.0 103.0 102.0
72.0 94.0 109.0 114.0
170.0 143.0 76.0 78.0
109.0 93.0 81.0 108.0
153.0 129.0 44.0 125.0
106.0 102.0 151.0 63.0
149.0 134.0 38.0 155.0
103.0 117.0 71.0 111.0
94.0 75.0 130.0 97.0
100.0 126.0 89.0 88.0
104.0 79.0 103.0 104.0
135.0 144.0 79.0 79.0
112.0 116.0 100.0 80.0
97.0 98.0 83.0 113.0
129.0 118.0 70.0 96.0
76.0 61.0 150.0 147.0
130.0 124.0 173.0 47.0
135.0 133.0 89.0 72.0
76.0 74.0 114.0 128.0
87.0 110.0 104.0 93.0
104.0 79.0 135.0 82.0
72.0 105.0 79.0 143.0
89.0 112.0 96.0 96.0
84.0 89.0 76.0 153.0
112.0 148.0 165.0 48.0
130.0 133.0 70.0 93.0
89.0 80.0 130.0 97.0
121.0 100.0 98.0 85.0
133.0 182.0 127.0 50.0
105.0 88.0 133.0 80.0
89.0 102.0 154.0 70.0
101.0 88.0 72.0 134.0
103.0 105.0 80.0 110.0
92.0 84.0 83.0 138.0
122.0 97.0 78.0 101.0
113.0 138.0 73.0 95.0
126.0 87.0 81.0 104.0
128.0 125.0 51.0 121.0
89.0 96.0 75.0 146.0
103.0 117.0 56.0 167.0
111.0 100.0 96.0 92.0
94.0 84.0 93.0 116.0
139.0 139.0 162.0 44.0
98.0 69.0 155.0 87.0
123.0 126.0 90.0 78.0
118.0 120.0 100.0 75.0
137.0 137.0 94.0 67.0
130.0 115.0 124.0 62.0
158.0 142.0 83.0 75.0
115.0 94.0 92.0 95.0
96.0 118.0 155.0 58.0
101.0 58.0 94.0 149.0
94.0 75.0 114.0 105.0
108.0 145.0 112.0 62.0
77.0 77.0 107.0 129.0
133.0 103.0 96.0 79.0
90.0 93.0 72.0 163.0
63.0 85.0 114.0 141.0
84.0 106.0 116.0 88.0
100.0 112.0 111.0 80.0
111.0 116.0 106.0 76.0
90.0 93.0 94.0 113.0
98.0 71.0 105.0 113.0
163.0 135.0 53.0 102.0
151.0 147.0 78.0 76.0
108.0 127.0 54.0 128.0
78.0 86.0 105.0 118.0
136.0 104.0 99.0 76.0
105.0 126.0 124.0 65.0
108.0 122.0 99.0 81.0
123.0 133.0 73.0 92.0
113.0 127.0 79.0 92.0
108.0 99.0 99.0 91.0
130.0 143.0 99.0 68.0
99.0 111.0 106.0 82.0
96.0 116.0 115.0 77.0
131.0 157.0 150.0 45.0
100.0 95.0 78.0 122.0
146.0 145.0 75.0 81.0
101.0 104.0 79.0 113.0
79.0 69.0 142.0 112.0
68.0 82.0 134.0 116.0
120.0 146.0 89.0 74.0
106.0 73.0 115.0 97.0
140.0 154.0 150.0 44.0
90.0 126.0 114.0 78.0
97.0 67.0 147.0 89.0
108.0 111.0 123.0 71.0
69.0 78.0 121.0 134.0
98.0 105.0 123.0 78.0
121.0 136.0 60.0 107.0
114.0 118.0 127.0 64.0
97.0 104.0 73.0 122.0
101.0 97.0 83.0 112.0
97.0 114.0 138.0 67.0
164.0 122.0 66.0 91.0
115.0 119.0 103.0 74.0
107.0 90.0 111.0 89.0
107.0 119.0 101.0 82.0
102.0 82.0 120.0 91.0
158.0 134.0 59.0 96.0
129.0 121.0 96.0 72.0
124.0 121.0 48.0 143.0
133.0 138.0 55.0 105.0
109.0 96.0 79.0 113.0
118.0 122.0 56.0 123.0
135.0 148.0 69.0 88.0
140.0 101.0 83.0 88.0
123.0 110.0 100.0 77.0
84.0 97.0 82.0 127.0
90.0 64.0 131.0 104.0
93.0 114.0 97.0 94.0
130.0 112.0 91.0 81.0
91.0 112.0 66.0 140.0
81.0 98.0 154.0 78.0
94.0 113.0 148.0 64.0
114.0 98.0 89.0 98.0
110.0 95.0 65.0 144.0
106.0 119.0 96.0 84.0
92.0 99.0 118.0 87.0
108.0 125.0 103.0 75.0
86.0 101.0 77.0 130.0
91.0 94.0 119.0 91.0
81.0 61.0 134.0 136.0
93.0 68.0 150.0 94.0
120.0 140.0 43.0 160.0
79.0 85.0 98.0 133.0
130.0 156.0 159.0 42.0
117.0 115.0 88.0 88.0
93.0 92.0 83.0 119.0
123.0 132.0 178.0 46.0
105.0 141.0 158.0 51.0
106.0 113.0 85.0 96.0
102.0 62.0 145.0 95.0
84.0 86.0 139.0 89.0
108.0 115.0 91.0 89.0
120.0 122.0 92.0 78.0
100.0 94.0 149.0 72.0
143.0 139.0 53.0 107.0
95.0 87.0 136.0 85.0
108.0 64.0 101.0 115.0
116.0 121.0 68.0 104.0
101.0 106.0 115.0 79.0
110.0 122.0 89.0 86.0
161.0 123.0 48.0 112.0
109.0 88.0 102.0 94.0
130.0 155.0 118.0 55.0
90.0 106.0 93.0 103.0
158.0 118.0 63.0 95.0
85.0 94.0 94.0 115.0
108.0 95.0 132.0 74.0
113.0 72.0 94.0 112.0
156.0 122.0 49.0 110.0
127.0 140.0 137.0 50.0
94.0 102.0 106.0 91.0
91.0 144.0 120.0 66.0
167.0 135.0 59.0 93.0
119.0 117.0 145.0 55.0
104.0 111.0 154.0 58.0
131.0 127.0 130.0 55.0
110.0 88.0 102.0 92.0
93.0 101.0 125.0 79.0
113.0 125.0 92.0 81.0
123.0 110.0 111.0 71.0
111.0 96.0 111.0 83.0
108.0 66.0 102.0 113.0
66.0 77.0 170.0 120.0
64.0 78.0 137.0 134.0
131.0 140.0 62.0 96.0
72.0 66.0 133.0 145.0
148.0 128.0 45.0 123.0
90.0 66.0 89.0 166.0
144.0 146.0 99.0 63.0
123.0 125.0 92.0 75.0
96.0 78.0 162.0 82.0
98.0 117.0 62.0 137.0
91.0 95.0 76.0 132.0
114.0 116.0 140.0 60.0
86.0 70.0 100.0 138.0
114.0 109.0 70.0 110.0
110.0 107.0 59.0 143.0
114.0 121.0 151.0 54.0
70.0 92.0 91.0 147.0
95.0 111.0 64.0 147.0
106.0 120.0 57.0 128.0
90.0 88.0 131.0 89.0
76.0 67.0 143.0 126.0
98.0 104.0 95.0 98.0
103.0 127.0 131.0 62.0
90.0 85.0 88.0 124.0
91.0 71.0 101.0 134.0
87.0 103.0 94.0 108.0
106.0 98.0 128.0 75.0
83.0 79.0 134.0 98.0
133.0 159.0 124.0 54.0
106.0 99.0 133.0 72.0
83.0 91.0 91.0 123.0
87.0 63.0 104.0 139.0
100.0 122.0 81.0 97.0
87.0 145.0 135.0 59.0
112.0 104.0 82.0 99.0
96.0 82.0 107.0 104.0
97.0 105.0 106.0 88.0
146.0 152.0 72.0 81.0
97.0 121.0 57.0 146.0
151.0 141.0 104.0 62.0
97.0 85.0 95.0 111.0
155.0 132.0 55.0 101.0
108.0 129.0 71.0 103.0
91.0 71.0 106.0 123.0
86.0 91.0 81.0 137.0
118.0 127.0 64.0 106.0
86.0 79.0 85.0 154.0
110.0 93.0 143.0 68.0
106.0 134.0 106.0 70.0
62.0 78.0 126.0 152.0
116.0 131.0 54.0 124.0
123.0 92.0 130.0 70.0
127.0 127.0 79.0 87.0
84.0 85.0 90.0 131.0
78.0 90.0 116.0 106.0
98.0 112.0 122.0 75.0
81.0 72.0 136.0 105.0
90.0 82.0 150.0 83.0
93.0 102.0 65.0 160.0
90.0 79.0 100.0 118.0
96.0 73.0 134.0 96.0
104.0 96.0 98.0 95.0
102.0 144.0 55.0 122.0
123.0 108.0 85.0 90.0
93.0 84.0 104.0 107.0
116.0 99.0 83.0 102.0
130.0 151.0 51.0 109.0
90.0 89.0 96.0 114.0
141.0 124.0 103.0 64.0
137.0 128.0 87.0 76.0
117.0 105.0 107.0 76.0
125.0 150.0 46.0 123.0
143.0 157.0 124.0 52.0
71.0 69.0 173.0 135.0
114.0 100.0 84.0 102.0
119.0 130.0 120.0 61.0
153.0 147.0 77.0 80.0
99.0 107.0 67.0 130.0
135.0 140.0 39.0 145.0
141.0 130.0 67.0 93.0
100.0 87.0 94.0 109.0
105.0 110.0 59.0 152.0
128.0 121.0 104.0 69.0
113.0 131.0 125.0 62.0
84.0 92.0 99.0 112.0
88.0 75.0 116.0 108.0
104.0 133.0 167.0 51.0
94.0 101.0 96.0 100.0
62.0 84.0 115.0 146.0
123.0 140.0 142.0 50.0
123.0 146.0 147.0 48.0
92.0 120.0 100.0 87.0
84.0 74.0 173.0 96.0
107.0 72.0 119.0 92.0
114.0 102.0 63.0 132.0
110.0 131.0 169.0 50.0
93.0 70.0 108.0 117.0
83.0 80.0 87.0 143.0
127.0 120.0 83.0 84.0
76.0 81.0 147.0 99.0
123.0 121.0 80.0 90.0
115.0 102.0 61.0 131.0
91.0 94.0 115.0 94.0
109.0 121.0 52.0 158.0
87.0 88.0 95.0 121.0
98.0 107.0 74.0 119.0
84.0 89.0 122.0 94.0
92.0 84.0 84.0 133.0
105.0 111.0 65.0 124.0
98.0 86.0 117.0 92.0
85.0 94.0 87.0 121.0
91.0 102.0 114.0 88.0
125.0 107.0 84.0 90.0
95.0 152.0 52.0 130.0
115.0 108.0 84.0 96.0
128.0 105.0 54.0 140.0
93.0 85.0 163.0 76.0
125.0 108.0 83.0 91.0
115.0 109.0 95.0 85.0
91.0 72.0 126.0 104.0
99.0 57.0 93.0 153.0
104.0 105.0 98.0 93.0
106.0 123.0 88.0 90.0
142.0 128.0 54.0 109.0
87.0 102.0 119.0 87.0
115.0 123.0 81.0 91.0
94.0 92.0 137.0 79.0
85.0 65.0 139.0 108.0
105.0 139.0 62.0 110.0
81.0 80.0 123.0 107.0
109.0 112.0 107.0 77.0
94.0 95.0 122.0 86.0
112.0 87.0 133.0 76.0
138.0 119.0 58.0 108.0
85.0 87.0 77.0 161.0
113.0 128.0 120.0 64.0
111.0 109.0 107.0 79.0
139.0 124.0 66.0 94.0
94.0 66.0 107.0 120.0
97.0 88.0 89.0 116.0
93.0 78.0 114.0 101.0
94.0 93.0 114.0 91.0
110.0 112.0 62.0 126.0
94.0 106.0 132.0 76.0
92.0 71.0 106.0 119.0
137.0 149.0 71.0 87.0
116.0 154.0 152.0 47.0
75.0 100.0 142.0 85.0
83.0 116.0 176.0 62.0
132.0 151.0 43.0 129.0
88.0 83.0 151.0 84.0
78.0 80.0 103.0 137.0
101.0 76.0 101.0 110.0
106.0 104.0 112.0 81.0
106.0 128.0 152.0 54.0
137.0 131.0 81.0 77.0
92.0 79.0 79.0 158.0
105.0 121.0 105.0 77.0
165.0 148.0 70.0 83.0
102.0 114.0 128.0 69.0
86.0 89.0 116.0 98.0
108.0 122.0 124.0 67.0
140.0 137.0 56.0 103.0
101.0 88.0 123.0 84.0
112.0 122.0 151.0 55.0
87.0 111.0 77.0 119.0
128.0 127.0 111.0 64.0
132.0 143.0 69.0 90.0
107.0 124.0 139.0 59.0
94.0 111.0 135.0 70.0
79.0 68.0 119.0 135.0
125.0 123.0 49.0 138.0
98.0 80.0 134.0 88.0
109.0 119.0 164.0 54.0
95.0 72.0 158.0 85.0
96.0 94.0 120.0 86.0
132.0 166.0 138.0 47.0
102.0 93.0 74.0 128.0
103.0 100.0 146.0 66.0
104.0 107.0 88.0 99.0
66.0 81.0 131.0 127.0
92.0 95.0 96.0 106.0
76.0 100.0 95.0 117.0
94.0 86.0 127.0 88.0
91.0 70.0 90.0 148.0
109.0 95.0 87.0 101.0
133.0 183.0 158.0 42.0
101.0 114.0 88.0 98.0
86.0 67.0 129.0 111.0
126.0 115.0 53.0 129.0
117.0 123.0 164.0 51.0
71.0 74.0 165.0 117.0
84.0 111.0 136.0 76.0
134.0 128.0 58.0 107.0
116.0 117.0 95.0 80.0
92.0 78.0 100.0 116.0
128.0 133.0 114.0 61.0
95.0 89.0 91.0 114.0
71.0 78.0 116.0 135.0
127.0 133.0 55.0 111.0
105.0 117.0 119.0 71.0
92.0 87.0 111.0 100.0
123.0 122.0 112.0 67.0
137.0 127.0 55.0 107.0
128.0 138.0 107.0 60.0
105.0 125.0 84.0 92.0
127.0 89.0 88.0 95.0
126.0 122.0 80.0 89.0
91.0 107.0 153.0 66.0
126.0 109.0 75.0 98.0
97.0 126.0 137.0 63.0
77.0 80.0 109.0 123.0
152.0 132.0 52.0 106.0
136.0 123.0 76.0 89.0
102.0 85.0 96.0 106.0
94.0 76.0 97.0 122.0
113.0 125.0 87.0 83.0
101.0 103.0 98.0 94.0
102.0 90.0 105.0 94.0
135.0 125.0 81.0 83.0
69.0 77.0 127.0 131.0
68.0 75.0 174.0 119.0
100.0 105.0 103.0 89.0
121.0 141.0 170.0 45.0
107.0 105.0 93.0 93.0
95.0 58.0 98.0 157.0
131.0 119.0 59.0 111.0
111.0 146.0 48.0 132.0
118.0 108.0 79.0 100.0
114.0 85.0 87.0 103.0
120.0 130.0 101.0 70.0
120.0 126.0 69.0 98.0
120.0 129.0 99.0 73.0
140.0 139.0 72.0 84.0
91.0 95.0 72.0 148.0
146.0 135.0 61.0 94.0
132.0 124.0 49.0 128.0
125.0 129.0 118.0 59.0
135.0 117.0 54.0 113.0
142.0 148.0 91.0 69.0
95.0 118.0 154.0 61.0
113.0 138.0 63.0 106.0
132.0 123.0 77.0 88.0
99.0 60.0 127.0 103.0
115.0 99.0 97.0 90.0
97.0 80.0 108.0 104.0
120.0 179.0 152.0 43.0
106.0 95.0 66.0 147.0
107.0 131.0 67.0 106.0
70.0 75.0 146.0 118.0
110.0 94.0 71.0 121.0
109.0 113.0 153.0 57.0
103.0 85.0 138.0 75.0
90.0 102.0 82.0 120.0
113.0 135.0 53.0 125.0
139.0 137.0 78.0 81.0
74.0 97.0 97.0 117.0
118.0 105.0 75.0 102.0
123.0 103.0 83.0 96.0
98.0 87.0 79.0 124.0
131.0 108.0 75.0 97.0
95.0 82.0 117.0 94.0
100.0 95.0 89.0 107.0
77.0 75.0 134.0 112.0
136.0 125.0 43.0 150.0
140.0 130.0 43.0 135.0
119.0 118.0 98.0 77.0
100.0 97.0 101.0 96.0
119.0 119.0 76.0 96.0
145.0 146.0 50.0 107.0
157.0 134.0 59.0 98.0
84.0 83.0 144.0 91.0
92.0 81.0 105.0 108.0
74.0 87.0 139.0 99.0
86.0 72.0 142.0 101.0
126.0 117.0 103.0 72.0
88.0 68.0 156.0 97.0
96.0 97.0 124.0 83.0
133.0 98.0 70.0 108.0
103.0 105.0 88.0 100.0
88.0 87.0 101.0 112.0
93.0 64.0 104.0 128.0
86.0 124.0 59.0 164.0
125.0 88.0 66.0 125.0
94.0 106.0 127.0 78.0
94.0 76.0 108.0 111.0
96.0 106.0 74.0 120.0
101.0 86.0 128.0 85.0
143.0 143.0 39.0 131.0
110.0 129.0 72.0 100.0
83.0 73.0 97.0 150.0
95.0 125.0 60.0 135.0
99.0 81.0 113.0 98.0
108.0 125.0 71.0 105.0
101.0 108.0 123.0 74.0
98.0 122.0 64.0 126.0
99.0 81.0 133.0 87.0
108.0 104.0 87.0 99.0
110.0 80.0 116.0 88.0
97.0 127.0 55.0 160.0
99.0 114.0 110.0 80.0
87.0 129.0 144.0 62.0
117.0 97.0 121.0 72.0
110.0 129.0 128.0 60.0
113.0 87.0 69.0 139.0
110.0 119.0 98.0 82.0
96.0 84.0 145.0 78.0
115.0 136.0 115.0 63.0
118.0 113.0 59.0 122.0
85.0 77.0 102.0 129.0
92.0 121.0 78.0 108.0
159.0 139.0 58.0 97.0
92.0 61.0 95.0 169.0
96.0 104.0 112.0 87.0
108.0 67.0 132.0 92.0
107.0 106.0 110.0 80.0
101.0 65.0 90.0 142.0
141.0 147.0 145.0 47.0
96.0 78.0 113.0 102.0
113.0 95.0 96.0 94.0
80.0 64.0 130.0 132.0
137.0 82.0 84.0 97.0
96.0 72.0 141.0 88.0
136.0 139.0 79.0 81.0
136.0 138.0 40.0 153.0
102.0 95.0 116.0 86.0
107.0 105.0 102.0 84.0
91.0 104.0 147.0 68.0
109.0 78.0 112.0 93.0
89.0 69.0 108.0 118.0
117.0 149.0 42.0 147.0
111.0 82.0 99.0 99.0
64.0 71.0 169.0 147.0
111.0 79.0 91.0 109.0
88.0 96.0 174.0 72.0
145.0 115.0 49.0 127.0
102.0 115.0 107.0 80.0
127.0 119.0 106.0 68.0
150.0 122.0 70.0 91.0
151.0 141.0 70.0 84.0
128.0 115.0 92.0 77.0
111.0 104.0 146.0 62.0
87.0 125.0 154.0 62.0
90.0 92.0 97.0 109.0
103.0 93.0 124.0 79.0
121.0 144.0 112.0 61.0
116.0 141.0 46.0 147.0
93.0 69.0 128.0 100.0
94.0 139.0 161.0 52.0
96.0 112.0 127.0 72.0
120.0 123.0 102.0 74.0
123.0 133.0 133.0 55.0
91.0 63.0 127.0 112.0
77.0 84.0 120.0 109.0
133.0 133.0 100.0 65.0
121.0 134.0 95.0 70.0
97.0 94.0 85.0 112.0
107.0 89.0 143.0 70.0
106.0 101.0 93.0 98.0
74.0 89.0 112.0 111.0
85.0 87.0 108.0 107.0
93.0 87.0 76.0 151.0
88.0 87.0 121.0 96.0
104.0 138.0 131.0 58.0
127.0 123.0 50.0 126.0
118.0 90.0 90.0 97.0
86.0 95.0 73.0 160.0
111.0 120.0 159.0 54.0
105.0 116.0 99.0 83.0
98.0 143.0 55.0 123.0
111.0 106.0 116.0 75.0
89.0 72.0 103.0 132.0
98.0 113.0 79.0 109.0
148.0 136.0 37.0 147.0
101.0 103.0 64.0 148.0
75.0 69.0 124.0 139.0
127.0 129.0 45.0 166.0
100.0 110.0 66.0 127.0
109.0 137.0 72.0 97.0
74.0 94.0 95.0 123.0
97.0 120.0 109.0 77.0
106.0 89.0 85.0 111.0
92.0 75.0 98.0 122.0
99.0 107.0 94.0 97.0
102.0 61.0 86.0 166.0
100.0 116.0 132.0 67.0
93.0 99.0 117.0 84.0
88.0 83.0 137.0 91.0
97.0 93.0 83.0 118.0
85.0 86.0 109.0 109.0
115.0 111.0 56.0 147.0
66.0 71.0 176.0 138.0
83.0 93.0 85.0 132.0
97.0 89.0 110.0 96.0
124.0 78.0 83.0 105.0
142.0 111.0 91.0 76.0
83.0 66.0 144.0 105.0
96.0 119.0 60.0 147.0
121.0 136.0 134.0 54.0
87.0 86.0 104.0 113.0
110.0 129.0 74.0 98.0
111.0 114.0 104.0 79.0
78.0 71.0 123.0 125.0
154.0 132.0 55.0 103.0
104.0 67.0 122.0 96.0
97.0 123.0 165.0 56.0
73.0 97.0 92.0 127.0
146.0 136.0 65.0 92.0
142.0 128.0 94.0 71.0
103.0 94.0 104.0 93.0
120.0 110.0 111.0 72.0
119.0 128.0 95.0 76.0
102.0 120.0 105.0 79.0
119.0 88.0 83.0 103.0
111.0 128.0 120.0 65.0
111.0 135.0 72.0 97.0
88.0 88.0 89.0 123.0
136.0 125.0 111.0 62.0
90.0 99.0 115.0 89.0
105.0 138.0 49.0 139.0
116.0 137.0 142.0 52.0
134.0 119.0 62.0 106.0
88.0 96.0 75.0 152.0
121.0 90.0 72.0 117.0
95.0 89.0 98.0 107.0
106.0 100.0 75.0 115.0
114.0 149.0 175.0 44.0
110.0 128.0 111.0 68.0
94.0 81.0 91.0 122.0
144.0 145.0 40.0 126.0
89.0 109.0 94.0 102.0
111.0 90.0 79.0 114.0
91.0 154.0 54.0 125.0
86.0 74.0 148.0 97.0
95.0 68.0 104.0 125.0
73.0 86.0 141.0 101.0
74.0 87.0 94.0 144.0
86.0 112.0 135.0 74.0
82.0 65.0 156.0 113.0
101.0 144.0 136.0 56.0
120.0 109.0 103.0 76.0
118.0 115.0 87.0 85.0
70.0 71.0 122.0 153.0
90.0 71.0 153.0 92.0
98.0 120.0 89.0 94.0
82.0 67.0 122.0 128.0
113.0 110.0 117.0 73.0
72.0 78.0 121.0 125.0
88.0 128.0 179.0 57.0
116.0 134.0 56.0 118.0
111.0 132.0 138.0 55.0
120.0 147.0 116.0 59.0
162.0 150.0 53.0 101.0
128.0 143.0 119.0 56.0
114.0 123.0 78.0 95.0
124.0 123.0 88.0 81.0
102.0 149.0 46.0 162.0
73.0 67.0 177.0 134.0
99.0 94.0 107.0 92.0
131.0 129.0 151.0 50.0
128.0 117.0 69.0 100.0
73.0 69.0 124.0 145.0
98.0 122.0 124.0 68.0
99.0 112.0 104.0 85.0
135.0 135.0 60.0 99.0
89.0 117.0 69.0 128.0
94.0 112.0 62.0 151.0
91.0 93.0 150.0 77.0
66.0 75.0 167.0 128.0
97.0 80.0 111.0 101.0
103.0 119.0 64.0 118.0
89.0 75.0 109.0 115.0
106.0 103.0 118.0 76.0
121.0 116.0 90.0 82.0
86.0 100.0 71.0 155.0
95.0 58.0 116.0 122.0
104.0 84.0 107.0 94.0
91.0 82.0 84.0 139.0
91.0 151.0 52.0 131.0
95.0 88.0 79.0 136.0
99.0 94.0 98.0 100.0
63.0 75.0 130.0 167.0
114.0 127.0 50.0 155.0
88.0 61.0 142.0 111.0
128.0 127.0 82.0 83.0
106.0 124.0 94.0 84.0
97.0 85.0 126.0 89.0
109.0 86.0 98.0 97.0
93.0 130.0 57.0 135.0
143.0 154.0 55.0 99.0
150.0 126.0 52.0 112.0
130.0 144.0 70.0 89.0
101.0 86.0 88.0 113.0
128.0 147.0 74.0 85.0
101.0 124.0 55.0 149.0
97.0 83.0 110.0 101.0
128.0 110.0 70.0 103.0
86.0 87.0 92.0 124.0
151.0 137.0 43.0 118.0
86.0 113.0 153.0 65.0
106.0 119.0 103.0 81.0
67.0 102.0 94.0 129.0
126.0 130.0 66.0 96.0
104.0 125.0 55.0 148.0
99.0 81.0 110.0 101.0
132.0 162.0 78.0 80.0
97.0 118.0 130.0 70.0
105.0 78.0 131.0 85.0
100.0 127.0 119.0 69.0
107.0 94.0 65.0 151.0
78.0 80.0 114.0 113.0
105.0 108.0 63.0 139.0
148.0 148.0 54.0 102.0
91.0 66.0 141.0 102.0
89.0 95.0 155.0 73.0
128.0 125.0 72.0 95.0
123.0 107.0 62.0 115.0
109.0 137.0 59.0 115.0
85.0 101.0 125.0 86.0
168.0 139.0 71.0 83.0
119.0 101.0 121.0 71.0
158.0 154.0 58.0 96.0
74.0 71.0 112.0 149.0
91.0 69.0 121.0 109.0
100.0 122.0 60.0 127.0
110.0 106.0 110.0 79.0
94.0 112.0 86.0 104.0
103.0 64.0 132.0 98.0
117.0 147.0 121.0 55.0
139.0 137.0 93.0 71.0
80.0 95.0 86.0 132.0
107.0 118.0 91.0 86.0
101.0 112.0 181.0 58.0
131.0 126.0 45.0 155.0
85.0 99.0 75.0 152.0
92.0 70.0 93.0 138.0
110.0 115.0 84.0 94.0
115.0 140.0 53.0 117.0
98.0 115.0 125.0 71.0
71.0 76.0 111.0 150.0
123.0 110.0 106.0 73.0
61.0 76.0 138.0 148.0
93.0 81.0 165.0 80.0
123.0 123.0 99.0 74.0
106.0 110.0 96.0 90.0
108.0 80.0 126.0 85.0
98.0 62.0 142.0 98.0
126.0 127.0 152.0 51.0
100.0 127.0 132.0 63.0
115.0 119.0 108.0 72.0
84.0 67.0 109.0 137.0
92.0 113.0 175.0 62.0
96.0 109.0 152.0 65.0
83.0 123.0 65.0 143.0
102.0 117.0 63.0 127.0
137.0 126.0 122.0 58.0
88.0 100.0 93.0 109.0
100.0 118.0 142.0 61.0
122.0 97.0 68.0 117.0
112.0 146.0 159.0 49.0
86.0 111.0 70.0 131.0
123.0 147.0 154.0 46.0
98.0 100.0 101.0 93.0
123.0 100.0 98.0 84.0
112.0 150.0 163.0 47.0
94.0 132.0 153.0 56.0
110.0 104.0 92.0 93.0
98.0 116.0 81.0 103.0
137.0 126.0 75.0 86.0
95.0 109.0 117.0 82.0
118.0 115.0 123.0 67.0
104.0 98.0 129.0 76.0
101.0 111.0 71.0 117.0
101.0 105.0 92.0 99.0
95.0 91.0 106.0 98.0
144.0 139.0 41.0 138.0
64.0 73.0 172.0 139.0
82.0 86.0 101.0 118.0
116.0 107.0 56.0 149.0
106.0 107.0 139.0 63.0
148.0 124.0 69.0 92.0
144.0 143.0 66.0 86.0
91.0 67.0 97.0 146.0
89.0 107.0 184.0 65.0
93.0 95.0 71.0 142.0
90.0 62.0 133.0 113.0
96.0 89.0 144.0 78.0
118.0 115.0 68.0 108.0
89.0 116.0 97.0 95.0
116.0 134.0 86.0 80.0
77.0 74.0 119.0 118.0
129.0 141.0 80.0 81.0
110.0 113.0 137.0 63.0
93.0 65.0 89.0 163.0
108.0 141.0 59.0 112.0
113.0 82.0 79.0 120.0
93.0 97.0 100.0 101.0
152.0 126.0 54.0 105.0
125.0 119.0 99.0 75.0
110.0 136.0 109.0 67.0
168.0 136.0 52.0 104.0
108.0 98.0 92.0 99.0
109.0 104.0 71.0 112.0
132.0 139.0 96.0 69.0
121.0 98.0 87.0 93.0
71.0 71.0 148.0 128.0
117.0 125.0 81.0 89.0
147.0 131.0 69.0 89.0
136.0 142.0 40.0 140.0
114.0 120.0 80.0 95.0
98.0 85.0 152.0 75.0
81.0 78.0 166.0 96.0
103.0 92.0 102.0 96.0
118.0 96.0 63.0 133.0
126.0 105.0 67.0 109.0
96.0 113.0 179.0 59.0
135.0 136.0 57.0 101.0
82.0 66.0 118.0 140.0
101.0 131.0 113.0 69.0
130.0 129.0 104.0 65.0
104.0 101.0 106.0 84.0
82.0 87.0 89.0 134.0
140.0 129.0 59.0 102.0
71.0 70.0 119.0 155.0
92.0 70.0 148.0 95.0
93.0 83.0 103.0 110.0
103.0 108.0 82.0 104.0
94.0 81.0 148.0 83.0
134.0 124.0 45.0 144.0
123.0 96.0 72.0 111.0
132.0 103.0 74.0 99.0
110.0 124.0 110.0 69.0
90.0 112.0 70.0 130.0
86.0 103.0 82.0 121.0
121.0 138.0 44.0 168.0
104.0 130.0 144.0 57.0
61.0 74.0 163.0 157.0
97.0 85.0 102.0 106.0
118.0 117.0 59.0 118.0
105.0 112.0 91.0 92.0
71.0 67.0 170.0 143.0
110.0 155.0 47.0 125.0
116.0 110.0 98.0 83.0
100.0 109.0 102.0 88.0
115.0 118.0 77.0 97.0
124.0 100.0 112.0 75.0
99.0 75.0 138.0 90.0
103.0 120.0 73.0 105.0
100.0 134.0 72.0 103.0
152.0 107.0 52.0 119.0
80.0 95.0 84.0 137.0
118.0 113.0 83.0 94.0
115.0 98.0 86.0 100.0
89.0 86.0 104.0 110.0
129.0 129.0 109.0 65.0
91.0 88.0 99.0 108.0
110.0 122.0 82.0 93.0
90.0 86.0 94.0 120.0
125.0 116.0 137.0 58.0
93.0 95.0 85.0 113.0
119.0 119.0 122.0 65.0
104.0 81.0 92.0 113.0
107.0 142.0 131.0 56.0
105.0 82.0 101.0 104.0
122.0 131.0 72.0 95.0
86.0 60.0 122.0 132.0
77.0 67.0 147.0 123.0
109.0 114.0 188.0 55.0
109.0 112.0 65.0 123.0
99.0 116.0 137.0 67.0
77.0 90.0 96.0 130.0
85.0 101.0 120.0 89.0
124.0 128.0 118.0 62.0
144.0 135.0 93.0 67.0
106.0 123.0 97.0 83.0
139.0 138.0 66.0 92.0
98.0 109.0 78.0 112.0
87.0 138.0 136.0 62.0
89.0 109.0 65.0 153.0
89.0 77.0 104.0 117.0
158.0 139.0 103.0 62.0
85.0 88.0 147.0 87.0
110.0 121.0 91.0 83.0
93.0 88.0 90.0 118.0
104.0 122.0 140.0 61.0
82.0 86.0 83.0 154.0
116.0 89.0 139.0 67.0
100.0 111.0 177.0 59.0
87.0 133.0 116.0 74.0
116.0 108.0 87.0 91.0
86.0 70.0 106.0 130.0
177.0 141.0 75.0 78.0
96.0 87.0 106.0 101.0
101.0 109.0 133.0 70.0
114.0 110.0 104.0 80.0
119.0 141.0 110.0 63.0
72.0 80.0 101.0 155.0
94.0 97.0 135.0 78.0
82.0 70.0 118.0 121.0
59.0 77.0 133.0 158.0
107.0 94.0 113.0 85.0
92.0 98.0 88.0 111.0
93.0 119.0 155.0 60.0
126.0 116.0 61.0 112.0
132.0 92.0 84.0 95.0
133.0 126.0 69.0 95.0
109.0 91.0 113.0 86.0
123.0 164.0 164.0 41.0
90.0 92.0 114.0 95.0
97.0 70.0 121.0 100.0
64.0 85.0 119.0 131.0
96.0 108.0 106.0 85.0
90.0 138.0 53.0 154.0
83.0 89.0 136.0 91.0
114.0 132.0 165.0 49.0
122.0 82.0 95.0 97.0
97.0 136.0 65.0 111.0
90.0 68.0 107.0 123.0
93.0 112.0 156.0 63.0
79.0 65.0 134.0 124.0
158.0 145.0 77.0 76.0
92.0 70.0 105.0 124.0
104.0 85.0 90.0 112.0
90.0 89.0 103.0 105.0
142.0 114.0 109.0 66.0
95.0 96.0 103.0 98.0
95.0 111.0 155.0 64.0
114.0 113.0 190.0 54.0
121.0 83.0 68.0 135.0
165.0 140.0 82.0 75.0
94.0 65.0 98.0 145.0
101.0 124.0 114.0 72.0
94.0 79.0 78.0 152.0
116.0 124.0 70.0 98.0
165.0 152.0 57.0 96.0
120.0 135.0 68.0 98.0
100.0 127.0 127.0 66.0
107.0 95.0 90.0 101.0
124.0 156.0 126.0 51.0
113.0 126.0 65.0 104.0
110.0 109.0 66.0 121.0
107.0 88.0 146.0 72.0
119.0 127.0 98.0 75.0
124.0 70.0 97.0 101.0
95.0 83.0 115.0 98.0
101.0 86.0 95.0 107.0
131.0 115.0 74.0 94.0
94.0 119.0 133.0 69.0
150.0 164.0 49.0 109.0
63.0 76.0 145.0 139.0
83.0 74.0 122.0 109.0
93.0 103.0 138.0 71.0
132.0 118.0 95.0 74.0
101.0 77.0 102.0 108.0
102.0 65.0 124.0 99.0
108.0 98.0 82.0 106.0
135.0 101.0 79.0 93.0
92.0 70.0 118.0 108.0
132.0 142.0 49.0 115.0
125.0 102.0 101.0 81.0
84.0 93.0 143.0 81.0
126.0 131.0 80.0 84.0
100.0 117.0 85.0 98.0
98.0 73.0 131.0 93.0
57.0 82.0 122.0 166.0
115.0 99.0 69.0 118.0
115.0 103.0 81.0 102.0
127.0 150.0 101.0 64.0
95.0 91.0 90.0 115.0
97.0 69.0 109.0 114.0
98.0 85.0 123.0 87.0
108.0 112.0 110.0 76.0
85.0 71.0 97.0 150.0
97.0 103.0 122.0 79.0
75.0 96.0 121.0 98.0
161.0 144.0 89.0 71.0
125.0 127.0 68.0 100.0
95.0 105.0 117.0 83.0
88.0 98.0 116.0 91.0
85.0 90.0 95.0 121.0
90.0 112.0 65.0 149.0
120.0 133.0 62.0 106.0
89.0 116.0 104.0 87.0
77.0 90.0 110.0 111.0
154.0 119.0 41.0 145.0
123.0 113.0 128.0 62.0
97.0 88.0 97.0 105.0
137.0 131.0 86.0 75.0
139.0 128.0 42.0 140.0
121.0 122.0 78.0 92.0
87.0 76.0 126.0 104.0
102.0 101.0 118.0 82.0
137.0 142.0 87.0 73.0
102.0 92.0 102.0 98.0
88.0 87.0 81.0 144.0
101.0 98.0 134.0 75.0
101.0 135.0 51.0 136.0
139.0 109.0 68.0 101.0
119.0 110.0 112.0 73.0
92.0 129.0 146.0 60.0
83.0 68.0 138.0 113.0
149.0 143.0 73.0 81.0
85.0 73.0 117.0 112.0
101.0 112.0 63.0 139.0
92.0 71.0 157.0 91.0
91.0 93.0 121.0 89.0
108.0 110.0 66.0 122.0
99.0 111.0 75.0 110.0
118.0 79.0 79.0 117.0
86.0 98.0 99.0 106.0
87.0 79.0 109.0 114.0
121.0 130.0 47.0 137.0
86.0 67.0 120.0 114.0
147.0 122.0 46.0 127.0
82.0 78.0 102.0 134.0
107.0 109.0 94.0 92.0
88.0 86.0 107.0 105.0
153.0 153.0 110.0 59.0
90.0 99.0 163.0 71.0
124.0 128.0 46.0 155.0
65.0 78.0 115.0 165.0
103.0 128.0 61.0 115.0
102.0 105.0 90.0 99.0
95.0 86.0 138.0 81.0
126.0 142.0 64.0 98.0
97.0 55.0 136.0 111.0
119.0 123.0 150.0 53.0
95.0 68.0 134.0 97.0
107.0 80.0 105.0 96.0
82.0 68.0 125.0 118.0
141.0 160.0 85.0 73.0
96.0 86.0 111.0 97.0
129.0 137.0 54.0 112.0
150.0 114.0 63.0 99.0
114.0 138.0 52.0 122.0
106.0 94.0 110.0 89.0
111.0 107.0 125.0 69.0
116.0 109.0 144.0 60.0
154.0 139.0 47.0 113.0
152.0 153.0 106.0 61.0
113.0 114.0 66.0 113.0
117.0 117.0 124.0 64.0
85.0 100.0 113.0 95.0
127.0 126.0 111.0 66.0
117.0 103.0 114.0 75.0
137.0 100.0 58.0 122.0
83.0 77.0 112.0 114.0
131.0 131.0 65.0 98.0
97.0 100.0 111.0 89.0
83.0 78.0 143.0 96.0
101.0 148.0 166.0 48.0
132.0 122.0 99.0 69.0
78.0 66.0 166.0 122.0
77.0 68.0 139.0 122.0
84.0 65.0 163.0 104.0
170.0 137.0 63.0 88.0
136.0 140.0 59.0 100.0
92.0 96.0 153.0 72.0
101.0 114.0 73.0 111.0
101.0 85.0 75.0 142.0
108.0 130.0 124.0 63.0
132.0 125.0 77.0 85.0
92.0 79.0 111.0 108.0
147.0 143.0 84.0 74.0
126.0 123.0 61.0 110.0
110.0 108.0 94.0 91.0
149.0 134.0 83.0 76.0
87.0 66.0 116.0 122.0
95.0 87.0 83.0 124.0
110.0 106.0 99.0 85.0
82.0 64.0 160.0 114.0
85.0 102.0 70.0 147.0
108.0 130.0 94.0 78.0
79.0 72.0 129.0 114.0
106.0 97.0 120.0 79.0
113.0 170.0 147.0 47.0
75.0 68.0 132.0 131.0
87.0 73.0 90.0 155.0
126.0 114.0 93.0 79.0
91.0 100.0 126.0 81.0
86.0 106.0 154.0 68.0
166.0 137.0 57.0 97.0
111.0 84.0 110.0 91.0
96.0 89.0 128.0 86.0
74.0 72.0 106.0 152.0
103.0 111.0 59.0 160.0
90.0 97.0 72.0 135.0
95.0 128.0 129.0 66.0
116.0 124.0 74.0 97.0
151.0 135.0 67.0 90.0
103.0 120.0 117.0 73.0
100.0 80.0 141.0 79.0
105.0 136.0 60.0 116.0
116.0 126.0 49.0 170.0
77.0 71.0 124.0 127.0
102.0 121.0 158.0 56.0
104.0 93.0 120.0 80.0
106.0 136.0 50.0 147.0
146.0 149.0 80.0 78.0
107.0 115.0 121.0 68.0
99.0 89.0 99.0 102.0
122.0 122.0 125.0 62.0
136.0 168.0 170.0 40.0
125.0 118.0 122.0 63.0
110.0 120.0 77.0 99.0
144.0 140.0 86.0 73.0
108.0 92.0 97.0 99.0
149.0 129.0 80.0 79.0
116.0 94.0 85.0 102.0
111.0 74.0 113.0 95.0
91.0 84.0 127.0 93.0
126.0 129.0 93.0 73.0
129.0 107.0 90.0 84.0
65.0 81.0 119.0 141.0
84.0 82.0 118.0 102.0
102.0 102.0 77.0 114.0
113.0 112.0 60.0 120.0
109.0 110.0 86.0 94.0
110.0 76.0 92.0 110.0
94.0 106.0 107.0 90.0
113.0 115.0 103.0 77.0
121.0 108.0 71.0 106.0
100.0 137.0 58.0 122.0
107.0 97.0 129.0 74.0
90.0 71.0 137.0 100.0
92.0 136.0 145.0 57.0
59.0 82.0 130.0 148.0
114.0 97.0 99.0 89.0
96.0 68.0 120.0 101.0
132.0 136.0 75.0 84.0
121.0 125.0 47.0 165.0
107.0 95.0 119.0 82.0
133.0 136.0 157.0 47.0
102.0 66.0 110.0 110.0
107.0 93.0 131.0 77.0
84.0 78.0 88.0 151.0
101.0 71.0 124.0 94.0
131.0 119.0 88.0 77.0
104.0 113.0 60.0 138.0
94.0 96.0 129.0 81.0
84.0 76.0 103.0 133.0
99.0 67.0 151.0 88.0
120.0 115.0 79.0 94.0
117.0 116.0 53.0 147.0
107.0 140.0 170.0 48.0
122.0 147.0 162.0 46.0
91.0 96.0 133.0 82.0
114.0 110.0 116.0 71.0
124.0 122.0 74.0 94.0
116.0 155.0 159.0 45.0
95.0 59.0 92.0 160.0
83.0 65.0 132.0 117.0
125.0 134.0 60.0 104.0
93.0 95.0 144.0 73.0
140.0 118.0 53.0 115.0
117.0 111.0 119.0 68.0
98.0 91.0 133.0 81.0
145.0 129.0 72.0 86.0
100.0 87.0 74.0 134.0
112.0 98.0 100.0 89.0
132.0 142.0 88.0 72.0
87.0 75.0 119.0 105.0
116.0 128.0 115.0 65.0
129.0 129.0 64.0 99.0
92.0 99.0 94.0 107.0
112.0 61.0 94.0 122.0
132.0 115.0 52.0 130.0
147.0 147.0 46.0 114.0
135.0 135.0 73.0 87.0
105.0 109.0 65.0 129.0
107.0 122.0 126.0 66.0
110.0 117.0 79.0 98.0
144.0 141.0 40.0 139.0
122.0 108.0 72.0 104.0
94.0 103.0 162.0 65.0
105.0 119.0 136.0 63.0
91.0 61.0 105.0 132.0
118.0 107.0 54.0 156.0
123.0 136.0 45.0 142.0
96.0 76.0 136.0 91.0
109.0 125.0 81.0 93.0
73.0 103.0 80.0 151.0
128.0 108.0 70.0 106.0
154.0 131.0 45.0 120.0
107.0 87.0 81.0 114.0
96.0 107.0 78.0 115.0
116.0 112.0 71.0 107.0
74.0 89.0 100.0 132.0
138.0 154.0 47.0 115.0
97.0 107.0 143.0 66.0
94.0 101.0 133.0 77.0
94.0 71.0 83.0 161.0
121.0 80.0 92.0 102.0
121.0 129.0 57.0 112.0
83.0 117.0 67.0 144.0
107.0 89.0 111.0 90.0
154.0 139.0 38.0 143.0
109.0 107.0 86.0 97.0
130.0 133.0 82.0 77.0
133.0 149.0 68.0 91.0
116.0 109.0 85.0 93.0
96.0 89.0 75.0 146.0
97.0 70.0 136.0 96.0
71.0 71.0 127.0 143.0
98.0 85.0 95.0 108.0
99.0 113.0 97.0 91.0
106.0 140.0 50.0 134.0
111.0 113.0 69.0 111.0
105.0 118.0 115.0 74.0
119.0 134.0 152.0 51.0
129.0 132.0 83.0 81.0
99.0 83.0 160.0 75.0
92.0 95.0 103.0 99.0
115.0 104.0 108.0 78.0
84.0 115.0 157.0 63.0
119.0 121.0 182.0 50.0
116.0 128.0 120.0 63.0
113.0 115.0 75.0 100.0
121.0 161.0 148.0 46.0
117.0 112.0 163.0 54.0
102.0 68.0 127.0 97.0
77.0 88.0 141.0 96.0
150.0 112.0 82.0 82.0
139.0 123.0 76.0 85.0
88.0 74.0 140.0 97.0
114.0 137.0 54.0 120.0
89.0 95.0 76.0 142.0
113.0 130.0 90.0 80.0
89.0 91.0 134.0 86.0
108.0 114.0 131.0 66.0
108.0 110.0 58.0 139.0
90.0 85.0 81.0 144.0
122.0 132.0 56.0 109.0
68.0 102.0 99.0 119.0
109.0 106.0 77.0 105.0
72.0 85.0 116.0 115.0
128.0 139.0 74.0 87.0
101.0 131.0 156.0 53.0
118.0 129.0 126.0 59.0
103.0 131.0 63.0 109.0
119.0 127.0 89.0 82.0
92.0 103.0 139.0 74.0
104.0 68.0 149.0 86.0
108.0 82.0 102.0 100.0
88.0 108.0 71.0 135.0
111.0 102.0 79.0 107.0
96.0 94.0 155.0 70.0
110.0 108.0 124.0 71.0
117.0 82.0 83.0 109.0
120.0 87.0 67.0 123.0
106.0 83.0 96.0 103.0
150.0 131.0 56.0 99.0
84.0 65.0 140.0 113.0
121.0 97.0 81.0 102.0
133.0 126.0 50.0 123.0
91.0 104.0 91.0 104.0
122.0 110.0 78.0 97.0
92.0 74.0 139.0 95.0
135.0 111.0 89.0 82.0
108.0 140.0 161.0 49.0
121.0 125.0 76.0 90.0
85.0 68.0 145.0 104.0
99.0 109.0 113.0 81.0
84.0 84.0 113.0 108.0
115.0 155.0 167.0 45.0
103.0 88.0 88.0 110.0
58.0 85.0 118.0 161.0
86.0 59.0 126.0 133.0
89.0 91.0 75.0 164.0
79.0 71.0 100.0 175.0
104.0 76.0 121.0 90.0
81.0 73.0 113.0 126.0
87.0 97.0 104.0 102.0
118.0 134.0 153.0 51.0
130.0 135.0 52.0 115.0
108.0 132.0 62.0 111.0
131.0 122.0 78.0 88.0
111.0 125.0 56.0 126.0
115.0 147.0 43.0 139.0
111.0 147.0 102.0 67.0
119.0 99.0 73.0 107.0
89.0 84.0 109.0 106.0
81.0 65.0 141.0 115.0
121.0 98.0 131.0 68.0
122.0 138.0 44.0 134.0
91.0 86.0 83.0 125.0
119.0 114.0 94.0 82.0
99.0 88.0 121.0 87.0
143.0 139.0 60.0 98.0
97.0 86.0 100.0 106.0
90.0 81.0 118.0 99.0
78.0 87.0 93.0 137.0
85.0 84.0 119.0 101.0
94.0 120.0 147.0 61.0
104.0 98.0 69.0 135.0
103.0 137.0 126.0 62.0
106.0 99.0 70.0 122.0
144.0 125.0 65.0 96.0
99.0 118.0 136.0 65.0
109.0 145.0 147.0 51.0
99.0 100.0 85.0 106.0
121.0 137.0 138.0 53.0
89.0 77.0 111.0 111.0
95.0 69.0 100.0 121.0
107.0 129.0 61.0 114.0
64.0 72.0 147.0 149.0
96.0 84.0 118.0 93.0
149.0 130.0 46.0 118.0
112.0 115.0 107.0 74.0
128.0 140.0 53.0 113.0
101.0 74.0 138.0 86.0
65.0 80.0 125.0 138.0
126.0 129.0 88.0 75.0
121.0 92.0 62.0 141.0
94.0 81.0 113.0 100.0
94.0 90.0 88.0 117.0
86.0 95.0 76.0 147.0
122.0 141.0 73.0 89.0
97.0 86.0 161.0 74.0
80.0 84.0 92.0 141.0
130.0 132.0 48.0 121.0
83.0 105.0 69.0 143.0
77.0 80.0 128.0 106.0
83.0 93.0 160.0 78.0
144.0 113.0 48.0 132.0
91.0 101.0 113.0 92.0
98.0 146.0 57.0 117.0
87.0 80.0 86.0 136.0
138.0 111.0 85.0 82.0
109.0 114.0 80.0 99.0
109.0 107.0 148.0 59.0
79.0 68.0 114.0 148.0
107.0 104.0 128.0 71.0
92.0 68.0 95.0 138.0
103.0 63.0 90.0 142.0
113.0 131.0 128.0 58.0
115.0 111.0 91.0 85.0
103.0 127.0 70.0 109.0
122.0 117.0 62.0 113.0
111.0 70.0 98.0 110.0
122.0 132.0 129.0 56.0
96.0 112.0 100.0 90.0
170.0 145.0 69.0 84.0
123.0 124.0 74.0 92.0
96.0 85.0 75.0 159.0
113.0 103.0 95.0 91.0
94.0 126.0 132.0 66.0
112.0 95.0 73.0 116.0
81.0 71.0 124.0 117.0
109.0 94.0 63.0 158.0
103.0 108.0 74.0 114.0
93.0 134.0 56.0 140.0
108.0 105.0 111.0 79.0
129.0 128.0 71.0 90.0
123.0 146.0 113.0 59.0
88.0 70.0 119.0 110.0
112.0 118.0 56.0 139.0
101.0 135.0 114.0 68.0
132.0 110.0 83.0 86.0
147.0 125.0 46.0 126.0
93.0 70.0 104.0 125.0
84.0 87.0 102.0 114.0
113.0 110.0 92.0 87.0
108.0 88.0 80.0 119.0
102.0 68.0 98.0 120.0
111.0 72.0 104.0 103.0
95.0 95.0 168.0 69.0
97.0 85.0 92.0 116.0
117.0 133.0 62.0 107.0
84.0 122.0 156.0 60.0
87.0 69.0 137.0 103.0
116.0 125.0 63.0 107.0
93.0 106.0 75.0 117.0
74.0 75.0 108.0 143.0
135.0 111.0 118.0 63.0
91.0 89.0 113.0 98.0
89.0 76.0 103.0 120.0
105.0 114.0 67.0 118.0
143.0 134.0 43.0 132.0
119.0 129.0 112.0 66.0
96.0 103.0 147.0 67.0
103.0 116.0 70.0 114.0
163.0 139.0 64.0 88.0
102.0 69.0 81.0 157.0
93.0 103.0 73.0 123.0
108.0 82.0 98.0 102.0
93.0 101.0 159.0 67.0
127.0 144.0 51.0 116.0
117.0 129.0 81.0 85.0
127.0 162.0 145.0 46.0
95.0 121.0 97.0 88.0
139.0 145.0 68.0 88.0
87.0 98.0 92.0 113.0
92.0 70.0 150.0 92.0
99.0 72.0 108.0 110.0
87.0 79.0 140.0 92.0
105.0 124.0 101.0 79.0
105.0 99.0 100.0 92.0
86.0 114.0 72.0 125.0
103.0 142.0 144.0 53.0
118.0 125.0 106.0 69.0
94.0 88.0 93.0 115.0
100.0 84.0 105.0 100.0
151.0 144.0 98.0 63.0
121.0 153.0 144.0 49.0
101.0 137.0 57.0 125.0
81.0 66.0 137.0 114.0
131.0 139.0 65.0 94.0
90.0 74.0 98.0 133.0
90.0 81.0 109.0 109.0
85.0 107.0 163.0 67.0
109.0 137.0 123.0 60.0
113.0 139.0 126.0 57.0
111.0 148.0 129.0 52.0
108.0 77.0 74.0 153.0
88.0 60.0 129.0 123.0
102.0 73.0 110.0 103.0
87.0 122.0 145.0 65.0
94.0 101.0 118.0 83.0
91.0 63.0 150.0 103.0
151.0 130.0 98.0 66.0
102.0 72.0 133.0 91.0
84.0 59.0 119.0 142.0
109.0 116.0 128.0 64.0
104.0 82.0 150.0 76.0
108.0 88.0 112.0 89.0
126.0 119.0 75.0 93.0
81.0 88.0 82.0 146.0
78.0 77.0 155.0 101.0
125.0 122.0 91.0 79.0
97.0 116.0 166.0 59.0
98.0 103.0 124.0 77.0
