94.0 111.0 120.0 76.0
102.0 68.0 112.0 104.0
95.0 72.0 102.0 115.0
118.0 157.0 134.0 48.0
98.0 89.0 144.0 74.0
100.0 68.0 123.0 98.0
89.0 81.0 87.0 132.0
102.0 92.0 121.0 82.0
96.0 80.0 124.0 91.0
91.0 89.0 85.0 119.0
116.0 131.0 137.0 54.0
89.0 72.0 110.0 112.0
84.0 89.0 76.0 153.0
96.0 118.0 155.0 58.0
130.0 156.0 159.0 42.0
127.0 140.0 137.0 50.0
119.0 117.0 145.0 55.0
104.0 111.0 154.0 58.0
93.0 101.0 125.0 79.0
90.0 66.0 89.0 166.0
84.0 85.0 90.0 131.0
107.0 72.0 119.0 92.0
83.0 80.0 87.0 143.0
99.0 57.0 93.0 153.0
116.0 154.0 152.0 47.0
86.0 89.0 116.0 98.0
103.0 85.0 138.0 75.0
74.0 97.0 97.0 117.0
95.0 82.0 117.0 94.0
92.0 81.0 105.0 108.0
91.0 104.0 147.0 68.0
89.0 69.0 108.0 118.0
107.0 89.0 143.0 70.0
74.0 89.0 112.0 111.0
85.0 87.0 108.0 107.0
74.0 94.0 95.0 123.0
93.0 99.0 117.0 84.0
90.0 99.0 115.0 89.0
114.0 149.0 175.0 44.0
111.0 132.0 138.0 55.0
100.0 118.0 142.0 61.0
123.0 147.0 154.0 46.0
94.0 132.0 153.0 56.0
106.0 107.0 139.0 63.0
91.0 88.0 99.0 108.0
116.0 89.0 139.0 67.0
123.0 164.0 164.0 41.0
97.0 70.0 121.0 100.0
93.0 103.0 138.0 71.0
98.0 85.0 123.0 87.0
88.0 86.0 107.0 105.0
107.0 80.0 105.0 96.0
104.0 93.0 120.0 80.0
136.0 168.0 170.0 40.0
92.0 136.0 145.0 57.0
96.0 68.0 120.0 101.0
116.0 155.0 159.0 45.0
95.0 59.0 92.0 160.0
93.0 95.0 144.0 73.0
87.0 75.0 119.0 105.0
91.0 61.0 105.0 132.0
97.0 107.0 143.0 66.0
98.0 85.0 95.0 108.0
104.0 76.0 121.0 90.0
91.0 86.0 83.0 125.0
90.0 81.0 118.0 99.0
109.0 145.0 147.0 51.0
95.0 69.0 100.0 121.0
94.0 81.0 113.0 100.0
87.0 80.0 86.0 136.0
109.0 107.0 148.0 59.0
88.0 70.0 119.0 110.0
84.0 122.0 156.0 60.0
111.0 148.0 129.0 52.0
94.0 101.0 118.0 83.0
