89.0 76.0 103.0 122.0
109.0 117.0 54.0 110.0
121.0 131.0 78.0 72.0
104.0 111.0 59.0 110.0
93.0 124.0 85.0 87.0
119.0 151.0 68.0 77.0
97.0 87.0 95.0 101.0
115.0 130.0 108.0 62.0
121.0 161.0 54.0 83.0
95.0 89.0 71.0 126.0
101.0 58.0 144.0 101.0
124.0 136.0 63.0 83.0
110.0 117.0 95.0 74.0
80.0 67.0 129.0 135.0
101.0 81.0 116.0 91.0
113.0 127.0 90.0 72.0
88.0 119.0 66.0 108.0
93.0 98.0 53.0 157.0
108.0 121.0 117.0 65.0
99.0 90.0 78.0 113.0
119.0 114.0 109.0 66.0
100.0 93.0 102.0 92.0
67.0 98.0 98.0 127.0
139.0 128.0 74.0 72.0
95.0 123.0 64.0 106.0
79.0 77.0 89.0 161.0
110.0 111.0 143.0 59.0
89.0 126.0 74.0 100.0
83.0 94.0 90.0 114.0
131.0 126.0 111.0 58.0
97.0 100.0 112.0 82.0
148.0 172.0 86.0 60.0
121.0 120.0 95.0 68.0
84.0 78.0 90.0 142.0
115.0 108.0 142.0 59.0
82.0 109.0 90.0 100.0
103.0 108.0 105.0 76.0
90.0 78.0 81.0 140.0
80.0 78.0 84.0 168.0
114.0 137.0 42.0 123.0
120.0 113.0 43.0 136.0
88.0 101.0 73.0 120.0
92.0 120.0 85.0 91.0
114.0 130.0 112.0 61.0
98.0 114.0 71.0 102.0
115.0 115.0 112.0 65.0
100.0 116.0 84.0 88.0
108.0 118.0 110.0 66.0
145.0 164.0 93.0 57.0
81.0 105.0 103.0 98.0
103.0 89.0 99.0 95.0
152.0 176.0 84.0 61.0
158.0 158.0 65.0 71.0
129.0 145.0 68.0 72.0
83.0 77.0 100.0 129.0
126.0 136.0 114.0 55.0
97.0 84.0 134.0 84.0
132.0 140.0 70.0 72.0
104.0 124.0 59.0 104.0
74.0 100.0 71.0 140.0
113.0 128.0 64.0 90.0
84.0 74.0 103.0 128.0
111.0 113.0 46.0 143.0
100.0 115.0 91.0 85.0
86.0 83.0 99.0 114.0
86.0 78.0 89.0 138.0
81.0 76.0 87.0 155.0
124.0 139.0 72.0 74.0
108.0 93.0 148.0 66.0
124.0 153.0 61.0 78.0
79.0 73.0 127.0 122.0
98.0 100.0 132.0 74.0
169.0 181.0 37.0 118.0
74.0 76.0 114.0 147.0
117.0 148.0 74.0 73.0
154.0 159.0 78.0 63.0
97.0 88.0 73.0 123.0
111.0 128.0 131.0 57.0
99.0 105.0 77.0 103.0
88.0 92.0 88.0 112.0
91.0 97.0 143.0 80.0
97.0 61.0 146.0 101.0
82.0 109.0 102.0 94.0
102.0 91.0 81.0 107.0
140.0 159.0 76.0 66.0
81.0 88.0 80.0 135.0
128.0 139.0 83.0 65.0
94.0 101.0 135.0 73.0
114.0 125.0 145.0 54.0
103.0 116.0 74.0 96.0
80.0 64.0 135.0 136.0
75.0 79.0 131.0 121.0
123.0 123.0 116.0 60.0
103.0 99.0 83.0 99.0
98.0 123.0 86.0 82.0
152.0 148.0 81.0 63.0
105.0 109.0 66.0 104.0
97.0 108.0 118.0 75.0
122.0 133.0 107.0 59.0
98.0 114.0 62.0 111.0
124.0 108.0 49.0 114.0
113.0 141.0 84.0 69.0
104.0 110.0 59.0 113.0
108.0 138.0 71.0 81.0
100.0 127.0 68.0 96.0
92.0 105.0 96.0 95.0
102.0 118.0 106.0 73.0
92.0 96.0 113.0 89.0
142.0 159.0 37.0 156.0
106.0 121.0 47.0 124.0
76.0 67.0 137.0 136.0
86.0 99.0 112.0 91.0
91.0 76.0 98.0 118.0
86.0 106.0 100.0 93.0
70.0 78.0 126.0 132.0
81.0 76.0 95.0 152.0
77.0 72.0 106.0 166.0
88.0 87.0 93.0 110.0
93.0 110.0 79.0 104.0
80.0 115.0 85.0 103.0
118.0 136.0 94.0 64.0
76.0 65.0 170.0 140.0
90.0 94.0 108.0 92.0
87.0 77.0 80.0 152.0
112.0 119.0 121.0 62.0
121.0 120.0 102.0 65.0
88.0 73.0 81.0 154.0
128.0 142.0 68.0 77.0
122.0 109.0 64.0 96.0
118.0 116.0 120.0 61.0
156.0 147.0 111.0 52.0
117.0 123.0 143.0 55.0
100.0 80.0 148.0 80.0
113.0 113.0 107.0 68.0
112.0 147.0 42.0 110.0
98.0 126.0 80.0 86.0
85.0 81.0 81.0 144.0
106.0 98.0 51.0 132.0
103.0 135.0 70.0 87.0
82.0 96.0 60.0 145.0
140.0 163.0 69.0 69.0
104.0 116.0 103.0 76.0
120.0 137.0 73.0 74.0
118.0 115.0 58.0 100.0
114.0 98.0 52.0 123.0
115.0 122.0 52.0 102.0
79.0 121.0 86.0 96.0
83.0 89.0 76.0 133.0
108.0 114.0 123.0 66.0
96.0 98.0 78.0 107.0
92.0 113.0 69.0 110.0
104.0 136.0 90.0 72.0
90.0 108.0 82.0 101.0
112.0 112.0 141.0 60.0
106.0 104.0 167.0 59.0
107.0 120.0 45.0 129.0
92.0 106.0 97.0 92.0
126.0 140.0 48.0 94.0
114.0 102.0 127.0 67.0
122.0 129.0 159.0 50.0
86.0 72.0 101.0 129.0
107.0 96.0 147.0 68.0
150.0 155.0 80.0 62.0
121.0 133.0 112.0 58.0
125.0 118.0 89.0 71.0
109.0 122.0 101.0 67.0
76.0 77.0 108.0 146.0
125.0 126.0 138.0 53.0
78.0 90.0 132.0 95.0
99.0 68.0 103.0 114.0
101.0 103.0 111.0 81.0
111.0 111.0 100.0 74.0
127.0 154.0 70.0 70.0
108.0 119.0 79.0 86.0
112.0 110.0 47.0 128.0
79.0 85.0 104.0 119.0
89.0 128.0 77.0 95.0
146.0 161.0 114.0 51.0
100.0 89.0 103.0 95.0
104.0 123.0 92.0 77.0
93.0 115.0 70.0 107.0
101.0 120.0 98.0 77.0
101.0 84.0 104.0 95.0
105.0 90.0 90.0 99.0
103.0 128.0 75.0 87.0
124.0 139.0 49.0 90.0
75.0 71.0 120.0 157.0
80.0 67.0 126.0 143.0
113.0 102.0 143.0 63.0
84.0 85.0 95.0 118.0
82.0 66.0 135.0 129.0
91.0 104.0 115.0 78.0
120.0 134.0 56.0 92.0
90.0 81.0 117.0 100.0
96.0 106.0 122.0 76.0
100.0 94.0 59.0 131.0
78.0 64.0 139.0 147.0
89.0 113.0 88.0 94.0
80.0 111.0 86.0 104.0
107.0 124.0 98.0 70.0
89.0 83.0 102.0 110.0
112.0 123.0 91.0 73.0
98.0 112.0 93.0 86.0
82.0 78.0 87.0 149.0
122.0 148.0 50.0 89.0
110.0 126.0 114.0 63.0
128.0 133.0 90.0 64.0
119.0 117.0 48.0 106.0
99.0 131.0 79.0 82.0
144.0 156.0 94.0 56.0
85.0 121.0 67.0 110.0
103.0 112.0 75.0 98.0
93.0 90.0 136.0 83.0
114.0 92.0 177.0 59.0
100.0 93.0 142.0 70.0
141.0 159.0 67.0 71.0
84.0 79.0 116.0 109.0
91.0 79.0 106.0 110.0
100.0 131.0 95.0 72.0
86.0 64.0 123.0 127.0
100.0 89.0 68.0 121.0
107.0 112.0 160.0 57.0
87.0 101.0 126.0 83.0
112.0 134.0 101.0 65.0
96.0 104.0 110.0 82.0
85.0 94.0 59.0 143.0
145.0 163.0 89.0 58.0
117.0 140.0 51.0 92.0
121.0 122.0 122.0 58.0
101.0 94.0 156.0 67.0
96.0 88.0 168.0 76.0
94.0 110.0 75.0 106.0
110.0 139.0 59.0 91.0
94.0 60.0 166.0 109.0
112.0 121.0 71.0 90.0
101.0 133.0 57.0 101.0
95.0 105.0 103.0 85.0
123.0 150.0 44.0 100.0
127.0 137.0 78.0 68.0
98.0 94.0 56.0 143.0
90.0 75.0 93.0 130.0
91.0 102.0 129.0 78.0
89.0 89.0 84.0 119.0
80.0 117.0 100.0 91.0
142.0 123.0 130.0 51.0
152.0 165.0 61.0 73.0
93.0 67.0 121.0 115.0
120.0 127.0 51.0 100.0
92.0 107.0 92.0 91.0
104.0 129.0 78.0 84.0
101.0 132.0 90.0 75.0
107.0 95.0 125.0 75.0
113.0 117.0 61.0 99.0
155.0 145.0 59.0 76.0
94.0 84.0 76.0 124.0
104.0 110.0 165.0 58.0
115.0 122.0 78.0 81.0
92.0 117.0 85.0 94.0
88.0 79.0 80.0 142.0
116.0 117.0 69.0 92.0
95.0 96.0 88.0 101.0
102.0 117.0 137.0 63.0
114.0 119.0 126.0 59.0
90.0 122.0 95.0 82.0
104.0 87.0 162.0 68.0
112.0 134.0 78.0 76.0
144.0 153.0 73.0 68.0
86.0 91.0 97.0 108.0
129.0 151.0 64.0 74.0
86.0 75.0 91.0 142.0
99.0 123.0 63.0 102.0
85.0 67.0 103.0 152.0
105.0 101.0 57.0 121.0
123.0 142.0 69.0 75.0
134.0 145.0 88.0 61.0
123.0 102.0 46.0 131.0
131.0 141.0 39.0 127.0
104.0 100.0 108.0 82.0
124.0 119.0 47.0 104.0
124.0 119.0 65.0 88.0
112.0 116.0 59.0 104.0
107.0 78.0 164.0 76.0
83.0 99.0 102.0 102.0
106.0 108.0 91.0 86.0
103.0 79.0 163.0 79.0
114.0 133.0 51.0 100.0
89.0 86.0 74.0 131.0
120.0 139.0 50.0 94.0
139.0 165.0 40.0 102.0
92.0 105.0 135.0 72.0
120.0 101.0 135.0 63.0
100.0 74.0 107.0 103.0
116.0 131.0 147.0 53.0
158.0 179.0 70.0 67.0
133.0 152.0 100.0 56.0
87.0 124.0 81.0 94.0
112.0 111.0 70.0 96.0
117.0 105.0 72.0 96.0
86.0 99.0 70.0 128.0
131.0 135.0 63.0 80.0
134.0 137.0 75.0 68.0
87.0 80.0 73.0 161.0
100.0 128.0 82.0 81.0
95.0 83.0 112.0 97.0
92.0 124.0 73.0 98.0
127.0 135.0 91.0 63.0
98.0 108.0 51.0 130.0
108.0 131.0 111.0 62.0
155.0 159.0 69.0 68.0
104.0 104.0 58.0 117.0
100.0 100.0 71.0 110.0
106.0 108.0 52.0 121.0
114.0 123.0 58.0 97.0
127.0 115.0 128.0 58.0
103.0 97.0 172.0 63.0
115.0 154.0 52.0 88.0
121.0 121.0 141.0 55.0
123.0 118.0 107.0 63.0
98.0 127.0 85.0 84.0
75.0 69.0 154.0 134.0
121.0 139.0 78.0 71.0
117.0 122.0 66.0 89.0
97.0 83.0 111.0 93.0
84.0 103.0 84.0 109.0
124.0 122.0 127.0 56.0
96.0 100.0 83.0 104.0
102.0 104.0 108.0 79.0
110.0 109.0 47.0 138.0
111.0 137.0 75.0 77.0
87.0 92.0 63.0 139.0
113.0 87.0 156.0 65.0
88.0 102.0 76.0 114.0
116.0 86.0 177.0 62.0
77.0 113.0 87.0 106.0
75.0 76.0 114.0 140.0
93.0 129.0 95.0 77.0
100.0 118.0 96.0 78.0
99.0 107.0 86.0 94.0
98.0 94.0 84.0 108.0
105.0 121.0 123.0 65.0
92.0 113.0 79.0 101.0
113.0 122.0 44.0 124.0
111.0 105.0 51.0 128.0
108.0 101.0 87.0 93.0
101.0 106.0 65.0 111.0
98.0 122.0 130.0 65.0
131.0 139.0 77.0 68.0
81.0 77.0 107.0 127.0
140.0 169.0 37.0 143.0
103.0 91.0 77.0 108.0
91.0 118.0 71.0 106.0
105.0 121.0 127.0 63.0
114.0 140.0 54.0 93.0
104.0 106.0 63.0 114.0
99.0 106.0 72.0 108.0
86.0 86.0 137.0 90.0
129.0 140.0 40.0 123.0
85.0 76.0 89.0 144.0
91.0 59.0 166.0 117.0
95.0 109.0 85.0 95.0
121.0 136.0 96.0 62.0
111.0 121.0 75.0 86.0
91.0 73.0 91.0 135.0
102.0 138.0 67.0 88.0
113.0 99.0 127.0 69.0
105.0 114.0 46.0 146.0
118.0 133.0 80.0 72.0
128.0 145.0 77.0 67.0
143.0 180.0 76.0 65.0
91.0 86.0 74.0 128.0
102.0 84.0 81.0 112.0
127.0 133.0 99.0 59.0
98.0 124.0 77.0 91.0
124.0 127.0 74.0 78.0
90.0 109.0 107.0 83.0
120.0 108.0 134.0 59.0
131.0 143.0 47.0 92.0
102.0 102.0 67.0 114.0
115.0 148.0 64.0 79.0
90.0 75.0 128.0 101.0
135.0 138.0 104.0 56.0
97.0 78.0 99.0 105.0
88.0 71.0 107.0 120.0
105.0 89.0 152.0 68.0
120.0 118.0 151.0 52.0
110.0 91.0 124.0 77.0
158.0 143.0 52.0 83.0
99.0 72.0 85.0 127.0
94.0 118.0 104.0 78.0
135.0 161.0 38.0 132.0
81.0 67.0 109.0 160.0
81.0 78.0 94.0 138.0
103.0 125.0 90.0 76.0
103.0 131.0 60.0 99.0
134.0 156.0 96.0 57.0
89.0 78.0 94.0 122.0
117.0 115.0 94.0 73.0
135.0 122.0 149.0 50.0
99.0 114.0 83.0 92.0
95.0 75.0 125.0 95.0
115.0 133.0 86.0 69.0
98.0 131.0 57.0 103.0
74.0 70.0 126.0 151.0
77.0 62.0 163.0 144.0
129.0 136.0 41.0 129.0
100.0 75.0 135.0 88.0
81.0 85.0 87.0 132.0
109.0 122.0 71.0 92.0
96.0 77.0 118.0 96.0
144.0 137.0 136.0 48.0
99.0 121.0 57.0 111.0
111.0 139.0 47.0 102.0
76.0 66.0 147.0 138.0
97.0 98.0 70.0 118.0
112.0 121.0 160.0 53.0
104.0 103.0 72.0 104.0
132.0 138.0 113.0 54.0
98.0 112.0 83.0 93.0
87.0 91.0 71.0 134.0
83.0 101.0 90.0 109.0
86.0 114.0 97.0 90.0
116.0 128.0 62.0 89.0
107.0 91.0 158.0 66.0
106.0 111.0 66.0 103.0
94.0 111.0 99.0 86.0
141.0 150.0 103.0 54.0
91.0 77.0 86.0 133.0
118.0 105.0 135.0 62.0
125.0 128.0 70.0 79.0
126.0 145.0 40.0 120.0
115.0 134.0 103.0 62.0
133.0 135.0 92.0 59.0
132.0 142.0 130.0 50.0
90.0 117.0 95.0 88.0
90.0 96.0 69.0 127.0
123.0 121.0 134.0 56.0
101.0 89.0 64.0 122.0
89.0 75.0 81.0 148.0
85.0 88.0 82.0 124.0
119.0 158.0 42.0 101.0
92.0 55.0 137.0 128.0
126.0 120.0 120.0 58.0
96.0 109.0 111.0 78.0
120.0 117.0 71.0 86.0
88.0 98.0 59.0 140.0
119.0 122.0 78.0 77.0
112.0 124.0 134.0 58.0
90.0 106.0 70.0 117.0
80.0 92.0 79.0 130.0
124.0 124.0 132.0 54.0
92.0 126.0 76.0 93.0
83.0 80.0 88.0 141.0
118.0 137.0 80.0 71.0
85.0 82.0 83.0 139.0
127.0 135.0 78.0 70.0
123.0 148.0 88.0 62.0
103.0 115.0 95.0 79.0
84.0 75.0 89.0 153.0
120.0 122.0 73.0 83.0
84.0 90.0 75.0 133.0
94.0 128.0 54.0 113.0
138.0 142.0 118.0 52.0
86.0 116.0 84.0 96.0
110.0 120.0 47.0 115.0
124.0 109.0 50.0 112.0
99.0 122.0 102.0 74.0
121.0 131.0 100.0 60.0
129.0 148.0 66.0 75.0
115.0 117.0 171.0 53.0
95.0 93.0 110.0 90.0
111.0 118.0 56.0 106.0
120.0 133.0 55.0 93.0
86.0 70.0 109.0 131.0
84.0 81.0 80.0 149.0
167.0 180.0 38.0 114.0
117.0 87.0 157.0 64.0
86.0 101.0 88.0 105.0
134.0 154.0 52.0 84.0
87.0 85.0 103.0 104.0
144.0 177.0 36.0 137.0
120.0 110.0 146.0 57.0
105.0 111.0 47.0 148.0
94.0 68.0 166.0 97.0
83.0 85.0 70.0 167.0
120.0 130.0 102.0 62.0
94.0 102.0 57.0 133.0
93.0 126.0 64.0 105.0
76.0 70.0 131.0 135.0
135.0 169.0 63.0 73.0
79.0 85.0 100.0 125.0
111.0 131.0 70.0 86.0
98.0 67.0 122.0 105.0
154.0 175.0 72.0 66.0
120.0 140.0 44.0 101.0
91.0 96.0 127.0 82.0
104.0 99.0 126.0 71.0
120.0 102.0 106.0 69.0
102.0 83.0 164.0 76.0
94.0 124.0 84.0 87.0
95.0 88.0 89.0 110.0
145.0 153.0 64.0 73.0
103.0 138.0 55.0 100.0
90.0 62.0 134.0 121.0
143.0 147.0 80.0 65.0
93.0 97.0 82.0 110.0
89.0 97.0 89.0 105.0
76.0 77.0 124.0 125.0
94.0 77.0 148.0 88.0
96.0 101.0 128.0 77.0
96.0 100.0 73.0 113.0
104.0 126.0 77.0 86.0
95.0 113.0 79.0 98.0
129.0 131.0 110.0 57.0
80.0 74.0 101.0 139.0
103.0 102.0 111.0 78.0
138.0 151.0 97.0 56.0
129.0 132.0 119.0 55.0
92.0 115.0 101.0 80.0
105.0 92.0 141.0 70.0
93.0 94.0 119.0 87.0
109.0 115.0 128.0 63.0
102.0 132.0 63.0 96.0
157.0 158.0 74.0 66.0
113.0 116.0 124.0 63.0
109.0 108.0 50.0 124.0
96.0 92.0 114.0 88.0
128.0 151.0 73.0 69.0
91.0 102.0 91.0 99.0
117.0 136.0 77.0 73.0
84.0 79.0 83.0 147.0
88.0 90.0 90.0 113.0
110.0 117.0 143.0 58.0
97.0 100.0 89.0 99.0
89.0 108.0 106.0 86.0
123.0 140.0 55.0 85.0
97.0 77.0 156.0 85.0
82.0 104.0 78.0 118.0
128.0 128.0 137.0 52.0
97.0 93.0 95.0 97.0
85.0 68.0 108.0 146.0
87.0 128.0 85.0 89.0
102.0 95.0 63.0 124.0
95.0 50.0 173.0 124.0
103.0 109.0 110.0 73.0
96.0 91.0 105.0 91.0
84.0 63.0 136.0 134.0
86.0 111.0 67.0 118.0
83.0 118.0 96.0 89.0
114.0 83.0 161.0 66.0
86.0 74.0 97.0 132.0
88.0 75.0 114.0 111.0
164.0 146.0 46.0 91.0
128.0 141.0 133.0 49.0
85.0 102.0 125.0 85.0
145.0 156.0 85.0 61.0
103.0 84.0 87.0 107.0
82.0 123.0 91.0 91.0
90.0 108.0 86.0 100.0
114.0 93.0 133.0 68.0
121.0 112.0 46.0 118.0
89.0 79.0 87.0 131.0
108.0 136.0 68.0 86.0
111.0 131.0 56.0 99.0
98.0 96.0 54.0 145.0
88.0 81.0 109.0 109.0
111.0 125.0 68.0 90.0
83.0 59.0 171.0 132.0
86.0 76.0 111.0 116.0
93.0 82.0 86.0 118.0
87.0 111.0 89.0 97.0
106.0 112.0 118.0 69.0
100.0 110.0 98.0 83.0
106.0 96.0 130.0 74.0
74.0 86.0 124.0 109.0
104.0 117.0 136.0 62.0
92.0 121.0 93.0 82.0
81.0 65.0 148.0 126.0
78.0 65.0 129.0 145.0
105.0 110.0 155.0 60.0
111.0 98.0 54.0 120.0
125.0 168.0 59.0 77.0
105.0 105.0 142.0 64.0
104.0 89.0 62.0 125.0
143.0 155.0 80.0 64.0
96.0 96.0 61.0 126.0
104.0 81.0 127.0 83.0
99.0 82.0 165.0 79.0
94.0 88.0 75.0 120.0
91.0 76.0 118.0 100.0
132.0 136.0 57.0 83.0
106.0 128.0 86.0 74.0
84.0 64.0 124.0 143.0
151.0 155.0 71.0 67.0
127.0 124.0 125.0 55.0
95.0 95.0 78.0 111.0
128.0 135.0 82.0 68.0
102.0 86.0 94.0 101.0
140.0 152.0 96.0 55.0
133.0 137.0 84.0 63.0
75.0 75.0 107.0 154.0
99.0 85.0 144.0 79.0
123.0 104.0 119.0 64.0
103.0 96.0 166.0 65.0
99.0 104.0 77.0 106.0
93.0 90.0 70.0 130.0
134.0 134.0 72.0 73.0
110.0 142.0 44.0 103.0
88.0 109.0 76.0 110.0
130.0 133.0 134.0 50.0
105.0 118.0 52.0 113.0
82.0 78.0 88.0 147.0
129.0 155.0 54.0 79.0
96.0 116.0 61.0 115.0
121.0 136.0 92.0 64.0
116.0 109.0 167.0 54.0
108.0 117.0 45.0 143.0
92.0 65.0 132.0 110.0
114.0 137.0 69.0 81.0
82.0 83.0 76.0 153.0
96.0 83.0 82.0 115.0
107.0 111.0 57.0 113.0
127.0 134.0 66.0 79.0
119.0 120.0 86.0 73.0
92.0 86.0 64.0 138.0
84.0 98.0 68.0 133.0
83.0 77.0 126.0 103.0
94.0 76.0 86.0 129.0
117.0 111.0 55.0 109.0
121.0 125.0 135.0 55.0
133.0 130.0 148.0 49.0
94.0 127.0 69.0 99.0
111.0 115.0 94.0 75.0
102.0 87.0 133.0 79.0
71.0 80.0 104.0 160.0
151.0 162.0 133.0 48.0
139.0 163.0 78.0 64.0
134.0 138.0 100.0 57.0
95.0 115.0 63.0 114.0
85.0 85.0 89.0 121.0
91.0 70.0 117.0 112.0
155.0 175.0 41.0 98.0
95.0 108.0 120.0 76.0
122.0 110.0 139.0 56.0
122.0 127.0 68.0 82.0
119.0 122.0 135.0 56.0
120.0 116.0 111.0 64.0
87.0 66.0 109.0 143.0
109.0 118.0 57.0 107.0
118.0 137.0 43.0 114.0
80.0 105.0 71.0 125.0
105.0 130.0 45.0 116.0
83.0 90.0 78.0 128.0
107.0 109.0 105.0 75.0
101.0 113.0 140.0 64.0
143.0 157.0 75.0 66.0
126.0 138.0 126.0 53.0
116.0 128.0 84.0 74.0
88.0 58.0 139.0 128.0
108.0 127.0 59.0 98.0
90.0 104.0 92.0 96.0
99.0 70.0 102.0 112.0
76.0 74.0 144.0 122.0
84.0 84.0 93.0 123.0
88.0 96.0 60.0 135.0
97.0 102.0 55.0 136.0
85.0 118.0 98.0 87.0
114.0 107.0 144.0 58.0
132.0 130.0 95.0 61.0
89.0 119.0 88.0 87.0
124.0 152.0 53.0 85.0
76.0 84.0 123.0 112.0
105.0 125.0 64.0 97.0
138.0 147.0 47.0 90.0
128.0 154.0 61.0 75.0
90.0 81.0 72.0 147.0
106.0 124.0 102.0 69.0
84.0 89.0 70.0 150.0
90.0 90.0 91.0 111.0
118.0 117.0 52.0 105.0
101.0 124.0 129.0 62.0
87.0 78.0 111.0 112.0
97.0 119.0 61.0 107.0
95.0 108.0 68.0 114.0
103.0 106.0 51.0 129.0
101.0 125.0 84.0 82.0
130.0 140.0 62.0 79.0
91.0 91.0 101.0 103.0
87.0 102.0 88.0 104.0
119.0 134.0 83.0 70.0
94.0 92.0 99.0 100.0
95.0 77.0 71.0 145.0
138.0 146.0 85.0 62.0
83.0 115.0 99.0 89.0
100.0 58.0 145.0 105.0
104.0 100.0 82.0 98.0
111.0 137.0 105.0 61.0
109.0 107.0 90.0 83.0
126.0 140.0 75.0 69.0
102.0 105.0 97.0 84.0
82.0 75.0 97.0 137.0
82.0 87.0 88.0 124.0
87.0 77.0 75.0 163.0
109.0 110.0 126.0 66.0
107.0 137.0 109.0 62.0
124.0 152.0 64.0 76.0
130.0 146.0 44.0 93.0
110.0 102.0 69.0 105.0
93.0 107.0 131.0 74.0
99.0 96.0 59.0 129.0
113.0 109.0 49.0 124.0
106.0 106.0 130.0 68.0
113.0 121.0 54.0 106.0
84.0 78.0 115.0 114.0
91.0 64.0 129.0 116.0
109.0 90.0 51.0 155.0
132.0 144.0 142.0 48.0
82.0 86.0 89.0 127.0
105.0 100.0 146.0 65.0
91.0 107.0 70.0 112.0
142.0 151.0 82.0 63.0
102.0 101.0 59.0 118.0
81.0 68.0 142.0 125.0
106.0 145.0 43.0 115.0
81.0 105.0 85.0 111.0
110.0 100.0 75.0 100.0
88.0 66.0 111.0 138.0
87.0 71.0 95.0 138.0
81.0 83.0 108.0 115.0
85.0 98.0 61.0 137.0
82.0 67.0 125.0 127.0
132.0 130.0 91.0 63.0
77.0 78.0 94.0 162.0
113.0 138.0 101.0 60.0
123.0 118.0 54.0 101.0
112.0 119.0 148.0 55.0
141.0 151.0 91.0 58.0
118.0 127.0 84.0 70.0
80.0 75.0 135.0 113.0
94.0 99.0 71.0 118.0
106.0 93.0 148.0 68.0
103.0 125.0 72.0 90.0
114.0 121.0 174.0 52.0
94.0 70.0 112.0 114.0
130.0 126.0 123.0 55.0
119.0 89.0 169.0 61.0
98.0 90.0 94.0 101.0
88.0 74.0 91.0 138.0
101.0 71.0 91.0 118.0
91.0 92.0 107.0 95.0
113.0 119.0 147.0 55.0
87.0 102.0 93.0 101.0
86.0 80.0 133.0 94.0
98.0 107.0 87.0 94.0
92.0 106.0 105.0 84.0
98.0 66.0 113.0 108.0
113.0 118.0 126.0 61.0
125.0 132.0 97.0 61.0
107.0 110.0 89.0 85.0
117.0 123.0 104.0 64.0
112.0 103.0 164.0 58.0
85.0 78.0 97.0 130.0
134.0 128.0 163.0 48.0
95.0 94.0 89.0 103.0
92.0 88.0 79.0 121.0
113.0 126.0 91.0 70.0
128.0 119.0 73.0 79.0
118.0 123.0 43.0 123.0
93.0 100.0 123.0 80.0
133.0 127.0 111.0 56.0
122.0 112.0 151.0 54.0
131.0 133.0 81.0 66.0
77.0 61.0 185.0 150.0
97.0 87.0 131.0 86.0
136.0 146.0 48.0 86.0
82.0 71.0 119.0 129.0
111.0 117.0 91.0 75.0
118.0 137.0 54.0 91.0
87.0 83.0 87.0 122.0
91.0 123.0 76.0 99.0
114.0 127.0 58.0 95.0
122.0 145.0 63.0 78.0
90.0 63.0 178.0 110.0
99.0 96.0 65.0 121.0
77.0 98.0 70.0 138.0
86.0 120.0 72.0 107.0
112.0 98.0 58.0 116.0
103.0 108.0 78.0 97.0
123.0 149.0 67.0 77.0
116.0 124.0 110.0 62.0
100.0 124.0 88.0 80.0
90.0 84.0 61.0 162.0
70.0 77.0 136.0 134.0
92.0 82.0 156.0 85.0
82.0 66.0 149.0 125.0
115.0 113.0 57.0 106.0
145.0 159.0 38.0 130.0
98.0 98.0 74.0 112.0
142.0 152.0 51.0 84.0
99.0 119.0 47.0 139.0
88.0 97.0 125.0 86.0
96.0 79.0 154.0 85.0
104.0 98.0 152.0 65.0
103.0 124.0 102.0 71.0
103.0 132.0 77.0 84.0
103.0 122.0 87.0 78.0
106.0 115.0 55.0 112.0
93.0 72.0 177.0 95.0
96.0 97.0 54.0 146.0
91.0 86.0 89.0 115.0
120.0 90.0 123.0 72.0
83.0 86.0 83.0 130.0
101.0 82.0 154.0 77.0
108.0 105.0 100.0 77.0
108.0 114.0 94.0 78.0
117.0 139.0 98.0 61.0
83.0 113.0 84.0 101.0
97.0 122.0 83.0 85.0
90.0 88.0 58.0 153.0
117.0 128.0 89.0 67.0
105.0 98.0 72.0 109.0
115.0 119.0 45.0 128.0
140.0 144.0 98.0 57.0
93.0 84.0 80.0 123.0
120.0 114.0 76.0 85.0
80.0 83.0 92.0 137.0
120.0 140.0 58.0 86.0
87.0 92.0 109.0 97.0
134.0 155.0 79.0 66.0
96.0 93.0 77.0 114.0
130.0 156.0 104.0 54.0
148.0 147.0 84.0 62.0
121.0 154.0 56.0 81.0
115.0 127.0 93.0 68.0
113.0 130.0 56.0 94.0
109.0 119.0 130.0 60.0
108.0 118.0 50.0 116.0
124.0 134.0 103.0 58.0
99.0 100.0 113.0 78.0
113.0 141.0 72.0 78.0
102.0 127.0 75.0 89.0
122.0 127.0 147.0 52.0
130.0 149.0 70.0 71.0
90.0 93.0 72.0 126.0
105.0 137.0 71.0 84.0
97.0 102.0 91.0 93.0
110.0 140.0 49.0 101.0
98.0 122.0 106.0 73.0
94.0 115.0 129.0 70.0
106.0 75.0 90.0 110.0
100.0 83.0 96.0 103.0
126.0 147.0 65.0 77.0
116.0 145.0 67.0 78.0
77.0 63.0 153.0 142.0
92.0 87.0 79.0 123.0
106.0 115.0 49.0 129.0
77.0 90.0 84.0 138.0
97.0 100.0 69.0 114.0
106.0 134.0 74.0 83.0
89.0 76.0 97.0 128.0
132.0 173.0 38.0 121.0
97.0 123.0 73.0 95.0
115.0 122.0 56.0 101.0
114.0 131.0 103.0 63.0
118.0 107.0 103.0 71.0
102.0 120.0 78.0 89.0
137.0 118.0 116.0 56.0
106.0 98.0 119.0 73.0
125.0 150.0 64.0 77.0
75.0 99.0 89.0 118.0
100.0 87.0 74.0 116.0
109.0 134.0 51.0 103.0
97.0 116.0 57.0 116.0
97.0 108.0 74.0 104.0
129.0 139.0 148.0 48.0
101.0 88.0 119.0 82.0
85.0 81.0 120.0 106.0
97.0 87.0 67.0 129.0
101.0 69.0 108.0 103.0
100.0 77.0 147.0 84.0
79.0 82.0 123.0 109.0
102.0 99.0 131.0 73.0
136.0 131.0 125.0 53.0
72.0 96.0 90.0 125.0
84.0 73.0 123.0 117.0
95.0 71.0 85.0 137.0
108.0 131.0 77.0 79.0
122.0 128.0 66.0 82.0
87.0 84.0 70.0 152.0
84.0 65.0 117.0 136.0
106.0 90.0 178.0 64.0
83.0 74.0 93.0 153.0
101.0 124.0 94.0 77.0
81.0 71.0 119.0 131.0
98.0 125.0 90.0 80.0
89.0 109.0 66.0 116.0
108.0 121.0 66.0 93.0
89.0 117.0 102.0 82.0
116.0 131.0 108.0 60.0
118.0 112.0 46.0 123.0
100.0 86.0 131.0 82.0
79.0 90.0 76.0 139.0
105.0 131.0 83.0 75.0
73.0 84.0 116.0 118.0
109.0 97.0 66.0 112.0
108.0 138.0 68.0 85.0
88.0 102.0 89.0 102.0
90.0 116.0 104.0 81.0
87.0 79.0 88.0 131.0
100.0 97.0 103.0 87.0
104.0 103.0 116.0 75.0
154.0 145.0 68.0 71.0
124.0 121.0 148.0 53.0
129.0 133.0 83.0 68.0
105.0 116.0 125.0 65.0
92.0 65.0 152.0 105.0
77.0 76.0 93.0 163.0
109.0 125.0 94.0 69.0
108.0 109.0 138.0 62.0
126.0 141.0 74.0 72.0
97.0 85.0 88.0 111.0
99.0 104.0 121.0 74.0
109.0 107.0 50.0 131.0
153.0 148.0 72.0 68.0
100.0 121.0 79.0 90.0
96.0 81.0 121.0 87.0
117.0 137.0 89.0 66.0
90.0 113.0 94.0 89.0
121.0 129.0 86.0 68.0
112.0 107.0 151.0 59.0
112.0 133.0 76.0 79.0
90.0 109.0 98.0 88.0
95.0 99.0 101.0 91.0
90.0 95.0 90.0 108.0
90.0 89.0 73.0 130.0
140.0 128.0 118.0 53.0
107.0 102.0 125.0 71.0
119.0 130.0 60.0 87.0
85.0 100.0 85.0 113.0
102.0 90.0 109.0 88.0
103.0 110.0 82.0 93.0
92.0 108.0 70.0 111.0
103.0 104.0 62.0 116.0
114.0 131.0 81.0 72.0
98.0 115.0 68.0 105.0
83.0 88.0 84.0 128.0
91.0 104.0 98.0 95.0
98.0 98.0 150.0 69.0
104.0 117.0 81.0 85.0
94.0 91.0 57.0 149.0
96.0 126.0 96.0 76.0
113.0 120.0 69.0 92.0
104.0 86.0 77.0 113.0
99.0 78.0 68.0 141.0
143.0 155.0 123.0 49.0
116.0 119.0 115.0 64.0
106.0 106.0 100.0 79.0
132.0 147.0 43.0 97.0
141.0 166.0 39.0 106.0
127.0 118.0 70.0 85.0
100.0 105.0 115.0 77.0
109.0 128.0 79.0 80.0
94.0 80.0 135.0 90.0
126.0 137.0 87.0 63.0
87.0 81.0 97.0 116.0
118.0 130.0 101.0 64.0
136.0 138.0 80.0 66.0
86.0 78.0 150.0 96.0
133.0 132.0 160.0 47.0
121.0 130.0 44.0 109.0
147.0 148.0 95.0 57.0
131.0 156.0 53.0 83.0
97.0 116.0 128.0 68.0
132.0 149.0 62.0 74.0
142.0 147.0 89.0 60.0
98.0 95.0 106.0 89.0
120.0 114.0 54.0 106.0
89.0 105.0 109.0 87.0
104.0 101.0 151.0 63.0
84.0 61.0 147.0 135.0
94.0 69.0 85.0 143.0
94.0 119.0 70.0 101.0
109.0 116.0 60.0 100.0
82.0 63.0 155.0 126.0
106.0 127.0 72.0 89.0
89.0 91.0 73.0 128.0
134.0 138.0 105.0 56.0
88.0 105.0 69.0 120.0
143.0 127.0 39.0 158.0
92.0 93.0 77.0 119.0
91.0 59.0 167.0 112.0
98.0 107.0 90.0 93.0
88.0 107.0 84.0 104.0
99.0 119.0 71.0 98.0
132.0 116.0 145.0 53.0
109.0 117.0 128.0 62.0
117.0 135.0 95.0 63.0
100.0 106.0 96.0 86.0
82.0 96.0 83.0 122.0
134.0 141.0 121.0 51.0
115.0 123.0 113.0 62.0
95.0 88.0 98.0 102.0
94.0 79.0 126.0 93.0
107.0 114.0 176.0 55.0
139.0 118.0 41.0 149.0
92.0 82.0 67.0 147.0
73.0 80.0 106.0 147.0
141.0 152.0 87.0 60.0
90.0 89.0 96.0 104.0
85.0 73.0 91.0 148.0
86.0 83.0 73.0 147.0
96.0 90.0 88.0 108.0
95.0 106.0 50.0 138.0
85.0 68.0 153.0 111.0
133.0 119.0 98.0 62.0
129.0 134.0 95.0 58.0
86.0 70.0 111.0 123.0
106.0 94.0 145.0 69.0
86.0 115.0 101.0 86.0
116.0 127.0 64.0 89.0
91.0 116.0 79.0 99.0
95.0 101.0 106.0 87.0
141.0 128.0 117.0 53.0
97.0 92.0 107.0 89.0
90.0 128.0 88.0 86.0
103.0 100.0 69.0 113.0
95.0 112.0 76.0 101.0
95.0 103.0 94.0 94.0
83.0 70.0 125.0 122.0
113.0 133.0 105.0 62.0
125.0 116.0 103.0 64.0
118.0 128.0 102.0 64.0
108.0 116.0 46.0 143.0
87.0 65.0 136.0 117.0
100.0 109.0 114.0 75.0
104.0 97.0 140.0 71.0
115.0 109.0 76.0 92.0
107.0 92.0 168.0 64.0
114.0 129.0 104.0 63.0
90.0 95.0 103.0 99.0
103.0 87.0 72.0 119.0
73.0 68.0 150.0 148.0
103.0 111.0 62.0 108.0
108.0 139.0 43.0 116.0
92.0 112.0 63.0 116.0
109.0 106.0 48.0 138.0
119.0 140.0 70.0 75.0
115.0 90.0 172.0 61.0
100.0 101.0 133.0 72.0
73.0 86.0 124.0 114.0
125.0 149.0 57.0 80.0
116.0 116.0 132.0 59.0
96.0 76.0 109.0 99.0
94.0 62.0 121.0 121.0
97.0 95.0 55.0 152.0
87.0 67.0 139.0 114.0
88.0 76.0 87.0 139.0
83.0 94.0 67.0 142.0
90.0 121.0 135.0 67.0
113.0 129.0 45.0 115.0
116.0 117.0 85.0 79.0
88.0 67.0 99.0 151.0
93.0 112.0 67.0 111.0
122.0 130.0 139.0 52.0
129.0 151.0 39.0 114.0
119.0 118.0 89.0 73.0
93.0 113.0 100.0 83.0
95.0 98.0 82.0 106.0
117.0 131.0 52.0 97.0
97.0 116.0 83.0 92.0
116.0 139.0 71.0 76.0
96.0 76.0 128.0 93.0
109.0 72.0 103.0 101.0
142.0 157.0 116.0 50.0
118.0 126.0 150.0 51.0
115.0 129.0 85.0 72.0
113.0 98.0 48.0 156.0
82.0 81.0 77.0 162.0
86.0 62.0 151.0 122.0
91.0 84.0 64.0 144.0
109.0 116.0 86.0 79.0
90.0 76.0 109.0 114.0
100.0 71.0 79.0 136.0
89.0 77.0 92.0 127.0
84.0 105.0 132.0 80.0
107.0 125.0 51.0 108.0
77.0 68.0 131.0 142.0
151.0 143.0 47.0 89.0
97.0 78.0 144.0 86.0
94.0 125.0 63.0 106.0
79.0 115.0 110.0 85.0
93.0 94.0 60.0 134.0
107.0 115.0 62.0 104.0
150.0 164.0 77.0 64.0
86.0 76.0 121.0 106.0
117.0 110.0 85.0 81.0
100.0 130.0 53.0 108.0
89.0 118.0 100.0 82.0
107.0 134.0 74.0 80.0
100.0 86.0 65.0 129.0
119.0 121.0 99.0 68.0
103.0 114.0 120.0 68.0
105.0 102.0 56.0 127.0
124.0 99.0 152.0 57.0
86.0 65.0 142.0 120.0
89.0 106.0 69.0 119.0
90.0 75.0 86.0 139.0
75.0 82.0 86.0 167.0
113.0 134.0 78.0 73.0
102.0 102.0 58.0 124.0
106.0 84.0 168.0 71.0
111.0 115.0 58.0 106.0
96.0 120.0 97.0 79.0
157.0 177.0 39.0 102.0
88.0 63.0 143.0 117.0
78.0 74.0 102.0 155.0
127.0 141.0 103.0 57.0
95.0 106.0 61.0 118.0
114.0 114.0 127.0 62.0
110.0 139.0 67.0 83.0
127.0 138.0 77.0 71.0
78.0 68.0 123.0 144.0
132.0 112.0 143.0 54.0
136.0 161.0 115.0 51.0
93.0 119.0 134.0 65.0
86.0 121.0 89.0 89.0
115.0 134.0 99.0 64.0
84.0 81.0 89.0 133.0
84.0 92.0 90.0 116.0
83.0 91.0 64.0 153.0
142.0 127.0 126.0 52.0
115.0 123.0 117.0 60.0
100.0 118.0 52.0 117.0
106.0 116.0 56.0 109.0
142.0 150.0 83.0 63.0
141.0 156.0 79.0 65.0
74.0 74.0 113.0 148.0
109.0 126.0 111.0 65.0
83.0 72.0 97.0 152.0
106.0 108.0 47.0 162.0
100.0 82.0 183.0 78.0
124.0 126.0 144.0 52.0
97.0 85.0 73.0 124.0
146.0 160.0 79.0 63.0
80.0 80.0 81.0 163.0
87.0 96.0 132.0 86.0
90.0 124.0 63.0 107.0
126.0 143.0 60.0 81.0
82.0 69.0 128.0 124.0
118.0 112.0 44.0 132.0
86.0 78.0 84.0 143.0
74.0 79.0 99.0 161.0
87.0 65.0 113.0 135.0
103.0 96.0 76.0 108.0
86.0 66.0 149.0 114.0
80.0 81.0 106.0 121.0
118.0 133.0 72.0 79.0
96.0 74.0 120.0 99.0
77.0 82.0 82.0 165.0
122.0 151.0 59.0 80.0
102.0 71.0 98.0 109.0
121.0 116.0 102.0 66.0
124.0 124.0 61.0 90.0
119.0 121.0 130.0 57.0
94.0 99.0 72.0 116.0
94.0 96.0 136.0 75.0
85.0 82.0 78.0 152.0
75.0 94.0 89.0 123.0
97.0 94.0 61.0 128.0
97.0 95.0 77.0 111.0
125.0 136.0 52.0 89.0
132.0 127.0 127.0 52.0
151.0 164.0 68.0 69.0
130.0 152.0 57.0 78.0
96.0 67.0 107.0 117.0
120.0 115.0 136.0 58.0
127.0 150.0 40.0 110.0
145.0 156.0 83.0 62.0
74.0 77.0 107.0 147.0
95.0 114.0 64.0 108.0
129.0 136.0 107.0 56.0
90.0 91.0 110.0 96.0
87.0 89.0 70.0 136.0
102.0 121.0 62.0 100.0
99.0 68.0 140.0 92.0
171.0 171.0 37.0 131.0
116.0 108.0 48.0 123.0
109.0 98.0 141.0 67.0
116.0 122.0 44.0 119.0
100.0 92.0 125.0 79.0
82.0 68.0 138.0 126.0
89.0 53.0 165.0 136.0
103.0 122.0 69.0 96.0
76.0 92.0 77.0 141.0
117.0 97.0 129.0 66.0
106.0 103.0 156.0 60.0
114.0 96.0 94.0 85.0
138.0 139.0 81.0 65.0
123.0 134.0 130.0 53.0
107.0 116.0 133.0 63.0
132.0 137.0 79.0 67.0
75.0 76.0 137.0 122.0
106.0 129.0 118.0 63.0
137.0 143.0 51.0 85.0
103.0 129.0 93.0 74.0
105.0 128.0 64.0 95.0
90.0 61.0 161.0 112.0
130.0 142.0 74.0 69.0
84.0 87.0 78.0 137.0
107.0 77.0 80.0 116.0
110.0 104.0 48.0 145.0
109.0 148.0 60.0 86.0
91.0 90.0 79.0 119.0
117.0 123.0 169.0 51.0
97.0 102.0 63.0 121.0
119.0 123.0 53.0 101.0
134.0 139.0 109.0 53.0
159.0 145.0 145.0 46.0
87.0 76.0 133.0 98.0
93.0 111.0 80.0 102.0
108.0 96.0 53.0 128.0
93.0 120.0 97.0 81.0
132.0 125.0 122.0 54.0
102.0 89.0 87.0 102.0
102.0 117.0 118.0 68.0
87.0 74.0 87.0 145.0
107.0 101.0 94.0 86.0
105.0 125.0 127.0 61.0
100.0 127.0 73.0 92.0
159.0 166.0 42.0 98.0
112.0 132.0 73.0 82.0
122.0 145.0 62.0 82.0
98.0 91.0 136.0 78.0
99.0 84.0 65.0 135.0
91.0 114.0 63.0 115.0
78.0 74.0 111.0 140.0
134.0 120.0 135.0 53.0
113.0 114.0 76.0 87.0
97.0 69.0 97.0 123.0
124.0 158.0 128.0 50.0
105.0 111.0 81.0 89.0
94.0 112.0 80.0 100.0
94.0 59.0 132.0 121.0
102.0 116.0 51.0 121.0
88.0 65.0 146.0 114.0
81.0 87.0 96.0 120.0
81.0 76.0 125.0 113.0
108.0 109.0 134.0 64.0
92.0 108.0 62.0 120.0
96.0 80.0 164.0 84.0
96.0 66.0 142.0 98.0
94.0 124.0 89.0 84.0
98.0 87.0 63.0 130.0
132.0 151.0 42.0 100.0
107.0 113.0 104.0 75.0
95.0 71.0 142.0 92.0
110.0 123.0 96.0 70.0
87.0 98.0 83.0 114.0
116.0 131.0 140.0 54.0
94.0 115.0 80.0 96.0
117.0 141.0 90.0 65.0
101.0 76.0 104.0 103.0
86.0 96.0 109.0 96.0
121.0 107.0 48.0 119.0
100.0 92.0 59.0 135.0
89.0 84.0 136.0 88.0
79.0 58.0 193.0 150.0
121.0 120.0 98.0 67.0
116.0 139.0 63.0 84.0
127.0 122.0 113.0 57.0
155.0 176.0 40.0 98.0
107.0 95.0 77.0 107.0
90.0 98.0 73.0 121.0
132.0 144.0 106.0 55.0
94.0 122.0 78.0 95.0
85.0 82.0 91.0 125.0
110.0 111.0 104.0 72.0
145.0 156.0 101.0 54.0
78.0 93.0 73.0 139.0
90.0 109.0 88.0 95.0
113.0 123.0 53.0 103.0
130.0 134.0 86.0 63.0
82.0 79.0 143.0 101.0
119.0 136.0 97.0 62.0
94.0 78.0 100.0 112.0
119.0 143.0 104.0 57.0
114.0 137.0 96.0 63.0
81.0 91.0 72.0 137.0
108.0 96.0 137.0 68.0
95.0 83.0 86.0 114.0
94.0 82.0 115.0 96.0
88.0 95.0 58.0 151.0
90.0 75.0 88.0 135.0
146.0 133.0 129.0 50.0
105.0 95.0 102.0 87.0
117.0 170.0 50.0 85.0
104.0 120.0 66.0 97.0
95.0 129.0 93.0 78.0
94.0 97.0 133.0 77.0
90.0 77.0 84.0 138.0
87.0 100.0 99.0 96.0
87.0 87.0 97.0 109.0
114.0 118.0 118.0 64.0
131.0 126.0 92.0 64.0
89.0 101.0 71.0 120.0
88.0 106.0 116.0 80.0
146.0 136.0 140.0 47.0
119.0 136.0 48.0 96.0
140.0 154.0 66.0 73.0
112.0 127.0 80.0 77.0
124.0 101.0 164.0 55.0
97.0 105.0 131.0 71.0
82.0 80.0 86.0 146.0
105.0 93.0 75.0 111.0
74.0 92.0 84.0 141.0
72.0 72.0 134.0 142.0
134.0 135.0 83.0 64.0
107.0 96.0 49.0 161.0
108.0 104.0 48.0 149.0
101.0 96.0 91.0 98.0
122.0 136.0 143.0 51.0
126.0 151.0 72.0 71.0
89.0 82.0 93.0 113.0
105.0 103.0 96.0 84.0
103.0 121.0 121.0 66.0
98.0 111.0 77.0 99.0
108.0 100.0 49.0 157.0
81.0 65.0 129.0 142.0
95.0 108.0 77.0 106.0
109.0 131.0 116.0 61.0
152.0 170.0 38.0 119.0
94.0 84.0 138.0 81.0
116.0 98.0 169.0 57.0
113.0 123.0 106.0 66.0
116.0 103.0 109.0 72.0
90.0 94.0 64.0 131.0
116.0 108.0 95.0 75.0
84.0 71.0 105.0 132.0
105.0 108.0 126.0 69.0
73.0 81.0 90.0 169.0
91.0 97.0 79.0 115.0
117.0 92.0 177.0 58.0
111.0 138.0 93.0 66.0
140.0 126.0 40.0 137.0
83.0 79.0 105.0 119.0
110.0 129.0 43.0 129.0
131.0 139.0 115.0 53.0
119.0 143.0 65.0 78.0
122.0 154.0 41.0 103.0
84.0 95.0 89.0 113.0
100.0 111.0 99.0 80.0
118.0 106.0 173.0 55.0
128.0 133.0 86.0 67.0
74.0 73.0 115.0 171.0
81.0 76.0 102.0 131.0
110.0 123.0 73.0 87.0
112.0 105.0 139.0 61.0
111.0 112.0 105.0 71.0
110.0 126.0 58.0 99.0
88.0 92.0 105.0 98.0
98.0 119.0 76.0 96.0
132.0 128.0 69.0 78.0
85.0 87.0 138.0 88.0
113.0 141.0 56.0 92.0
106.0 129.0 66.0 92.0
102.0 109.0 71.0 105.0
114.0 109.0 156.0 56.0
103.0 118.0 56.0 111.0
157.0 165.0 43.0 94.0
90.0 91.0 71.0 128.0
118.0 139.0 45.0 97.0
103.0 112.0 80.0 93.0
122.0 145.0 42.0 108.0
104.0 109.0 77.0 98.0
138.0 165.0 41.0 99.0
84.0 76.0 93.0 136.0
120.0 119.0 65.0 91.0
149.0 147.0 75.0 67.0
138.0 140.0 106.0 54.0
101.0 87.0 57.0 148.0
128.0 124.0 52.0 94.0
129.0 140.0 71.0 72.0
95.0 86.0 104.0 97.0
113.0 100.0 131.0 65.0
120.0 136.0 88.0 67.0
103.0 98.0 53.0 129.0
76.0 75.0 109.0 146.0
87.0 81.0 115.0 106.0
97.0 123.0 64.0 103.0
83.0 85.0 74.0 149.0
93.0 56.0 150.0 118.0
89.0 54.0 155.0 134.0
119.0 129.0 45.0 105.0
79.0 68.0 165.0 120.0
104.0 101.0 73.0 105.0
96.0 88.0 94.0 103.0
122.0 122.0 121.0 57.0
91.0 108.0 127.0 75.0
103.0 79.0 137.0 83.0
92.0 74.0 122.0 103.0
95.0 119.0 92.0 80.0
119.0 143.0 55.0 87.0
90.0 91.0 74.0 125.0
87.0 90.0 115.0 92.0
128.0 143.0 145.0 47.0
111.0 126.0 119.0 59.0
113.0 110.0 97.0 73.0
96.0 114.0 86.0 87.0
107.0 105.0 147.0 61.0
94.0 54.0 157.0 118.0
70.0 79.0 110.0 154.0
99.0 118.0 56.0 116.0
96.0 71.0 108.0 111.0
146.0 154.0 108.0 53.0
115.0 89.0 161.0 62.0
137.0 157.0 76.0 67.0
103.0 75.0 72.0 133.0
98.0 100.0 78.0 105.0
94.0 57.0 160.0 116.0
92.0 91.0 101.0 101.0
101.0 130.0 74.0 88.0
94.0 58.0 159.0 112.0
80.0 93.0 65.0 155.0
99.0 120.0 111.0 70.0
102.0 122.0 51.0 119.0
124.0 133.0 76.0 72.0
101.0 74.0 154.0 85.0
140.0 144.0 120.0 50.0
93.0 125.0 75.0 96.0
105.0 91.0 129.0 75.0
104.0 72.0 133.0 88.0
82.0 74.0 132.0 113.0
96.0 105.0 84.0 100.0
85.0 87.0 90.0 119.0
77.0 82.0 130.0 112.0
95.0 81.0 92.0 109.0
89.0 66.0 137.0 107.0
134.0 150.0 67.0 72.0
111.0 142.0 82.0 71.0
91.0 72.0 135.0 97.0
111.0 125.0 60.0 95.0
98.0 102.0 59.0 122.0
91.0 108.0 125.0 76.0
102.0 101.0 141.0 69.0
88.0 125.0 84.0 91.0
92.0 69.0 144.0 98.0
98.0 102.0 131.0 74.0
147.0 160.0 70.0 68.0
146.0 156.0 74.0 67.0
85.0 117.0 102.0 83.0
110.0 76.0 115.0 90.0
100.0 98.0 92.0 95.0
132.0 128.0 75.0 73.0
110.0 104.0 108.0 73.0
70.0 81.0 120.0 131.0
131.0 139.0 54.0 84.0
117.0 104.0 115.0 68.0
86.0 76.0 85.0 152.0
91.0 111.0 88.0 94.0
138.0 132.0 125.0 51.0
124.0 99.0 127.0 64.0
116.0 122.0 46.0 110.0
80.0 67.0 114.0 176.0
101.0 108.0 141.0 66.0
121.0 116.0 77.0 83.0
112.0 123.0 74.0 85.0
87.0 120.0 82.0 96.0
88.0 82.0 81.0 131.0
74.0 75.0 147.0 122.0
116.0 129.0 128.0 56.0
117.0 124.0 115.0 61.0
112.0 135.0 96.0 65.0
133.0 131.0 116.0 54.0
88.0 104.0 94.0 99.0
80.0 73.0 117.0 131.0
123.0 134.0 81.0 69.0
83.0 92.0 122.0 95.0
76.0 123.0 87.0 98.0
110.0 110.0 136.0 63.0
121.0 134.0 62.0 86.0
99.0 84.0 133.0 85.0
117.0 134.0 65.0 83.0
123.0 133.0 67.0 81.0
109.0 107.0 152.0 58.0
130.0 133.0 90.0 61.0
91.0 87.0 95.0 107.0
112.0 109.0 60.0 107.0
111.0 118.0 104.0 70.0
116.0 121.0 105.0 64.0
118.0 134.0 92.0 65.0
107.0 128.0 60.0 97.0
102.0 136.0 64.0 93.0
109.0 144.0 90.0 66.0
93.0 69.0 123.0 103.0
96.0 85.0 102.0 103.0
82.0 113.0 109.0 83.0
76.0 78.0 114.0 123.0
100.0 102.0 60.0 120.0
113.0 137.0 63.0 85.0
82.0 65.0 118.0 152.0
114.0 134.0 66.0 84.0
115.0 127.0 66.0 88.0
118.0 133.0 57.0 88.0
85.0 117.0 65.0 116.0
136.0 143.0 101.0 56.0
137.0 139.0 90.0 60.0
97.0 125.0 68.0 97.0
111.0 128.0 85.0 74.0
112.0 132.0 82.0 75.0
99.0 92.0 162.0 68.0
125.0 140.0 84.0 64.0
131.0 149.0 71.0 69.0
109.0 97.0 144.0 66.0
120.0 144.0 43.0 104.0
117.0 97.0 125.0 68.0
112.0 79.0 131.0 80.0
102.0 120.0 101.0 72.0
95.0 114.0 84.0 95.0
125.0 127.0 110.0 59.0
84.0 86.0 72.0 161.0
88.0 68.0 154.0 105.0
110.0 111.0 91.0 81.0
77.0 89.0 100.0 116.0
104.0 84.0 116.0 85.0
144.0 145.0 117.0 51.0
125.0 133.0 94.0 63.0
108.0 127.0 54.0 102.0
90.0 79.0 140.0 89.0
89.0 87.0 105.0 101.0
119.0 119.0 118.0 59.0
105.0 105.0 137.0 67.0
101.0 82.0 91.0 106.0
87.0 72.0 91.0 144.0
102.0 84.0 144.0 77.0
107.0 103.0 108.0 76.0
104.0 129.0 91.0 74.0
138.0 125.0 41.0 133.0
114.0 127.0 63.0 91.0
123.0 137.0 120.0 55.0
95.0 78.0 143.0 87.0
98.0 103.0 74.0 109.0
88.0 97.0 100.0 100.0
78.0 78.0 94.0 155.0
97.0 89.0 146.0 72.0
84.0 67.0 105.0 159.0
116.0 122.0 170.0 51.0
88.0 114.0 81.0 102.0
129.0 114.0 92.0 69.0
127.0 125.0 130.0 54.0
77.0 70.0 122.0 150.0
105.0 123.0 67.0 95.0
117.0 110.0 147.0 56.0
143.0 146.0 53.0 80.0
104.0 55.0 143.0 105.0
108.0 114.0 130.0 64.0
94.0 119.0 79.0 94.0
119.0 105.0 134.0 62.0
116.0 132.0 58.0 92.0
112.0 133.0 53.0 95.0
96.0 124.0 67.0 100.0
93.0 106.0 64.0 120.0
94.0 110.0 80.0 102.0
122.0 134.0 131.0 53.0
77.0 103.0 70.0 133.0
144.0 156.0 108.0 53.0
77.0 92.0 93.0 119.0
124.0 144.0 41.0 116.0
91.0 80.0 67.0 153.0
83.0 87.0 72.0 161.0
123.0 155.0 50.0 86.0
118.0 104.0 45.0 155.0
79.0 66.0 123.0 151.0
128.0 115.0 97.0 66.0
105.0 120.0 111.0 68.0
111.0 102.0 65.0 106.0
93.0 63.0 135.0 107.0
128.0 143.0 68.0 73.0
89.0 85.0 70.0 145.0
86.0 75.0 99.0 127.0
96.0 92.0 71.0 122.0
115.0 98.0 56.0 119.0
108.0 118.0 69.0 95.0
145.0 141.0 127.0 49.0
112.0 99.0 111.0 71.0
81.0 110.0 115.0 86.0
112.0 115.0 59.0 105.0
108.0 106.0 172.0 56.0
93.0 98.0 70.0 119.0
92.0 83.0 80.0 126.0
78.0 82.0 104.0 126.0
138.0 148.0 113.0 52.0
91.0 96.0 58.0 138.0
124.0 155.0 40.0 107.0
92.0 112.0 69.0 111.0
106.0 119.0 115.0 67.0
104.0 117.0 48.0 132.0
103.0 115.0 65.0 105.0
122.0 131.0 91.0 65.0
119.0 133.0 47.0 100.0
100.0 121.0 62.0 105.0
90.0 75.0 148.0 96.0
104.0 94.0 102.0 88.0
109.0 96.0 57.0 124.0
124.0 137.0 58.0 84.0
85.0 79.0 95.0 131.0
109.0 111.0 53.0 116.0
145.0 161.0 68.0 70.0
132.0 129.0 139.0 50.0
111.0 115.0 130.0 61.0
85.0 121.0 90.0 89.0
86.0 80.0 95.0 124.0
91.0 73.0 131.0 98.0
95.0 125.0 80.0 89.0
99.0 96.0 74.0 114.0
111.0 132.0 44.0 111.0
138.0 164.0 42.0 99.0
115.0 113.0 52.0 111.0
98.0 128.0 75.0 92.0
84.0 110.0 85.0 105.0
134.0 125.0 65.0 81.0
96.0 85.0 68.0 135.0
113.0 113.0 73.0 93.0
98.0 71.0 125.0 96.0
111.0 98.0 62.0 115.0
118.0 113.0 55.0 102.0
118.0 167.0 53.0 84.0
131.0 128.0 84.0 68.0
117.0 119.0 81.0 77.0
93.0 73.0 79.0 152.0
83.0 81.0 91.0 135.0
107.0 137.0 59.0 92.0
92.0 98.0 57.0 147.0
107.0 120.0 65.0 99.0
106.0 126.0 81.0 80.0
106.0 116.0 157.0 56.0
94.0 77.0 103.0 108.0
117.0 131.0 122.0 56.0
123.0 120.0 53.0 99.0
81.0 88.0 131.0 93.0
89.0 92.0 76.0 122.0
94.0 107.0 68.0 115.0
107.0 113.0 105.0 74.0
146.0 167.0 36.0 150.0
100.0 113.0 63.0 110.0
101.0 110.0 128.0 70.0
149.0 167.0 87.0 59.0
101.0 108.0 49.0 133.0
137.0 151.0 38.0 145.0
79.0 88.0 90.0 129.0
120.0 112.0 63.0 98.0
109.0 128.0 70.0 89.0
76.0 88.0 83.0 146.0
83.0 77.0 83.0 153.0
117.0 135.0 99.0 61.0
88.0 73.0 103.0 123.0
90.0 93.0 64.0 136.0
98.0 118.0 67.0 102.0
88.0 57.0 149.0 130.0
99.0 121.0 74.0 93.0
116.0 96.0 157.0 59.0
97.0 93.0 71.0 120.0
112.0 115.0 156.0 54.0
113.0 143.0 51.0 94.0
115.0 105.0 119.0 67.0
110.0 141.0 93.0 65.0
98.0 79.0 140.0 85.0
111.0 117.0 59.0 104.0
95.0 96.0 73.0 118.0
125.0 139.0 63.0 81.0
104.0 140.0 45.0 108.0
77.0 67.0 163.0 132.0
126.0 122.0 77.0 76.0
126.0 132.0 88.0 66.0
82.0 104.0 116.0 89.0
97.0 113.0 74.0 103.0
106.0 114.0 145.0 58.0
100.0 96.0 52.0 137.0
148.0 161.0 63.0 72.0
118.0 128.0 162.0 49.0
87.0 100.0 69.0 125.0
162.0 176.0 45.0 92.0
98.0 97.0 103.0 90.0
94.0 71.0 110.0 114.0
131.0 143.0 67.0 73.0
104.0 131.0 61.0 96.0
91.0 123.0 69.0 102.0
122.0 118.0 60.0 92.0
99.0 99.0 58.0 126.0
81.0 73.0 97.0 156.0
100.0 105.0 108.0 81.0
96.0 113.0 117.0 74.0
119.0 130.0 104.0 61.0
99.0 107.0 110.0 76.0
92.0 97.0 113.0 87.0
97.0 90.0 134.0 81.0
113.0 85.0 108.0 83.0
89.0 95.0 54.0 161.0
124.0 114.0 132.0 58.0
85.0 106.0 104.0 93.0
121.0 113.0 92.0 71.0
108.0 125.0 89.0 76.0
104.0 112.0 140.0 61.0
98.0 116.0 120.0 69.0
107.0 130.0 91.0 71.0
79.0 75.0 135.0 118.0
78.0 62.0 178.0 140.0
127.0 137.0 70.0 74.0
94.0 76.0 138.0 89.0
98.0 105.0 96.0 88.0
103.0 110.0 146.0 63.0
83.0 76.0 113.0 118.0
85.0 71.0 96.0 154.0
144.0 157.0 66.0 71.0
109.0 114.0 73.0 94.0
113.0 106.0 91.0 82.0
84.0 110.0 99.0 92.0
79.0 85.0 77.0 155.0
167.0 174.0 60.0 74.0
127.0 139.0 92.0 60.0
108.0 134.0 62.0 91.0
92.0 104.0 60.0 126.0
119.0 124.0 165.0 50.0
