102.0 72.0 82.0 100.0
55.0 125.0 103.0 88.0
89.0 66.0 85.0 115.0
63.0 112.0 96.0 90.0
54.0 136.0 103.0 87.0
73.0 111.0 90.0 86.0
84.0 98.0 75.0 93.0
88.0 88.0 78.0 95.0
58.0 128.0 113.0 81.0
84.0 83.0 93.0 91.0
106.0 64.0 77.0 119.0
52.0 152.0 141.0 82.0
158.0 71.0 61.0 117.0
69.0 104.0 81.0 98.0
77.0 76.0 88.0 108.0
60.0 106.0 100.0 97.0
82.0 72.0 86.0 107.0
62.0 106.0 89.0 100.0
144.0 72.0 62.0 106.0
109.0 87.0 65.0 94.0
58.0 147.0 132.0 77.0
82.0 89.0 80.0 100.0
67.0 95.0 86.0 105.0
124.0 65.0 70.0 109.0
71.0 97.0 93.0 93.0
126.0 67.0 71.0 104.0
69.0 112.0 91.0 89.0
73.0 94.0 84.0 100.0
53.0 141.0 131.0 84.0
121.0 66.0 77.0 93.0
149.0 69.0 64.0 104.0
111.0 68.0 82.0 97.0
57.0 128.0 96.0 90.0
82.0 99.0 85.0 88.0
67.0 105.0 91.0 93.0
67.0 78.0 92.0 112.0
71.0 103.0 92.0 91.0
58.0 117.0 96.0 91.0
61.0 120.0 106.0 84.0
101.0 67.0 88.0 97.0
92.0 69.0 86.0 106.0
94.0 84.0 64.0 118.0
123.0 66.0 73.0 103.0
