105.0 76.0 96.0 92.0
91.0 87.0 85.0 106.0
73.0 74.0 99.0 123.0
51.0 108.0 123.0 138.0
147.0 84.0 77.0 82.0
140.0 72.0 72.0 103.0
48.0 107.0 135.0 150.0
91.0 70.0 88.0 120.0
118.0 68.0 85.0 101.0
115.0 70.0 100.0 88.0
56.0 102.0 101.0 138.0
57.0 97.0 109.0 126.0
117.0 69.0 80.0 107.0
123.0 74.0 88.0 90.0
79.0 76.0 91.0 122.0
54.0 112.0 103.0 135.0
64.0 98.0 107.0 109.0
81.0 73.0 85.0 129.0
115.0 65.0 87.0 106.0
59.0 101.0 109.0 120.0
67.0 80.0 106.0 118.0
46.0 155.0 166.0 137.0
62.0 98.0 105.0 113.0
75.0 71.0 93.0 130.0
144.0 83.0 79.0 82.0
103.0 81.0 82.0 104.0
61.0 91.0 102.0 127.0
107.0 73.0 90.0 99.0
87.0 80.0 107.0 95.0
99.0 74.0 104.0 93.0
121.0 69.0 83.0 101.0
143.0 73.0 70.0 103.0
99.0 68.0 88.0 115.0
72.0 72.0 105.0 124.0
95.0 79.0 93.0 101.0
89.0 77.0 101.0 102.0
125.0 71.0 82.0 97.0
55.0 116.0 109.0 124.0
135.0 67.0 71.0 110.0
154.0 79.0 68.0 95.0
110.0 74.0 90.0 97.0
49.0 104.0 128.0 140.0
101.0 71.0 98.0 100.0
69.0 80.0 108.0 114.0
47.0 136.0 152.0 133.0
85.0 68.0 96.0 121.0
128.0 72.0 80.0 97.0
52.0 108.0 108.0 137.0
113.0 65.0 78.0 116.0
85.0 85.0 93.0 107.0
98.0 80.0 93.0 99.0
93.0 82.0 99.0 94.0
