3
25
4
87 39 77 17 97 70 25 43 53 6 82 21 10 76 92 98 92 43 82 95 15 14 4 10 27
73 28 34 76 91 69 21 5 25 15 39 74 67 5 14 93 44 50 39 91 59 6 42 64 25
36 24 28 73 28 93 98 58 83 69 35 44 71 82 66 40 97 99 35 50 21 66 6 56 70
20 29 6 96 97 50 14 14 79 31 13 86 6 27 98 85 94 94 13 76 96 14 58 94 68
32 19 10 48 1 14 71 45 30 70 24 3 67 99 43 10 9 11 71 21 15 1 32 1 17
87 15 61 83 66 79 74 18 81 68 39 13 56 48 53 61 2 61 86 86 44 7 93 13 56
29 73 36 99 96 51 26 94 27 11 18 6 21 41 10 29 25 82 18 40 42 76 79 44 76
679 382 675 575