3
25
4
77 57 68 88 49 39 52 43 3 52 99 76 25 63 76 13 22 73 99 29 89 31 33 16 2
63 46 78 94 43 38 48 5 75 61 56 76 82 92 98 55 21 80 56 25 33 76 71 70 100
26 95 72 91 80 15 25 5 80 15 52 46 86 69 3 2 27 29 52 84 95 36 35 62 45
10 47 97 14 49 72 41 14 29 77 30 41 21 14 82 100 24 24 30 10 70 31 87 100 90
22 37 1 66 53 83 45 92 27 16 88 5 82 86 27 72 39 88 88 55 89 18 8 7 92
77 86 5 1 18 1 1 18 78 14 3 15 71 35 90 23 32 38 3 20 65 24 69 19 78
19 91 80 70 48 20 100 94 24 4 35 61 89 28 47 44 55 12 35 74 16 93 55 50 51
602 643 442 648