3
25
4
17 96 23 25 79 44 85 92 52 39 70 6 66 56 69 3 4 53 70 22 73 53 96 10 3
3 85 33 31 26 43 81 54 24 48 80 59 23 32 91 98 3 60 80 18 17 98 87 17 1
66 81 27 28 10 67 58 7 82 2 23 29 27 9 96 45 56 9 23 30 79 5 98 9 46
50 86 52 4 32 24 74 63 78 64 54 71 9 54 75 90 53 4 54 56 54 53 3 47 91
62 76 56 3 36 35 78 94 29 50 12 35 23 79 20 15 68 68 12 1 73 40 24 54 93
17 72 60 38 48 53 34 67 80 1 27 98 59 28 83 66 61 71 27 13 49 46 85 66 79
59 30 35 7 78 72 33 96 26 91 59 91 77 68 40 34 84 92 59 67 100 15 71 44 52
648 568 664 740