3
25
4
77 99 43 26 58 5 64 47 7 34 13 32 24 22 41 69 73 26 13 100 15 88 7 45 7
63 35 53 32 5 4 13 9 79 90 70 32 81 51 63 64 25 80 70 96 6 33 98 99 5
26 84 47 29 89 81 37 9 84 97 66 2 85 28 68 11 78 82 66 55 68 40 9 91 97
10 36 25 52 58 85 53 65 33 6 44 97 20 73 47 9 75 77 44 81 96 88 14 29 95
22 26 29 4 15 49 10 96 31 45 2 61 81 98 92 81 90 41 2 26 62 75 35 36 44
77 75 80 39 27 67 13 22 82 96 17 71 70 47 55 32 83 91 17 91 91 81 96 48 83
19 80 55 55 57 86 65 98 28 86 49 17 88 87 12 100 6 12 49 92 42 50 82 79 3
656 577 776 699