3
25
4
57 35 78 62 62 96 18 94 54 73 94 89 54 96 62 46 33 33 94 68 10 75 12 57 4
43 71 88 68 9 95 14 56 26 82 51 89 11 25 84 88 32 40 51 64 1 67 50 11 2
6 20 82 65 93 72 91 56 84 36 47 59 15 2 89 35 38 89 47 23 63 27 14 56 94
90 72 7 41 62 76 54 65 80 98 25 1 50 47 68 33 35 84 25 49 91 75 66 94 92
2 62 64 40 19 40 11 96 31 37 83 18 11 19 13 5 97 1 83 94 57 62 40 1 94
57 11 15 75 31 5 67 69 29 88 98 28 100 68 76 56 43 51 98 59 86 15 48 60 80
99 16 90 44 61 77 66 45 28 78 30 21 18 61 33 77 66 72 30 60 37 37 87 91 53
740 540 707 689