3
25
4
7 3 42 81 93 79 24 96 6 14 1 17 80 2 71 74 85 36 1 27 20 27 52 98 30
93 92 52 87 87 78 20 58 78 23 58 17 37 31 93 69 84 90 58 23 64 72 90 52 28
56 88 46 84 24 55 97 58 36 77 54 87 41 8 98 16 37 92 54 82 26 79 54 44 73
40 93 71 60 93 59 13 67 32 39 32 29 76 53 77 61 34 87 32 8 1 27 6 82 18
52 83 75 59 97 23 70 98 83 78 43 46 37 25 22 86 49 51 90 53 20 14 27 89 20
7 79 79 94 62 88 73 71 81 76 58 56 73 74 32 37 42 1 5 18 49 20 88 1 59
49 37 54 63 92 60 72 47 27 19 37 49 91 67 89 5 65 22 37 72 47 89 74 79 79
595 695 662 711