3
25
4
72 58 65 85 84 66 4 94 79 57 95 33 8 92 36 53 38 91 95 67 99 23 48 48 18
58 94 75 91 31 65 100 56 4 13 5 86 65 68 58 95 90 45 52 63 43 15 86 2 16
21 43 69 88 15 89 77 9 9 20 48 56 69 45 10 42 43 47 48 22 5 75 50 94 61
5 95 94 11 84 46 93 65 5 29 26 98 51 90 42 40 40 42 26 48 80 23 2 85 6
17 85 51 63 41 10 97 96 56 68 37 62 65 15 87 12 55 6 37 93 99 10 23 39 8
72 34 2 98 53 75 53 22 7 19 52 25 1 64 97 63 48 56 52 58 28 63 84 51 94
14 39 77 67 83 47 52 98 53 9 84 18 19 57 54 84 71 77 84 59 26 85 23 82 67
613 616 636 715