3
25
4
12 55 45 84 5 52 72 92 77 62 52 7 97 73 11 34 16 18 52 89 10 88 84 13 14
98 44 55 90 52 51 68 54 49 71 62 60 54 2 33 29 68 25 62 85 54 80 75 20 12
61 40 49 87 36 28 45 7 7 25 58 30 58 79 38 76 21 74 58 97 16 40 39 12 57
45 45 74 63 58 85 61 63 3 34 36 72 93 24 17 21 18 69 36 23 91 88 91 50 2
57 35 78 62 62 96 18 94 54 73 94 89 54 96 62 46 33 33 94 68 10 75 12 57 4
12 31 82 97 74 14 21 67 5 24 9 99 43 45 25 97 26 83 9 80 86 28 73 69 43
54 89 57 66 4 33 20 43 51 14 41 92 61 38 82 65 49 57 41 34 37 50 59 47 63
631 728 621 624