-367.0 -160.0 -231.0 -271.0 -114.0
-323.0 -368.0 -46.0 -245.0 -227.0
-332.0 -239.0 -118.0 -225.0 -309.0
-307.0 -293.0 -109.0 -298.0 -280.0
-358.0 -283.0 -173.0 -32.0 -276.0
-255.0 -312.0 -84.0 -431.0 -122.0
27.0 -340.0 -56.0 -209.0 -360.0
-11.0 -474.0 -40.0 -14.0 -320.0
-238.0 -465.0 74.0 -183.0 -281.0
-318.0 -260.0 -159.0 -222.0 -301.0
-344.0 -181.0 -123.0 -16.0 -304.0
-165.0 -331.0 -146.0 -389.0 -62.0
-255.0 -299.0 -151.0 -244.0 -273.0
-208.0 -419.0 -130.0 -333.0 -149.0
-337.0 -385.0 -197.0 -77.0 -262.0
-236.0 -480.0 -118.0 -60.0 -304.0
-236.0 -206.0 -64.0 -440.0 -285.0
-243.0 -357.0 -152.0 -281.0 -303.0
-271.0 -454.0 -112.0 -185.0 -127.0
-139.0 -205.0 -306.0 -297.0 -54.0
-166.0 -493.0 -204.0 -203.0 -113.0
-273.0 -319.0 -129.0 -340.0 -138.0
-88.0 -565.0 -37.0 -46.0 -223.0
-218.0 -336.0 21.0 -309.0 -339.0
-315.0 -275.0 -149.0 -177.0 -274.0
-101.0 -570.0 -24.0 64.0 -292.0
-267.0 -486.0 -160.0 -111.0 -129.0
-320.0 -472.0 25.0 8.0 -313.0
-121.0 -459.0 -3.0 35.0 -340.0
-275.0 -399.0 -99.0 -212.0 -199.0
-129.0 -459.0 -207.0 -229.0 -63.0
-193.0 -223.0 -203.0 -369.0 -86.0
-343.0 -333.0 -133.0 -54.0 -284.0
-314.0 -389.0 -162.0 -41.0 -293.0
-319.0 -347.0 -168.0 -264.0 -260.0
-300.0 -286.0 -196.0 -229.0 -336.0
-323.0 -458.0 -113.0 81.0 -343.0
-214.0 -321.0 -13.0 -361.0 -330.0
-344.0 -208.0 -167.0 -110.0 -284.0
-260.0 -475.0 77.0 -159.0 -251.0
-231.0 -485.0 14.0 -214.0 -292.0
-242.0 -375.0 -231.0 -219.0 -93.0
-392.0 -338.0 -153.0 -2.0 -257.0
-292.0 -268.0 -273.0 -244.0 -254.0
-206.0 -453.0 -123.0 -166.0 -239.0
-152.0 -356.0 -162.0 -149.0 -319.0
-238.0 -469.0 -179.0 -72.0 -190.0
-110.0 -378.0 -257.0 -152.0 -218.0
-340.0 -118.0 -37.0 -117.0 -340.0
-350.0 -350.0 -190.0 48.0 -268.0
-264.0 -439.0 -142.0 -266.0 -264.0
-192.0 -495.0 -72.0 -67.0 -264.0
-387.0 -300.0 -154.0 -71.0 -215.0
-192.0 -276.0 -260.0 -195.0 -193.0
-221.0 -320.0 -111.0 -211.0 -353.0
-131.0 -481.0 -135.0 23.0 -319.0
-287.0 -497.0 -23.0 -29.0 -240.0
-331.0 -422.0 -117.0 -128.0 -106.0
-190.0 -488.0 -15.0 -9.0 -321.0
-247.0 -353.0 40.0 -348.0 -278.0
-51.0 -339.0 -72.0 -190.0 -339.0
-301.0 -268.0 -227.0 -209.0 -235.0
-221.0 -293.0 -241.0 -234.0 -132.0
-268.0 -407.0 -192.0 -175.0 -238.0
-197.0 -511.0 -6.0 -256.0 -150.0
-230.0 -69.0 -203.0 -318.0 -277.0
-132.0 -457.0 30.0 -343.0 -169.0
-221.0 -325.0 -171.0 -286.0 -131.0
-105.0 -538.0 24.0 -10.0 -290.0
-61.0 -498.0 40.0 -196.0 -271.0
-134.0 -418.0 -175.0 -362.0 -78.0
-289.0 -283.0 -173.0 -278.0 -194.0
-367.0 -300.0 -82.0 -160.0 -254.0
-191.0 -363.0 -194.0 -227.0 -296.0
-202.0 -440.0 -142.0 -195.0 -218.0
-261.0 -465.0 -95.0 40.0 -311.0
-383.0 -418.0 -55.0 4.0 -309.0
-128.0 -489.0 -18.0 -269.0 -171.0
-223.0 -362.0 -159.0 -294.0 -127.0
-358.0 -310.0 -217.0 -126.0 -256.0
-119.0 -247.0 -253.0 -306.0 67.0
-321.0 -449.0 -119.0 -39.0 -271.0
-383.0 -332.0 -202.0 3.0 -217.0
-378.0 -309.0 -214.0 -158.0 -228.0
-229.0 -526.0 -161.0 -39.0 -169.0
-210.0 -353.0 -61.0 -287.0 -332.0
-274.0 -512.0 -160.0 13.0 -223.0
-353.0 -296.0 -109.0 -127.0 -289.0
-291.0 -139.0 -160.0 -352.0 -273.0
79.0 -346.0 -98.0 -155.0 -353.0
14.0 -489.0 -63.0 -114.0 -313.0
-113.0 -346.0 -148.0 -204.0 -331.0
-403.0 -417.0 -52.0 -28.0 -281.0
-132.0 -452.0 -168.0 -195.0 -168.0
-368.0 -477.0 -92.0 -127.0 -179.0
-331.0 -346.0 -141.0 -184.0 -174.0
-128.0 -380.0 -111.0 -181.0 -271.0
-304.0 -254.0 -148.0 -303.0 -334.0
-352.0 -403.0 -250.0 -179.0 -169.0
-258.0 -480.0 -42.0 10.0 -301.0
-227.0 -470.0 -20.0 -266.0 -283.0
-66.0 -511.0 -173.0 -40.0 -156.0
-222.0 -351.0 -206.0 -236.0 -135.0
-282.0 -224.0 -324.0 -262.0 -26.0
-343.0 -369.0 -254.0 -257.0 -126.0
-204.0 -429.0 -203.0 -207.0 -104.0
-223.0 -82.0 -225.0 -284.0 -300.0
-349.0 -169.0 -142.0 -106.0 -325.0
-344.0 -262.0 -231.0 -298.0 -261.0
-60.0 -328.0 -312.0 -154.0 -184.0
-336.0 -437.0 -83.0 -149.0 -231.0
-298.0 -318.0 -104.0 -186.0 -268.0
-108.0 -485.0 -219.0 -89.0 -198.0
-223.0 -473.0 -106.0 -154.0 -313.0
-241.0 -330.0 -141.0 -300.0 -185.0
-258.0 -447.0 -100.0 -279.0 -136.0
-162.0 -316.0 -160.0 -309.0 -171.0
-235.0 -299.0 -70.0 -214.0 -361.0
-290.0 -482.0 -76.0 1.0 -250.0
-370.0 -349.0 -187.0 16.0 -240.0
-239.0 -145.0 -202.0 -298.0 -266.0
-242.0 -218.0 -328.0 -246.0 -220.0
-259.0 -199.0 -196.0 -68.0 -377.0
-330.0 -184.0 -126.0 -149.0 -331.0
-202.0 -335.0 -138.0 -302.0 -250.0
-235.0 -373.0 -128.0 -214.0 -301.0
-330.0 -220.0 -247.0 -352.0 -173.0
-92.0 -317.0 -148.0 -314.0 -187.0
-183.0 -379.0 -170.0 -160.0 -294.0
-362.0 -385.0 -91.0 -37.0 -214.0
-239.0 -267.0 -22.0 -288.0 -359.0
-171.0 -242.0 -25.0 -28.0 -395.0
-171.0 -88.0 -267.0 -230.0 -293.0
-399.0 -392.0 -158.0 42.0 -344.0
-68.0 -566.0 -40.0 -14.0 -251.0
-250.0 -289.0 3.0 -222.0 -337.0
-289.0 -440.0 -156.0 -134.0 -333.0
-368.0 -391.0 -239.0 -128.0 -87.0
-355.0 -408.0 -224.0 -115.0 -110.0
-324.0 -402.0 -182.0 -64.0 -285.0
-332.0 -274.0 -269.0 -260.0 -60.0
-126.0 -495.0 -155.0 -109.0 -284.0
-248.0 -343.0 -132.0 -149.0 -338.0
-307.0 -465.0 7.0 23.0 -279.0
-144.0 -528.0 -200.0 -4.0 -231.0
-285.0 -373.0 -188.0 -306.0 -118.0
-254.0 -479.0 -148.0 -205.0 -138.0
-298.0 -234.0 -118.0 -96.0 -349.0
-305.0 -422.0 -160.0 -239.0 -76.0
-318.0 -427.0 -147.0 -129.0 -145.0
-242.0 -150.0 -144.0 -339.0 -320.0
-294.0 -212.0 -286.0 -300.0 -227.0
-170.0 -230.0 -163.0 -255.0 -341.0
-373.0 -149.0 -230.0 -254.0 -71.0
-107.0 -322.0 -88.0 -379.0 -136.0
-338.0 -138.0 -66.0 -91.0 -330.0
-318.0 -430.0 -93.0 -79.0 -292.0
-379.0 -450.0 -103.0 78.0 -311.0
-267.0 -353.0 -210.0 -210.0 -253.0
-335.0 -190.0 -183.0 -103.0 -317.0
-197.0 -530.0 53.0 -187.0 -284.0
-112.0 -453.0 -171.0 -163.0 -196.0
-315.0 -427.0 -145.0 -57.0 -386.0
-143.0 -173.0 -258.0 -371.0 -52.0
-277.0 -360.0 -113.0 -188.0 -277.0
-227.0 -355.0 -205.0 -229.0 -219.0
-372.0 -359.0 -191.0 -202.0 -85.0
-330.0 -248.0 -178.0 -3.0 -307.0
-209.0 -489.0 -261.0 27.0 -116.0
-118.0 -474.0 50.0 5.0 -330.0
-184.0 -212.0 -106.0 -386.0 -278.0
-256.0 -479.0 -115.0 -92.0 -276.0
-220.0 -264.0 -242.0 -301.0 -50.0
-178.0 -429.0 -33.0 -85.0 -383.0
-128.0 -461.0 -162.0 -276.0 -194.0
-189.0 -255.0 -251.0 -295.0 -88.0
-146.0 -520.0 -207.0 34.0 -264.0
-366.0 -301.0 -96.0 -17.0 -358.0
-86.0 -525.0 96.0 -85.0 -324.0
-347.0 -301.0 -85.0 -128.0 -282.0
-315.0 -191.0 -186.0 -71.0 -345.0
