-573.0 -100.0 -126.0 -686.0 -378.0
-164.0 -140.0 -298.0 -540.0 -622.0
-557.0 -54.0 -98.0 -739.0 -416.0
-474.0 -446.0 -156.0 -588.0 -302.0
-648.0 -237.0 -38.0 -676.0 -202.0
-588.0 -285.0 -158.0 -599.0 -266.0
-40.0 -275.0 -284.0 -164.0 -586.0
-326.0 -280.0 -255.0 -501.0 -473.0
-520.0 -337.0 -85.0 -565.0 -377.0
-558.0 -146.0 -125.0 -680.0 -391.0
-366.0 -369.0 -282.0 -417.0 -377.0
-568.0 -162.0 -200.0 -512.0 -466.0
-443.0 -205.0 -319.0 -540.0 -432.0
-372.0 -205.0 -370.0 -481.0 -427.0
-355.0 -415.0 -233.0 -328.0 -475.0
-483.0 -195.0 -182.0 -633.0 -378.0
