-606.0 -730.0 -735.0 -350.0 -328.0
-617.0 -525.0 -756.0 -129.0 -396.0
-727.0 -670.0 -658.0 -483.0 -470.0
-588.0 -375.0 -344.0 -243.0 -798.0
-890.0 -427.0 -513.0 -127.0 -543.0
-332.0 -394.0 -520.0 -441.0 -815.0
-751.0 -688.0 -613.0 -520.0 -556.0
-669.0 -744.0 -621.0 -506.0 -590.0
-682.0 -692.0 -400.0 -492.0 -650.0
-450.0 -722.0 -402.0 -734.0 -626.0
-773.0 -465.0 -649.0 -442.0 -561.0
-766.0 -389.0 -482.0 -296.0 -731.0
-708.0 -657.0 -472.0 -429.0 -703.0
-725.0 -317.0 -459.0 -205.0 -758.0
-523.0 -422.0 -510.0 -400.0 -803.0
-748.0 -451.0 -656.0 -341.0 -545.0
-728.0 -386.0 -349.0 -296.0 -754.0
-324.0 -204.0 -720.0 -294.0 -732.0
-411.0 -519.0 -745.0 -362.0 -612.0
-506.0 -607.0 -514.0 -449.0 -731.0
-827.0 -490.0 -536.0 -241.0 -683.0
-411.0 -804.0 -555.0 -578.0 -575.0
-356.0 -246.0 -603.0 -529.0 -771.0
-715.0 -650.0 -534.0 -608.0 -573.0
-503.0 -838.0 -631.0 -591.0 -445.0
-761.0 -501.0 -540.0 -573.0 -621.0
-631.0 -758.0 -444.0 -491.0 -667.0
-539.0 -458.0 -662.0 -539.0 -700.0
-613.0 -653.0 -725.0 -382.0 -472.0
-622.0 -958.0 -519.0 -466.0 -404.0
-718.0 -292.0 -561.0 -60.0 -755.0
-818.0 -416.0 -541.0 -644.0 -494.0
-926.0 -442.0 -504.0 -256.0 -419.0
-493.0 -435.0 -640.0 -338.0 -763.0
-604.0 -529.0 -465.0 -586.0 -683.0
-839.0 -820.0 -433.0 -454.0 -470.0
-335.0 -181.0 -712.0 -293.0 -703.0
-630.0 -390.0 -716.0 -309.0 -663.0
-352.0 -986.0 -293.0 -664.0 -389.0
-656.0 -652.0 -727.0 -322.0 -450.0
-850.0 -505.0 -531.0 -349.0 -630.0
-807.0 -590.0 -571.0 -391.0 -635.0
-833.0 -488.0 -524.0 -444.0 -633.0
-795.0 -572.0 -530.0 -520.0 -621.0
-407.0 -786.0 -645.0 -598.0 -470.0
-439.0 -991.0 -405.0 -634.0 -454.0
-539.0 -920.0 -359.0 -637.0 -465.0
-932.0 -501.0 -448.0 -430.0 -496.0
-573.0 -803.0 -615.0 -591.0 -535.0
-483.0 -25.0 -455.0 -352.0 -832.0
-447.0 -818.0 -505.0 -691.0 -500.0
-335.0 -980.0 -512.0 -671.0 -332.0
-728.0 -500.0 -573.0 -452.0 -684.0
-689.0 -534.0 -475.0 -302.0 -749.0
-940.0 -440.0 -483.0 -216.0 -539.0
-579.0 -728.0 -572.0 -464.0 -658.0
-691.0 -528.0 -291.0 -303.0 -742.0
-505.0 -336.0 -538.0 -273.0 -814.0
-921.0 -451.0 -440.0 -508.0 -476.0
-670.0 -483.0 -681.0 -479.0 -675.0
-474.0 -524.0 -733.0 -465.0 -671.0
-498.0 -531.0 -464.0 -524.0 -732.0
-429.0 -692.0 -583.0 -585.0 -662.0
-595.0 -233.0 -552.0 -317.0 -791.0
-330.0 -595.0 -575.0 -597.0 -678.0
-408.0 -415.0 -596.0 -360.0 -798.0
-373.0 65.0 -544.0 -327.0 -833.0
-700.0 -611.0 -672.0 -535.0 -513.0
-734.0 -840.0 -494.0 -608.0 -277.0
-569.0 -641.0 -499.0 -495.0 -711.0
-634.0 -753.0 -671.0 -464.0 -607.0
-804.0 -668.0 -473.0 -489.0 -558.0
-395.0 -942.0 -525.0 -604.0 -456.0
-846.0 -469.0 -568.0 -575.0 -364.0
-577.0 -849.0 -535.0 -566.0 -493.0
-673.0 -337.0 -543.0 -335.0 -743.0
-505.0 -542.0 -558.0 -592.0 -701.0
-548.0 -480.0 -490.0 -723.0 -670.0
-267.0 -796.0 -355.0 -740.0 -529.0
-883.0 -399.0 -488.0 -449.0 -545.0
-674.0 -773.0 -598.0 -533.0 -467.0
-720.0 -592.0 -575.0 -335.0 -672.0
-388.0 -1064.0 -404.0 -614.0 -276.0
-797.0 -490.0 -535.0 -518.0 -616.0
-608.0 -483.0 -495.0 -367.0 -774.0
-597.0 -266.0 -398.0 -262.0 -804.0
-538.0 -738.0 -304.0 -643.0 -629.0
-658.0 -575.0 -513.0 -241.0 -761.0
-925.0 -444.0 -406.0 -378.0 -498.0
-810.0 -811.0 -347.0 -532.0 -349.0
-687.0 -432.0 -679.0 -435.0 -689.0
-836.0 -641.0 -433.0 -530.0 -485.0
-380.0 -1067.0 -478.0 -565.0 -318.0
-470.0 -1001.0 -326.0 -604.0 -485.0
-611.0 -950.0 -354.0 -624.0 -515.0
-852.0 -405.0 -572.0 -320.0 -529.0
-789.0 -429.0 -450.0 -352.0 -723.0
-542.0 -375.0 -597.0 -392.0 -775.0
-605.0 -720.0 -449.0 -606.0 -592.0
-393.0 -863.0 -273.0 -644.0 -565.0
-816.0 -733.0 -348.0 -413.0 -576.0
-564.0 -582.0 -676.0 -546.0 -674.0
-539.0 -483.0 -544.0 -379.0 -757.0
-465.0 -428.0 -706.0 -566.0 -659.0
-702.0 -838.0 -469.0 -548.0 -505.0
-571.0 -358.0 -650.0 -483.0 -735.0
-442.0 -1112.0 -177.0 -516.0 -465.0
-562.0 -814.0 -586.0 -557.0 -540.0
-484.0 -984.0 -493.0 -583.0 -476.0
-846.0 -431.0 -578.0 -381.0 -635.0
-818.0 -757.0 -347.0 -567.0 -314.0
-768.0 -649.0 -593.0 -461.0 -562.0
-832.0 -552.0 -537.0 -405.0 -514.0
-590.0 -629.0 -736.0 -302.0 -546.0
-380.0 -1099.0 -479.0 -482.0 -341.0
-532.0 107.0 -478.0 -139.0 -817.0
-649.0 -839.0 -520.0 -563.0 -453.0
-887.0 -381.0 -335.0 -279.0 -679.0
-507.0 -895.0 -474.0 -508.0 -606.0
-493.0 -640.0 -777.0 -422.0 -487.0
-896.0 -554.0 -501.0 -424.0 -337.0
-765.0 -649.0 -624.0 -452.0 -397.0
-728.0 -552.0 -431.0 -563.0 -666.0
-684.0 -378.0 -573.0 -436.0 -726.0
-785.0 -455.0 -597.0 -559.0 -624.0
-841.0 -400.0 -409.0 -327.0 -689.0
-646.0 -210.0 -452.0 -147.0 -804.0
-467.0 -967.0 -457.0 -649.0 -458.0
-742.0 -688.0 -413.0 -554.0 -627.0
-507.0 -454.0 -400.0 -413.0 -794.0
-679.0 -422.0 -702.0 -238.0 -629.0
-687.0 -699.0 -680.0 -480.0 -382.0
-789.0 -541.0 -411.0 -480.0 -668.0
-568.0 -512.0 -656.0 -522.0 -673.0
-676.0 -626.0 -349.0 -507.0 -677.0
-662.0 -673.0 -510.0 -486.0 -652.0
-516.0 -64.0 -576.0 -375.0 -787.0
-498.0 -604.0 -760.0 -372.0 -601.0
-656.0 -409.0 -631.0 -344.0 -759.0
-446.0 -404.0 -673.0 -524.0 -763.0
-445.0 -1086.0 -427.0 -597.0 -224.0
-685.0 -639.0 -731.0 -159.0 -432.0
-684.0 -976.0 -314.0 -518.0 -303.0
-600.0 -957.0 -493.0 -520.0 -462.0
-844.0 -574.0 -526.0 -404.0 -523.0
-633.0 -877.0 -404.0 -608.0 -386.0
-683.0 -786.0 -551.0 -509.0 -487.0
-713.0 -770.0 -649.0 -465.0 -325.0
-495.0 -272.0 -696.0 -311.0 -748.0
-822.0 -415.0 -345.0 -297.0 -691.0
-329.0 -1048.0 -425.0 -583.0 -380.0
-826.0 -376.0 -481.0 -516.0 -634.0
-772.0 -445.0 -561.0 -357.0 -667.0
-605.0 -489.0 -564.0 -490.0 -727.0
-417.0 -521.0 -571.0 -510.0 -728.0
-675.0 -854.0 -651.0 -457.0 -285.0
-593.0 -537.0 -743.0 -369.0 -465.0
-515.0 -362.0 -710.0 -262.0 -693.0
-776.0 -268.0 -380.0 -370.0 -732.0
-634.0 -949.0 -501.0 -597.0 -248.0
-584.0 -468.0 -524.0 -512.0 -739.0
-665.0 -672.0 -663.0 -622.0 -520.0
-653.0 -1002.0 -500.0 -468.0 -354.0
-787.0 -649.0 -537.0 -588.0 -500.0
-541.0 -584.0 -298.0 -604.0 -691.0
-760.0 -261.0 -386.0 -317.0 -740.0
-460.0 -231.0 -562.0 -237.0 -806.0
-672.0 -272.0 -519.0 -267.0 -794.0
-584.0 -911.0 -586.0 -634.0 -331.0
-738.0 -558.0 -487.0 -587.0 -627.0
-682.0 -603.0 -550.0 -648.0 -578.0
-284.0 -419.0 -743.0 -541.0 -622.0
-565.0 -787.0 -703.0 -462.0 -577.0
-559.0 -578.0 -768.0 -189.0 -555.0
-433.0 -435.0 -708.0 -411.0 -696.0
-780.0 -663.0 -459.0 -559.0 -611.0
-819.0 -505.0 -455.0 -431.0 -674.0
-589.0 -681.0 -749.0 -526.0 -433.0
-620.0 -664.0 -507.0 -603.0 -639.0
-680.0 -385.0 -667.0 -412.0 -717.0
-630.0 -800.0 -628.0 -413.0 -615.0
-418.0 -803.0 -709.0 -529.0 -407.0
-482.0 -823.0 -327.0 -672.0 -577.0
-606.0 -344.0 -687.0 -458.0 -714.0
-414.0 -286.0 -743.0 -446.0 -665.0
-640.0 -608.0 -727.0 -419.0 -502.0
-783.0 -579.0 -578.0 -583.0 -461.0
-680.0 -628.0 -665.0 -468.0 -552.0
-896.0 -514.0 -472.0 -571.0 -455.0
-628.0 -910.0 -649.0 -426.0 -259.0
-503.0 -302.0 -384.0 -300.0 -819.0
-467.0 -377.0 -733.0 -359.0 -678.0
-757.0 -581.0 -433.0 -332.0 -700.0
-679.0 -640.0 -343.0 -532.0 -658.0
-573.0 -262.0 -655.0 -417.0 -736.0
-810.0 -207.0 -362.0 -343.0 -716.0
-655.0 -910.0 -597.0 -419.0 -451.0
-730.0 -514.0 -448.0 -451.0 -709.0
-811.0 -471.0 -589.0 -556.0 -504.0
-697.0 -681.0 -639.0 -496.0 -542.0
-646.0 -689.0 -495.0 -428.0 -677.0
-458.0 -735.0 -573.0 -570.0 -602.0
-499.0 -697.0 -682.0 -532.0 -583.0
-668.0 -845.0 -365.0 -657.0 -344.0
-722.0 -318.0 -654.0 -404.0 -688.0
-556.0 -804.0 -593.0 -622.0 -467.0
-751.0 -394.0 -627.0 -429.0 -679.0
-653.0 -493.0 -697.0 -462.0 -705.0
-631.0 -755.0 -329.0 -512.0 -652.0
-769.0 -860.0 -513.0 -587.0 -361.0
-911.0 -577.0 -407.0 -388.0 -605.0
-778.0 -524.0 -615.0 -269.0 -612.0
-527.0 -1043.0 -385.0 -529.0 -351.0
-584.0 -850.0 -461.0 -609.0 -478.0
-711.0 -721.0 -568.0 -576.0 -424.0
-570.0 -293.0 -693.0 -201.0 -713.0
-501.0 -400.0 -451.0 -315.0 -813.0
-873.0 -638.0 -520.0 -546.0 -480.0
-448.0 -568.0 -315.0 -377.0 -794.0
-869.0 -583.0 -506.0 -527.0 -602.0
-436.0 -804.0 -647.0 -595.0 -467.0
-509.0 -520.0 -558.0 -577.0 -720.0
-813.0 -494.0 -478.0 -546.0 -638.0
-583.0 -940.0 -457.0 -586.0 -444.0
-581.0 -563.0 -634.0 -511.0 -684.0
-508.0 -746.0 -524.0 -643.0 -570.0
-246.0 -797.0 -505.0 -680.0 -539.0
-392.0 -945.0 -415.0 -682.0 -446.0
-803.0 -686.0 -571.0 -351.0 -523.0
-625.0 -815.0 -466.0 -623.0 -558.0
-712.0 -700.0 -534.0 -669.0 -412.0
-364.0 -471.0 -577.0 -561.0 -709.0
-497.0 -270.0 -559.0 -347.0 -790.0
-494.0 -683.0 -575.0 -597.0 -634.0
-453.0 -400.0 -388.0 -297.0 -828.0
-765.0 -488.0 -650.0 -444.0 -621.0
-745.0 -463.0 -661.0 -444.0 -566.0
-611.0 -613.0 -746.0 -337.0 -398.0
-590.0 -615.0 -518.0 -535.0 -680.0
-218.0 -737.0 -396.0 -730.0 -609.0
-668.0 -1071.0 -468.0 -456.0 -152.0
-728.0 -395.0 -680.0 -432.0 -603.0
-868.0 -553.0 -541.0 -525.0 -467.0
-753.0 -567.0 -618.0 -501.0 -419.0
-619.0 -808.0 -462.0 -656.0 -412.0
-452.0 -316.0 -683.0 -316.0 -761.0
-860.0 -548.0 -546.0 -442.0 -489.0
-651.0 -868.0 -407.0 -599.0 -496.0
-497.0 -996.0 -178.0 -581.0 -526.0
-683.0 -678.0 -687.0 -541.0 -451.0
-770.0 -537.0 -612.0 -607.0 -389.0
-570.0 -645.0 -541.0 -483.0 -709.0
-574.0 -472.0 -740.0 -375.0 -626.0
-575.0 -652.0 -756.0 -305.0 -567.0
-783.0 -561.0 -659.0 -392.0 -424.0
-465.0 -1046.0 -481.0 -530.0 -349.0
-715.0 -228.0 -532.0 -262.0 -781.0
-634.0 -720.0 -555.0 -631.0 -542.0
-918.0 -473.0 -404.0 -432.0 -619.0
-385.0 -192.0 -710.0 -291.0 -701.0
-719.0 -777.0 -653.0 -432.0 -471.0
-725.0 -292.0 -612.0 -401.0 -709.0
-727.0 -734.0 -556.0 -534.0 -553.0
-337.0 -388.0 -705.0 -503.0 -696.0
-569.0 -680.0 -557.0 -706.0 -541.0
-675.0 -853.0 -381.0 -586.0 -475.0
-838.0 -548.0 -543.0 -331.0 -664.0
-654.0 -1012.0 -269.0 -529.0 -327.0
-726.0 -428.0 -559.0 -373.0 -715.0
-603.0 -651.0 -387.0 -464.0 -686.0
-630.0 -208.0 -649.0 -223.0 -751.0
-642.0 -626.0 -570.0 -478.0 -676.0
-721.0 -482.0 -537.0 -307.0 -739.0
-837.0 -490.0 -641.0 -293.0 -535.0
-824.0 -229.0 -396.0 -226.0 -705.0
-627.0 -544.0 -722.0 -348.0 -601.0
-588.0 -428.0 -510.0 -382.0 -762.0
-300.0 -709.0 -527.0 -718.0 -552.0
-646.0 -795.0 -702.0 -412.0 -419.0
-887.0 -566.0 -510.0 -348.0 -450.0
-431.0 -550.0 -638.0 -462.0 -707.0
-417.0 -467.0 -480.0 -384.0 -794.0
-455.0 -728.0 -619.0 -671.0 -556.0
-684.0 -586.0 -685.0 -474.0 -627.0
-908.0 -477.0 -553.0 -366.0 -483.0
-210.0 -958.0 -455.0 -662.0 -340.0
-576.0 -752.0 -616.0 -654.0 -529.0
-606.0 -201.0 -515.0 -333.0 -799.0
-717.0 -711.0 -529.0 -432.0 -617.0
-638.0 -660.0 -566.0 -667.0 -569.0
-720.0 -502.0 -465.0 -523.0 -669.0
-380.0 -261.0 -574.0 -384.0 -806.0
-502.0 -692.0 -437.0 -504.0 -686.0
-809.0 -621.0 -493.0 -594.0 -478.0
-766.0 -699.0 -570.0 -542.0 -253.0
-746.0 -251.0 -580.0 -353.0 -711.0
-458.0 -580.0 -670.0 -503.0 -679.0
-648.0 -736.0 -615.0 -612.0 -469.0
-642.0 -635.0 -596.0 -530.0 -636.0
-722.0 -350.0 -570.0 -363.0 -722.0
-751.0 -517.0 -672.0 -172.0 -481.0
-607.0 -269.0 -653.0 -107.0 -736.0
-721.0 -737.0 -660.0 -385.0 -483.0
-752.0 -163.0 -590.0 -145.0 -709.0
-656.0 -639.0 -653.0 -393.0 -642.0
-601.0 -779.0 -422.0 -356.0 -697.0
-629.0 -336.0 -632.0 -310.0 -733.0
-829.0 -806.0 -340.0 -527.0 -437.0
-821.0 -797.0 -416.0 -346.0 -515.0
-475.0 -469.0 -718.0 -270.0 -692.0
-902.0 -435.0 -487.0 -410.0 -494.0
-604.0 -669.0 -521.0 -731.0 -518.0
-611.0 -821.0 -396.0 -636.0 -544.0
-404.0 -922.0 -687.0 -404.0 -523.0
-670.0 -395.0 -586.0 -255.0 -745.0
-692.0 -510.0 -712.0 -330.0 -589.0
-645.0 -810.0 -646.0 -504.0 -421.0
-452.0 -697.0 -541.0 -609.0 -649.0
-757.0 -549.0 -432.0 -415.0 -677.0
-772.0 -706.0 -507.0 -548.0 -423.0
-789.0 -640.0 -607.0 -556.0 -284.0
-503.0 -761.0 -520.0 -488.0 -669.0
-745.0 -671.0 -622.0 -677.0 -418.0
-526.0 -387.0 -722.0 -270.0 -684.0
-640.0 -492.0 -675.0 -420.0 -716.0
-552.0 -288.0 -636.0 -377.0 -767.0
-507.0 -474.0 -568.0 -505.0 -735.0
-642.0 -847.0 -712.0 -479.0 -453.0
-429.0 -515.0 -566.0 -511.0 -721.0
-682.0 -790.0 -562.0 -581.0 -396.0
-483.0 -675.0 -719.0 -558.0 -600.0
-499.0 -753.0 -505.0 -693.0 -567.0
-465.0 -793.0 -553.0 -561.0 -592.0
-535.0 -647.0 -504.0 -553.0 -670.0
-689.0 -695.0 -678.0 -384.0 -589.0
-825.0 -563.0 -408.0 -578.0 -623.0
-758.0 -536.0 -608.0 -628.0 -560.0
-440.0 -595.0 -770.0 -474.0 -595.0
-713.0 -491.0 -583.0 -313.0 -722.0
-542.0 -303.0 -663.0 -125.0 -748.0
-781.0 -465.0 -588.0 -399.0 -647.0
-541.0 -487.0 -677.0 -497.0 -667.0
-752.0 -493.0 -631.0 -413.0 -640.0
-532.0 -543.0 -742.0 -345.0 -585.0
-383.0 -604.0 -577.0 -561.0 -700.0
-696.0 -543.0 -673.0 -492.0 -593.0
-616.0 -554.0 -368.0 -610.0 -688.0
-548.0 -977.0 -493.0 -565.0 -421.0
-809.0 -437.0 -544.0 -300.0 -655.0
-605.0 -628.0 -475.0 -354.0 -752.0
-618.0 -699.0 -641.0 -496.0 -653.0
-496.0 -443.0 -737.0 -310.0 -661.0
-626.0 -602.0 -494.0 -394.0 -721.0
-474.0 -847.0 -517.0 -526.0 -587.0
-464.0 -534.0 -458.0 -436.0 -781.0
-840.0 -588.0 -525.0 -445.0 -498.0
-770.0 -593.0 -666.0 -433.0 -396.0
-628.0 -967.0 -390.0 -558.0 -533.0
-445.0 -692.0 -659.0 -596.0 -623.0
-420.0 -720.0 -524.0 -659.0 -582.0
-592.0 -472.0 -461.0 -665.0 -689.0
-750.0 -588.0 -585.0 -335.0 -661.0
-893.0 -625.0 -471.0 -481.0 -466.0
-536.0 -162.0 -521.0 -306.0 -806.0
-906.0 -492.0 -428.0 -367.0 -592.0
-665.0 -660.0 -688.0 -482.0 -492.0
-762.0 -515.0 -595.0 -598.0 -600.0
-451.0 -310.0 -695.0 -486.0 -753.0
-561.0 -343.0 -700.0 -245.0 -743.0
-691.0 -738.0 -640.0 -412.0 -506.0
-275.0 -826.0 -261.0 -739.0 -526.0
-474.0 -954.0 -369.0 -655.0 -477.0
-416.0 -887.0 -325.0 -751.0 -453.0
-537.0 -438.0 -702.0 -450.0 -675.0
-363.0 -335.0 -734.0 -269.0 -695.0
-506.0 -387.0 -527.0 -352.0 -785.0
-759.0 -382.0 -418.0 -181.0 -739.0
-682.0 -278.0 -575.0 -291.0 -755.0
-853.0 -613.0 -464.0 -536.0 -497.0
-346.0 -357.0 -445.0 -413.0 -815.0
-519.0 -502.0 -534.0 -530.0 -751.0
-625.0 -607.0 -579.0 -250.0 -752.0
-567.0 -929.0 -430.0 -642.0 -346.0
-809.0 -572.0 -581.0 -411.0 -511.0
-627.0 -671.0 -565.0 -493.0 -640.0
-818.0 -717.0 -436.0 -563.0 -415.0
-431.0 -264.0 -639.0 -394.0 -794.0
-761.0 -532.0 -657.0 -233.0 -507.0
-578.0 -849.0 -555.0 -444.0 -667.0
-624.0 -510.0 -622.0 -476.0 -699.0
-807.0 -615.0 -529.0 -526.0 -576.0
-469.0 -919.0 -663.0 -463.0 -407.0
-640.0 -572.0 -593.0 -496.0 -683.0
-665.0 -439.0 -579.0 -456.0 -713.0
-930.0 -529.0 -385.0 -399.0 -511.0
-691.0 -926.0 -293.0 -581.0 -330.0
-918.0 -382.0 -355.0 -310.0 -660.0
-813.0 -555.0 -392.0 -415.0 -670.0
-585.0 -739.0 -504.0 -574.0 -598.0
-558.0 -252.0 -517.0 -313.0 -797.0
-595.0 -473.0 -643.0 -518.0 -670.0
-490.0 -696.0 -226.0 -686.0 -646.0
-459.0 0.0 -571.0 -282.0 -802.0
-537.0 -465.0 -696.0 -495.0 -656.0
-455.0 -543.0 -535.0 -570.0 -711.0
-693.0 -589.0 -568.0 -699.0 -509.0
-535.0 -481.0 -472.0 -495.0 -753.0
-614.0 -233.0 -543.0 -242.0 -788.0
-712.0 -865.0 -463.0 -606.0 -323.0
-662.0 -835.0 -377.0 -654.0 -371.0
-511.0 -238.0 -544.0 -433.0 -786.0
-662.0 -626.0 -598.0 -629.0 -580.0
-643.0 -762.0 -519.0 -642.0 -415.0
-616.0 -506.0 -658.0 -472.0 -666.0
-816.0 -528.0 -447.0 -261.0 -691.0
-828.0 -810.0 -336.0 -536.0 -349.0
-727.0 -797.0 -427.0 -581.0 -400.0
-756.0 -728.0 -610.0 -427.0 -466.0
-568.0 -151.0 -524.0 -300.0 -802.0
-890.0 -582.0 -385.0 -483.0 -503.0
-972.0 -515.0 -419.0 -387.0 -496.0
-685.0 -324.0 -627.0 -69.0 -746.0
-520.0 -498.0 -685.0 -474.0 -671.0
-529.0 -627.0 -528.0 -538.0 -711.0
-419.0 -1031.0 -249.0 -592.0 -479.0
-637.0 -632.0 -422.0 -581.0 -651.0
-532.0 -936.0 -610.0 -579.0 -232.0
-631.0 -694.0 -415.0 -643.0 -620.0
-471.0 -840.0 -543.0 -646.0 -493.0
-550.0 -596.0 -770.0 -157.0 -478.0
-535.0 -765.0 -467.0 -715.0 -568.0
-740.0 -527.0 -521.0 -533.0 -652.0
-623.0 -568.0 -525.0 -679.0 -668.0
-409.0 -881.0 -463.0 -692.0 -497.0
-260.0 -892.0 -477.0 -715.0 -334.0
-680.0 -745.0 -591.0 -486.0 -491.0
-840.0 -464.0 -423.0 -383.0 -676.0
-721.0 -314.0 -612.0 -416.0 -690.0
-675.0 -600.0 -398.0 -523.0 -666.0
-347.0 -799.0 -490.0 -780.0 -487.0
-578.0 -584.0 -679.0 -431.0 -632.0
-920.0 -544.0 -460.0 -412.0 -530.0
-603.0 -679.0 -728.0 -486.0 -553.0
-621.0 -820.0 -523.0 -624.0 -404.0
-898.0 -452.0 -493.0 -511.0 -400.0
-515.0 -972.0 -449.0 -610.0 -403.0
-571.0 -582.0 -698.0 -486.0 -633.0
-711.0 -548.0 -691.0 -290.0 -447.0
-691.0 -789.0 -491.0 -651.0 -379.0
-701.0 -344.0 -635.0 -364.0 -719.0
-634.0 -870.0 -611.0 -528.0 -513.0
-681.0 -520.0 -358.0 -592.0 -676.0
-316.0 -570.0 -573.0 -464.0 -723.0
-539.0 -367.0 -736.0 -291.0 -666.0
-635.0 -417.0 -510.0 -352.0 -770.0
-718.0 -224.0 -608.0 -172.0 -725.0
-407.0 -851.0 -512.0 -527.0 -583.0
-541.0 -529.0 -534.0 -451.0 -742.0
-761.0 -673.0 -538.0 -507.0 -537.0
-666.0 -492.0 -415.0 -612.0 -672.0
-516.0 -598.0 -516.0 -454.0 -722.0
-678.0 -705.0 -588.0 -618.0 -517.0
-200.0 -303.0 -743.0 -379.0 -672.0
-650.0 -556.0 -551.0 -380.0 -724.0
-461.0 -688.0 -464.0 -475.0 -719.0
-705.0 -959.0 -481.0 -500.0 -297.0
-420.0 -307.0 -719.0 -232.0 -696.0
-467.0 -999.0 -458.0 -645.0 -219.0
-651.0 -51.0 -390.0 -128.0 -795.0
-406.0 -557.0 -541.0 -483.0 -753.0
-693.0 -344.0 -689.0 -227.0 -687.0
-665.0 -381.0 -555.0 -341.0 -746.0
-787.0 -401.0 -577.0 -270.0 -636.0
-468.0 -836.0 -406.0 -651.0 -573.0
-614.0 -569.0 -575.0 -521.0 -683.0
-527.0 -414.0 -737.0 -254.0 -667.0
-822.0 -502.0 -480.0 -564.0 -607.0
-588.0 -368.0 -582.0 -433.0 -739.0
-471.0 -551.0 -658.0 -472.0 -701.0
-534.0 -236.0 -489.0 -209.0 -814.0
-469.0 -993.0 -411.0 -615.0 -412.0
-810.0 -671.0 -504.0 -516.0 -510.0
-490.0 -451.0 -422.0 -392.0 -797.0
-848.0 -466.0 -540.0 -491.0 -511.0
-295.0 -364.0 -377.0 -566.0 -795.0
-279.0 -786.0 -672.0 -608.0 -396.0
-786.0 -660.0 -607.0 -476.0 -355.0
-637.0 -872.0 -479.0 -566.0 -517.0
-729.0 -630.0 -665.0 -436.0 -482.0
-617.0 -998.0 -524.0 -539.0 -245.0
-634.0 -540.0 -409.0 -604.0 -682.0
-626.0 -685.0 -476.0 -697.0 -583.0
-666.0 -644.0 -592.0 -358.0 -681.0
-784.0 -753.0 -285.0 -491.0 -563.0
-612.0 -373.0 -757.0 -152.0 -537.0
-710.0 -784.0 -692.0 -251.0 -287.0
-580.0 -507.0 -458.0 -373.0 -767.0
-589.0 -361.0 -612.0 -194.0 -772.0
-874.0 -538.0 -571.0 -393.0 -499.0
-856.0 -506.0 -594.0 -391.0 -517.0
-658.0 -561.0 -546.0 -463.0 -702.0
-586.0 -500.0 -733.0 -447.0 -560.0
-473.0 -797.0 -490.0 -714.0 -542.0
-672.0 -678.0 -525.0 -681.0 -476.0
-629.0 -752.0 -612.0 -659.0 -422.0
-339.0 -437.0 -684.0 -596.0 -709.0
-725.0 -893.0 -402.0 -561.0 -274.0
-671.0 -1029.0 -305.0 -463.0 -345.0
-370.0 -362.0 -677.0 -211.0 -762.0
-520.0 -176.0 -650.0 -309.0 -770.0
-821.0 -584.0 -574.0 -389.0 -506.0
-654.0 -686.0 -599.0 -595.0 -545.0
-377.0 -371.0 -757.0 -400.0 -610.0
-743.0 -491.0 -439.0 -311.0 -726.0
-765.0 -559.0 -573.0 -348.0 -678.0
-606.0 -129.0 -581.0 -66.0 -772.0
-472.0 -336.0 -603.0 -365.0 -782.0
-852.0 -343.0 -588.0 -173.0 -633.0
-486.0 -892.0 -590.0 -534.0 -573.0
-812.0 -760.0 -489.0 -559.0 -531.0
-631.0 -647.0 -372.0 -566.0 -670.0
-776.0 -514.0 -476.0 -304.0 -691.0
-493.0 -472.0 -641.0 -575.0 -695.0
-652.0 -315.0 -639.0 -164.0 -731.0
-626.0 -563.0 -487.0 -635.0 -660.0
-486.0 -670.0 -681.0 -514.0 -592.0
-728.0 -640.0 -642.0 -473.0 -663.0
-414.0 -395.0 -709.0 -440.0 -698.0
-882.0 -360.0 -433.0 -369.0 -655.0
-702.0 -769.0 -500.0 -617.0 -400.0
-642.0 -799.0 -621.0 -563.0 -382.0
-617.0 -907.0 -301.0 -628.0 -399.0
-423.0 69.0 -545.0 -191.0 -834.0
-719.0 -528.0 -404.0 -571.0 -683.0
-461.0 -487.0 -578.0 -333.0 -773.0
-859.0 -499.0 -367.0 -390.0 -642.0
-629.0 -503.0 -343.0 -651.0 -685.0
-470.0 -423.0 -518.0 -427.0 -798.0
-858.0 -594.0 -412.0 -474.0 -614.0
-609.0 -527.0 -763.0 -191.0 -475.0
-739.0 -462.0 -370.0 -464.0 -707.0
-516.0 -550.0 -709.0 -560.0 -646.0
-589.0 -169.0 -654.0 -334.0 -733.0
-772.0 -406.0 -447.0 -245.0 -733.0
-392.0 -867.0 -342.0 -685.0 -527.0
-808.0 -458.0 -583.0 -492.0 -613.0
-261.0 -376.0 -721.0 -569.0 -697.0
-429.0 -939.0 -467.0 -692.0 -336.0
-832.0 -658.0 -620.0 -268.0 -192.0
-838.0 -446.0 -497.0 -571.0 -626.0
-373.0 -480.0 -280.0 -421.0 -796.0
-790.0 -622.0 -592.0 -434.0 -521.0
-481.0 -178.0 -601.0 -406.0 -788.0
-391.0 -151.0 -701.0 -344.0 -756.0
-533.0 -638.0 -656.0 -529.0 -682.0
-676.0 -794.0 -349.0 -571.0 -596.0
-717.0 -587.0 -519.0 -572.0 -628.0
-810.0 -403.0 -469.0 -392.0 -692.0
-501.0 -224.0 -657.0 -498.0 -747.0
-601.0 -818.0 -590.0 -604.0 -413.0
-570.0 -566.0 -513.0 -409.0 -771.0
-467.0 -805.0 -614.0 -529.0 -584.0
-615.0 -573.0 -617.0 -509.0 -681.0
-569.0 -726.0 -438.0 -642.0 -594.0
-677.0 -573.0 -548.0 -615.0 -628.0
-623.0 -808.0 -634.0 -406.0 -615.0
-752.0 -708.0 -485.0 -506.0 -575.0
-747.0 -691.0 -513.0 -474.0 -568.0
-748.0 -644.0 -677.0 -523.0 -439.0
-910.0 -602.0 -415.0 -476.0 -467.0
-659.0 -608.0 -747.0 -303.0 -460.0
-531.0 -408.0 -457.0 -399.0 -797.0
-758.0 -913.0 -476.0 -466.0 -396.0
-637.0 -613.0 -517.0 -550.0 -644.0
-704.0 -624.0 -719.0 -198.0 -590.0
-379.0 -972.0 -483.0 -613.0 -351.0
-598.0 -632.0 -534.0 -418.0 -724.0
-428.0 -804.0 -402.0 -765.0 -520.0
-853.0 -416.0 -365.0 -328.0 -672.0
-717.0 -284.0 -605.0 -217.0 -714.0
-730.0 -823.0 -567.0 -569.0 -322.0
-638.0 -937.0 -452.0 -524.0 -438.0
-942.0 -510.0 -372.0 -236.0 -526.0
-648.0 -642.0 -542.0 -620.0 -600.0
-461.0 -426.0 -664.0 -464.0 -741.0
-479.0 -807.0 -619.0 -659.0 -411.0
-377.0 -873.0 -654.0 -561.0 -470.0
-317.0 -962.0 -513.0 -612.0 -373.0
-654.0 -799.0 -515.0 -490.0 -612.0
-706.0 -742.0 -580.0 -600.0 -426.0
-301.0 -670.0 -595.0 -689.0 -593.0
-659.0 -485.0 -647.0 -354.0 -704.0
-733.0 -599.0 -595.0 -200.0 -710.0
-513.0 -743.0 -496.0 -441.0 -700.0
-839.0 -691.0 -455.0 -603.0 -384.0
-441.0 -380.0 -608.0 -372.0 -782.0
-778.0 -637.0 -587.0 -446.0 -479.0
-391.0 -471.0 -308.0 -516.0 -768.0
-806.0 -560.0 -606.0 -389.0 -500.0
-575.0 -560.0 -698.0 -471.0 -652.0
-642.0 -940.0 -476.0 -529.0 -410.0
-392.0 -124.0 -489.0 -474.0 -821.0
-505.0 -427.0 -724.0 -392.0 -675.0
-621.0 -545.0 -635.0 -457.0 -715.0
-696.0 -884.0 -585.0 -596.0 -338.0
-445.0 -859.0 -399.0 -691.0 -520.0
-391.0 -110.0 -599.0 -416.0 -815.0
-746.0 -736.0 -580.0 -572.0 -342.0
-348.0 -195.0 -688.0 -349.0 -769.0
-638.0 -1107.0 -423.0 -467.0 -176.0
-537.0 -376.0 -612.0 -443.0 -751.0
-668.0 -507.0 -723.0 -345.0 -515.0
-812.0 -658.0 -533.0 -481.0 -450.0
-823.0 -549.0 -533.0 -579.0 -598.0
-782.0 -507.0 -620.0 -581.0 -374.0
-551.0 -893.0 -471.0 -611.0 -430.0
-837.0 -554.0 -616.0 -380.0 -611.0
-471.0 -602.0 -581.0 -712.0 -596.0
-617.0 -756.0 -479.0 -699.0 -440.0
-466.0 113.0 -558.0 -186.0 -821.0
-439.0 -347.0 -718.0 -203.0 -694.0
-471.0 -678.0 -739.0 -504.0 -609.0
-494.0 -972.0 -470.0 -629.0 -461.0
-623.0 -805.0 -648.0 -500.0 -481.0
-883.0 -683.0 -426.0 -545.0 -403.0
-727.0 -829.0 -515.0 -544.0 -404.0
-844.0 -425.0 -322.0 -284.0 -692.0
-333.0 -650.0 -573.0 -653.0 -617.0
-734.0 -465.0 -602.0 -353.0 -691.0
-392.0 -197.0 -640.0 -569.0 -765.0
-554.0 -704.0 -447.0 -702.0 -616.0
-646.0 -403.0 -629.0 -372.0 -733.0
-814.0 -537.0 -630.0 -304.0 -447.0
-883.0 -277.0 -358.0 -291.0 -663.0
-529.0 -394.0 -582.0 -400.0 -772.0
-805.0 -501.0 -586.0 -348.0 -614.0
-621.0 -1067.0 -522.0 -492.0 -122.0
-342.0 -344.0 -592.0 -426.0 -803.0
-768.0 -669.0 -630.0 -429.0 -324.0
-554.0 -842.0 -472.0 -674.0 -424.0
-618.0 -983.0 -370.0 -556.0 -331.0
-797.0 -702.0 -386.0 -497.0 -563.0
-406.0 -1001.0 -498.0 -564.0 -363.0
-791.0 -623.0 -600.0 -572.0 -449.0
-566.0 -194.0 -651.0 -188.0 -752.0
-816.0 -354.0 -451.0 -407.0 -682.0
-826.0 -542.0 -549.0 -402.0 -541.0
-709.0 -530.0 -662.0 -480.0 -602.0
-267.0 -134.0 -458.0 -515.0 -832.0
-529.0 -947.0 -513.0 -617.0 -413.0
-481.0 -734.0 -520.0 -567.0 -678.0
-749.0 -647.0 -637.0 -452.0 -578.0
-557.0 -183.0 -561.0 -284.0 -794.0
-683.0 -764.0 -527.0 -641.0 -366.0
-601.0 -738.0 -529.0 -495.0 -631.0
-604.0 -487.0 -414.0 -518.0 -737.0
-870.0 -472.0 -557.0 -560.0 -438.0
-774.0 -412.0 -635.0 -258.0 -630.0
-776.0 -555.0 -608.0 -195.0 -697.0
-362.0 -651.0 -722.0 -575.0 -627.0
-530.0 -65.0 -654.0 -241.0 -778.0
-637.0 -794.0 -734.0 -375.0 -463.0
-749.0 -708.0 -406.0 -596.0 -547.0
-545.0 -354.0 -545.0 -323.0 -785.0
-574.0 -544.0 -513.0 -394.0 -790.0
-445.0 -807.0 -525.0 -682.0 -506.0
-533.0 -547.0 -784.0 -333.0 -583.0
-824.0 -404.0 -417.0 -447.0 -679.0
-839.0 -455.0 -523.0 -427.0 -610.0
-530.0 -412.0 -473.0 -431.0 -792.0
-756.0 -809.0 -611.0 -372.0 -365.0
-501.0 -610.0 -474.0 -652.0 -671.0
-587.0 -725.0 -544.0 -551.0 -633.0
-732.0 -581.0 -641.0 -650.0 -474.0
-685.0 -617.0 -609.0 -586.0 -561.0
-351.0 3.0 -661.0 -366.0 -777.0
-509.0 -345.0 -636.0 -554.0 -748.0
-506.0 -740.0 -579.0 -518.0 -628.0
-691.0 -884.0 -481.0 -613.0 -290.0
-596.0 -756.0 -615.0 -657.0 -428.0
-505.0 -12.0 -468.0 -214.0 -824.0
-682.0 -789.0 -510.0 -662.0 -425.0
-430.0 -248.0 -503.0 -317.0 -816.0
-298.0 -604.0 -506.0 -463.0 -761.0
-557.0 -261.0 -558.0 -279.0 -787.0
-584.0 -529.0 -438.0 -381.0 -771.0
-422.0 -359.0 -744.0 -342.0 -661.0
-479.0 -238.0 -712.0 -266.0 -693.0
-462.0 -889.0 -601.0 -549.0 -499.0
-650.0 -1059.0 -369.0 -479.0 -315.0
-707.0 -288.0 -533.0 -228.0 -746.0
-557.0 -832.0 -398.0 -653.0 -527.0
-772.0 -777.0 -627.0 -387.0 -254.0
-728.0 -761.0 -537.0 -354.0 -637.0
-729.0 -757.0 -458.0 -479.0 -569.0
-783.0 -403.0 -603.0 -303.0 -701.0
-543.0 -715.0 -607.0 -502.0 -644.0
-740.0 -477.0 -686.0 -383.0 -581.0
-263.0 -274.0 -573.0 -550.0 -772.0
-795.0 -592.0 -530.0 -336.0 -677.0
-599.0 -726.0 -685.0 -435.0 -561.0
-536.0 -612.0 -668.0 -578.0 -638.0
-688.0 -511.0 -577.0 -415.0 -712.0
-784.0 -662.0 -621.0 -392.0 -373.0
-513.0 -749.0 -512.0 -749.0 -503.0
-452.0 -490.0 -711.0 -416.0 -694.0
-609.0 -549.0 -545.0 -405.0 -753.0
-818.0 -322.0 -567.0 -348.0 -642.0
-634.0 -607.0 -489.0 -477.0 -699.0
-838.0 -507.0 -411.0 -440.0 -658.0
-444.0 -1000.0 -511.0 -648.0 -143.0
-854.0 -713.0 -513.0 -519.0 -264.0
-800.0 -678.0 -483.0 -608.0 -553.0
-706.0 -643.0 -597.0 -430.0 -678.0
-416.0 -439.0 -717.0 -159.0 -693.0
-765.0 -603.0 -232.0 -390.0 -687.0
-548.0 -733.0 -487.0 -449.0 -683.0
-676.0 -412.0 -551.0 -204.0 -747.0
-653.0 -643.0 -697.0 -520.0 -423.0
-423.0 -201.0 -684.0 -453.0 -760.0
-451.0 42.0 -517.0 -372.0 -820.0
-676.0 -412.0 -613.0 -213.0 -724.0
-654.0 -565.0 -465.0 -614.0 -665.0
-611.0 -107.0 -537.0 -295.0 -789.0
-522.0 -872.0 -548.0 -575.0 -535.0
-703.0 -764.0 -581.0 -621.0 -365.0
-747.0 -587.0 -520.0 -295.0 -695.0
-795.0 -508.0 -565.0 -440.0 -657.0
-743.0 -910.0 -425.0 -493.0 -384.0
-517.0 -536.0 -470.0 -706.0 -678.0
-551.0 -809.0 -648.0 -517.0 -490.0
-562.0 -714.0 -568.0 -501.0 -634.0
-633.0 -867.0 -351.0 -587.0 -498.0
-894.0 -612.0 -539.0 -586.0 -449.0
-433.0 -820.0 -526.0 -731.0 -380.0
-516.0 -153.0 -698.0 -312.0 -748.0
-496.0 -462.0 -547.0 -561.0 -745.0
-496.0 -356.0 -401.0 -292.0 -815.0
-847.0 -539.0 -541.0 -367.0 -592.0
-897.0 -579.0 -428.0 -428.0 -485.0
-678.0 -601.0 -691.0 -311.0 -520.0
-645.0 -453.0 -463.0 -484.0 -738.0
-721.0 -540.0 -561.0 -422.0 -706.0
-321.0 -334.0 -729.0 -587.0 -677.0
-743.0 -748.0 -473.0 -513.0 -556.0
-642.0 -607.0 -469.0 -523.0 -676.0
-573.0 -762.0 -493.0 -733.0 -443.0
-817.0 -666.0 -622.0 -426.0 -357.0
-549.0 -534.0 -529.0 -534.0 -720.0
-721.0 -462.0 -564.0 -427.0 -713.0
-621.0 -748.0 -675.0 -506.0 -472.0
-353.0 -956.0 -491.0 -616.0 -471.0
-605.0 -741.0 -514.0 -729.0 -459.0
-636.0 -985.0 -464.0 -534.0 -336.0
-707.0 -824.0 -620.0 -572.0 -246.0
-754.0 -485.0 -523.0 -240.0 -741.0
-824.0 -377.0 -406.0 -220.0 -699.0
-822.0 -734.0 -486.0 -455.0 -450.0
-444.0 -869.0 -504.0 -628.0 -506.0
-473.0 -1068.0 -462.0 -566.0 -324.0
-520.0 -947.0 -434.0 -647.0 -518.0
-428.0 -825.0 -546.0 -630.0 -549.0
-638.0 -753.0 -580.0 -696.0 -378.0
-748.0 -859.0 -457.0 -472.0 -467.0
-764.0 -621.0 -615.0 -478.0 -465.0
-432.0 -400.0 -747.0 -363.0 -612.0
-653.0 -457.0 -400.0 -637.0 -688.0
-635.0 -475.0 -534.0 -467.0 -737.0
-682.0 -937.0 -389.0 -566.0 -287.0
-467.0 -456.0 -729.0 -236.0 -687.0
-505.0 -552.0 -675.0 -435.0 -675.0
-765.0 -520.0 -651.0 -361.0 -644.0
-674.0 -537.0 -656.0 -423.0 -666.0
-420.0 -367.0 -565.0 -471.0 -790.0
-725.0 -683.0 -632.0 -439.0 -478.0
-758.0 -525.0 -673.0 -390.0 -365.0
-689.0 -166.0 -465.0 -142.0 -791.0
-481.0 -836.0 -725.0 -441.0 -431.0
-419.0 -567.0 -589.0 -577.0 -702.0
-653.0 -637.0 -546.0 -664.0 -548.0
-612.0 -774.0 -538.0 -595.0 -534.0
-393.0 -735.0 -684.0 -535.0 -589.0
-638.0 -798.0 -591.0 -639.0 -377.0
-482.0 -840.0 -767.0 -429.0 -429.0
-673.0 -620.0 -609.0 -597.0 -504.0
-548.0 -874.0 -687.0 -407.0 -472.0
-427.0 -1074.0 -328.0 -620.0 -387.0
-836.0 -379.0 -507.0 -417.0 -665.0
-782.0 -504.0 -638.0 -304.0 -571.0
-620.0 -265.0 -561.0 -362.0 -768.0
-595.0 -593.0 -759.0 -318.0 -431.0
-457.0 -222.0 -705.0 -278.0 -751.0
-573.0 -500.0 -561.0 -496.0 -731.0
-874.0 -521.0 -523.0 -279.0 -531.0
-724.0 -456.0 -495.0 -304.0 -760.0
-783.0 -636.0 -514.0 -405.0 -632.0
-703.0 -871.0 -497.0 -602.0 -357.0
-744.0 -504.0 -195.0 -417.0 -706.0
-740.0 -733.0 -187.0 -542.0 -584.0
-632.0 -562.0 -490.0 -339.0 -748.0
-429.0 -426.0 -789.0 -366.0 -591.0
-822.0 -494.0 -610.0 -442.0 -522.0
-528.0 -226.0 -554.0 -340.0 -790.0
-471.0 -752.0 -544.0 -614.0 -647.0
-331.0 -568.0 -753.0 -545.0 -613.0
-244.0 -394.0 -300.0 -554.0 -789.0
-375.0 -792.0 -448.0 -633.0 -610.0
-732.0 -771.0 -523.0 -551.0 -454.0
-567.0 -934.0 -495.0 -555.0 -452.0
-580.0 -849.0 -635.0 -505.0 -494.0
-791.0 -730.0 -555.0 -420.0 -478.0
-561.0 -96.0 -477.0 -288.0 -814.0
-691.0 -568.0 -626.0 -550.0 -568.0
-816.0 -455.0 -579.0 -407.0 -630.0
-727.0 -662.0 -527.0 -586.0 -568.0
-532.0 42.0 -562.0 -120.0 -816.0
-544.0 -684.0 -760.0 -365.0 -480.0
-618.0 -547.0 -575.0 -506.0 -702.0
-950.0 -362.0 -369.0 -275.0 -506.0
-635.0 -648.0 -372.0 -590.0 -639.0
-699.0 -633.0 -483.0 -583.0 -607.0
-740.0 -761.0 -314.0 -549.0 -544.0
-527.0 -759.0 -468.0 -409.0 -714.0
-633.0 -553.0 -450.0 -666.0 -649.0
-784.0 -641.0 -459.0 -544.0 -630.0
-655.0 -668.0 -605.0 -411.0 -667.0
-365.0 -479.0 -634.0 -528.0 -712.0
-713.0 -739.0 -684.0 -406.0 -501.0
-760.0 -613.0 -601.0 -489.0 -440.0
-623.0 -341.0 -372.0 -413.0 -781.0
-683.0 -772.0 -547.0 -459.0 -633.0
-634.0 -349.0 -721.0 -106.0 -614.0
-737.0 -831.0 -623.0 -440.0 -370.0
-422.0 -991.0 -558.0 -447.0 -509.0
-266.0 -241.0 -682.0 -244.0 -770.0
-615.0 -1001.0 -601.0 -592.0 -328.0
-215.0 -177.0 -703.0 -365.0 -750.0
-675.0 -682.0 -527.0 -631.0 -527.0
-658.0 -388.0 -622.0 -369.0 -732.0
-695.0 -562.0 -372.0 -609.0 -672.0
-738.0 -336.0 -544.0 -386.0 -717.0
-661.0 -304.0 -556.0 -251.0 -786.0
-216.0 -883.0 -445.0 -740.0 -427.0
-856.0 -444.0 -513.0 -562.0 -561.0
-529.0 -569.0 -504.0 -423.0 -744.0
-666.0 -764.0 -647.0 -401.0 -602.0
-598.0 -730.0 -696.0 -507.0 -470.0
-804.0 -571.0 -649.0 -381.0 -333.0
-605.0 -567.0 -561.0 -485.0 -720.0
-674.0 -295.0 -726.0 -101.0 -453.0
-559.0 -816.0 -568.0 -644.0 -478.0
-815.0 -499.0 -328.0 -439.0 -695.0
-625.0 -444.0 -661.0 -420.0 -731.0
-901.0 -417.0 -487.0 -508.0 -504.0
-588.0 -310.0 -669.0 -417.0 -721.0
-441.0 -321.0 -730.0 -308.0 -690.0
-795.0 -635.0 -602.0 -348.0 -472.0
-580.0 -680.0 -781.0 -489.0 -477.0
-789.0 -578.0 -654.0 -472.0 -554.0
-444.0 -605.0 -740.0 -470.0 -583.0
-858.0 -777.0 -473.0 -483.0 -217.0
-647.0 -581.0 -429.0 -312.0 -746.0
-618.0 -409.0 -498.0 -287.0 -774.0
-782.0 -589.0 -465.0 -288.0 -707.0
-818.0 -738.0 -580.0 -428.0 -444.0
-652.0 -732.0 -463.0 -531.0 -636.0
-464.0 -518.0 -677.0 -441.0 -710.0
-634.0 -635.0 -616.0 -484.0 -659.0
-479.0 -635.0 -723.0 -514.0 -591.0
-432.0 -389.0 -698.0 -455.0 -697.0
-788.0 -440.0 -561.0 -211.0 -673.0
-665.0 -519.0 -504.0 -447.0 -714.0
-757.0 -751.0 -485.0 -624.0 -455.0
-480.0 -343.0 -655.0 -497.0 -747.0
-720.0 -478.0 -495.0 -319.0 -741.0
-493.0 -656.0 -655.0 -583.0 -651.0
-664.0 -911.0 -565.0 -456.0 -407.0
-736.0 -947.0 -437.0 -527.0 -224.0
-827.0 -597.0 -472.0 -539.0 -617.0
-859.0 -462.0 -614.0 -372.0 -527.0
-657.0 -566.0 -647.0 -467.0 -646.0
-901.0 -452.0 -413.0 -380.0 -645.0
-559.0 -98.0 -614.0 -252.0 -772.0
-374.0 -1039.0 -403.0 -642.0 -228.0
-422.0 -266.0 -727.0 -303.0 -692.0
-457.0 -591.0 -676.0 -393.0 -697.0
-403.0 -1066.0 -425.0 -562.0 -394.0
-718.0 -515.0 -648.0 -465.0 -703.0
-640.0 -818.0 -659.0 -523.0 -228.0
-601.0 -650.0 -475.0 -369.0 -733.0
-365.0 -326.0 -700.0 -529.0 -696.0
-603.0 -480.0 -698.0 -356.0 -636.0
-580.0 -312.0 -665.0 -213.0 -735.0
-510.0 -412.0 -742.0 -231.0 -674.0
-248.0 -578.0 -589.0 -483.0 -726.0
-262.0 -729.0 -367.0 -672.0 -628.0
-686.0 -618.0 -541.0 -420.0 -695.0
-401.0 -882.0 -627.0 -593.0 -456.0
-612.0 -329.0 -401.0 -229.0 -801.0
-802.0 -547.0 -441.0 -425.0 -673.0
-392.0 -661.0 -378.0 -587.0 -706.0
-584.0 -557.0 -565.0 -388.0 -731.0
-654.0 -811.0 -614.0 -541.0 -377.0
-748.0 -771.0 -446.0 -621.0 -369.0
-641.0 -630.0 -672.0 -479.0 -640.0
-877.0 -588.0 -447.0 -417.0 -543.0
-830.0 -711.0 -507.0 -499.0 -385.0
-723.0 -555.0 -663.0 -452.0 -650.0
-913.0 -398.0 -474.0 -345.0 -519.0
-819.0 -365.0 -386.0 -410.0 -695.0
-885.0 -478.0 -606.0 -369.0 -407.0
-527.0 -698.0 -554.0 -540.0 -682.0
-429.0 -417.0 -484.0 -411.0 -799.0
-390.0 -670.0 -665.0 -603.0 -601.0
-698.0 -764.0 -643.0 -508.0 -414.0
-571.0 -499.0 -554.0 -372.0 -756.0
-708.0 -654.0 -705.0 -385.0 -488.0
-807.0 -263.0 -334.0 -298.0 -712.0
-730.0 -542.0 -575.0 -458.0 -669.0
-666.0 -394.0 -556.0 -331.0 -740.0
-782.0 -742.0 -516.0 -557.0 -357.0
-576.0 -301.0 -595.0 -399.0 -782.0
-670.0 -677.0 -447.0 -639.0 -602.0
-709.0 -365.0 -621.0 -122.0 -725.0
-762.0 -662.0 -495.0 -365.0 -663.0
-706.0 -690.0 -561.0 -611.0 -455.0
-370.0 -311.0 -502.0 -399.0 -818.0
-651.0 -603.0 -718.0 -475.0 -349.0
-540.0 -811.0 -428.0 -548.0 -626.0
-266.0 -456.0 -581.0 -576.0 -717.0
-416.0 -901.0 -660.0 -488.0 -388.0
-678.0 -735.0 -548.0 -562.0 -518.0
-570.0 -870.0 -603.0 -610.0 -428.0
-785.0 -443.0 -588.0 -384.0 -666.0
-266.0 -190.0 -507.0 -432.0 -826.0
-597.0 -509.0 -732.0 -327.0 -573.0
-370.0 -403.0 -738.0 -498.0 -679.0
-629.0 -548.0 -666.0 -528.0 -662.0
-433.0 -603.0 -773.0 -527.0 -498.0
-653.0 -848.0 -599.0 -460.0 -508.0
-677.0 -790.0 -624.0 -468.0 -445.0
-653.0 -682.0 -557.0 -607.0 -547.0
-450.0 -558.0 -701.0 -503.0 -660.0
-889.0 -461.0 -600.0 -268.0 -501.0
-478.0 -882.0 -446.0 -643.0 -496.0
-565.0 -718.0 -604.0 -633.0 -569.0
-822.0 -780.0 -532.0 -479.0 -416.0
-673.0 -913.0 -402.0 -606.0 -233.0
-594.0 -806.0 -720.0 -463.0 -453.0
-305.0 -368.0 -692.0 -511.0 -716.0
-577.0 -1013.0 -367.0 -526.0 -427.0
-812.0 -655.0 -538.0 -471.0 -456.0
-882.0 -632.0 -612.0 -408.0 -345.0
-364.0 -391.0 -743.0 -379.0 -628.0
-736.0 -942.0 -380.0 -458.0 -400.0
-663.0 -627.0 -717.0 -522.0 -625.0
-722.0 -534.0 -411.0 -503.0 -672.0
-441.0 -824.0 -470.0 -574.0 -611.0
-799.0 -623.0 -560.0 -471.0 -477.0
-333.0 -441.0 -569.0 -558.0 -740.0
-755.0 -564.0 -639.0 -326.0 -672.0
-717.0 -892.0 -421.0 -522.0 -410.0
-460.0 -664.0 -486.0 -718.0 -590.0
-861.0 -438.0 -442.0 -423.0 -645.0
-775.0 -782.0 -567.0 -433.0 -457.0
-554.0 -539.0 -517.0 -294.0 -761.0
-703.0 -785.0 -724.0 -478.0 -344.0
-790.0 -859.0 -392.0 -543.0 -262.0
-757.0 -518.0 -376.0 -529.0 -656.0
-697.0 -837.0 -491.0 -592.0 -442.0
-398.0 -465.0 -524.0 -375.0 -810.0
-568.0 -826.0 -528.0 -683.0 -404.0
-510.0 -230.0 -591.0 -465.0 -787.0
-795.0 -481.0 -560.0 -367.0 -661.0
-820.0 -472.0 -574.0 -361.0 -631.0
-366.0 -686.0 -651.0 -692.0 -536.0
-632.0 -594.0 -724.0 -211.0 -540.0
-604.0 -111.0 -633.0 -146.0 -755.0
-463.0 -876.0 -509.0 -683.0 -418.0
-527.0 -667.0 -690.0 -500.0 -619.0
-721.0 -547.0 -685.0 -324.0 -599.0
-619.0 -836.0 -589.0 -663.0 -372.0
-714.0 -566.0 -715.0 -177.0 -486.0
-515.0 -502.0 -352.0 -493.0 -758.0
-560.0 -542.0 -680.0 -502.0 -665.0
-335.0 -447.0 -506.0 -512.0 -774.0
-681.0 -500.0 -482.0 -309.0 -773.0
-696.0 -799.0 -646.0 -449.0 -455.0
-629.0 -609.0 -580.0 -397.0 -694.0
-579.0 -511.0 -717.0 -360.0 -675.0
-842.0 -522.0 -530.0 -386.0 -595.0
-739.0 -723.0 -481.0 -609.0 -566.0
-599.0 -891.0 -699.0 -484.0 -466.0
-811.0 -474.0 -572.0 -240.0 -638.0
-524.0 -147.0 -703.0 -331.0 -735.0
-871.0 -464.0 -499.0 -301.0 -632.0
-327.0 -526.0 -347.0 -483.0 -766.0
-634.0 -601.0 -323.0 -473.0 -714.0
-342.0 -283.0 -678.0 -557.0 -771.0
-738.0 -383.0 -642.0 -190.0 -695.0
-813.0 -429.0 -667.0 -318.0 -490.0
-666.0 -401.0 -611.0 -403.0 -737.0
-806.0 -543.0 -522.0 -274.0 -710.0
-588.0 -310.0 -558.0 -318.0 -772.0
-781.0 -737.0 -441.0 -468.0 -601.0
-525.0 -71.0 -575.0 -216.0 -797.0
-667.0 -657.0 -660.0 -398.0 -639.0
-827.0 -534.0 -625.0 -429.0 -469.0
-483.0 -1023.0 -287.0 -580.0 -372.0
-807.0 -736.0 -424.0 -407.0 -550.0
-628.0 -549.0 -536.0 -330.0 -750.0
-940.0 -442.0 -468.0 -426.0 -398.0
-322.0 -1000.0 -434.0 -661.0 -294.0
-528.0 -562.0 -702.0 -538.0 -641.0
-827.0 -651.0 -565.0 -493.0 -375.0
-619.0 -257.0 -608.0 -394.0 -769.0
-551.0 -897.0 -647.0 -549.0 -336.0
-260.0 -938.0 -396.0 -691.0 -399.0
-776.0 -453.0 -562.0 -435.0 -659.0
-373.0 -580.0 -599.0 -405.0 -740.0
-439.0 -6.0 -548.0 -261.0 -828.0
-649.0 -951.0 -494.0 -621.0 -319.0
-553.0 -434.0 -646.0 -288.0 -750.0
-550.0 -763.0 -566.0 -673.0 -535.0
-644.0 -689.0 -267.0 -492.0 -673.0
-513.0 -848.0 -580.0 -627.0 -480.0
-552.0 -666.0 -644.0 -494.0 -657.0
-527.0 -999.0 -376.0 -603.0 -369.0
-505.0 -839.0 -714.0 -426.0 -505.0
-826.0 -686.0 -272.0 -483.0 -534.0
-522.0 -731.0 -427.0 -562.0 -685.0
-628.0 -488.0 -622.0 -461.0 -718.0
-682.0 -541.0 -593.0 -576.0 -616.0
-660.0 -833.0 -496.0 -658.0 -379.0
-651.0 -845.0 -565.0 -537.0 -394.0
-693.0 -548.0 -497.0 -610.0 -647.0
-482.0 -303.0 -731.0 -198.0 -681.0
-747.0 -863.0 -468.0 -544.0 -376.0
-579.0 -725.0 -671.0 -500.0 -550.0
-456.0 -870.0 -495.0 -698.0 -366.0
-784.0 -325.0 -561.0 -260.0 -691.0
-802.0 -776.0 -469.0 -557.0 -329.0
-332.0 -482.0 -574.0 -567.0 -713.0
-580.0 -776.0 -446.0 -564.0 -614.0
-467.0 -285.0 -675.0 -525.0 -763.0
-748.0 -612.0 -597.0 -510.0 -611.0
-530.0 -697.0 -525.0 -710.0 -559.0
-482.0 -659.0 -534.0 -481.0 -738.0
-386.0 -286.0 -698.0 -407.0 -705.0
-821.0 -694.0 -600.0 -409.0 -454.0
-775.0 -580.0 -346.0 -410.0 -686.0
-626.0 -654.0 -628.0 -367.0 -677.0
-661.0 -466.0 -694.0 -460.0 -685.0
-486.0 -559.0 -703.0 -501.0 -687.0
-446.0 -415.0 -722.0 -432.0 -678.0
-850.0 -351.0 -457.0 -495.0 -633.0
-889.0 -527.0 -560.0 -565.0 -436.0
-650.0 -819.0 -488.0 -621.0 -475.0
-818.0 -569.0 -628.0 -341.0 -453.0
-684.0 -714.0 -645.0 -488.0 -483.0
-531.0 -386.0 -761.0 -271.0 -643.0
-899.0 -476.0 -585.0 -329.0 -527.0
-566.0 -764.0 -607.0 -690.0 -397.0
-612.0 -727.0 -623.0 -548.0 -619.0
-644.0 -774.0 -603.0 -599.0 -400.0
-615.0 -526.0 -347.0 -588.0 -690.0
-645.0 -889.0 -336.0 -597.0 -499.0
-390.0 -357.0 -558.0 -491.0 -777.0
-694.0 -560.0 -682.0 -370.0 -546.0
-614.0 -454.0 -741.0 -321.0 -657.0
-612.0 -579.0 -431.0 -626.0 -680.0
-451.0 -371.0 -609.0 -355.0 -785.0
-475.0 -713.0 -668.0 -621.0 -518.0
-717.0 -623.0 -475.0 -306.0 -719.0
-838.0 -264.0 -354.0 -329.0 -693.0
-888.0 -469.0 -524.0 -241.0 -573.0
-418.0 -700.0 -535.0 -521.0 -698.0
-443.0 -261.0 -619.0 -448.0 -785.0
-808.0 -625.0 -595.0 -595.0 -442.0
-720.0 -460.0 -414.0 -455.0 -723.0
-578.0 -941.0 -538.0 -554.0 -397.0
-852.0 -668.0 -567.0 -419.0 -369.0
-201.0 -957.0 -487.0 -625.0 -384.0
-441.0 -421.0 -537.0 -370.0 -797.0
-754.0 -693.0 -445.0 -655.0 -507.0
-808.0 -351.0 -617.0 -231.0 -614.0
-686.0 -157.0 -608.0 -183.0 -736.0
-688.0 -266.0 -584.0 -149.0 -744.0
-720.0 -702.0 -667.0 -346.0 -531.0
-435.0 -598.0 -580.0 -751.0 -584.0
-409.0 -802.0 -741.0 -492.0 -451.0
-732.0 -586.0 -685.0 -417.0 -492.0
-409.0 -410.0 -691.0 -601.0 -699.0
-708.0 -506.0 -375.0 -471.0 -707.0
-754.0 -565.0 -454.0 -465.0 -679.0
-556.0 -645.0 -646.0 -693.0 -538.0
-805.0 -444.0 -512.0 -506.0 -641.0
-514.0 -1017.0 -492.0 -608.0 -270.0
-644.0 -642.0 -729.0 -483.0 -467.0
-570.0 -969.0 -579.0 -441.0 -449.0
-668.0 -809.0 -593.0 -501.0 -497.0
-367.0 -557.0 -744.0 -537.0 -617.0
-460.0 -584.0 -752.0 -431.0 -540.0
-845.0 -368.0 -524.0 -347.0 -657.0
-830.0 -695.0 -568.0 -446.0 -410.0
-413.0 -451.0 -755.0 -275.0 -646.0
-559.0 -585.0 -718.0 -432.0 -642.0
-673.0 -477.0 -612.0 -356.0 -722.0
-806.0 -800.0 -359.0 -549.0 -348.0
-834.0 -474.0 -575.0 -489.0 -493.0
-703.0 -733.0 -472.0 -630.0 -549.0
-799.0 -606.0 -525.0 -606.0 -466.0
-646.0 -385.0 -473.0 -368.0 -778.0
-503.0 -317.0 -653.0 -391.0 -779.0
-786.0 -722.0 -602.0 -409.0 -365.0
-447.0 -239.0 -619.0 -433.0 -804.0
-875.0 -426.0 -342.0 -315.0 -673.0
-707.0 -256.0 -645.0 -156.0 -717.0
-379.0 -1063.0 -436.0 -577.0 -320.0
-802.0 -439.0 -607.0 -439.0 -616.0
-625.0 -546.0 -665.0 -381.0 -720.0
-518.0 -140.0 -464.0 -293.0 -827.0
-690.0 -406.0 -637.0 -432.0 -710.0
-226.0 -87.0 -642.0 -266.0 -791.0
-759.0 -642.0 -505.0 -550.0 -592.0
-482.0 -1069.0 -430.0 -603.0 -280.0
-777.0 -472.0 -637.0 -318.0 -588.0
-690.0 -498.0 -695.0 -266.0 -625.0
-768.0 -331.0 -496.0 -315.0 -712.0
-617.0 -791.0 -643.0 -563.0 -477.0
-655.0 -677.0 -319.0 -529.0 -649.0
-452.0 -938.0 -414.0 -689.0 -412.0
-591.0 -149.0 -569.0 -418.0 -776.0
-681.0 -262.0 -683.0 -276.0 -709.0
-575.0 -816.0 -491.0 -714.0 -393.0
-591.0 -898.0 -498.0 -640.0 -350.0
-777.0 -408.0 -623.0 -108.0 -589.0
-528.0 -358.0 -691.0 -419.0 -719.0
-848.0 -464.0 -555.0 -281.0 -652.0
-683.0 -260.0 -608.0 -321.0 -728.0
-760.0 -506.0 -620.0 -447.0 -645.0
-721.0 -668.0 -557.0 -551.0 -555.0
-528.0 -562.0 -463.0 -438.0 -735.0
-408.0 -587.0 -684.0 -602.0 -602.0
-447.0 -724.0 -682.0 -518.0 -606.0
-859.0 -466.0 -379.0 -392.0 -660.0
-840.0 -446.0 -584.0 -218.0 -528.0
-803.0 -795.0 -544.0 -440.0 -258.0
-412.0 -721.0 -571.0 -588.0 -617.0
-882.0 -465.0 -509.0 -497.0 -598.0
-904.0 -671.0 -377.0 -410.0 -242.0
-782.0 -528.0 -551.0 -419.0 -675.0
-639.0 -780.0 -576.0 -517.0 -614.0
-758.0 -701.0 -537.0 -565.0 -471.0
-653.0 -552.0 -607.0 -517.0 -665.0
-726.0 -792.0 -526.0 -534.0 -508.0
-654.0 -721.0 -563.0 -437.0 -658.0
-600.0 -665.0 -456.0 -479.0 -745.0
-576.0 -478.0 -655.0 -490.0 -671.0
-755.0 -456.0 -571.0 -222.0 -716.0
-704.0 -866.0 -396.0 -598.0 -413.0
-593.0 -355.0 -704.0 -348.0 -676.0
-470.0 -943.0 -675.0 -443.0 -265.0
-589.0 -250.0 -561.0 -273.0 -783.0
-724.0 -855.0 -569.0 -621.0 -296.0
-550.0 -851.0 -487.0 -503.0 -593.0
-753.0 -519.0 -489.0 -539.0 -663.0
-752.0 -759.0 -564.0 -524.0 -112.0
-397.0 -22.0 -609.0 -208.0 -813.0
-739.0 -784.0 -395.0 -478.0 -598.0
-417.0 -19.0 -535.0 -399.0 -836.0
-412.0 -475.0 -710.0 -533.0 -687.0
-530.0 -605.0 -462.0 -370.0 -776.0
-801.0 -725.0 -655.0 -420.0 -271.0
-629.0 -716.0 -496.0 -378.0 -686.0
-650.0 -826.0 -570.0 -573.0 -362.0
-576.0 -727.0 -738.0 -438.0 -485.0
-774.0 -619.0 -485.0 -547.0 -571.0
-885.0 -622.0 -440.0 -410.0 -519.0
-814.0 -574.0 -314.0 -525.0 -635.0
-721.0 -572.0 -638.0 -244.0 -679.0
-569.0 -740.0 -746.0 -513.0 -569.0
-746.0 -632.0 -660.0 -459.0 -475.0
-689.0 -822.0 -534.0 -528.0 -500.0
-657.0 -560.0 -427.0 -570.0 -657.0
-329.0 -314.0 -713.0 -444.0 -704.0
-194.0 -483.0 -511.0 -496.0 -769.0
-594.0 -593.0 -518.0 -520.0 -699.0
-752.0 -196.0 -375.0 -320.0 -763.0
-817.0 -566.0 -380.0 -398.0 -671.0
-465.0 -662.0 -479.0 -723.0 -596.0
-566.0 -382.0 -605.0 -340.0 -774.0
-666.0 -732.0 -646.0 -484.0 -579.0
-890.0 -603.0 -388.0 -348.0 -636.0
-408.0 -498.0 -740.0 -474.0 -675.0
-461.0 -627.0 -550.0 -606.0 -687.0
-399.0 -975.0 -477.0 -596.0 -354.0
-509.0 -813.0 -651.0 -510.0 -571.0
-779.0 -837.0 -533.0 -482.0 -400.0
-613.0 -936.0 -503.0 -492.0 -443.0
-736.0 -759.0 -665.0 -438.0 -283.0
-598.0 36.0 -482.0 -73.0 -812.0
-822.0 -439.0 -552.0 -572.0 -512.0
-487.0 -154.0 -593.0 -258.0 -794.0
-584.0 -410.0 -500.0 -397.0 -772.0
-788.0 -424.0 -505.0 -213.0 -725.0
-812.0 -400.0 -380.0 -265.0 -696.0
-657.0 -567.0 -557.0 -398.0 -720.0
-790.0 -562.0 -611.0 -422.0 -579.0
-469.0 -1089.0 -416.0 -582.0 -298.0
-380.0 -160.0 -542.0 -490.0 -808.0
-740.0 -595.0 -564.0 -427.0 -704.0
-612.0 -788.0 -537.0 -417.0 -651.0
-875.0 -475.0 -642.0 -303.0 -338.0
-526.0 -649.0 -618.0 -735.0 -427.0
-519.0 -470.0 -630.0 -562.0 -708.0
-668.0 -692.0 -653.0 -437.0 -591.0
-730.0 -626.0 -678.0 -464.0 -480.0
-709.0 -655.0 -654.0 -434.0 -505.0
-587.0 -289.0 -684.0 -453.0 -716.0
-673.0 -496.0 -700.0 -243.0 -632.0
-718.0 -769.0 -503.0 -533.0 -591.0
-547.0 -817.0 -444.0 -661.0 -525.0
-568.0 -911.0 -414.0 -626.0 -398.0
-619.0 -712.0 -397.0 -602.0 -633.0
-453.0 -683.0 -673.0 -571.0 -661.0
-592.0 -965.0 -366.0 -585.0 -357.0
-710.0 -584.0 -363.0 -549.0 -650.0
-643.0 -174.0 -475.0 -275.0 -801.0
-725.0 -549.0 -686.0 -471.0 -541.0
-664.0 -538.0 -736.0 -270.0 -459.0
-599.0 -278.0 -521.0 -334.0 -780.0
-588.0 -685.0 -486.0 -607.0 -623.0
-742.0 -575.0 -494.0 -331.0 -707.0
-800.0 -244.0 -569.0 -352.0 -646.0
-696.0 -749.0 -446.0 -501.0 -600.0
-418.0 -459.0 -547.0 -396.0 -784.0
-869.0 -512.0 -540.0 -340.0 -551.0
-466.0 -915.0 -622.0 -540.0 -490.0
-401.0 -252.0 -716.0 -227.0 -698.0
-701.0 -766.0 -526.0 -609.0 -415.0
-566.0 -414.0 -660.0 -309.0 -732.0
-588.0 -539.0 -682.0 -566.0 -627.0
-582.0 -384.0 -534.0 -206.0 -780.0
-915.0 -681.0 -474.0 -328.0 -363.0
-780.0 -751.0 -636.0 -380.0 -302.0
-724.0 -427.0 -658.0 -257.0 -701.0
-908.0 -413.0 -578.0 -279.0 -407.0
-763.0 -476.0 -633.0 -380.0 -657.0
-719.0 -683.0 -592.0 -463.0 -602.0
-813.0 -600.0 -559.0 -394.0 -608.0
-472.0 -180.0 -600.0 -432.0 -790.0
-542.0 -596.0 -731.0 -314.0 -620.0
-606.0 -675.0 -524.0 -471.0 -677.0
-557.0 -705.0 -629.0 -555.0 -597.0
-384.0 -613.0 -760.0 -493.0 -505.0
-380.0 -200.0 -660.0 -515.0 -774.0
-407.0 -126.0 -681.0 -383.0 -766.0
-610.0 -366.0 -554.0 -375.0 -763.0
-689.0 -743.0 -450.0 -577.0 -596.0
-451.0 -281.0 -391.0 -406.0 -815.0
-806.0 -417.0 -607.0 -424.0 -635.0
-750.0 -580.0 -489.0 -414.0 -685.0
-659.0 -405.0 -707.0 -254.0 -703.0
-659.0 -570.0 -729.0 -395.0 -507.0
-581.0 -670.0 -574.0 -734.0 -442.0
-665.0 -703.0 -527.0 -662.0 -583.0
-791.0 -355.0 -598.0 -176.0 -664.0
-710.0 -607.0 -650.0 -348.0 -691.0
-644.0 -674.0 -209.0 -548.0 -674.0
-894.0 -733.0 -434.0 -467.0 -423.0
-677.0 -113.0 -457.0 -248.0 -785.0
-650.0 -611.0 -406.0 -676.0 -626.0
-574.0 -726.0 -620.0 -607.0 -571.0
-774.0 -206.0 -306.0 -244.0 -733.0
-598.0 -665.0 -681.0 -518.0 -561.0
-443.0 -243.0 -490.0 -321.0 -825.0
-599.0 -770.0 -548.0 -700.0 -396.0
-696.0 -752.0 -561.0 -480.0 -615.0
-600.0 -553.0 -514.0 -465.0 -726.0
-373.0 -276.0 -714.0 -269.0 -699.0
-753.0 -660.0 -297.0 -479.0 -641.0
-699.0 -918.0 -454.0 -551.0 -365.0
-738.0 -879.0 -392.0 -588.0 -221.0
-458.0 -641.0 -584.0 -372.0 -711.0
-738.0 -285.0 -558.0 -121.0 -732.0
-728.0 -646.0 -333.0 -430.0 -680.0
-828.0 -552.0 -565.0 -518.0 -486.0
-687.0 -739.0 -594.0 -560.0 -479.0
-749.0 -599.0 -610.0 -425.0 -665.0
-550.0 -911.0 -479.0 -636.0 -494.0
-748.0 -677.0 -606.0 -559.0 -370.0
-457.0 -173.0 -575.0 -377.0 -815.0
-519.0 -563.0 -448.0 -399.0 -783.0
-728.0 -232.0 -496.0 -170.0 -749.0
-592.0 -52.0 -472.0 -281.0 -814.0
-771.0 -560.0 -655.0 -413.0 -595.0
-818.0 -464.0 -554.0 -558.0 -585.0
-693.0 -280.0 -714.0 -140.0 -611.0
-777.0 -640.0 -613.0 -471.0 -421.0
-314.0 -174.0 -667.0 -524.0 -778.0
-671.0 -495.0 -484.0 -443.0 -723.0
-813.0 -493.0 -642.0 -405.0 -566.0
-817.0 -533.0 -392.0 -400.0 -689.0
-464.0 -858.0 -406.0 -666.0 -554.0
-639.0 -673.0 -660.0 -536.0 -622.0
-726.0 -541.0 -707.0 -191.0 -524.0
-730.0 -627.0 -514.0 -605.0 -552.0
-732.0 -450.0 -500.0 -323.0 -747.0
-684.0 -507.0 -681.0 -259.0 -642.0
-354.0 -849.0 -522.0 -607.0 -517.0
-820.0 -693.0 -460.0 -550.0 -444.0
-405.0 -756.0 -493.0 -622.0 -586.0
-617.0 -689.0 -589.0 -540.0 -609.0
-719.0 -429.0 -701.0 -261.0 -653.0
-782.0 -675.0 -672.0 -384.0 -374.0
-391.0 -620.0 -489.0 -690.0 -658.0
-615.0 -574.0 -669.0 -428.0 -652.0
-500.0 -389.0 -519.0 -401.0 -777.0
-354.0 -236.0 -715.0 -298.0 -701.0
-807.0 -687.0 -311.0 -484.0 -544.0
-576.0 -316.0 -561.0 -284.0 -785.0
-657.0 -645.0 -509.0 -451.0 -674.0
-613.0 -888.0 -448.0 -595.0 -520.0
-670.0 -910.0 -462.0 -573.0 -321.0
-873.0 -698.0 -501.0 -558.0 -422.0
-448.0 -367.0 -520.0 -378.0 -801.0
-834.0 -468.0 -497.0 -586.0 -607.0
-610.0 -681.0 -533.0 -669.0 -561.0
-820.0 -513.0 -412.0 -312.0 -685.0
-709.0 -652.0 -659.0 -424.0 -511.0
-819.0 -663.0 -594.0 -342.0 -504.0
-509.0 -332.0 -623.0 -382.0 -780.0
-604.0 -724.0 -746.0 -238.0 -399.0
-582.0 -600.0 -671.0 -368.0 -641.0
-677.0 -169.0 -414.0 -208.0 -792.0
-417.0 -635.0 -579.0 -664.0 -668.0
-601.0 -631.0 -667.0 -407.0 -643.0
-749.0 -428.0 -324.0 -505.0 -700.0
-797.0 -315.0 -559.0 -232.0 -731.0
-489.0 63.0 -465.0 -144.0 -830.0
-525.0 -646.0 -736.0 -459.0 -658.0
-423.0 -984.0 -292.0 -643.0 -471.0
-644.0 -855.0 -604.0 -544.0 -299.0
-775.0 -377.0 -676.0 -271.0 -675.0
-811.0 -770.0 -435.0 -561.0 -295.0
-693.0 -497.0 -533.0 -243.0 -772.0
-608.0 -790.0 -675.0 -526.0 -521.0
-770.0 -687.0 -433.0 -546.0 -581.0
-873.0 -759.0 -415.0 -427.0 -454.0
-569.0 -622.0 -691.0 -533.0 -621.0
-773.0 -269.0 -366.0 -290.0 -733.0
-696.0 -916.0 -586.0 -513.0 -361.0
-724.0 -641.0 -688.0 -538.0 -365.0
-667.0 -689.0 -312.0 -507.0 -644.0
-616.0 -722.0 -739.0 -247.0 -360.0
-281.0 -330.0 -541.0 -562.0 -795.0
-621.0 -856.0 -657.0 -547.0 -223.0
-570.0 -654.0 -567.0 -535.0 -669.0
-547.0 -813.0 -567.0 -668.0 -453.0
-491.0 -451.0 -699.0 -324.0 -691.0
-783.0 -709.0 -505.0 -537.0 -556.0
-756.0 -564.0 -545.0 -597.0 -575.0
-724.0 -710.0 -492.0 -629.0 -420.0
-792.0 -791.0 -544.0 -570.0 -348.0
-640.0 -640.0 -728.0 -336.0 -525.0
-462.0 -220.0 -634.0 -387.0 -794.0
-401.0 -857.0 -668.0 -472.0 -535.0
-750.0 -579.0 -431.0 -484.0 -657.0
-677.0 -523.0 -713.0 -465.0 -557.0
-744.0 -514.0 -631.0 -404.0 -652.0
-523.0 -179.0 -495.0 -330.0 -811.0
-553.0 -879.0 -355.0 -602.0 -535.0
-463.0 -928.0 -602.0 -578.0 -304.0
-879.0 -568.0 -431.0 -514.0 -583.0
-785.0 -451.0 -450.0 -367.0 -704.0
-789.0 -540.0 -421.0 -560.0 -635.0
-719.0 -909.0 -290.0 -544.0 -482.0
-735.0 -712.0 -493.0 -626.0 -565.0
-662.0 -1003.0 -468.0 -505.0 -310.0
-494.0 -652.0 -711.0 -557.0 -571.0
-728.0 -734.0 -387.0 -556.0 -578.0
-510.0 -112.0 -548.0 -275.0 -796.0
-824.0 -544.0 -486.0 -468.0 -658.0
-285.0 -573.0 -301.0 -493.0 -763.0
-516.0 -505.0 -698.0 -617.0 -647.0
-590.0 -222.0 -635.0 -215.0 -755.0
-865.0 -763.0 -521.0 -441.0 -284.0
-638.0 -613.0 -616.0 -469.0 -678.0
-806.0 -313.0 -362.0 -249.0 -711.0
-734.0 -441.0 -420.0 -291.0 -741.0
-668.0 -518.0 -657.0 -583.0 -582.0
-712.0 -312.0 -598.0 -380.0 -727.0
-743.0 -429.0 -614.0 -266.0 -685.0
-749.0 -589.0 -516.0 -581.0 -557.0
-572.0 -903.0 -526.0 -612.0 -400.0
-770.0 -700.0 -680.0 -370.0 -336.0
-552.0 -277.0 -539.0 -322.0 -804.0
-408.0 -555.0 -568.0 -633.0 -712.0
-537.0 -823.0 -548.0 -548.0 -642.0
-486.0 -929.0 -459.0 -625.0 -463.0
-565.0 -645.0 -628.0 -589.0 -632.0
-471.0 -508.0 -795.0 -179.0 -438.0
-580.0 -876.0 -657.0 -517.0 -422.0
-774.0 -534.0 -546.0 -400.0 -688.0
-749.0 -873.0 -335.0 -533.0 -458.0
-175.0 -707.0 -530.0 -750.0 -560.0
-754.0 -359.0 -546.0 -237.0 -744.0
-792.0 -642.0 -454.0 -541.0 -576.0
-756.0 -659.0 -697.0 -346.0 -433.0
-484.0 -765.0 -703.0 -502.0 -483.0
-728.0 -472.0 -500.0 -338.0 -728.0
-706.0 -472.0 -311.0 -510.0 -713.0
-819.0 -477.0 -383.0 -355.0 -688.0
-757.0 -545.0 -667.0 -395.0 -544.0
-789.0 -699.0 -549.0 -353.0 -528.0
-541.0 -843.0 -599.0 -581.0 -478.0
-492.0 -644.0 -459.0 -468.0 -719.0
-525.0 -577.0 -421.0 -523.0 -747.0
-708.0 -756.0 -636.0 -631.0 -363.0
-707.0 -608.0 -551.0 -578.0 -599.0
-524.0 -973.0 -417.0 -647.0 -359.0
-927.0 -483.0 -397.0 -236.0 -617.0
-806.0 -612.0 -625.0 -449.0 -311.0
-606.0 -525.0 -722.0 -447.0 -615.0
-750.0 -721.0 -624.0 -540.0 -357.0
-672.0 -398.0 -496.0 -270.0 -791.0
-422.0 -381.0 -440.0 -470.0 -815.0
-596.0 -536.0 -771.0 -120.0 -366.0
-644.0 -665.0 -495.0 -430.0 -692.0
-339.0 -498.0 -598.0 -465.0 -741.0
-711.0 -380.0 -656.0 -472.0 -679.0
-650.0 -803.0 -434.0 -641.0 -575.0
-621.0 -868.0 -536.0 -538.0 -495.0
-784.0 -527.0 -567.0 -308.0 -645.0
-785.0 -444.0 -485.0 -301.0 -729.0
-744.0 -546.0 -632.0 -321.0 -675.0
-629.0 -831.0 -543.0 -583.0 -400.0
-709.0 -840.0 -492.0 -568.0 -467.0
-676.0 -651.0 -705.0 -357.0 -489.0
-448.0 -985.0 -371.0 -638.0 -420.0
-162.0 -592.0 -590.0 -602.0 -695.0
-671.0 -95.0 -571.0 -48.0 -760.0
-401.0 -913.0 -491.0 -633.0 -519.0
-555.0 -861.0 -326.0 -643.0 -551.0
-580.0 -867.0 -560.0 -575.0 -475.0
-546.0 -85.0 -586.0 -292.0 -791.0
-548.0 -894.0 -331.0 -606.0 -572.0
-722.0 -550.0 -577.0 -582.0 -612.0
-594.0 -694.0 -490.0 -450.0 -682.0
-602.0 -865.0 -590.0 -471.0 -559.0
-799.0 -235.0 -359.0 -266.0 -718.0
-645.0 -600.0 -528.0 -475.0 -697.0
-795.0 -568.0 -582.0 -392.0 -626.0
-671.0 -448.0 -639.0 -164.0 -722.0
-591.0 -628.0 -586.0 -575.0 -638.0
-233.0 -267.0 -710.0 -536.0 -704.0
-646.0 -520.0 -737.0 -211.0 -500.0
-716.0 -487.0 -659.0 -223.0 -666.0
-718.0 -570.0 -455.0 -610.0 -635.0
-644.0 -853.0 -398.0 -513.0 -582.0
-471.0 -308.0 -473.0 -338.0 -837.0
-565.0 -387.0 -671.0 -239.0 -723.0
-788.0 -838.0 -501.0 -519.0 -356.0
-792.0 -375.0 -527.0 -300.0 -688.0
-560.0 -794.0 -538.0 -640.0 -493.0
-465.0 -353.0 -665.0 -612.0 -729.0
-526.0 -46.0 -552.0 -328.0 -818.0
-747.0 -687.0 -583.0 -596.0 -551.0
-746.0 -579.0 -620.0 -610.0 -594.0
-505.0 -247.0 -455.0 -311.0 -821.0
-458.0 -432.0 -529.0 -408.0 -774.0
-351.0 -204.0 -545.0 -308.0 -824.0
-567.0 -577.0 -638.0 -502.0 -666.0
-321.0 -88.0 -477.0 -313.0 -840.0
-311.0 -280.0 -702.0 -303.0 -714.0
-832.0 -317.0 -328.0 -355.0 -691.0
-236.0 -635.0 -549.0 -702.0 -630.0
-526.0 -662.0 -596.0 -593.0 -650.0
-571.0 -277.0 -530.0 -247.0 -801.0
-688.0 -728.0 -689.0 -404.0 -390.0
-635.0 -536.0 -448.0 -336.0 -769.0
-696.0 -766.0 -530.0 -616.0 -390.0
-333.0 -549.0 -447.0 -628.0 -722.0
-651.0 -820.0 -534.0 -618.0 -390.0
-480.0 -429.0 -574.0 -451.0 -759.0
-725.0 -699.0 -441.0 -632.0 -624.0
-721.0 -601.0 -475.0 -291.0 -738.0
-555.0 -431.0 -690.0 -453.0 -745.0
-790.0 -383.0 -438.0 -212.0 -720.0
-620.0 -326.0 -636.0 -170.0 -735.0
-364.0 -391.0 -463.0 -454.0 -808.0
-845.0 -503.0 -454.0 -420.0 -660.0
-792.0 -626.0 -540.0 -354.0 -639.0
-582.0 -824.0 -507.0 -643.0 -524.0
-622.0 -622.0 -687.0 -538.0 -514.0
-788.0 -577.0 -535.0 -579.0 -509.0
-441.0 -479.0 -561.0 -485.0 -764.0
-640.0 -939.0 -615.0 -528.0 -356.0
-423.0 -287.0 -712.0 -267.0 -697.0
-850.0 -528.0 -503.0 -522.0 -604.0
-852.0 -764.0 -393.0 -522.0 -352.0
-572.0 -877.0 -676.0 -392.0 -546.0
-861.0 -491.0 -490.0 -457.0 -629.0
-749.0 -526.0 -450.0 -603.0 -635.0
-664.0 -824.0 -549.0 -533.0 -482.0
-355.0 -313.0 -518.0 -563.0 -773.0
-706.0 -748.0 -658.0 -503.0 -312.0
-402.0 -61.0 -640.0 -245.0 -797.0
-749.0 -414.0 -679.0 -333.0 -461.0
-771.0 -761.0 -610.0 -431.0 -295.0
-310.0 -274.0 -498.0 -504.0 -829.0
-695.0 -691.0 -683.0 -463.0 -498.0
-378.0 -844.0 -386.0 -738.0 -524.0
-543.0 -461.0 -544.0 -364.0 -776.0
-689.0 -515.0 -619.0 -403.0 -710.0
-678.0 -416.0 -689.0 -315.0 -647.0
-736.0 -637.0 -507.0 -540.0 -625.0
-715.0 -327.0 -467.0 -230.0 -767.0
-521.0 -502.0 -727.0 -462.0 -669.0
-888.0 -610.0 -322.0 -452.0 -518.0
-419.0 -301.0 -515.0 -433.0 -811.0
-681.0 -744.0 -539.0 -676.0 -412.0
-903.0 -550.0 -411.0 -558.0 -439.0
-825.0 -597.0 -613.0 -488.0 -469.0
-386.0 -450.0 -571.0 -522.0 -762.0
-414.0 -507.0 -363.0 -473.0 -765.0
-654.0 -942.0 -338.0 -568.0 -442.0
-322.0 -804.0 -590.0 -534.0 -617.0
-685.0 -694.0 -648.0 -460.0 -584.0
-749.0 -524.0 -705.0 -353.0 -409.0
-704.0 -500.0 -660.0 -447.0 -652.0
-639.0 -802.0 -633.0 -627.0 -375.0
-851.0 -643.0 -608.0 -307.0 -350.0
-715.0 -743.0 -548.0 -637.0 -382.0
-591.0 -619.0 -560.0 -523.0 -678.0
-848.0 -439.0 -518.0 -479.0 -583.0
-408.0 -840.0 -492.0 -681.0 -532.0
-673.0 -612.0 -642.0 -509.0 -606.0
-646.0 -763.0 -701.0 -495.0 -396.0
-723.0 -454.0 -601.0 -376.0 -694.0
-608.0 -446.0 -601.0 -326.0 -770.0
-694.0 -839.0 -639.0 -496.0 -443.0
-799.0 -563.0 -579.0 -459.0 -535.0
-751.0 -842.0 -514.0 -528.0 -402.0
-661.0 -544.0 -647.0 -452.0 -665.0
-650.0 -914.0 -455.0 -609.0 -157.0
-775.0 -563.0 -666.0 -454.0 -503.0
-483.0 -709.0 -314.0 -680.0 -627.0
-540.0 -435.0 -708.0 -252.0 -680.0
-529.0 -852.0 -523.0 -655.0 -502.0
-727.0 -394.0 -547.0 -99.0 -737.0
-635.0 -543.0 -755.0 -188.0 -355.0
-626.0 -657.0 -349.0 -690.0 -623.0
-446.0 -791.0 -597.0 -552.0 -608.0
-735.0 -930.0 -337.0 -550.0 -409.0
-792.0 -391.0 -629.0 -105.0 -644.0
-460.0 -540.0 -677.0 -456.0 -691.0
-495.0 -90.0 -557.0 -335.0 -818.0
-453.0 -969.0 -634.0 -457.0 -442.0
-632.0 -920.0 -433.0 -609.0 -525.0
-384.0 -426.0 -674.0 -491.0 -713.0
-674.0 -713.0 -690.0 -453.0 -435.0
-705.0 -779.0 -674.0 -472.0 -351.0
-474.0 -332.0 -744.0 -356.0 -638.0
-864.0 -516.0 -403.0 -414.0 -632.0
-562.0 -670.0 -479.0 -655.0 -608.0
-696.0 -575.0 -466.0 -478.0 -725.0
-666.0 -361.0 -725.0 -209.0 -547.0
-867.0 -416.0 -533.0 -292.0 -558.0
-477.0 -410.0 -669.0 -533.0 -723.0
-826.0 -525.0 -514.0 -537.0 -530.0
-376.0 -315.0 -748.0 -290.0 -677.0
-499.0 -456.0 -478.0 -438.0 -792.0
-773.0 -651.0 -589.0 -418.0 -651.0
-753.0 -545.0 -582.0 -479.0 -660.0
-613.0 -692.0 -663.0 -667.0 -479.0
-414.0 -365.0 -739.0 -323.0 -674.0
-396.0 15.0 -451.0 -285.0 -842.0
-775.0 -537.0 -556.0 -574.0 -487.0
-316.0 -1045.0 -259.0 -612.0 -429.0
-647.0 -941.0 -412.0 -525.0 -457.0
-554.0 -334.0 -626.0 -449.0 -752.0
-429.0 -488.0 -572.0 -466.0 -740.0
-496.0 -409.0 -598.0 -335.0 -784.0
-577.0 -379.0 -487.0 -342.0 -781.0
-366.0 -391.0 -526.0 -529.0 -766.0
-683.0 -890.0 -476.0 -594.0 -303.0
-800.0 -642.0 -635.0 -354.0 -406.0
-845.0 -654.0 -309.0 -457.0 -531.0
-901.0 -592.0 -482.0 -401.0 -624.0
-309.0 -330.0 -760.0 -308.0 -654.0
-711.0 -472.0 -714.0 -306.0 -594.0
-829.0 -611.0 -572.0 -446.0 -387.0
-827.0 -517.0 -541.0 -314.0 -679.0
-577.0 -141.0 -688.0 -309.0 -717.0
-396.0 -812.0 -526.0 -656.0 -516.0
-652.0 -489.0 -655.0 -474.0 -707.0
-380.0 -720.0 -593.0 -618.0 -613.0
-342.0 -294.0 -727.0 -465.0 -686.0
-696.0 -320.0 -570.0 -212.0 -738.0
-788.0 -774.0 -535.0 -439.0 -468.0
-666.0 -361.0 -708.0 -250.0 -608.0
-604.0 -505.0 -495.0 -382.0 -755.0
-376.0 -627.0 -479.0 -508.0 -748.0
-647.0 -757.0 -416.0 -589.0 -611.0
-632.0 -206.0 -574.0 -268.0 -770.0
-482.0 -939.0 -547.0 -483.0 -581.0
-680.0 -636.0 -576.0 -690.0 -455.0
-742.0 -436.0 -583.0 -467.0 -682.0
-536.0 -1109.0 -487.0 -537.0 -200.0
-673.0 -568.0 -411.0 -543.0 -682.0
-877.0 -312.0 -534.0 -6.0 -554.0
-574.0 -1035.0 -555.0 -606.0 -207.0
-848.0 -394.0 -425.0 -235.0 -673.0
-735.0 -684.0 -366.0 -619.0 -605.0
-626.0 -440.0 -560.0 -364.0 -742.0
-606.0 -424.0 -422.0 -329.0 -783.0
-843.0 -359.0 -342.0 -326.0 -684.0
-443.0 -558.0 -679.0 -563.0 -701.0
-855.0 -488.0 -379.0 -407.0 -641.0
-940.0 -476.0 -360.0 -283.0 -502.0
-830.0 -546.0 -600.0 -451.0 -480.0
-468.0 -132.0 -644.0 -179.0 -792.0
-805.0 -600.0 -427.0 -496.0 -632.0
-766.0 -529.0 -551.0 -317.0 -710.0
-761.0 -497.0 -393.0 -381.0 -701.0
-648.0 -645.0 -584.0 -533.0 -609.0
-718.0 -890.0 -436.0 -575.0 -355.0
-816.0 -643.0 -573.0 -362.0 -578.0
-406.0 -170.0 -510.0 -367.0 -827.0
-505.0 -428.0 -550.0 -438.0 -761.0
-568.0 -1019.0 -401.0 -522.0 -461.0
-433.0 -1086.0 -340.0 -558.0 -430.0
-592.0 -753.0 -585.0 -398.0 -662.0
-536.0 -1000.0 -344.0 -640.0 -325.0
-770.0 -599.0 -379.0 -420.0 -683.0
-773.0 -415.0 -622.0 -359.0 -650.0
-842.0 -558.0 -593.0 -429.0 -475.0
-346.0 -322.0 -592.0 -411.0 -822.0
-423.0 -676.0 -445.0 -735.0 -611.0
-779.0 -555.0 -496.0 -573.0 -654.0
-637.0 -690.0 -628.0 -653.0 -420.0
-718.0 -576.0 -562.0 -334.0 -735.0
-547.0 -1049.0 -322.0 -537.0 -451.0
-507.0 -642.0 -755.0 -552.0 -499.0
-597.0 -819.0 -462.0 -518.0 -683.0
-710.0 -764.0 -656.0 -434.0 -409.0
-445.0 -755.0 -478.0 -727.0 -587.0
-491.0 -852.0 -533.0 -565.0 -542.0
-507.0 -479.0 -641.0 -543.0 -684.0
-665.0 -725.0 -703.0 -471.0 -401.0
-757.0 -478.0 -529.0 -645.0 -603.0
-340.0 -404.0 -703.0 -286.0 -708.0
-654.0 -626.0 -379.0 -483.0 -697.0
-789.0 -682.0 -514.0 -488.0 -517.0
-891.0 -491.0 -504.0 -519.0 -518.0
-573.0 -619.0 -499.0 -480.0 -730.0
-567.0 -799.0 -547.0 -522.0 -647.0
-763.0 -551.0 -638.0 -503.0 -621.0
-581.0 -462.0 -674.0 -309.0 -717.0
-635.0 -440.0 -718.0 -172.0 -602.0
-512.0 -193.0 -438.0 -319.0 -825.0
-783.0 -483.0 -534.0 -528.0 -639.0
-400.0 -961.0 -496.0 -600.0 -440.0
-785.0 -372.0 -610.0 -377.0 -616.0
-619.0 -739.0 -493.0 -689.0 -579.0
-773.0 -454.0 -669.0 -212.0 -489.0
-557.0 -309.0 -538.0 -287.0 -791.0
-434.0 -962.0 -519.0 -570.0 -387.0
-802.0 -194.0 -373.0 -309.0 -711.0
-361.0 -688.0 -658.0 -687.0 -530.0
-572.0 -758.0 -451.0 -745.0 -445.0
-309.0 -633.0 -531.0 -533.0 -717.0
-401.0 -385.0 -725.0 -302.0 -692.0
-701.0 -694.0 -585.0 -563.0 -525.0
-772.0 -536.0 -359.0 -506.0 -657.0
-568.0 -277.0 -501.0 -303.0 -799.0
-733.0 -710.0 -501.0 -530.0 -561.0
-665.0 -661.0 -728.0 -384.0 -325.0
-689.0 -701.0 -718.0 -263.0 -353.0
-716.0 -779.0 -506.0 -584.0 -414.0
-730.0 -658.0 -679.0 -381.0 -503.0
-627.0 -167.0 -481.0 -222.0 -809.0
-568.0 -892.0 -632.0 -424.0 -531.0
-490.0 -521.0 -361.0 -367.0 -797.0
-346.0 -385.0 -572.0 -420.0 -775.0
-413.0 -470.0 -479.0 -557.0 -761.0
-496.0 -544.0 -461.0 -512.0 -753.0
-531.0 -912.0 -598.0 -599.0 -374.0
-770.0 -353.0 -611.0 -119.0 -694.0
-750.0 -442.0 -540.0 -308.0 -717.0
-700.0 -340.0 -593.0 -376.0 -721.0
-321.0 -349.0 -700.0 -281.0 -710.0
-621.0 -220.0 -455.0 -248.0 -807.0
-767.0 -614.0 -553.0 -519.0 -595.0
-896.0 -545.0 -487.0 -446.0 -290.0
-768.0 -650.0 -530.0 -613.0 -466.0
-649.0 -940.0 -583.0 -565.0 -312.0
-805.0 -727.0 -304.0 -531.0 -532.0
-458.0 -398.0 -555.0 -583.0 -733.0
-716.0 -823.0 -384.0 -616.0 -379.0
-574.0 -380.0 -682.0 -541.0 -711.0
-807.0 -304.0 -568.0 -114.0 -689.0
-723.0 -337.0 -571.0 -263.0 -722.0
-653.0 -784.0 -633.0 -380.0 -620.0
-495.0 -477.0 -588.0 -451.0 -744.0
-718.0 -741.0 -561.0 -618.0 -344.0
-805.0 -584.0 -616.0 -475.0 -379.0
-713.0 -930.0 -436.0 -564.0 -244.0
-585.0 -822.0 -255.0 -587.0 -619.0
-766.0 -701.0 -589.0 -545.0 -223.0
-702.0 -739.0 -641.0 -551.0 -233.0
-597.0 -536.0 -662.0 -425.0 -729.0
-792.0 -731.0 -563.0 -558.0 -406.0
-933.0 -446.0 -499.0 -199.0 -404.0
-630.0 -378.0 -479.0 -315.0 -786.0
-611.0 -694.0 -627.0 -538.0 -614.0
-616.0 -532.0 -452.0 -430.0 -728.0
-613.0 -450.0 -699.0 -333.0 -659.0
-365.0 -1038.0 -435.0 -605.0 -272.0
-688.0 -942.0 -445.0 -566.0 -279.0
-643.0 -661.0 -453.0 -442.0 -694.0
-709.0 -684.0 -660.0 -341.0 -534.0
-803.0 -745.0 -517.0 -527.0 -326.0
-727.0 -653.0 -623.0 -618.0 -459.0
-415.0 -613.0 -553.0 -435.0 -722.0
-793.0 -631.0 -614.0 -405.0 -425.0
-359.0 -105.0 -627.0 -250.0 -810.0
-525.0 -912.0 -584.0 -500.0 -504.0
-420.0 -602.0 -751.0 -485.0 -509.0
-209.0 -559.0 -303.0 -599.0 -731.0
-481.0 -896.0 -448.0 -724.0 -279.0
-533.0 -820.0 -695.0 -550.0 -471.0
-747.0 -614.0 -499.0 -539.0 -596.0
-682.0 -573.0 -715.0 -328.0 -496.0
-563.0 -256.0 -599.0 -393.0 -775.0
-599.0 -828.0 -637.0 -645.0 -295.0
-902.0 -450.0 -476.0 -316.0 -620.0
-472.0 -367.0 -491.0 -304.0 -819.0
-765.0 -306.0 -583.0 -358.0 -709.0
-802.0 -575.0 -514.0 -539.0 -629.0
-602.0 -962.0 -338.0 -613.0 -401.0
-940.0 -506.0 -443.0 -513.0 -474.0
-531.0 -465.0 -658.0 -491.0 -734.0
-747.0 -827.0 -474.0 -506.0 -506.0
-589.0 -729.0 -728.0 -470.0 -514.0
-590.0 -661.0 -737.0 -219.0 -569.0
-727.0 -718.0 -638.0 -607.0 -368.0
-488.0 -558.0 -514.0 -513.0 -759.0
-644.0 -792.0 -484.0 -644.0 -550.0
-815.0 -667.0 -414.0 -490.0 -516.0
-904.0 -484.0 -450.0 -239.0 -541.0
-796.0 -650.0 -505.0 -625.0 -456.0
-695.0 -581.0 -727.0 -138.0 -328.0
-549.0 -967.0 -499.0 -539.0 -416.0
-426.0 -735.0 -637.0 -686.0 -436.0
-481.0 -293.0 -398.0 -325.0 -818.0
-637.0 -687.0 -297.0 -542.0 -655.0
-560.0 -912.0 -544.0 -481.0 -556.0
-451.0 -796.0 -505.0 -676.0 -519.0
-808.0 -676.0 -596.0 -477.0 -350.0
-874.0 -587.0 -483.0 -576.0 -466.0
-743.0 -546.0 -426.0 -451.0 -688.0
-449.0 -415.0 -542.0 -389.0 -784.0
-532.0 -776.0 -683.0 -410.0 -581.0
-335.0 -226.0 -723.0 -236.0 -702.0
-748.0 -214.0 -427.0 -207.0 -749.0
-592.0 -680.0 -615.0 -451.0 -657.0
-721.0 -517.0 -589.0 -249.0 -732.0
-581.0 -340.0 -626.0 -436.0 -766.0
-418.0 -387.0 -720.0 -325.0 -685.0
-919.0 -429.0 -404.0 -427.0 -585.0
-817.0 -660.0 -435.0 -525.0 -499.0
-235.0 -470.0 -510.0 -491.0 -779.0
-700.0 -502.0 -438.0 -318.0 -757.0
-638.0 -816.0 -240.0 -565.0 -601.0
-838.0 -488.0 -595.0 -332.0 -558.0
-832.0 -234.0 -523.0 -277.0 -672.0
-804.0 -589.0 -389.0 -538.0 -654.0
-583.0 -625.0 -555.0 -504.0 -691.0
-488.0 -711.0 -491.0 -722.0 -574.0
-800.0 -843.0 -412.0 -545.0 -464.0
-580.0 -630.0 -593.0 -548.0 -699.0
-384.0 -437.0 -519.0 -546.0 -767.0
-513.0 -554.0 -765.0 -344.0 -497.0
-701.0 -499.0 -478.0 -594.0 -671.0
-560.0 -282.0 -641.0 -396.0 -754.0
-848.0 -556.0 -440.0 -491.0 -619.0
-762.0 -488.0 -499.0 -511.0 -654.0
-624.0 -622.0 -564.0 -490.0 -718.0
-504.0 -891.0 -249.0 -631.0 -545.0
-446.0 -598.0 -652.0 -462.0 -692.0
-582.0 -799.0 -549.0 -508.0 -583.0
-327.0 -648.0 -611.0 -645.0 -638.0
-759.0 -735.0 -519.0 -579.0 -401.0
-395.0 -89.0 -583.0 -304.0 -809.0
-864.0 -485.0 -582.0 -424.0 -464.0
-599.0 -740.0 -497.0 -404.0 -681.0
-831.0 -362.0 -437.0 -344.0 -694.0
-427.0 -327.0 -334.0 -420.0 -812.0
-472.0 -241.0 -514.0 -301.0 -822.0
-638.0 -639.0 -367.0 -569.0 -638.0
-769.0 -869.0 -319.0 -523.0 -393.0
-703.0 -363.0 -520.0 -246.0 -754.0
-558.0 -928.0 -462.0 -605.0 -390.0
-622.0 -761.0 -585.0 -289.0 -690.0
-607.0 -308.0 -499.0 -319.0 -777.0
-842.0 -448.0 -269.0 -377.0 -680.0
-750.0 -604.0 -684.0 -476.0 -451.0
-675.0 -745.0 -678.0 -368.0 -550.0
-518.0 -151.0 -561.0 -348.0 -790.0
-848.0 -533.0 -468.0 -318.0 -645.0
-632.0 -802.0 -378.0 -629.0 -577.0
-546.0 -928.0 -578.0 -602.0 -491.0
-527.0 -692.0 -701.0 -486.0 -581.0
-788.0 -757.0 -500.0 -574.0 -457.0
-754.0 -739.0 -592.0 -511.0 -417.0
-424.0 -380.0 -418.0 -458.0 -802.0
-751.0 -516.0 -615.0 -586.0 -640.0
-831.0 -760.0 -323.0 -413.0 -485.0
-742.0 -294.0 -392.0 -262.0 -763.0
-686.0 -539.0 -513.0 -346.0 -757.0
-822.0 -430.0 -635.0 -355.0 -446.0
-560.0 -921.0 -258.0 -599.0 -538.0
-742.0 -596.0 -454.0 -402.0 -687.0
-725.0 -648.0 -413.0 -487.0 -637.0
-618.0 -925.0 -724.0 -439.0 -278.0
-647.0 -639.0 -453.0 -427.0 -713.0
-922.0 -470.0 -515.0 -391.0 -405.0
-292.0 -471.0 -713.0 -395.0 -691.0
-654.0 -571.0 -392.0 -343.0 -735.0
-517.0 -155.0 -498.0 -309.0 -812.0
-754.0 -287.0 -430.0 -184.0 -748.0
-884.0 -487.0 -545.0 -578.0 -489.0
-496.0 -819.0 -457.0 -606.0 -607.0
-539.0 -868.0 -494.0 -648.0 -537.0
-721.0 -634.0 -463.0 -289.0 -720.0
-735.0 -946.0 -391.0 -530.0 -309.0
-706.0 -337.0 -478.0 -243.0 -775.0
-457.0 -542.0 -312.0 -450.0 -763.0
-806.0 -470.0 -440.0 -389.0 -693.0
-615.0 -429.0 -478.0 -375.0 -778.0
-786.0 -704.0 -486.0 -508.0 -543.0
-599.0 -632.0 -523.0 -728.0 -588.0
-762.0 -551.0 -551.0 -332.0 -691.0
-701.0 -773.0 -511.0 -653.0 -581.0
-499.0 -947.0 -520.0 -650.0 -209.0
-434.0 -726.0 -453.0 -657.0 -631.0
-632.0 -802.0 -470.0 -447.0 -627.0
-715.0 -605.0 -523.0 -665.0 -574.0
-672.0 -638.0 -625.0 -491.0 -586.0
-535.0 -990.0 -667.0 -397.0 -402.0
-582.0 -474.0 -625.0 -290.0 -753.0
-652.0 -729.0 -440.0 -370.0 -671.0
-626.0 -566.0 -537.0 -367.0 -739.0
-580.0 -385.0 -745.0 -77.0 -580.0
-768.0 -273.0 -472.0 -200.0 -745.0
-755.0 -620.0 -647.0 -441.0 -509.0
-820.0 -347.0 -483.0 -201.0 -696.0
-579.0 -676.0 -739.0 -501.0 -479.0
-772.0 -258.0 -437.0 -251.0 -739.0
-420.0 -612.0 -572.0 -554.0 -706.0
-471.0 -640.0 -602.0 -600.0 -628.0
-822.0 -472.0 -345.0 -311.0 -680.0
-601.0 -476.0 -479.0 -515.0 -724.0
-617.0 -764.0 -621.0 -551.0 -549.0
-510.0 -868.0 -522.0 -664.0 -346.0
-99.0 -675.0 -486.0 -775.0 -561.0
-600.0 -682.0 -550.0 -540.0 -633.0
-433.0 -682.0 -501.0 -759.0 -572.0
-421.0 -38.0 -637.0 -312.0 -796.0
-545.0 -828.0 -643.0 -549.0 -493.0
-844.0 -422.0 -580.0 -209.0 -557.0
-528.0 -735.0 -716.0 -529.0 -458.0
-640.0 -845.0 -549.0 -475.0 -535.0
-736.0 -504.0 -510.0 -605.0 -634.0
-837.0 -274.0 -447.0 -136.0 -692.0
-787.0 -377.0 -598.0 -191.0 -645.0
-718.0 -642.0 -397.0 -416.0 -684.0
-462.0 -261.0 -610.0 -373.0 -782.0
-793.0 -775.0 -501.0 -520.0 -373.0
-572.0 -190.0 -599.0 -93.0 -788.0
-631.0 -721.0 -706.0 -509.0 -508.0
-887.0 -255.0 -358.0 -276.0 -682.0
-767.0 -424.0 -476.0 -448.0 -689.0
-586.0 -592.0 -791.0 -281.0 -475.0
-553.0 -183.0 -576.0 -96.0 -794.0
-727.0 -436.0 -515.0 -216.0 -756.0
-728.0 -230.0 -664.0 -196.0 -686.0
-669.0 -368.0 -500.0 -245.0 -773.0
-633.0 -572.0 -724.0 -107.0 -541.0
-637.0 -762.0 -733.0 -458.0 -440.0
-612.0 -435.0 -547.0 -498.0 -731.0
-526.0 -653.0 -570.0 -541.0 -690.0
-753.0 -477.0 -567.0 -397.0 -700.0
-674.0 -414.0 -688.0 -168.0 -705.0
-451.0 -199.0 -605.0 -133.0 -795.0
-631.0 -786.0 -721.0 -498.0 -417.0
-576.0 -783.0 -480.0 -694.0 -592.0
-623.0 -922.0 -579.0 -594.0 -338.0
-672.0 -599.0 -641.0 -519.0 -612.0
-588.0 -621.0 -758.0 -174.0 -495.0
-812.0 -594.0 -548.0 -440.0 -499.0
-746.0 -571.0 -339.0 -408.0 -691.0
-542.0 -893.0 -649.0 -485.0 -582.0
-705.0 -775.0 -283.0 -459.0 -635.0
-577.0 -681.0 -723.0 -198.0 -587.0
-396.0 -220.0 -438.0 -382.0 -839.0
-666.0 -859.0 -415.0 -582.0 -509.0
-661.0 -722.0 -489.0 -480.0 -643.0
-546.0 -1030.0 -468.0 -568.0 -324.0
-648.0 -269.0 -463.0 -272.0 -792.0
-824.0 -561.0 -570.0 -583.0 -448.0
-656.0 -467.0 -655.0 -459.0 -726.0
-714.0 -692.0 -674.0 -411.0 -458.0
-610.0 -916.0 -622.0 -571.0 -315.0
-769.0 -392.0 -682.0 -108.0 -568.0
-668.0 -714.0 -444.0 -397.0 -665.0
-434.0 -956.0 -528.0 -638.0 -237.0
-533.0 -805.0 -646.0 -625.0 -391.0
-912.0 -450.0 -472.0 -471.0 -520.0
-746.0 -640.0 -534.0 -479.0 -626.0
-535.0 -826.0 -381.0 -584.0 -600.0
-573.0 -750.0 -634.0 -679.0 -339.0
-595.0 -469.0 -753.0 -282.0 -499.0
-156.0 -487.0 -321.0 -626.0 -756.0
-387.0 -329.0 -384.0 -363.0 -833.0
-819.0 -822.0 -320.0 -525.0 -235.0
-411.0 -1070.0 -385.0 -592.0 -365.0
-741.0 -485.0 -661.0 -459.0 -547.0
-662.0 -906.0 -372.0 -531.0 -517.0
-592.0 -295.0 -660.0 -281.0 -732.0
-802.0 -530.0 -550.0 -505.0 -563.0
-754.0 -161.0 -453.0 -181.0 -751.0
-799.0 -498.0 -555.0 -321.0 -662.0
-807.0 -675.0 -510.0 -538.0 -518.0
-515.0 -197.0 -527.0 -296.0 -809.0
-713.0 -608.0 -532.0 -602.0 -588.0
-383.0 -886.0 -364.0 -655.0 -521.0
-404.0 -862.0 -492.0 -696.0 -513.0
-504.0 -633.0 -647.0 -582.0 -622.0
-328.0 -1044.0 -383.0 -595.0 -382.0
-773.0 -492.0 -610.0 -474.0 -592.0
-707.0 -370.0 -518.0 -288.0 -745.0
-693.0 -1020.0 -424.0 -480.0 -129.0
-587.0 -252.0 -636.0 -228.0 -764.0
-802.0 -330.0 -618.0 -84.0 -637.0
-800.0 -720.0 -581.0 -369.0 -485.0
-456.0 -389.0 -598.0 -511.0 -744.0
-428.0 -822.0 -582.0 -533.0 -602.0
-400.0 -827.0 -563.0 -579.0 -604.0
-405.0 -652.0 -746.0 -513.0 -613.0
-326.0 -1009.0 -400.0 -625.0 -394.0
-763.0 -587.0 -509.0 -279.0 -723.0
-529.0 -452.0 -606.0 -515.0 -739.0
-730.0 -751.0 -535.0 -586.0 -500.0
-421.0 -321.0 -563.0 -379.0 -786.0
-567.0 -863.0 -513.0 -602.0 -535.0
-576.0 -488.0 -486.0 -271.0 -811.0
-825.0 -266.0 -371.0 -268.0 -710.0
-549.0 -546.0 -504.0 -510.0 -728.0
-571.0 -474.0 -595.0 -305.0 -739.0
-716.0 -347.0 -675.0 -160.0 -676.0
-573.0 -369.0 -517.0 -346.0 -793.0
-310.0 -244.0 -744.0 -356.0 -682.0
-510.0 -712.0 -476.0 -760.0 -597.0
-740.0 -447.0 -590.0 -308.0 -714.0
-671.0 -536.0 -693.0 -290.0 -620.0
-552.0 -270.0 -507.0 -250.0 -807.0
-458.0 -550.0 -621.0 -573.0 -684.0
-787.0 -416.0 -549.0 -370.0 -684.0
-451.0 -576.0 -565.0 -451.0 -724.0
-643.0 -674.0 -743.0 -250.0 -438.0
-868.0 -487.0 -581.0 -228.0 -532.0
-705.0 -387.0 -621.0 -137.0 -706.0
-835.0 -567.0 -564.0 -443.0 -500.0
-830.0 -490.0 -470.0 -426.0 -648.0
-859.0 -606.0 -448.0 -413.0 -639.0
-656.0 -844.0 -461.0 -590.0 -507.0
-833.0 -629.0 -557.0 -511.0 -425.0
-688.0 -485.0 -725.0 -120.0 -494.0
-871.0 -766.0 -349.0 -531.0 -336.0
-797.0 -758.0 -468.0 -611.0 -413.0
-316.0 -393.0 -475.0 -564.0 -776.0
-657.0 -610.0 -722.0 -442.0 -495.0
-461.0 -969.0 -483.0 -601.0 -353.0
-558.0 -278.0 -643.0 -164.0 -758.0
-307.0 -398.0 -750.0 -395.0 -620.0
-609.0 -984.0 -606.0 -512.0 -198.0
-557.0 -394.0 -537.0 -307.0 -783.0
-330.0 21.0 -531.0 -332.0 -846.0
-492.0 -784.0 -528.0 -489.0 -698.0
-837.0 -736.0 -280.0 -405.0 -554.0
-821.0 -375.0 -353.0 -317.0 -706.0
-629.0 -457.0 -514.0 -407.0 -743.0
-776.0 -549.0 -443.0 -474.0 -657.0
-575.0 -559.0 -668.0 -545.0 -645.0
-489.0 -554.0 -665.0 -457.0 -679.0
-540.0 -913.0 -566.0 -636.0 -330.0
-561.0 -924.0 -502.0 -620.0 -379.0
-711.0 -793.0 -554.0 -573.0 -466.0
-672.0 -337.0 -600.0 -274.0 -726.0
-612.0 -499.0 -500.0 -401.0 -742.0
-546.0 -728.0 -637.0 -556.0 -626.0
-713.0 -834.0 -615.0 -545.0 -213.0
-267.0 -288.0 -731.0 -361.0 -695.0
-439.0 -954.0 -521.0 -643.0 -243.0
-656.0 -776.0 -568.0 -397.0 -624.0
-696.0 -479.0 -698.0 -405.0 -517.0
-734.0 -550.0 -654.0 -508.0 -497.0
-538.0 -1061.0 -306.0 -526.0 -337.0
-660.0 -954.0 -537.0 -534.0 -232.0
-837.0 -423.0 -651.0 -256.0 -523.0
-727.0 -899.0 -485.0 -471.0 -464.0
-759.0 -503.0 -656.0 -281.0 -514.0
-647.0 -614.0 -509.0 -342.0 -737.0
-457.0 -396.0 -517.0 -409.0 -807.0
-755.0 -656.0 -547.0 -664.0 -399.0
-439.0 -400.0 -786.0 -262.0 -510.0
-616.0 -477.0 -500.0 -386.0 -761.0
-468.0 -823.0 -719.0 -491.0 -587.0
-649.0 -743.0 -694.0 -460.0 -470.0
-639.0 -750.0 -324.0 -451.0 -672.0
-486.0 -284.0 -502.0 -336.0 -804.0
-610.0 -888.0 -661.0 -475.0 -297.0
-647.0 -643.0 -729.0 -325.0 -366.0
-483.0 -438.0 -547.0 -335.0 -797.0
-667.0 -475.0 -593.0 -312.0 -727.0
-580.0 -779.0 -561.0 -543.0 -629.0
-665.0 -507.0 -529.0 -471.0 -706.0
-771.0 -602.0 -346.0 -425.0 -667.0
-524.0 -640.0 -570.0 -364.0 -704.0
-520.0 -567.0 -490.0 -387.0 -781.0
-750.0 -492.0 -409.0 -459.0 -692.0
-661.0 -488.0 -557.0 -369.0 -750.0
-536.0 -862.0 -319.0 -668.0 -517.0
-345.0 -999.0 -381.0 -658.0 -370.0
-600.0 -1010.0 -519.0 -624.0 -264.0
-431.0 -925.0 -174.0 -647.0 -531.0
-677.0 -441.0 -674.0 -499.0 -695.0
-580.0 -292.0 -692.0 -333.0 -709.0
-651.0 -719.0 -369.0 -662.0 -583.0
-841.0 -601.0 -471.0 -558.0 -502.0
-383.0 -1024.0 -389.0 -627.0 -329.0
-610.0 -427.0 -468.0 -244.0 -795.0
-609.0 -591.0 -738.0 -278.0 -551.0
-635.0 -648.0 -684.0 -524.0 -617.0
-482.0 -958.0 -329.0 -685.0 -448.0
-725.0 -644.0 -648.0 -467.0 -504.0
-491.0 -112.0 -557.0 -350.0 -799.0
-362.0 -998.0 -607.0 -522.0 -332.0
-649.0 -631.0 -537.0 -466.0 -664.0
-682.0 -336.0 -599.0 -406.0 -722.0
-813.0 -610.0 -582.0 -469.0 -472.0
-559.0 -346.0 -656.0 -80.0 -748.0
-643.0 -923.0 -588.0 -485.0 -182.0
-643.0 -488.0 -527.0 -378.0 -737.0
-670.0 -646.0 -715.0 -258.0 -355.0
-875.0 -540.0 -453.0 -531.0 -486.0
-788.0 -448.0 -621.0 -126.0 -587.0
-772.0 -497.0 -619.0 -560.0 -401.0
-768.0 -788.0 -555.0 -585.0 -274.0
-532.0 -335.0 -609.0 -315.0 -769.0
-646.0 -578.0 -551.0 -395.0 -705.0
-852.0 -372.0 -425.0 -220.0 -692.0
-689.0 -592.0 -499.0 -417.0 -716.0
-353.0 -193.0 -617.0 -458.0 -812.0
-876.0 -451.0 -493.0 -377.0 -671.0
-817.0 -685.0 -438.0 -534.0 -457.0
-689.0 -627.0 -427.0 -559.0 -646.0
-556.0 -266.0 -636.0 -362.0 -786.0
-859.0 -280.0 -480.0 -276.0 -687.0
-632.0 -793.0 -664.0 -511.0 -595.0
-545.0 -772.0 -498.0 -561.0 -630.0
-673.0 -235.0 -624.0 -331.0 -726.0
-692.0 -728.0 -353.0 -624.0 -618.0
-547.0 -264.0 -465.0 -276.0 -821.0
-456.0 -826.0 -507.0 -709.0 -469.0
-694.0 -470.0 -719.0 -283.0 -601.0
-547.0 -862.0 -718.0 -432.0 -427.0
-902.0 -443.0 -372.0 -414.0 -655.0
-801.0 -496.0 -663.0 -289.0 -437.0
-243.0 -562.0 -527.0 -599.0 -722.0
-868.0 -306.0 -297.0 -385.0 -678.0
-782.0 -601.0 -542.0 -551.0 -599.0
-484.0 -580.0 -514.0 -528.0 -740.0
-390.0 -871.0 -477.0 -662.0 -526.0
-628.0 -943.0 -482.0 -568.0 -374.0
-691.0 -823.0 -579.0 -559.0 -389.0
-299.0 -476.0 -633.0 -557.0 -714.0
-460.0 -509.0 -758.0 -396.0 -605.0
-617.0 -780.0 -387.0 -689.0 -599.0
-621.0 -724.0 -518.0 -657.0 -518.0
-537.0 -673.0 -585.0 -646.0 -591.0
-661.0 -910.0 -383.0 -603.0 -426.0
-807.0 -651.0 -637.0 -365.0 -331.0
-634.0 -604.0 -438.0 -452.0 -729.0
-753.0 -694.0 -492.0 -630.0 -469.0
-748.0 -899.0 -383.0 -539.0 -363.0
-360.0 -812.0 -728.0 -458.0 -458.0
-793.0 -617.0 -550.0 -566.0 -456.0
-382.0 -954.0 -536.0 -663.0 -295.0
-604.0 -700.0 -385.0 -596.0 -654.0
-458.0 -964.0 -579.0 -562.0 -419.0
-315.0 -525.0 -590.0 -487.0 -719.0
-694.0 -588.0 -496.0 -505.0 -666.0
-426.0 -948.0 -601.0 -543.0 -340.0
-728.0 -778.0 -621.0 -469.0 -427.0
-537.0 -792.0 -684.0 -508.0 -579.0
-319.0 -482.0 -335.0 -510.0 -787.0
-618.0 -766.0 -476.0 -485.0 -656.0
-346.0 -650.0 -567.0 -654.0 -622.0
-863.0 -452.0 -569.0 -433.0 -609.0
-380.0 -436.0 -776.0 -332.0 -598.0
-738.0 -530.0 -360.0 -580.0 -667.0
-636.0 -540.0 -490.0 -324.0 -767.0
-574.0 -432.0 -571.0 -380.0 -771.0
-745.0 -445.0 -693.0 -258.0 -533.0
-733.0 -615.0 -634.0 -563.0 -393.0
-784.0 -778.0 -454.0 -590.0 -431.0
-462.0 -573.0 -686.0 -553.0 -637.0
-685.0 -614.0 -499.0 -432.0 -697.0
-675.0 -950.0 -477.0 -560.0 -268.0
-815.0 -559.0 -556.0 -547.0 -485.0
-593.0 -201.0 -694.0 -245.0 -714.0
-667.0 -447.0 -731.0 7.0 -449.0
-390.0 -693.0 -331.0 -453.0 -730.0
-726.0 -807.0 -404.0 -618.0 -581.0
-704.0 -346.0 -576.0 -148.0 -748.0
-737.0 -500.0 -595.0 -355.0 -684.0
-781.0 -318.0 -523.0 -110.0 -732.0
-379.0 -757.0 -529.0 -730.0 -516.0
-905.0 -601.0 -450.0 -396.0 -536.0
-771.0 -416.0 -559.0 -348.0 -686.0
-925.0 -637.0 -486.0 -363.0 -335.0
-722.0 -476.0 -547.0 -366.0 -719.0
-766.0 -598.0 -669.0 -366.0 -487.0
-680.0 -245.0 -598.0 -391.0 -738.0
-692.0 -1019.0 -378.0 -483.0 -214.0
-887.0 -512.0 -458.0 -535.0 -492.0
-684.0 -679.0 -690.0 -395.0 -487.0
-580.0 -359.0 -507.0 -254.0 -777.0
-529.0 -1013.0 -432.0 -634.0 -306.0
-664.0 -740.0 -647.0 -563.0 -403.0
-793.0 -448.0 -422.0 -454.0 -679.0
-654.0 -812.0 -527.0 -564.0 -435.0
-382.0 -1116.0 -263.0 -546.0 -424.0
-829.0 -587.0 -605.0 -460.0 -453.0
-798.0 -823.0 -426.0 -506.0 -337.0
-598.0 -912.0 -547.0 -420.0 -567.0
-471.0 -848.0 -716.0 -477.0 -299.0
-713.0 -501.0 -681.0 -199.0 -614.0
-258.0 -530.0 -727.0 -608.0 -635.0
-750.0 -814.0 -303.0 -518.0 -579.0
-417.0 -696.0 -493.0 -533.0 -700.0
-616.0 -672.0 -424.0 -703.0 -642.0
-869.0 -504.0 -351.0 -375.0 -655.0
-584.0 -496.0 -651.0 -519.0 -699.0
-525.0 -159.0 -632.0 -279.0 -788.0
-634.0 -652.0 -407.0 -495.0 -667.0
