-167.0 -659.0 -823.0 -308.0 -286.0
-50.0 -695.0 -849.0 -506.0 -368.0
-329.0 -452.0 -709.0 -530.0 -482.0
-160.0 -769.0 -471.0 -543.0 -643.0
-404.0 -358.0 -692.0 -512.0 -499.0
-108.0 -771.0 -797.0 -329.0 -342.0
-163.0 -478.0 -928.0 -282.0 -390.0
-432.0 -616.0 -505.0 -253.0 -493.0
-215.0 -729.0 -606.0 -467.0 -493.0
-492.0 -588.0 -387.0 -242.0 -430.0
-323.0 -731.0 -592.0 -327.0 -368.0
-120.0 -469.0 -539.0 -783.0 -669.0
-171.0 -534.0 -837.0 -427.0 -564.0
-352.0 -407.0 -660.0 -445.0 -549.0
-385.0 -557.0 -562.0 -396.0 -477.0
-562.0 -340.0 -322.0 -449.0 -491.0
-460.0 -551.0 -544.0 -414.0 -323.0
-452.0 -420.0 -590.0 -498.0 -473.0
-317.0 -504.0 -749.0 -445.0 -538.0
-238.0 -595.0 -786.0 -516.0 -537.0
-427.0 -626.0 -324.0 -475.0 -461.0
-377.0 -675.0 -511.0 -243.0 -296.0
-155.0 -573.0 -738.0 -555.0 -635.0
-157.0 -573.0 -710.0 -576.0 -593.0
-499.0 -556.0 -401.0 -351.0 -461.0
-126.0 -816.0 -633.0 -316.0 -235.0
-199.0 -490.0 -632.0 -638.0 -653.0
-320.0 -588.0 -664.0 -436.0 -529.0
-106.0 -728.0 -727.0 -491.0 -510.0
-67.0 -669.0 -818.0 -524.0 -632.0
-497.0 -587.0 -458.0 -302.0 -307.0
-267.0 -631.0 -656.0 -509.0 -502.0
153.0 -823.0 -530.0 -698.0 -385.0
-509.0 -629.0 -337.0 -375.0 -338.0
-161.0 -754.0 -783.0 -346.0 -352.0
-347.0 -563.0 -568.0 -550.0 -574.0
-196.0 -661.0 -662.0 -423.0 -650.0
-215.0 -757.0 -655.0 -374.0 -493.0
-227.0 -645.0 -729.0 -493.0 -358.0
-285.0 -614.0 -597.0 -574.0 -511.0
-246.0 -641.0 -747.0 -437.0 -591.0
-434.0 -583.0 -459.0 -419.0 -441.0
128.0 -479.0 -938.0 -540.0 -464.0
-164.0 -471.0 -834.0 -500.0 -545.0
300.0 -799.0 -672.0 -631.0 -530.0
-476.0 -251.0 -710.0 -168.0 -246.0
15.0 -675.0 -874.0 -479.0 -598.0
-246.0 -385.0 -869.0 -506.0 -520.0
-139.0 -631.0 -726.0 -568.0 -570.0
-272.0 -678.0 -691.0 -362.0 -403.0
-411.0 -622.0 -526.0 -348.0 -398.0
-37.0 -546.0 -809.0 -565.0 -677.0
-298.0 -591.0 -539.0 -509.0 -568.0
-429.0 -289.0 -744.0 -405.0 -368.0
-524.0 -386.0 -598.0 -241.0 -236.0
-168.0 -853.0 -632.0 -356.0 -355.0
-176.0 -419.0 -928.0 -461.0 -315.0
-58.0 -697.0 -673.0 -680.0 -617.0
-596.0 -257.0 -477.0 -197.0 -292.0
-409.0 -512.0 -671.0 -249.0 -395.0
-259.0 -638.0 -662.0 -445.0 -569.0
-220.0 -824.0 -596.0 -283.0 -339.0
-543.0 -398.0 -401.0 -415.0 -414.0
-566.0 -457.0 -417.0 -374.0 -295.0
-469.0 -470.0 -604.0 -312.0 -395.0
-202.0 -652.0 -604.0 -611.0 -566.0
-352.0 -352.0 -873.0 -240.0 -357.0
-549.0 -564.0 -178.0 -219.0 -410.0
-313.0 -580.0 -652.0 -579.0 -484.0
-293.0 -721.0 -461.0 -399.0 -641.0
-178.0 -647.0 -744.0 -511.0 -524.0
-366.0 -458.0 -652.0 -541.0 -517.0
-366.0 -595.0 -688.0 -390.0 -291.0
-436.0 -513.0 -576.0 -456.0 -479.0
-368.0 -721.0 -451.0 -415.0 -565.0
-479.0 -618.0 -518.0 -257.0 -315.0
231.0 -700.0 -864.0 -558.0 -527.0
-348.0 -461.0 -722.0 -490.0 -494.0
-47.0 -747.0 -820.0 -398.0 -351.0
-468.0 -340.0 -403.0 -557.0 -465.0
-319.0 -728.0 -431.0 -447.0 -344.0
-342.0 -570.0 -725.0 -318.0 -361.0
31.0 -482.0 -950.0 -375.0 -327.0
-586.0 -426.0 -339.0 -272.0 -368.0
-211.0 -691.0 -320.0 -615.0 -600.0
-158.0 -549.0 -761.0 -637.0 -610.0
-95.0 -680.0 -743.0 -564.0 -623.0
-315.0 -754.0 -499.0 -265.0 -398.0
-412.0 -645.0 -532.0 -256.0 -213.0
-362.0 -686.0 -495.0 -287.0 -430.0
-393.0 -386.0 -743.0 -446.0 -496.0
57.0 -464.0 -949.0 -405.0 -457.0
-218.0 -700.0 -499.0 -577.0 -568.0
-299.0 -513.0 -875.0 -307.0 -377.0
-526.0 -439.0 -554.0 -235.0 -240.0
-401.0 -570.0 -597.0 -354.0 -360.0
-433.0 -629.0 -296.0 -438.0 -338.0
-277.0 -601.0 -797.0 -272.0 -476.0
-140.0 -807.0 -543.0 -427.0 -344.0
-323.0 -643.0 -532.0 -425.0 -585.0
216.0 -519.0 -937.0 -560.0 -590.0
-90.0 -533.0 -799.0 -600.0 -685.0
-426.0 -635.0 -324.0 -380.0 -459.0
-358.0 -306.0 -656.0 -575.0 -596.0
-264.0 -708.0 -630.0 -433.0 -434.0
-155.0 -672.0 -777.0 -411.0 -537.0
-187.0 -729.0 -765.0 -318.0 -389.0
-349.0 -584.0 -608.0 -475.0 -481.0
-250.0 -540.0 -526.0 -593.0 -651.0
-364.0 -500.0 -618.0 -450.0 -542.0
-427.0 -311.0 -751.0 -312.0 -395.0
-306.0 -486.0 -753.0 -522.0 -455.0
-453.0 -222.0 -727.0 -235.0 -285.0
-114.0 -705.0 -829.0 -212.0 -327.0
-424.0 -619.0 -441.0 -356.0 -376.0
-539.0 -384.0 -486.0 -421.0 -388.0
-21.0 -834.0 -695.0 -482.0 -513.0
-532.0 -522.0 -532.0 -362.0 -417.0
-417.0 -623.0 -586.0 -323.0 -307.0
-160.0 -574.0 -749.0 -488.0 -611.0
-156.0 -526.0 -898.0 -337.0 -471.0
-546.0 -276.0 -533.0 -476.0 -301.0
-201.0 -634.0 -692.0 -540.0 -587.0
-259.0 -578.0 -642.0 -459.0 -655.0
-420.0 -568.0 -513.0 -483.0 -522.0
-117.0 -706.0 -624.0 -619.0 -642.0
-411.0 -379.0 -506.0 -496.0 -586.0
74.0 -487.0 -852.0 -603.0 -607.0
-16.0 -643.0 -814.0 -639.0 -687.0
-413.0 -459.0 -534.0 -476.0 -539.0
-305.0 -323.0 -670.0 -558.0 -586.0
-167.0 -609.0 -843.0 -351.0 -264.0
-324.0 -664.0 -495.0 -482.0 -456.0
-249.0 -737.0 -435.0 -567.0 -570.0
-376.0 -269.0 -791.0 -402.0 -503.0
-430.0 -666.0 -401.0 -292.0 -457.0
-489.0 -609.0 -446.0 -337.0 -309.0
-165.0 -712.0 -781.0 -292.0 -373.0
-228.0 -599.0 -690.0 -592.0 -497.0
-21.0 -489.0 -844.0 -533.0 -697.0
-472.0 -665.0 -285.0 -278.0 -360.0
-301.0 -569.0 -770.0 -439.0 -462.0
-352.0 -490.0 -730.0 -375.0 -575.0
-433.0 -289.0 -722.0 -221.0 -367.0
-247.0 -605.0 -622.0 -639.0 -549.0
-472.0 -390.0 -667.0 -220.0 -314.0
-340.0 -625.0 -575.0 -417.0 -500.0
-286.0 -736.0 -493.0 -382.0 -612.0
-187.0 -388.0 -799.0 -530.0 -609.0
-496.0 -427.0 -601.0 -317.0 -424.0
-499.0 -443.0 -553.0 -258.0 -481.0
-511.0 -285.0 -517.0 -456.0 -480.0
-110.0 -410.0 -789.0 -600.0 -673.0
-148.0 -567.0 -903.0 -343.0 -406.0
-333.0 -472.0 -781.0 -321.0 -414.0
-95.0 -515.0 -818.0 -550.0 -578.0
-369.0 -600.0 -556.0 -372.0 -515.0
-3.0 -393.0 -954.0 -353.0 -491.0
-48.0 -444.0 -810.0 -688.0 -606.0
-486.0 -576.0 -244.0 -425.0 -477.0
-376.0 -430.0 -648.0 -558.0 -566.0
-390.0 -536.0 -690.0 -359.0 -538.0
146.0 -650.0 -872.0 -543.0 -611.0
-475.0 -362.0 -690.0 -379.0 -496.0
-338.0 -549.0 -406.0 -557.0 -616.0
-558.0 -64.0 -522.0 -401.0 -325.0
-285.0 -410.0 -883.0 -335.0 -440.0
-150.0 -612.0 -761.0 -641.0 -605.0
-450.0 -339.0 -616.0 -471.0 -514.0
17.0 -766.0 -753.0 -635.0 -636.0
-282.0 -306.0 -615.0 -638.0 -596.0
-417.0 -574.0 -508.0 -513.0 -482.0
-338.0 -563.0 -391.0 -565.0 -580.0
-50.0 -669.0 -920.0 -361.0 -440.0
-230.0 -752.0 -574.0 -385.0 -433.0
-290.0 -754.0 -606.0 -249.0 -402.0
-36.0 -739.0 -578.0 -657.0 -668.0
6.0 -671.0 -630.0 -528.0 -784.0
-362.0 -662.0 -563.0 -239.0 -441.0
-73.0 -674.0 -759.0 -564.0 -570.0
25.0 -644.0 -865.0 -539.0 -546.0
-181.0 -458.0 -662.0 -643.0 -661.0
-604.0 -136.0 -491.0 -218.0 -285.0
-124.0 -453.0 -914.0 -453.0 -470.0
-370.0 -648.0 -527.0 -534.0 -441.0
-447.0 -628.0 -421.0 -333.0 -524.0
-383.0 -578.0 -659.0 -319.0 -183.0
-335.0 -551.0 -766.0 -360.0 -498.0
-400.0 -468.0 -605.0 -523.0 -490.0
-81.0 -817.0 -750.0 -434.0 -424.0
-509.0 -377.0 -536.0 -427.0 -459.0
-304.0 -720.0 -537.0 -320.0 -508.0
-327.0 -461.0 -602.0 -535.0 -589.0
-335.0 -679.0 -396.0 -453.0 -563.0
-218.0 -805.0 -578.0 -403.0 -493.0
-26.0 -610.0 -945.0 -258.0 -407.0
-462.0 -416.0 -669.0 -298.0 -380.0
-217.0 -617.0 -789.0 -412.0 -532.0
-63.0 -498.0 -954.0 -390.0 -309.0
-376.0 -575.0 -661.0 -369.0 -356.0
-344.0 -622.0 -526.0 -517.0 -560.0
-54.0 -724.0 -877.0 -315.0 -427.0
-495.0 -200.0 -611.0 -461.0 -436.0
-482.0 -344.0 -478.0 -503.0 -493.0
-394.0 -421.0 -683.0 -420.0 -555.0
-353.0 -479.0 -737.0 -379.0 -528.0
-374.0 -572.0 -355.0 -560.0 -530.0
-459.0 -668.0 -370.0 -270.0 -382.0
-403.0 -533.0 -605.0 -367.0 -516.0
-240.0 -600.0 -546.0 -657.0 -641.0
-435.0 -427.0 -595.0 -436.0 -461.0
-257.0 -352.0 -629.0 -575.0 -658.0
-126.0 -691.0 -804.0 -449.0 -559.0
-282.0 -681.0 -628.0 -436.0 -468.0
-377.0 -569.0 -391.0 -501.0 -543.0
-216.0 -672.0 -811.0 -379.0 -505.0
-395.0 -336.0 -805.0 -212.0 -299.0
-155.0 -758.0 -677.0 -386.0 -589.0
-522.0 -355.0 -638.0 -309.0 -433.0
-501.0 -478.0 -322.0 -411.0 -488.0
-479.0 -283.0 -521.0 -446.0 -481.0
93.0 -708.0 -872.0 -536.0 -462.0
-337.0 -338.0 -820.0 -490.0 -430.0
-316.0 -690.0 -597.0 -324.0 -525.0
-555.0 -423.0 -382.0 -381.0 -436.0
183.0 -847.0 -511.0 -619.0 -429.0
-476.0 -569.0 -453.0 -322.0 -398.0
-475.0 -548.0 -369.0 -487.0 -453.0
-170.0 -631.0 -862.0 -263.0 -318.0
-131.0 -429.0 -854.0 -625.0 -498.0
-241.0 -716.0 -714.0 -310.0 -537.0
-141.0 -401.0 -812.0 -671.0 -599.0
-391.0 -494.0 -619.0 -337.0 -555.0
-338.0 -695.0 -320.0 -466.0 -559.0
-531.0 -394.0 -513.0 -425.0 -413.0
-468.0 -377.0 -526.0 -491.0 -466.0
-563.0 -266.0 -585.0 -167.0 -295.0
-143.0 -571.0 -875.0 -393.0 -420.0
-563.0 -345.0 -310.0 -470.0 -421.0
-34.0 -732.0 -830.0 -415.0 -389.0
-96.0 -653.0 -834.0 -422.0 -553.0
-438.0 -455.0 -693.0 -254.0 -266.0
-381.0 -635.0 -509.0 -384.0 -434.0
-496.0 -378.0 -462.0 -452.0 -428.0
-399.0 -623.0 -614.0 -216.0 -286.0
-462.0 -627.0 -250.0 -345.0 -373.0
-176.0 -522.0 -607.0 -721.0 -682.0
-193.0 -631.0 -835.0 -334.0 -362.0
-396.0 -490.0 -634.0 -352.0 -506.0
-359.0 -453.0 -752.0 -294.0 -371.0
-84.0 -740.0 -776.0 -510.0 -492.0
-114.0 -724.0 -767.0 -429.0 -353.0
-209.0 -731.0 -645.0 -424.0 -540.0
-400.0 -525.0 -639.0 -294.0 -353.0
-186.0 -725.0 -610.0 -643.0 -615.0
-85.0 -739.0 -782.0 -495.0 -435.0
-276.0 -347.0 -761.0 -543.0 -555.0
-442.0 -531.0 -489.0 -491.0 -481.0
-363.0 -573.0 -615.0 -433.0 -457.0
-129.0 -623.0 -419.0 -693.0 -700.0
-211.0 -571.0 -799.0 -490.0 -504.0
-438.0 -263.0 -659.0 -439.0 -495.0
-172.0 -481.0 -829.0 -566.0 -668.0
-381.0 -489.0 -444.0 -588.0 -559.0
-468.0 -359.0 -364.0 -556.0 -466.0
-395.0 -474.0 -662.0 -347.0 -517.0
-79.0 -575.0 -639.0 -651.0 -771.0
-104.0 -709.0 -709.0 -611.0 -664.0
-412.0 -520.0 -349.0 -577.0 -532.0
-487.0 -369.0 -614.0 -292.0 -349.0
-605.0 -346.0 -465.0 -190.0 -304.0
-526.0 -263.0 -448.0 -514.0 -452.0
-579.0 -445.0 -392.0 -317.0 -262.0
-391.0 -557.0 -646.0 -343.0 -396.0
-126.0 -716.0 -807.0 -481.0 -508.0
-120.0 -732.0 -744.0 -373.0 -386.0
-426.0 -327.0 -697.0 -397.0 -423.0
-498.0 -205.0 -518.0 -394.0 -510.0
-198.0 -782.0 -582.0 -518.0 -440.0
-66.0 -680.0 -854.0 -459.0 -512.0
-366.0 -570.0 -685.0 -358.0 -342.0
-412.0 -597.0 -422.0 -428.0 -511.0
-444.0 -568.0 -603.0 -232.0 -261.0
-114.0 -745.0 -596.0 -636.0 -683.0
-366.0 -644.0 -678.0 -352.0 -476.0
-10.0 -519.0 -890.0 -570.0 -465.0
-492.0 -368.0 -621.0 -345.0 -469.0
-566.0 -526.0 -198.0 -354.0 -342.0
-258.0 -791.0 -555.0 -348.0 -474.0
-127.0 -643.0 -731.0 -569.0 -559.0
205.0 -622.0 -858.0 -587.0 -613.0
-536.0 -313.0 -557.0 -395.0 -463.0
-486.0 -407.0 -647.0 -307.0 -400.0
-414.0 -533.0 -634.0 -312.0 -432.0
-268.0 -371.0 -890.0 -435.0 -528.0
97.0 -809.0 -757.0 -493.0 -441.0
-237.0 -780.0 -646.0 -291.0 -230.0
-143.0 -519.0 -685.0 -696.0 -570.0
-348.0 -359.0 -701.0 -561.0 -444.0
-385.0 -274.0 -786.0 -262.0 -407.0
-397.0 -476.0 -551.0 -409.0 -611.0
-394.0 -386.0 -696.0 -495.0 -450.0
-189.0 -682.0 -696.0 -539.0 -524.0
-430.0 -437.0 -677.0 -362.0 -352.0
-268.0 -460.0 -719.0 -545.0 -606.0
-360.0 -536.0 -497.0 -570.0 -519.0
-499.0 -518.0 -345.0 -504.0 -526.0
-316.0 -556.0 -730.0 -594.0 -501.0
-165.0 -744.0 -717.0 -421.0 -410.0
-504.0 -404.0 -442.0 -505.0 -486.0
-57.0 -693.0 -822.0 -504.0 -470.0
-452.0 -564.0 -476.0 -255.0 -503.0
-391.0 -610.0 -518.0 -540.0 -500.0
-101.0 -764.0 -723.0 -433.0 -411.0
-63.0 -507.0 -844.0 -642.0 -449.0
-574.0 -370.0 -469.0 -285.0 -464.0
-77.0 -726.0 -738.0 -562.0 -475.0
-338.0 -552.0 -612.0 -451.0 -571.0
-332.0 -528.0 -576.0 -550.0 -566.0
-494.0 -355.0 -454.0 -479.0 -463.0
-287.0 -370.0 -649.0 -604.0 -534.0
-234.0 -711.0 -639.0 -537.0 -454.0
123.0 -725.0 -859.0 -590.0 -496.0
-425.0 -494.0 -654.0 -248.0 -220.0
-365.0 -434.0 -740.0 -350.0 -477.0
-275.0 -544.0 -723.0 -579.0 -530.0
-537.0 -350.0 -502.0 -359.0 -433.0
-95.0 -736.0 -689.0 -595.0 -570.0
-180.0 -675.0 -710.0 -539.0 -599.0
-544.0 -402.0 -501.0 -310.0 -422.0
-14.0 -686.0 -832.0 -507.0 -622.0
-319.0 -499.0 -580.0 -569.0 -565.0
-245.0 -524.0 -641.0 -609.0 -537.0
-234.0 -600.0 -649.0 -474.0 -599.0
-133.0 -590.0 -790.0 -520.0 -564.0
-390.0 -570.0 -591.0 -405.0 -401.0
-267.0 -445.0 -746.0 -489.0 -577.0
-575.0 -375.0 -457.0 -306.0 -394.0
-334.0 -626.0 -514.0 -528.0 -490.0
-223.0 -747.0 -622.0 -359.0 -407.0
-502.0 -434.0 -579.0 -326.0 -456.0
-398.0 -607.0 -536.0 -365.0 -436.0
-28.0 -729.0 -705.0 -705.0 -575.0
-320.0 -660.0 -646.0 -300.0 -491.0
-358.0 -671.0 -528.0 -230.0 -424.0
-67.0 -694.0 -821.0 -556.0 -581.0
174.0 -831.0 -624.0 -602.0 -472.0
-309.0 -616.0 -608.0 -451.0 -529.0
-160.0 -783.0 -548.0 -431.0 -523.0
-344.0 -397.0 -715.0 -512.0 -520.0
-416.0 -636.0 -567.0 -265.0 -230.0
-564.0 -220.0 -556.0 -244.0 -205.0
-455.0 -524.0 -503.0 -466.0 -451.0
-62.0 -684.0 -578.0 -700.0 -645.0
-572.0 -273.0 -555.0 -248.0 -350.0
-355.0 -644.0 -325.0 -570.0 -572.0
-261.0 -504.0 -696.0 -582.0 -555.0
-244.0 -559.0 -730.0 -474.0 -607.0
-207.0 -570.0 -911.0 -328.0 -347.0
-580.0 -430.0 -305.0 -450.0 -364.0
-375.0 -375.0 -666.0 -535.0 -470.0
-157.0 -674.0 -722.0 -631.0 -395.0
-535.0 -563.0 -393.0 -279.0 -433.0
-345.0 -511.0 -767.0 -351.0 -375.0
225.0 -557.0 -908.0 -637.0 -497.0
-454.0 -400.0 -699.0 -373.0 -437.0
-227.0 -776.0 -455.0 -433.0 -638.0
-391.0 -524.0 -692.0 -347.0 -368.0
-443.0 -400.0 -594.0 -481.0 -437.0
-208.0 -630.0 -757.0 -457.0 -490.0
-386.0 -553.0 -659.0 -274.0 -286.0
-249.0 -708.0 -720.0 -279.0 -286.0
-380.0 -488.0 -642.0 -539.0 -515.0
-337.0 -684.0 -533.0 -384.0 -486.0
-350.0 -491.0 -632.0 -471.0 -539.0
-500.0 -523.0 -333.0 -525.0 -456.0
-183.0 -650.0 -750.0 -461.0 -506.0
-254.0 -352.0 -687.0 -603.0 -648.0
-499.0 -563.0 -492.0 -239.0 -271.0
-321.0 -629.0 -599.0 -520.0 -512.0
-502.0 -535.0 -515.0 -398.0 -453.0
-146.0 -660.0 -824.0 -515.0 -431.0
-583.0 -421.0 -305.0 -404.0 -397.0
-397.0 -395.0 -746.0 -389.0 -416.0
-338.0 -341.0 -727.0 -458.0 -587.0
-531.0 -572.0 -358.0 -270.0 -416.0
-401.0 -520.0 -532.0 -430.0 -558.0
-4.0 -777.0 -579.0 -602.0 -639.0
-52.0 -684.0 -741.0 -511.0 -673.0
211.0 -821.0 -631.0 -608.0 -457.0
-431.0 -326.0 -718.0 -369.0 -401.0
-421.0 -594.0 -484.0 -394.0 -499.0
-238.0 -728.0 -680.0 -367.0 -563.0
-267.0 -526.0 -873.0 -220.0 -399.0
-78.0 -670.0 -635.0 -779.0 -620.0
-41.0 -570.0 -883.0 -456.0 -449.0
-320.0 -687.0 -652.0 -237.0 -392.0
-527.0 -328.0 -627.0 -273.0 -362.0
-87.0 -613.0 -835.0 -558.0 -555.0
-356.0 -340.0 -736.0 -511.0 -487.0
-131.0 -670.0 -703.0 -645.0 -576.0
-17.0 -439.0 -947.0 -404.0 -483.0
-352.0 -568.0 -406.0 -524.0 -598.0
-126.0 -456.0 -763.0 -592.0 -655.0
-171.0 -805.0 -535.0 -450.0 -460.0
-570.0 -408.0 -430.0 -364.0 -293.0
-501.0 -168.0 -688.0 -334.0 -399.0
-460.0 -382.0 -731.0 -153.0 -212.0
-273.0 -728.0 -610.0 -422.0 -276.0
-351.0 -375.0 -706.0 -495.0 -489.0
-420.0 -662.0 -322.0 -381.0 -490.0
-111.0 -694.0 -823.0 -405.0 -410.0
-324.0 -549.0 -572.0 -504.0 -582.0
-310.0 -661.0 -681.0 -359.0 -251.0
-436.0 -326.0 -717.0 -301.0 -489.0
-344.0 -532.0 -736.0 -381.0 -363.0
-371.0 -476.0 -667.0 -430.0 -551.0
-232.0 -577.0 -726.0 -545.0 -592.0
71.0 -666.0 -925.0 -424.0 -463.0
-337.0 -600.0 -579.0 -402.0 -531.0
-236.0 -455.0 -814.0 -603.0 -409.0
-368.0 -455.0 -594.0 -510.0 -558.0
-529.0 -211.0 -607.0 -472.0 -351.0
-279.0 -393.0 -707.0 -590.0 -600.0
-25.0 -788.0 -663.0 -672.0 -561.0
-373.0 -637.0 -485.0 -414.0 -479.0
-307.0 -649.0 -537.0 -597.0 -504.0
-183.0 -620.0 -546.0 -663.0 -629.0
-335.0 -647.0 -578.0 -376.0 -611.0
-7.0 -711.0 -917.0 -534.0 -426.0
-379.0 -649.0 -419.0 -481.0 -496.0
-245.0 -827.0 -529.0 -377.0 -566.0
-372.0 -384.0 -798.0 -341.0 -486.0
-501.0 -399.0 -598.0 -402.0 -385.0
-218.0 -403.0 -899.0 -445.0 -445.0
-320.0 -712.0 -655.0 -269.0 -341.0
-240.0 -651.0 -688.0 -320.0 -606.0
-626.0 -412.0 -410.0 -281.0 -400.0
-96.0 -678.0 -837.0 -454.0 -502.0
-484.0 -556.0 -299.0 -497.0 -548.0
-468.0 -568.0 -535.0 -260.0 -445.0
-161.0 -604.0 -888.0 -441.0 -301.0
-255.0 -716.0 -630.0 -384.0 -558.0
-400.0 -449.0 -626.0 -571.0 -489.0
-296.0 -770.0 -274.0 -345.0 -482.0
-163.0 -609.0 -676.0 -649.0 -583.0
-199.0 -654.0 -654.0 -585.0 -625.0
-253.0 -683.0 -695.0 -450.0 -425.0
-364.0 -399.0 -679.0 -531.0 -486.0
-308.0 -639.0 -616.0 -388.0 -552.0
-426.0 -718.0 -439.0 -255.0 -518.0
-184.0 -482.0 -854.0 -368.0 -570.0
-553.0 -257.0 -480.0 -431.0 -407.0
-178.0 -502.0 -645.0 -676.0 -644.0
-210.0 -718.0 -642.0 -332.0 -616.0
-148.0 -653.0 -696.0 -631.0 -579.0
-485.0 -324.0 -680.0 -290.0 -401.0
-105.0 -704.0 -711.0 -612.0 -444.0
-663.0 -324.0 -268.0 -230.0 -373.0
-481.0 -333.0 -626.0 -371.0 -394.0
-286.0 -558.0 -862.0 -406.0 -405.0
-227.0 -603.0 -631.0 -649.0 -663.0
-403.0 -500.0 -683.0 -223.0 -339.0
-392.0 -319.0 -706.0 -482.0 -538.0
-461.0 -422.0 -569.0 -464.0 -426.0
-331.0 -733.0 -536.0 -340.0 -355.0
-343.0 -577.0 -643.0 -475.0 -464.0
-447.0 -554.0 -629.0 -406.0 -345.0
213.0 -860.0 -557.0 -585.0 -410.0
-423.0 -472.0 -574.0 -511.0 -457.0
-532.0 -323.0 -553.0 -324.0 -449.0
-254.0 -768.0 -596.0 -308.0 -225.0
-353.0 -735.0 -272.0 -393.0 -380.0
-89.0 -600.0 -515.0 -704.0 -717.0
-361.0 -497.0 -628.0 -441.0 -575.0
-435.0 -650.0 -253.0 -462.0 -456.0
-7.0 -686.0 -914.0 -502.0 -477.0
-293.0 -673.0 -731.0 -342.0 -256.0
-399.0 -648.0 -617.0 -248.0 -235.0
14.0 -408.0 -939.0 -510.0 -424.0
-602.0 -312.0 -369.0 -419.0 -315.0
-227.0 -652.0 -662.0 -590.0 -446.0
-21.0 -647.0 -551.0 -686.0 -745.0
-230.0 -723.0 -572.0 -474.0 -473.0
-233.0 -648.0 -632.0 -404.0 -661.0
-269.0 -490.0 -386.0 -645.0 -637.0
-327.0 -811.0 -504.0 -279.0 -344.0
-269.0 -690.0 -689.0 -358.0 -457.0
-340.0 -300.0 -681.0 -531.0 -570.0
-247.0 -470.0 -634.0 -557.0 -622.0
-527.0 -242.0 -453.0 -449.0 -473.0
-163.0 -671.0 -744.0 -456.0 -617.0
-525.0 -630.0 -318.0 -215.0 -366.0
-136.0 -612.0 -809.0 -432.0 -618.0
-88.0 -838.0 -396.0 -375.0 -494.0
-357.0 -693.0 -503.0 -315.0 -359.0
-227.0 -666.0 -706.0 -514.0 -387.0
-426.0 -540.0 -487.0 -568.0 -530.0
-446.0 -561.0 -488.0 -373.0 -425.0
-195.0 -697.0 -450.0 -580.0 -657.0
-384.0 -398.0 -529.0 -557.0 -523.0
-418.0 -598.0 -518.0 -399.0 -412.0
-315.0 -728.0 -370.0 -379.0 -489.0
-234.0 -540.0 -829.0 -562.0 -550.0
-396.0 -299.0 -749.0 -492.0 -500.0
-357.0 -541.0 -751.0 -296.0 -294.0
-198.0 -638.0 -492.0 -613.0 -671.0
-267.0 -656.0 -631.0 -482.0 -561.0
-139.0 -660.0 -886.0 -284.0 -364.0
-292.0 -642.0 -667.0 -571.0 -379.0
-134.0 -611.0 -745.0 -678.0 -590.0
-427.0 -456.0 -477.0 -500.0 -541.0
-226.0 -347.0 -893.0 -332.0 -303.0
-297.0 -372.0 -743.0 -467.0 -627.0
-394.0 -623.0 -569.0 -278.0 -380.0
35.0 -514.0 -969.0 -429.0 -397.0
-202.0 -546.0 -797.0 -501.0 -619.0
-246.0 -767.0 -678.0 -246.0 -272.0
-490.0 -499.0 -370.0 -422.0 -499.0
-228.0 -827.0 -453.0 -489.0 -564.0
36.0 -698.0 -634.0 -688.0 -637.0
-393.0 -554.0 -616.0 -348.0 -427.0
-396.0 -459.0 -693.0 -420.0 -477.0
-493.0 -464.0 -411.0 -452.0 -463.0
-422.0 -565.0 -347.0 -568.0 -520.0
-544.0 -266.0 -574.0 -323.0 -416.0
-377.0 -645.0 -545.0 -359.0 -377.0
-281.0 -625.0 -660.0 -518.0 -554.0
-430.0 -579.0 -336.0 -444.0 -512.0
-432.0 -604.0 -379.0 -382.0 -486.0
-153.0 -670.0 -622.0 -533.0 -640.0
-336.0 -514.0 -760.0 -350.0 -471.0
-267.0 -484.0 -634.0 -590.0 -544.0
-151.0 -508.0 -848.0 -499.0 -555.0
-425.0 -568.0 -464.0 -370.0 -491.0
-251.0 -482.0 -821.0 -496.0 -484.0
-567.0 -464.0 -369.0 -411.0 -404.0
-376.0 -402.0 -783.0 -211.0 -265.0
-42.0 -763.0 -736.0 -528.0 -614.0
147.0 -695.0 -896.0 -583.0 -462.0
-504.0 -229.0 -645.0 -391.0 -411.0
-381.0 -610.0 -600.0 -441.0 -346.0
-478.0 -512.0 -463.0 -480.0 -400.0
-86.0 -730.0 -736.0 -472.0 -476.0
312.0 -826.0 -459.0 -605.0 -562.0
-502.0 -606.0 -361.0 -345.0 -287.0
-88.0 -553.0 -761.0 -645.0 -723.0
-461.0 -265.0 -583.0 -565.0 -473.0
17.0 -559.0 -860.0 -573.0 -529.0
-103.0 -429.0 -734.0 -687.0 -646.0
-163.0 -614.0 -843.0 -459.0 -448.0
-381.0 -511.0 -532.0 -429.0 -583.0
-21.0 -835.0 -542.0 -517.0 -332.0
-418.0 -347.0 -733.0 -294.0 -488.0
-520.0 -464.0 -566.0 -180.0 -225.0
-525.0 -472.0 -529.0 -389.0 -460.0
-492.0 -615.0 -433.0 -265.0 -293.0
-378.0 -366.0 -754.0 -370.0 -323.0
-334.0 -675.0 -571.0 -503.0 -408.0
-548.0 -560.0 -308.0 -287.0 -411.0
-332.0 -513.0 -666.0 -587.0 -494.0
-254.0 -559.0 -619.0 -562.0 -590.0
-173.0 -753.0 -667.0 -499.0 -527.0
-639.0 -409.0 -325.0 -289.0 -378.0
-594.0 -485.0 -282.0 -292.0 -367.0
-256.0 -407.0 -649.0 -592.0 -628.0
-164.0 -568.0 -762.0 -496.0 -640.0
-429.0 -341.0 -680.0 -465.0 -436.0
0.0 -683.0 -616.0 -776.0 -564.0
-195.0 -634.0 -795.0 -357.0 -545.0
-170.0 -563.0 -680.0 -575.0 -677.0
-271.0 -653.0 -634.0 -517.0 -517.0
-262.0 -575.0 -584.0 -467.0 -637.0
-496.0 -145.0 -577.0 -444.0 -483.0
-457.0 -539.0 -401.0 -553.0 -514.0
-410.0 -475.0 -659.0 -503.0 -479.0
-462.0 -648.0 -128.0 -355.0 -423.0
16.0 -562.0 -939.0 -388.0 -341.0
-231.0 -648.0 -686.0 -646.0 -556.0
-304.0 -621.0 -691.0 -315.0 -504.0
-487.0 -526.0 -418.0 -517.0 -478.0
-494.0 -639.0 -271.0 -213.0 -409.0
-441.0 -487.0 -661.0 -323.0 -374.0
-453.0 -450.0 -426.0 -563.0 -516.0
-161.0 -729.0 -780.0 -314.0 -403.0
-193.0 -559.0 -765.0 -546.0 -577.0
215.0 -775.0 -782.0 -670.0 -511.0
105.0 -625.0 -903.0 -585.0 -577.0
-332.0 -577.0 -562.0 -552.0 -484.0
-426.0 -413.0 -616.0 -544.0 -471.0
19.0 -674.0 -715.0 -520.0 -806.0
-271.0 -568.0 -533.0 -546.0 -592.0
62.0 -615.0 -868.0 -543.0 -644.0
-429.0 -429.0 -634.0 -393.0 -508.0
-312.0 -510.0 -790.0 -315.0 -355.0
-529.0 -552.0 -439.0 -339.0 -408.0
-416.0 -406.0 -562.0 -564.0 -482.0
-264.0 -683.0 -627.0 -401.0 -485.0
-354.0 -640.0 -538.0 -347.0 -579.0
-219.0 -780.0 -531.0 -324.0 -501.0
-302.0 -769.0 -390.0 -434.0 -402.0
-100.0 -727.0 -726.0 -470.0 -679.0
-292.0 -276.0 -838.0 -463.0 -436.0
-445.0 -579.0 -521.0 -402.0 -395.0
-397.0 -457.0 -566.0 -526.0 -501.0
-538.0 -469.0 -444.0 -397.0 -438.0
-556.0 -232.0 -520.0 -353.0 -314.0
-400.0 -304.0 -704.0 -447.0 -606.0
-400.0 -566.0 -558.0 -363.0 -509.0
-118.0 -660.0 -898.0 -336.0 -334.0
-404.0 -607.0 -433.0 -548.0 -478.0
-489.0 -538.0 -600.0 -390.0 -475.0
-247.0 -537.0 -744.0 -570.0 -528.0
-369.0 -672.0 -479.0 -455.0 -478.0
-255.0 -603.0 -782.0 -291.0 -578.0
-531.0 -450.0 -341.0 -477.0 -413.0
-306.0 -743.0 -642.0 -310.0 -373.0
-94.0 -722.0 -796.0 -424.0 -408.0
-401.0 -444.0 -635.0 -405.0 -593.0
-242.0 -578.0 -566.0 -571.0 -653.0
-352.0 -494.0 -614.0 -456.0 -562.0
-377.0 -567.0 -412.0 -527.0 -548.0
14.0 -754.0 -689.0 -611.0 -585.0
-566.0 -448.0 -477.0 -309.0 -284.0
-287.0 -677.0 -773.0 -408.0 -419.0
-169.0 -570.0 -642.0 -708.0 -624.0
-313.0 -507.0 -734.0 -540.0 -442.0
-472.0 -421.0 -648.0 -346.0 -482.0
-419.0 -619.0 -590.0 -245.0 -515.0
127.0 -638.0 -919.0 -483.0 -434.0
-297.0 -767.0 -451.0 -313.0 -412.0
-402.0 -652.0 -560.0 -345.0 -374.0
-326.0 -513.0 -715.0 -360.0 -612.0
-87.0 -690.0 -813.0 -400.0 -450.0
-258.0 -694.0 -721.0 -416.0 -430.0
-78.0 -691.0 -859.0 -284.0 -359.0
-231.0 -492.0 -889.0 -347.0 -526.0
-385.0 -680.0 -453.0 -315.0 -483.0
-347.0 -660.0 -680.0 -334.0 -404.0
-194.0 -607.0 -559.0 -715.0 -516.0
-412.0 -694.0 -441.0 -382.0 -533.0
-412.0 -634.0 -480.0 -326.0 -425.0
-253.0 -459.0 -651.0 -686.0 -505.0
-470.0 -573.0 -419.0 -500.0 -394.0
-116.0 -546.0 -867.0 -383.0 -492.0
-500.0 -328.0 -599.0 -370.0 -376.0
-589.0 -218.0 -435.0 -330.0 -375.0
-593.0 -228.0 -477.0 -204.0 -330.0
-403.0 -377.0 -690.0 -492.0 -454.0
-244.0 -645.0 -644.0 -450.0 -539.0
-2.0 -674.0 -656.0 -604.0 -705.0
-67.0 -768.0 -749.0 -529.0 -490.0
-150.0 -661.0 -660.0 -758.0 -625.0
-537.0 -221.0 -480.0 -424.0 -444.0
-18.0 -563.0 -852.0 -612.0 -564.0
-388.0 -687.0 -454.0 -198.0 -441.0
-240.0 -676.0 -691.0 -352.0 -555.0
-443.0 -554.0 -568.0 -338.0 -490.0
-376.0 -412.0 -692.0 -440.0 -544.0
-549.0 -522.0 -330.0 -222.0 -428.0
-431.0 -558.0 -502.0 -457.0 -564.0
-88.0 -494.0 -837.0 -532.0 -591.0
-527.0 -441.0 -465.0 -422.0 -421.0
-420.0 -612.0 -452.0 -395.0 -438.0
-35.0 -778.0 -602.0 -629.0 -595.0
-231.0 -630.0 -730.0 -528.0 -534.0
-420.0 -326.0 -685.0 -491.0 -540.0
-278.0 -586.0 -476.0 -682.0 -591.0
-400.0 -527.0 -494.0 -563.0 -505.0
-439.0 -311.0 -716.0 -334.0 -469.0
-371.0 -412.0 -756.0 -245.0 -314.0
-132.0 -558.0 -625.0 -668.0 -781.0
-475.0 -471.0 -476.0 -465.0 -438.0
-339.0 -737.0 -221.0 -353.0 -393.0
-340.0 -710.0 -622.0 -448.0 -381.0
17.0 -741.0 -750.0 -603.0 -687.0
-552.0 -455.0 -452.0 -269.0 -448.0
-245.0 -470.0 -709.0 -487.0 -647.0
-173.0 -707.0 -696.0 -430.0 -568.0
-368.0 -473.0 -550.0 -628.0 -580.0
-518.0 -285.0 -640.0 -378.0 -392.0
-512.0 -633.0 -403.0 -207.0 -388.0
-320.0 -362.0 -753.0 -525.0 -586.0
-166.0 -654.0 -818.0 -489.0 -524.0
-317.0 -673.0 -663.0 -370.0 -440.0
-28.0 -858.0 -518.0 -547.0 -383.0
-136.0 -630.0 -763.0 -524.0 -601.0
-352.0 -564.0 -675.0 -430.0 -506.0
-185.0 -745.0 -694.0 -350.0 -553.0
-193.0 -420.0 -836.0 -569.0 -514.0
-89.0 -519.0 -914.0 -447.0 -476.0
-511.0 -558.0 -294.0 -441.0 -384.0
-49.0 -715.0 -818.0 -465.0 -420.0
-226.0 -683.0 -393.0 -587.0 -630.0
-207.0 -595.0 -914.0 -360.0 -296.0
-380.0 -659.0 -534.0 -226.0 -329.0
-311.0 -714.0 -540.0 -413.0 -391.0
-538.0 -368.0 -508.0 -325.0 -441.0
-528.0 -321.0 -599.0 -333.0 -376.0
-247.0 -789.0 -405.0 -397.0 -528.0
119.0 -444.0 -920.0 -489.0 -513.0
-261.0 -646.0 -544.0 -568.0 -601.0
-352.0 -645.0 -652.0 -343.0 -381.0
-103.0 -670.0 -797.0 -552.0 -517.0
-491.0 -454.0 -551.0 -275.0 -415.0
-315.0 -589.0 -674.0 -379.0 -561.0
-262.0 -576.0 -800.0 -352.0 -404.0
-358.0 -535.0 -550.0 -504.0 -568.0
-539.0 -331.0 -573.0 -250.0 -307.0
-339.0 -617.0 -560.0 -602.0 -373.0
-330.0 -716.0 -519.0 -275.0 -455.0
-172.0 -600.0 -575.0 -660.0 -671.0
-497.0 -180.0 -649.0 -416.0 -398.0
-371.0 -664.0 -557.0 -303.0 -271.0
-36.0 -651.0 -727.0 -665.0 -743.0
-458.0 -184.0 -756.0 -362.0 -457.0
-159.0 -612.0 -782.0 -503.0 -662.0
-375.0 -634.0 -474.0 -407.0 -540.0
-257.0 -662.0 -678.0 -368.0 -491.0
-545.0 -519.0 -447.0 -370.0 -395.0
-352.0 -630.0 -497.0 -470.0 -566.0
-176.0 -771.0 -542.0 -495.0 -561.0
-376.0 -573.0 -578.0 -458.0 -524.0
-432.0 -558.0 -600.0 -396.0 -463.0
161.0 -828.0 -539.0 -610.0 -450.0
-443.0 -663.0 -316.0 -300.0 -435.0
-189.0 -765.0 -553.0 -578.0 -633.0
-186.0 -747.0 -689.0 -445.0 -479.0
-395.0 -614.0 -429.0 -442.0 -508.0
-350.0 -613.0 -528.0 -544.0 -400.0
-135.0 -650.0 -787.0 -497.0 -601.0
-495.0 -417.0 -573.0 -326.0 -473.0
-8.0 -786.0 -764.0 -376.0 -417.0
-330.0 -580.0 -728.0 -467.0 -486.0
-398.0 -458.0 -745.0 -346.0 -442.0
3.0 -796.0 -632.0 -483.0 -602.0
-549.0 -209.0 -536.0 -331.0 -444.0
48.0 -421.0 -849.0 -542.0 -667.0
-299.0 -439.0 -778.0 -550.0 -508.0
-642.0 -369.0 -346.0 -274.0 -393.0
-520.0 -361.0 -378.0 -498.0 -479.0
-342.0 -485.0 -548.0 -623.0 -526.0
-272.0 -667.0 -425.0 -639.0 -615.0
-176.0 -723.0 -715.0 -483.0 -501.0
-456.0 -309.0 -658.0 -497.0 -490.0
-493.0 -420.0 -600.0 -434.0 -466.0
-271.0 -622.0 -691.0 -518.0 -519.0
-211.0 -604.0 -464.0 -622.0 -651.0
-106.0 -599.0 -912.0 -369.0 -340.0
-479.0 -591.0 -472.0 -234.0 -452.0
-237.0 -543.0 -611.0 -585.0 -673.0
-407.0 -759.0 -488.0 -348.0 -264.0
-320.0 -629.0 -412.0 -518.0 -582.0
-429.0 -633.0 -482.0 -273.0 -208.0
-137.0 -779.0 -461.0 -485.0 -684.0
-356.0 -593.0 -568.0 -396.0 -541.0
-135.0 -705.0 -817.0 -160.0 -357.0
-382.0 -485.0 -719.0 -244.0 -329.0
-424.0 -530.0 -636.0 -345.0 -482.0
-265.0 -568.0 -576.0 -629.0 -612.0
-161.0 -425.0 -776.0 -551.0 -697.0
-447.0 -462.0 -501.0 -601.0 -384.0
-319.0 -607.0 -787.0 -246.0 -351.0
-564.0 -190.0 -527.0 -301.0 -316.0
-290.0 -673.0 -629.0 -336.0 -527.0
-410.0 -673.0 -484.0 -358.0 -415.0
-440.0 -671.0 -480.0 -310.0 -333.0
-117.0 -702.0 -833.0 -396.0 -363.0
-473.0 -579.0 -329.0 -417.0 -499.0
-542.0 -165.0 -632.0 -212.0 -233.0
-358.0 -388.0 -787.0 -502.0 -435.0
-141.0 -800.0 -654.0 -456.0 -579.0
-361.0 -535.0 -557.0 -495.0 -506.0
-347.0 -321.0 -718.0 -430.0 -596.0
-215.0 -609.0 -790.0 -513.0 -453.0
-456.0 -583.0 -564.0 -285.0 -327.0
-118.0 -667.0 -628.0 -697.0 -694.0
-277.0 -736.0 -562.0 -390.0 -375.0
-494.0 -379.0 -473.0 -401.0 -485.0
-305.0 -450.0 -732.0 -490.0 -533.0
-329.0 -605.0 -662.0 -437.0 -523.0
-223.0 -546.0 -666.0 -592.0 -687.0
-349.0 -516.0 -526.0 -567.0 -561.0
-435.0 -270.0 -652.0 -417.0 -583.0
-417.0 -596.0 -580.0 -386.0 -406.0
-56.0 -477.0 -890.0 -612.0 -402.0
-267.0 -712.0 -696.0 -265.0 -484.0
-256.0 -428.0 -869.0 -436.0 -561.0
-96.0 -471.0 -944.0 -392.0 -395.0
-68.0 -722.0 -795.0 -464.0 -658.0
-124.0 -675.0 -891.0 -336.0 -344.0
-338.0 -444.0 -770.0 -468.0 -512.0
-210.0 -669.0 -730.0 -438.0 -554.0
-228.0 -732.0 -575.0 -438.0 -575.0
-164.0 -485.0 -905.0 -457.0 -531.0
-255.0 -621.0 -738.0 -409.0 -600.0
-392.0 -387.0 -584.0 -551.0 -559.0
-565.0 -365.0 -484.0 -297.0 -385.0
-52.0 -424.0 -894.0 -540.0 -631.0
-266.0 -497.0 -616.0 -528.0 -648.0
-378.0 -462.0 -717.0 -404.0 -472.0
-119.0 -663.0 -844.0 -388.0 -429.0
-54.0 -511.0 -925.0 -374.0 -375.0
-554.0 -279.0 -553.0 -212.0 -253.0
-331.0 -644.0 -417.0 -496.0 -587.0
-277.0 -477.0 -670.0 -532.0 -640.0
-445.0 -555.0 -515.0 -404.0 -441.0
-387.0 -339.0 -571.0 -590.0 -537.0
-124.0 -702.0 -689.0 -536.0 -545.0
-235.0 -706.0 -661.0 -455.0 -509.0
-238.0 -642.0 -780.0 -426.0 -346.0
-232.0 -628.0 -662.0 -673.0 -556.0
224.0 -824.0 -716.0 -600.0 -479.0
-52.0 -486.0 -932.0 -403.0 -494.0
-550.0 -554.0 -268.0 -106.0 -328.0
-436.0 -607.0 -540.0 -262.0 -510.0
-479.0 -613.0 -351.0 -447.0 -450.0
-344.0 -713.0 -505.0 -300.0 -414.0
-228.0 -322.0 -760.0 -521.0 -636.0
-387.0 -609.0 -563.0 -422.0 -442.0
-171.0 -688.0 -807.0 -440.0 -498.0
-41.0 -730.0 -802.0 -437.0 -605.0
-201.0 -682.0 -698.0 -483.0 -512.0
-36.0 -760.0 -699.0 -566.0 -599.0
-147.0 -801.0 -655.0 -477.0 -410.0
-518.0 -397.0 -598.0 -417.0 -435.0
-417.0 -646.0 -460.0 -233.0 -457.0
-427.0 -509.0 -613.0 -441.0 -387.0
-117.0 -494.0 -793.0 -634.0 -597.0
-655.0 -366.0 -261.0 -282.0 -371.0
-359.0 -711.0 -455.0 -365.0 -523.0
-231.0 -362.0 -677.0 -545.0 -689.0
-270.0 -678.0 -650.0 -428.0 -450.0
-287.0 -548.0 -599.0 -509.0 -606.0
-449.0 -444.0 -512.0 -483.0 -456.0
-489.0 -649.0 -344.0 -226.0 -447.0
-393.0 -511.0 -633.0 -438.0 -415.0
74.0 -809.0 -730.0 -564.0 -485.0
-394.0 -286.0 -793.0 -326.0 -306.0
-419.0 -607.0 -464.0 -374.0 -508.0
-230.0 -389.0 -795.0 -604.0 -517.0
23.0 -592.0 -905.0 -500.0 -508.0
-325.0 -738.0 -385.0 -383.0 -461.0
-395.0 -519.0 -584.0 -481.0 -510.0
-402.0 -562.0 -613.0 -258.0 -386.0
-439.0 -715.0 -354.0 -263.0 -496.0
-230.0 -667.0 -607.0 -555.0 -528.0
-517.0 -616.0 -374.0 -298.0 -234.0
-344.0 -595.0 -615.0 -509.0 -398.0
-59.0 -806.0 -710.0 -411.0 -545.0
-134.0 -676.0 -802.0 -414.0 -627.0
-302.0 -590.0 -545.0 -588.0 -520.0
-114.0 -763.0 -790.0 -380.0 -380.0
-125.0 -734.0 -744.0 -314.0 -388.0
-459.0 -519.0 -439.0 -508.0 -476.0
30.0 -744.0 -835.0 -595.0 -709.0
-189.0 -519.0 -522.0 -729.0 -660.0
-361.0 -587.0 -566.0 -423.0 -559.0
-220.0 -558.0 -831.0 -445.0 -546.0
-457.0 -572.0 -567.0 -318.0 -418.0
-407.0 -649.0 -535.0 -310.0 -188.0
-367.0 -282.0 -759.0 -447.0 -461.0
-270.0 -831.0 -504.0 -285.0 -332.0
-103.0 -460.0 -731.0 -609.0 -664.0
-336.0 -450.0 -724.0 -452.0 -556.0
-551.0 -365.0 -423.0 -333.0 -419.0
-164.0 -800.0 -676.0 -331.0 -341.0
-474.0 -534.0 -424.0 -411.0 -477.0
-223.0 -753.0 -579.0 -483.0 -630.0
6.0 -690.0 -511.0 -625.0 -740.0
-232.0 -598.0 -847.0 -454.0 -523.0
-316.0 -632.0 -743.0 -317.0 -365.0
-116.0 -456.0 -937.0 -375.0 -370.0
-370.0 -525.0 -734.0 -273.0 -330.0
-319.0 -654.0 -518.0 -491.0 -581.0
-216.0 -528.0 -941.0 -333.0 -335.0
-423.0 -494.0 -646.0 -384.0 -381.0
-332.0 -577.0 -624.0 -396.0 -556.0
150.0 -692.0 -611.0 -587.0 -756.0
-487.0 -287.0 -490.0 -461.0 -493.0
-542.0 -107.0 -586.0 -408.0 -332.0
-124.0 -428.0 -911.0 -421.0 -521.0
-353.0 -464.0 -633.0 -486.0 -624.0
-470.0 -347.0 -571.0 -443.0 -547.0
-147.0 -704.0 -807.0 -383.0 -384.0
-104.0 -737.0 -609.0 -523.0 -615.0
-252.0 -318.0 -810.0 -564.0 -584.0
-349.0 -354.0 -715.0 -347.0 -608.0
25.0 -619.0 -862.0 -507.0 -597.0
-459.0 -622.0 -429.0 -373.0 -345.0
-381.0 -550.0 -552.0 -484.0 -507.0
-314.0 -489.0 -695.0 -511.0 -620.0
-272.0 -621.0 -697.0 -503.0 -462.0
-112.0 -337.0 -674.0 -705.0 -626.0
-95.0 -513.0 -879.0 -452.0 -424.0
-272.0 -652.0 -640.0 -502.0 -460.0
-490.0 -538.0 -561.0 -378.0 -287.0
-352.0 -468.0 -768.0 -341.0 -497.0
-145.0 -692.0 -707.0 -589.0 -442.0
-295.0 -640.0 -487.0 -597.0 -511.0
-245.0 -726.0 -597.0 -363.0 -473.0
-525.0 -461.0 -427.0 -467.0 -459.0
-196.0 -686.0 -453.0 -647.0 -583.0
-430.0 -593.0 -495.0 -394.0 -384.0
-77.0 -739.0 -819.0 -436.0 -351.0
-339.0 -410.0 -745.0 -437.0 -571.0
-190.0 -608.0 -811.0 -450.0 -450.0
-299.0 -684.0 -685.0 -282.0 -281.0
-556.0 -474.0 -380.0 -437.0 -362.0
-516.0 -272.0 -403.0 -508.0 -481.0
-592.0 -391.0 -473.0 -278.0 -390.0
-380.0 -322.0 -752.0 -462.0 -372.0
156.0 -777.0 -788.0 -476.0 -534.0
-318.0 -320.0 -585.0 -566.0 -564.0
-376.0 -576.0 -608.0 -362.0 -487.0
-67.0 -782.0 -398.0 -571.0 -646.0
-102.0 -565.0 -649.0 -709.0 -730.0
-297.0 -643.0 -648.0 -446.0 -525.0
84.0 -590.0 -851.0 -551.0 -653.0
-408.0 -445.0 -730.0 -350.0 -438.0
-401.0 -515.0 -481.0 -601.0 -516.0
-319.0 -484.0 -794.0 -515.0 -466.0
-489.0 -674.0 -391.0 -232.0 -279.0
-230.0 -482.0 -630.0 -627.0 -611.0
-368.0 -334.0 -812.0 -265.0 -299.0
-98.0 -628.0 -772.0 -672.0 -640.0
-199.0 -680.0 -565.0 -656.0 -534.0
-163.0 -685.0 -821.0 -344.0 -497.0
-414.0 -367.0 -679.0 -466.0 -496.0
-124.0 -801.0 -682.0 -406.0 -366.0
-323.0 -529.0 -706.0 -469.0 -543.0
-300.0 -618.0 -773.0 -553.0 -509.0
-118.0 -401.0 -839.0 -600.0 -555.0
-355.0 -585.0 -553.0 -581.0 -414.0
-280.0 -623.0 -450.0 -646.0 -624.0
-465.0 -496.0 -499.0 -483.0 -500.0
-576.0 -263.0 -500.0 -175.0 -273.0
-165.0 -501.0 -726.0 -650.0 -668.0
-502.0 -504.0 -534.0 -272.0 -285.0
-258.0 -766.0 -590.0 -378.0 -384.0
-263.0 -736.0 -520.0 -311.0 -568.0
-116.0 -697.0 -732.0 -478.0 -527.0
-531.0 -370.0 -595.0 -387.0 -435.0
-207.0 -454.0 -898.0 -594.0 -447.0
-533.0 -257.0 -357.0 -434.0 -460.0
-414.0 -487.0 -695.0 -401.0 -460.0
-122.0 -611.0 -670.0 -654.0 -629.0
-225.0 -634.0 -721.0 -445.0 -636.0
-447.0 -668.0 -401.0 -258.0 -404.0
57.0 -489.0 -952.0 -437.0 -406.0
-324.0 -573.0 -782.0 -343.0 -270.0
-10.0 -810.0 -546.0 -622.0 -602.0
-299.0 -555.0 -777.0 -414.0 -383.0
-292.0 -527.0 -541.0 -534.0 -622.0
-464.0 -381.0 -538.0 -516.0 -503.0
-343.0 -620.0 -721.0 -482.0 -397.0
-421.0 -372.0 -601.0 -546.0 -567.0
-398.0 -651.0 -401.0 -386.0 -582.0
-424.0 -580.0 -558.0 -296.0 -481.0
-367.0 -512.0 -546.0 -550.0 -528.0
-258.0 -602.0 -866.0 -440.0 -342.0
-197.0 -706.0 -813.0 -353.0 -304.0
-15.0 -682.0 -838.0 -611.0 -614.0
-59.0 -613.0 -909.0 -379.0 -458.0
-443.0 -513.0 -529.0 -473.0 -526.0
-482.0 -248.0 -582.0 -401.0 -517.0
63.0 -807.0 -694.0 -617.0 -509.0
-422.0 -306.0 -723.0 -446.0 -502.0
-545.0 -168.0 -543.0 -465.0 -344.0
-297.0 -722.0 -620.0 -358.0 -433.0
-164.0 -510.0 -908.0 -489.0 -480.0
-511.0 -571.0 -284.0 -360.0 -378.0
-316.0 -607.0 -740.0 -285.0 -416.0
-418.0 -616.0 -401.0 -378.0 -515.0
89.0 -810.0 -678.0 -494.0 -502.0
-532.0 -312.0 -391.0 -451.0 -413.0
-315.0 -490.0 -564.0 -611.0 -570.0
-111.0 -625.0 -687.0 -680.0 -618.0
-105.0 -727.0 -621.0 -682.0 -643.0
-164.0 -781.0 -658.0 -482.0 -505.0
-384.0 -546.0 -617.0 -348.0 -468.0
-210.0 -451.0 -795.0 -617.0 -590.0
-125.0 -674.0 -594.0 -681.0 -630.0
75.0 -540.0 -953.0 -463.0 -414.0
-370.0 -621.0 -613.0 -405.0 -447.0
-235.0 -694.0 -535.0 -584.0 -502.0
-319.0 -740.0 -557.0 -318.0 -351.0
-239.0 -697.0 -696.0 -464.0 -526.0
-480.0 -338.0 -474.0 -509.0 -496.0
-444.0 -428.0 -703.0 -356.0 -388.0
-140.0 -702.0 -806.0 -467.0 -407.0
-552.0 -482.0 -340.0 -348.0 -422.0
-288.0 -437.0 -758.0 -471.0 -593.0
-256.0 -656.0 -779.0 -253.0 -264.0
-574.0 -389.0 -518.0 -274.0 -386.0
-559.0 -278.0 -546.0 -249.0 -294.0
-93.0 -653.0 -852.0 -333.0 -382.0
-495.0 -595.0 -275.0 -350.0 -405.0
-249.0 -677.0 -415.0 -581.0 -656.0
-192.0 -766.0 -668.0 -395.0 -483.0
-93.0 -610.0 -817.0 -622.0 -530.0
-294.0 -515.0 -677.0 -534.0 -579.0
-447.0 -464.0 -474.0 -528.0 -494.0
-359.0 -578.0 -681.0 -286.0 -444.0
-377.0 -662.0 -518.0 -346.0 -224.0
-220.0 -799.0 -593.0 -251.0 -390.0
-437.0 -531.0 -488.0 -527.0 -458.0
-449.0 -354.0 -694.0 -355.0 -484.0
-97.0 -835.0 -583.0 -454.0 -332.0
-433.0 -447.0 -649.0 -342.0 -370.0
-342.0 -417.0 -677.0 -557.0 -558.0
-325.0 -552.0 -491.0 -549.0 -638.0
-117.0 -777.0 -602.0 -538.0 -526.0
-228.0 -391.0 -478.0 -697.0 -625.0
-167.0 -527.0 -880.0 -308.0 -467.0
-417.0 -516.0 -497.0 -564.0 -531.0
-507.0 -584.0 -365.0 -402.0 -442.0
-232.0 -729.0 -682.0 -355.0 -495.0
-74.0 -793.0 -670.0 -566.0 -584.0
-297.0 -431.0 -814.0 -423.0 -462.0
-373.0 -381.0 -652.0 -504.0 -507.0
204.0 -499.0 -935.0 -417.0 -474.0
-312.0 -505.0 -754.0 -381.0 -485.0
-295.0 -569.0 -571.0 -543.0 -590.0
-48.0 -520.0 -821.0 -566.0 -608.0
-395.0 -655.0 -468.0 -307.0 -472.0
-300.0 -674.0 -688.0 -416.0 -397.0
-373.0 -560.0 -397.0 -504.0 -605.0
-403.0 -562.0 -518.0 -361.0 -473.0
-565.0 -403.0 -461.0 -289.0 -345.0
-271.0 -693.0 -632.0 -318.0 -526.0
-288.0 -758.0 -561.0 -357.0 -494.0
-88.0 -418.0 -826.0 -654.0 -589.0
-78.0 -736.0 -613.0 -707.0 -568.0
-375.0 -400.0 -669.0 -567.0 -419.0
-384.0 -477.0 -586.0 -456.0 -527.0
-35.0 -710.0 -349.0 -640.0 -747.0
-448.0 -425.0 -654.0 -456.0 -448.0
-44.0 -471.0 -805.0 -559.0 -702.0
-450.0 -326.0 -452.0 -547.0 -538.0
-395.0 -553.0 -517.0 -455.0 -444.0
-102.0 -546.0 -892.0 -344.0 -436.0
-113.0 -649.0 -872.0 -336.0 -494.0
-346.0 -626.0 -591.0 -484.0 -404.0
-228.0 -738.0 -647.0 -346.0 -478.0
143.0 -499.0 -907.0 -520.0 -479.0
-196.0 -694.0 -644.0 -459.0 -631.0
163.0 -753.0 -859.0 -538.0 -450.0
-360.0 -578.0 -586.0 -389.0 -531.0
-411.0 -459.0 -698.0 -361.0 -352.0
183.0 -580.0 -911.0 -475.0 -614.0
-246.0 -456.0 -792.0 -533.0 -498.0
-160.0 -689.0 -861.0 -264.0 -312.0
-51.0 -722.0 -719.0 -576.0 -656.0
-322.0 -450.0 -808.0 -378.0 -535.0
-339.0 -522.0 -747.0 -260.0 -381.0
-316.0 -483.0 -621.0 -653.0 -463.0
-358.0 -393.0 -763.0 -436.0 -358.0
-43.0 -542.0 -915.0 -525.0 -440.0
-389.0 -655.0 -645.0 -337.0 -396.0
-23.0 -780.0 -425.0 -637.0 -597.0
-230.0 -618.0 -707.0 -655.0 -409.0
-365.0 -532.0 -508.0 -595.0 -566.0
-104.0 -541.0 -683.0 -646.0 -694.0
-11.0 -491.0 -924.0 -391.0 -406.0
-59.0 -735.0 -763.0 -509.0 -616.0
-392.0 -607.0 -565.0 -369.0 -434.0
-28.0 -655.0 -803.0 -556.0 -606.0
-379.0 -610.0 -650.0 -361.0 -456.0
-566.0 -254.0 -395.0 -439.0 -385.0
-588.0 -403.0 -434.0 -360.0 -389.0
-147.0 -702.0 -662.0 -607.0 -589.0
-227.0 -657.0 -680.0 -455.0 -549.0
-433.0 -392.0 -660.0 -502.0 -470.0
-578.0 -547.0 -325.0 -251.0 -375.0
-216.0 -599.0 -845.0 -390.0 -395.0
-229.0 -696.0 -574.0 -541.0 -549.0
-312.0 -655.0 -439.0 -583.0 -484.0
-258.0 -741.0 -587.0 -346.0 -435.0
-420.0 -641.0 -354.0 -442.0 -420.0
-301.0 -586.0 -798.0 -412.0 -284.0
-146.0 -513.0 -951.0 -253.0 -333.0
-235.0 -750.0 -600.0 -367.0 -425.0
-339.0 -648.0 -737.0 -335.0 -403.0
-458.0 -285.0 -692.0 -434.0 -454.0
-357.0 -725.0 -483.0 -473.0 -538.0
-250.0 -497.0 -765.0 -555.0 -543.0
-435.0 -528.0 -531.0 -508.0 -458.0
-12.0 -847.0 -663.0 -527.0 -471.0
-333.0 -678.0 -547.0 -341.0 -520.0
-143.0 -711.0 -658.0 -442.0 -621.0
-107.0 -723.0 -729.0 -458.0 -455.0
-64.0 -554.0 -903.0 -395.0 -390.0
-456.0 -560.0 -235.0 -540.0 -462.0
-536.0 -525.0 -415.0 -214.0 -450.0
-261.0 -764.0 -533.0 -510.0 -525.0
-32.0 -738.0 -721.0 -663.0 -570.0
-591.0 -544.0 -240.0 -259.0 -353.0
-366.0 -553.0 -786.0 -283.0 -285.0
-167.0 -688.0 -815.0 -229.0 -337.0
-330.0 -474.0 -623.0 -428.0 -665.0
-538.0 -493.0 -362.0 -435.0 -416.0
-105.0 -709.0 -665.0 -564.0 -621.0
-429.0 -588.0 -507.0 -373.0 -454.0
-539.0 -439.0 -246.0 -420.0 -402.0
-601.0 -299.0 -413.0 -296.0 -370.0
-313.0 -615.0 -688.0 -561.0 -487.0
-263.0 -573.0 -744.0 -577.0 -491.0
-372.0 -613.0 -401.0 -487.0 -547.0
-433.0 -572.0 -631.0 -300.0 -330.0
-366.0 -528.0 -783.0 -251.0 -336.0
-15.0 -739.0 -656.0 -578.0 -691.0
-344.0 -570.0 -612.0 -477.0 -449.0
-285.0 -617.0 -776.0 -397.0 -547.0
-353.0 -456.0 -774.0 -363.0 -314.0
-205.0 -654.0 -611.0 -502.0 -605.0
-449.0 -479.0 -548.0 -465.0 -459.0
-115.0 -562.0 -564.0 -717.0 -708.0
-152.0 -798.0 -550.0 -466.0 -455.0
-225.0 -630.0 -833.0 -345.0 -492.0
-427.0 -425.0 -534.0 -501.0 -543.0
-347.0 -648.0 -554.0 -463.0 -397.0
-331.0 -517.0 -355.0 -564.0 -640.0
-202.0 -626.0 -755.0 -455.0 -560.0
-81.0 -693.0 -816.0 -397.0 -617.0
-363.0 -666.0 -533.0 -414.0 -395.0
-78.0 -576.0 -884.0 -400.0 -385.0
-348.0 -545.0 -476.0 -560.0 -569.0
-485.0 -462.0 -521.0 -471.0 -409.0
-579.0 -327.0 -490.0 -262.0 -365.0
-287.0 -676.0 -672.0 -474.0 -460.0
-286.0 -753.0 -447.0 -290.0 -610.0
-357.0 -690.0 -498.0 -341.0 -405.0
-54.0 -663.0 -761.0 -609.0 -670.0
-198.0 -794.0 -708.0 -389.0 -447.0
-74.0 -718.0 -901.0 -424.0 -421.0
-123.0 -667.0 -846.0 -439.0 -351.0
-514.0 -362.0 -661.0 -395.0 -309.0
15.0 -644.0 -775.0 -585.0 -697.0
-554.0 -466.0 -416.0 -310.0 -316.0
-322.0 -342.0 -791.0 -480.0 -548.0
-327.0 -486.0 -610.0 -519.0 -598.0
-397.0 -731.0 -383.0 -279.0 -366.0
-257.0 -453.0 -565.0 -647.0 -655.0
-215.0 -526.0 -496.0 -683.0 -662.0
-206.0 -753.0 -503.0 -595.0 -628.0
-178.0 -647.0 -841.0 -388.0 -389.0
-220.0 -725.0 -603.0 -413.0 -518.0
-375.0 -523.0 -500.0 -521.0 -563.0
103.0 -498.0 -926.0 -518.0 -411.0
44.0 -713.0 -677.0 -694.0 -621.0
-207.0 -728.0 -688.0 -405.0 -540.0
-229.0 -669.0 -726.0 -387.0 -483.0
-231.0 -517.0 -892.0 -379.0 -475.0
-178.0 -692.0 -627.0 -490.0 -621.0
-49.0 -648.0 -642.0 -673.0 -721.0
-113.0 -724.0 -641.0 -478.0 -657.0
-450.0 -578.0 -500.0 -292.0 -420.0
-367.0 -387.0 -692.0 -440.0 -553.0
-438.0 -430.0 -690.0 -222.0 -317.0
-514.0 -475.0 -237.0 -419.0 -466.0
-381.0 -369.0 -529.0 -564.0 -561.0
-412.0 -620.0 -485.0 -250.0 -381.0
-463.0 -527.0 -433.0 -461.0 -534.0
-525.0 -380.0 -557.0 -300.0 -362.0
-351.0 -549.0 -527.0 -459.0 -549.0
-538.0 -442.0 -532.0 -243.0 -258.0
-551.0 -189.0 -574.0 -286.0 -406.0
-139.0 -708.0 -762.0 -306.0 -554.0
-85.0 -774.0 -731.0 -321.0 -251.0
-269.0 -665.0 -686.0 -326.0 -508.0
99.0 -547.0 -942.0 -525.0 -317.0
-361.0 -503.0 -739.0 -326.0 -371.0
163.0 -704.0 -845.0 -594.0 -504.0
-360.0 -657.0 -595.0 -342.0 -382.0
-20.0 -708.0 -832.0 -542.0 -404.0
-285.0 -602.0 -595.0 -571.0 -525.0
-503.0 -476.0 -616.0 -163.0 -230.0
-421.0 -561.0 -595.0 -357.0 -429.0
-197.0 -650.0 -829.0 -161.0 -352.0
-619.0 -486.0 -223.0 -325.0 -308.0
-433.0 -378.0 -719.0 -395.0 -366.0
-478.0 -457.0 -636.0 -267.0 -437.0
-352.0 -333.0 -789.0 -498.0 -474.0
-300.0 -355.0 -700.0 -467.0 -645.0
-227.0 -568.0 -747.0 -661.0 -583.0
-155.0 -661.0 -611.0 -645.0 -594.0
-97.0 -649.0 -840.0 -526.0 -545.0
79.0 -633.0 -845.0 -500.0 -667.0
-372.0 -631.0 -357.0 -605.0 -569.0
-286.0 -525.0 -520.0 -662.0 -597.0
-430.0 -617.0 -501.0 -392.0 -338.0
-400.0 -559.0 -401.0 -559.0 -502.0
-282.0 -754.0 -453.0 -411.0 -519.0
-179.0 -594.0 -740.0 -528.0 -582.0
-457.0 -425.0 -618.0 -364.0 -366.0
-576.0 -322.0 -456.0 -394.0 -394.0
-269.0 -387.0 -749.0 -599.0 -613.0
-113.0 -702.0 -694.0 -533.0 -504.0
-150.0 -643.0 -704.0 -640.0 -603.0
-488.0 -410.0 -581.0 -453.0 -471.0
-271.0 -691.0 -636.0 -424.0 -408.0
-73.0 -708.0 -818.0 -432.0 -549.0
-286.0 -442.0 -863.0 -542.0 -530.0
-464.0 -464.0 -550.0 -416.0 -496.0
-466.0 -387.0 -542.0 -510.0 -500.0
287.0 -821.0 -590.0 -671.0 -457.0
-309.0 -474.0 -576.0 -575.0 -671.0
-13.0 -441.0 -859.0 -609.0 -544.0
-156.0 -735.0 -669.0 -449.0 -566.0
-395.0 -361.0 -808.0 -244.0 -248.0
-248.0 -624.0 -489.0 -535.0 -691.0
-500.0 -315.0 -467.0 -515.0 -488.0
-416.0 -523.0 -510.0 -457.0 -556.0
-296.0 -752.0 -567.0 -292.0 -355.0
-370.0 -795.0 -436.0 -251.0 -286.0
-279.0 -592.0 -574.0 -502.0 -597.0
-229.0 -666.0 -521.0 -579.0 -576.0
-194.0 -624.0 -775.0 -541.0 -451.0
-515.0 -362.0 -614.0 -302.0 -324.0
-325.0 -531.0 -732.0 -418.0 -449.0
-114.0 -715.0 -673.0 -449.0 -600.0
-279.0 -653.0 -796.0 -359.0 -244.0
-330.0 -435.0 -806.0 -343.0 -603.0
-242.0 -418.0 -573.0 -647.0 -647.0
-603.0 -242.0 -433.0 -203.0 -360.0
-74.0 -693.0 -898.0 -392.0 -472.0
-284.0 -547.0 -737.0 -564.0 -543.0
-279.0 -320.0 -598.0 -649.0 -562.0
-250.0 -689.0 -799.0 -370.0 -314.0
-460.0 -625.0 -336.0 -341.0 -502.0
-67.0 -634.0 -897.0 -390.0 -497.0
-359.0 -325.0 -751.0 -455.0 -435.0
169.0 -650.0 -899.0 -472.0 -567.0
-284.0 -700.0 -646.0 -282.0 -479.0
-260.0 -632.0 -702.0 -544.0 -477.0
-46.0 -799.0 -489.0 -639.0 -564.0
300.0 -824.0 -675.0 -663.0 -479.0
-266.0 -605.0 -580.0 -480.0 -620.0
-323.0 -625.0 -499.0 -529.0 -498.0
-410.0 -307.0 -725.0 -424.0 -412.0
-311.0 -741.0 -451.0 -421.0 -553.0
-443.0 -542.0 -442.0 -467.0 -483.0
-394.0 -539.0 -644.0 -383.0 -356.0
-290.0 -474.0 -585.0 -540.0 -618.0
-300.0 -475.0 -842.0 -292.0 -326.0
-293.0 -539.0 -830.0 -250.0 -384.0
-471.0 -359.0 -529.0 -499.0 -472.0
-469.0 -352.0 -603.0 -465.0 -536.0
-518.0 -575.0 -443.0 -262.0 -438.0
-78.0 -705.0 -670.0 -708.0 -570.0
-255.0 -586.0 -586.0 -686.0 -510.0
-282.0 -384.0 -664.0 -607.0 -591.0
-410.0 -423.0 -723.0 -443.0 -411.0
-301.0 -680.0 -649.0 -282.0 -490.0
-111.0 -706.0 -727.0 -436.0 -600.0
-515.0 -425.0 -323.0 -576.0 -500.0
-490.0 -247.0 -511.0 -446.0 -508.0
-282.0 -568.0 -652.0 -517.0 -614.0
-317.0 -330.0 -838.0 -419.0 -412.0
-380.0 -514.0 -718.0 -430.0 -437.0
-349.0 -623.0 -633.0 -397.0 -492.0
-284.0 -719.0 -500.0 -447.0 -480.0
-45.0 -676.0 -729.0 -654.0 -628.0
-322.0 -536.0 -668.0 -602.0 -490.0
-414.0 -441.0 -550.0 -413.0 -571.0
-345.0 -674.0 -613.0 -222.0 -446.0
-430.0 -447.0 -484.0 -493.0 -534.0
-164.0 -756.0 -655.0 -450.0 -556.0
11.0 -699.0 -732.0 -539.0 -684.0
-497.0 -562.0 -411.0 -296.0 -475.0
-139.0 -678.0 -454.0 -664.0 -697.0
34.0 -635.0 -872.0 -582.0 -509.0
-393.0 -535.0 -534.0 -465.0 -490.0
-433.0 -354.0 -662.0 -545.0 -535.0
-321.0 -643.0 -577.0 -470.0 -526.0
-162.0 -653.0 -659.0 -530.0 -732.0
-350.0 -570.0 -387.0 -446.0 -646.0
-525.0 -496.0 -447.0 -427.0 -438.0
-409.0 -537.0 -718.0 -255.0 -227.0
-228.0 -781.0 -725.0 -353.0 -411.0
-346.0 -683.0 -500.0 -384.0 -524.0
-338.0 -507.0 -491.0 -590.0 -612.0
-418.0 -382.0 -690.0 -385.0 -484.0
-14.0 -710.0 -843.0 -440.0 -561.0
-256.0 -461.0 -832.0 -404.0 -418.0
-496.0 -412.0 -556.0 -346.0 -500.0
-460.0 -632.0 -521.0 -327.0 -198.0
-314.0 -606.0 -623.0 -490.0 -461.0
-29.0 -766.0 -821.0 -520.0 -636.0
-307.0 -717.0 -622.0 -563.0 -512.0
-91.0 -740.0 -694.0 -515.0 -637.0
-113.0 -659.0 -717.0 -497.0 -624.0
-181.0 -769.0 -629.0 -469.0 -496.0
-120.0 -750.0 -656.0 -517.0 -525.0
-360.0 -640.0 -570.0 -406.0 -501.0
-8.0 -776.0 -732.0 -479.0 -416.0
-427.0 -408.0 -677.0 -369.0 -390.0
-267.0 -548.0 -614.0 -584.0 -574.0
-171.0 -682.0 -653.0 -492.0 -594.0
-501.0 -459.0 -343.0 -459.0 -487.0
-76.0 -603.0 -600.0 -696.0 -739.0
-81.0 -642.0 -674.0 -734.0 -652.0
-127.0 -647.0 -930.0 -291.0 -376.0
-469.0 -412.0 -461.0 -501.0 -429.0
-200.0 -549.0 -930.0 -310.0 -360.0
-504.0 -571.0 -466.0 -347.0 -366.0
12.0 -449.0 -890.0 -427.0 -621.0
-132.0 -767.0 -661.0 -543.0 -418.0
-271.0 -599.0 -781.0 -448.0 -320.0
-383.0 -563.0 -714.0 -484.0 -496.0
-334.0 -645.0 -479.0 -515.0 -515.0
-273.0 -528.0 -605.0 -654.0 -619.0
-192.0 -645.0 -755.0 -443.0 -454.0
-329.0 -660.0 -506.0 -507.0 -503.0
-144.0 -667.0 -618.0 -653.0 -554.0
-94.0 -701.0 -811.0 -418.0 -528.0
-283.0 -505.0 -550.0 -577.0 -567.0
-415.0 -575.0 -522.0 -359.0 -439.0
-476.0 -339.0 -667.0 -146.0 -205.0
-380.0 -324.0 -748.0 -356.0 -490.0
-102.0 -718.0 -720.0 -533.0 -545.0
-433.0 -590.0 -550.0 -275.0 -425.0
-445.0 -477.0 -625.0 -348.0 -431.0
-526.0 -466.0 -415.0 -488.0 -389.0
-327.0 -639.0 -686.0 -434.0 -472.0
-121.0 -474.0 -877.0 -486.0 -622.0
-541.0 -383.0 -574.0 -276.0 -272.0
-254.0 -448.0 -831.0 -481.0 -599.0
-481.0 -282.0 -690.0 -260.0 -337.0
-325.0 -478.0 -775.0 -386.0 -553.0
-169.0 -726.0 -757.0 -392.0 -503.0
-516.0 -555.0 -524.0 -331.0 -430.0
-380.0 -453.0 -470.0 -595.0 -558.0
60.0 -547.0 -948.0 -421.0 -352.0
-330.0 -609.0 -447.0 -568.0 -644.0
-92.0 -382.0 -922.0 -439.0 -483.0
-20.0 -437.0 -892.0 -453.0 -653.0
-282.0 -643.0 -572.0 -589.0 -533.0
-354.0 -492.0 -579.0 -568.0 -500.0
-21.0 -483.0 -955.0 -282.0 -267.0
-281.0 -457.0 -634.0 -553.0 -584.0
-180.0 -609.0 -798.0 -437.0 -473.0
-143.0 -663.0 -831.0 -430.0 -561.0
-375.0 -649.0 -500.0 -325.0 -499.0
111.0 -609.0 -931.0 -388.0 -453.0
33.0 -695.0 -717.0 -646.0 -670.0
-238.0 -721.0 -702.0 -401.0 -402.0
-206.0 -614.0 -835.0 -269.0 -268.0
-347.0 -672.0 -486.0 -511.0 -386.0
-224.0 -716.0 -638.0 -422.0 -535.0
-443.0 -563.0 -320.0 -532.0 -484.0
-440.0 -551.0 -451.0 -536.0 -519.0
-319.0 -744.0 -463.0 -290.0 -455.0
-544.0 -514.0 -459.0 -349.0 -465.0
-334.0 -285.0 -812.0 -479.0 -515.0
-159.0 -542.0 -799.0 -504.0 -663.0
-411.0 -404.0 -699.0 -402.0 -515.0
-526.0 -390.0 -467.0 -366.0 -495.0
-19.0 -772.0 -749.0 -549.0 -604.0
-442.0 -370.0 -552.0 -537.0 -464.0
-224.0 -728.0 -764.0 -293.0 -542.0
-470.0 -569.0 -482.0 -326.0 -396.0
-353.0 -676.0 -594.0 -457.0 -361.0
-465.0 -515.0 -548.0 -472.0 -422.0
-184.0 -581.0 -550.0 -741.0 -681.0
-240.0 -464.0 -726.0 -597.0 -564.0
-293.0 -488.0 -413.0 -640.0 -624.0
119.0 -469.0 -923.0 -521.0 -462.0
-73.0 -711.0 -779.0 -432.0 -620.0
-350.0 -589.0 -596.0 -496.0 -411.0
-430.0 -571.0 -423.0 -521.0 -460.0
5.0 -479.0 -777.0 -751.0 -600.0
-214.0 -648.0 -814.0 -485.0 -380.0
-37.0 -515.0 -812.0 -643.0 -659.0
-242.0 -526.0 -663.0 -641.0 -511.0
-453.0 -401.0 -703.0 -309.0 -286.0
-599.0 -198.0 -519.0 -230.0 -306.0
-116.0 -738.0 -469.0 -578.0 -663.0
-222.0 -709.0 -746.0 -447.0 -531.0
-478.0 -583.0 -393.0 -285.0 -421.0
-158.0 -303.0 -914.0 -508.0 -354.0
-460.0 -542.0 -518.0 -355.0 -485.0
-456.0 -578.0 -397.0 -475.0 -462.0
-173.0 -636.0 -780.0 -376.0 -647.0
25.0 -696.0 -767.0 -602.0 -582.0
-403.0 -438.0 -681.0 -421.0 -549.0
-375.0 -479.0 -735.0 -326.0 -417.0
-356.0 -617.0 -636.0 -490.0 -375.0
-13.0 -720.0 -788.0 -563.0 -619.0
-127.0 -622.0 -927.0 -259.0 -427.0
-540.0 -294.0 -563.0 -312.0 -322.0
307.0 -705.0 -846.0 -534.0 -572.0
-272.0 -577.0 -839.0 -244.0 -325.0
-404.0 -248.0 -783.0 -237.0 -211.0
18.0 -672.0 -736.0 -630.0 -665.0
32.0 -496.0 -826.0 -619.0 -686.0
-191.0 -662.0 -615.0 -637.0 -524.0
-501.0 -269.0 -624.0 -406.0 -396.0
-368.0 -424.0 -651.0 -511.0 -560.0
-326.0 -577.0 -567.0 -587.0 -462.0
-54.0 -785.0 -483.0 -563.0 -668.0
-406.0 -305.0 -707.0 -483.0 -487.0
-429.0 -592.0 -556.0 -205.0 -266.0
-165.0 -570.0 -742.0 -655.0 -597.0
-342.0 -602.0 -577.0 -445.0 -501.0
-349.0 -527.0 -726.0 -308.0 -483.0
-400.0 -550.0 -686.0 -300.0 -185.0
-194.0 -554.0 -758.0 -553.0 -518.0
-166.0 -636.0 -862.0 -371.0 -502.0
-184.0 -457.0 -881.0 -488.0 -467.0
-322.0 -602.0 -394.0 -597.0 -636.0
-78.0 -558.0 -677.0 -740.0 -577.0
-347.0 -586.0 -659.0 -433.0 -459.0
-270.0 -448.0 -863.0 -291.0 -548.0
-186.0 -601.0 -791.0 -488.0 -511.0
-138.0 -544.0 -681.0 -627.0 -627.0
-539.0 -389.0 -385.0 -457.0 -419.0
-407.0 -594.0 -568.0 -320.0 -478.0
-364.0 -648.0 -630.0 -351.0 -399.0
255.0 -789.0 -711.0 -661.0 -479.0
-340.0 -517.0 -769.0 -324.0 -357.0
-323.0 -447.0 -662.0 -541.0 -556.0
-144.0 -728.0 -555.0 -676.0 -440.0
-187.0 -458.0 -782.0 -529.0 -608.0
-514.0 -398.0 -540.0 -379.0 -447.0
-249.0 -579.0 -885.0 -344.0 -426.0
5.0 -779.0 -817.0 -471.0 -438.0
-332.0 -550.0 -445.0 -523.0 -605.0
-173.0 -735.0 -711.0 -381.0 -505.0
-292.0 -390.0 -622.0 -598.0 -578.0
-53.0 -725.0 -676.0 -595.0 -656.0
-395.0 -648.0 -355.0 -459.0 -535.0
-207.0 -563.0 -782.0 -494.0 -570.0
-386.0 -735.0 -415.0 -337.0 -339.0
-192.0 -614.0 -712.0 -585.0 -580.0
-485.0 -413.0 -477.0 -464.0 -444.0
-106.0 -629.0 -796.0 -486.0 -652.0
-232.0 -527.0 -726.0 -601.0 -559.0
-364.0 -533.0 -562.0 -449.0 -547.0
-297.0 -493.0 -634.0 -560.0 -547.0
-548.0 -280.0 -489.0 -317.0 -442.0
-549.0 -303.0 -569.0 -267.0 -356.0
-162.0 -650.0 -881.0 -370.0 -438.0
-216.0 -469.0 -856.0 -455.0 -548.0
-80.0 -557.0 -837.0 -536.0 -586.0
-216.0 -654.0 -730.0 -473.0 -627.0
55.0 -772.0 -426.0 -648.0 -628.0
-254.0 -634.0 -741.0 -501.0 -524.0
50.0 -414.0 -1007.0 -396.0 -466.0
-382.0 -510.0 -722.0 -276.0 -278.0
-395.0 -581.0 -447.0 -406.0 -527.0
-567.0 -304.0 -377.0 -490.0 -325.0
-453.0 -417.0 -508.0 -466.0 -530.0
-340.0 -636.0 -601.0 -442.0 -450.0
-449.0 -604.0 -455.0 -270.0 -488.0
-282.0 -674.0 -515.0 -588.0 -531.0
-178.0 -665.0 -700.0 -629.0 -546.0
-156.0 -760.0 -672.0 -481.0 -515.0
-548.0 -252.0 -570.0 -260.0 -324.0
-155.0 -700.0 -823.0 -379.0 -429.0
-292.0 -563.0 -817.0 -316.0 -368.0
-463.0 -441.0 -471.0 -569.0 -487.0
-391.0 -579.0 -634.0 -257.0 -362.0
-225.0 -663.0 -634.0 -439.0 -593.0
-413.0 -655.0 -351.0 -351.0 -462.0
-380.0 -684.0 -537.0 -258.0 -278.0
-301.0 -547.0 -813.0 -452.0 -545.0
-217.0 -609.0 -428.0 -622.0 -661.0
-392.0 -673.0 -512.0 -251.0 -394.0
-90.0 -673.0 -882.0 -544.0 -539.0
-229.0 -777.0 -614.0 -297.0 -531.0
-214.0 -711.0 -693.0 -613.0 -415.0
-377.0 -573.0 -676.0 -397.0 -423.0
-302.0 -399.0 -799.0 -535.0 -523.0
-300.0 -747.0 -577.0 -320.0 -310.0
-337.0 -567.0 -556.0 -561.0 -504.0
-543.0 -235.0 -605.0 -345.0 -336.0
-359.0 -482.0 -603.0 -561.0 -508.0
-328.0 -401.0 -770.0 -538.0 -471.0
-385.0 -299.0 -789.0 -294.0 -356.0
-286.0 -701.0 -487.0 -664.0 -548.0
-550.0 -347.0 -417.0 -367.0 -411.0
-482.0 -349.0 -518.0 -473.0 -514.0
-478.0 -387.0 -609.0 -370.0 -425.0
-556.0 -207.0 -517.0 -321.0 -365.0
32.0 -487.0 -962.0 -311.0 -322.0
-488.0 -272.0 -709.0 -398.0 -418.0
-424.0 -574.0 -571.0 -320.0 -489.0
-486.0 -541.0 -530.0 -225.0 -461.0
-472.0 -601.0 -472.0 -376.0 -468.0
52.0 -532.0 -946.0 -386.0 -420.0
-407.0 -587.0 -460.0 -507.0 -396.0
-336.0 -738.0 -638.0 -301.0 -387.0
-348.0 -538.0 -642.0 -487.0 -528.0
-469.0 -649.0 -471.0 -235.0 -446.0
-394.0 -585.0 -558.0 -462.0 -407.0
-415.0 -366.0 -685.0 -451.0 -439.0
-345.0 -597.0 -600.0 -454.0 -514.0
-317.0 -612.0 -532.0 -560.0 -666.0
40.0 -776.0 -602.0 -627.0 -626.0
-110.0 -696.0 -707.0 -620.0 -506.0
-338.0 -566.0 -562.0 -546.0 -447.0
-419.0 -435.0 -650.0 -342.0 -510.0
-364.0 -665.0 -603.0 -338.0 -246.0
-587.0 -285.0 -497.0 -210.0 -367.0
-538.0 -293.0 -595.0 -350.0 -425.0
-273.0 -423.0 -665.0 -564.0 -624.0
-335.0 -306.0 -683.0 -504.0 -552.0
114.0 -630.0 -894.0 -421.0 -605.0
-374.0 -628.0 -349.0 -468.0 -529.0
-260.0 -733.0 -403.0 -509.0 -597.0
-323.0 -397.0 -635.0 -529.0 -600.0
173.0 -675.0 -921.0 -316.0 -455.0
-432.0 -399.0 -720.0 -295.0 -381.0
-395.0 -388.0 -518.0 -531.0 -565.0
-451.0 -437.0 -470.0 -511.0 -568.0
-292.0 -713.0 -446.0 -584.0 -514.0
-312.0 -579.0 -782.0 -257.0 -496.0
-391.0 -575.0 -596.0 -239.0 -441.0
-58.0 -743.0 -755.0 -486.0 -549.0
-497.0 -320.0 -515.0 -434.0 -499.0
-440.0 -437.0 -614.0 -417.0 -456.0
-350.0 -669.0 -618.0 -406.0 -417.0
-517.0 -213.0 -664.0 -328.0 -457.0
-549.0 -340.0 -473.0 -298.0 -401.0
-294.0 -302.0 -789.0 -487.0 -572.0
-453.0 -368.0 -616.0 -464.0 -476.0
-488.0 -359.0 -605.0 -387.0 -474.0
-412.0 -441.0 -625.0 -343.0 -596.0
-186.0 -616.0 -760.0 -446.0 -621.0
-149.0 -636.0 -820.0 -439.0 -563.0
-161.0 -647.0 -440.0 -658.0 -690.0
-264.0 -552.0 -414.0 -657.0 -658.0
-313.0 -735.0 -497.0 -437.0 -509.0
-213.0 -524.0 -694.0 -663.0 -586.0
-141.0 -702.0 -765.0 -424.0 -547.0
-33.0 -812.0 -611.0 -493.0 -547.0
-206.0 -765.0 -629.0 -466.0 -635.0
-170.0 -623.0 -631.0 -655.0 -651.0
-146.0 -443.0 -954.0 -339.0 -334.0
-146.0 -617.0 -865.0 -365.0 -460.0
-378.0 -584.0 -542.0 -499.0 -392.0
-469.0 -205.0 -637.0 -433.0 -471.0
-178.0 -616.0 -860.0 -228.0 -386.0
-352.0 -377.0 -876.0 -272.0 -306.0
-510.0 -559.0 -326.0 -304.0 -453.0
-315.0 -610.0 -583.0 -490.0 -550.0
140.0 -721.0 -900.0 -514.0 -494.0
-124.0 -574.0 -892.0 -405.0 -309.0
201.0 -799.0 -780.0 -543.0 -496.0
-198.0 -769.0 -705.0 -357.0 -498.0
-72.0 -573.0 -887.0 -498.0 -369.0
-366.0 -639.0 -511.0 -576.0 -446.0
-404.0 -684.0 -469.0 -286.0 -462.0
-358.0 -394.0 -726.0 -305.0 -531.0
-379.0 -641.0 -593.0 -360.0 -454.0
-502.0 -492.0 -549.0 -312.0 -540.0
-65.0 -501.0 -922.0 -386.0 -456.0
-308.0 -743.0 -400.0 -346.0 -448.0
-384.0 -430.0 -486.0 -621.0 -573.0
-477.0 -507.0 -475.0 -459.0 -470.0
-388.0 -569.0 -644.0 -339.0 -450.0
-186.0 -800.0 -620.0 -232.0 -328.0
-424.0 -596.0 -562.0 -198.0 -349.0
-409.0 -512.0 -715.0 -223.0 -278.0
-126.0 -828.0 -275.0 -334.0 -443.0
-232.0 -750.0 -403.0 -532.0 -573.0
-178.0 -742.0 -733.0 -363.0 -347.0
-227.0 -677.0 -665.0 -622.0 -395.0
-388.0 -675.0 -518.0 -181.0 -235.0
-418.0 -532.0 -635.0 -148.0 -285.0
-361.0 -610.0 -476.0 -534.0 -555.0
-442.0 -326.0 -614.0 -484.0 -531.0
-371.0 -612.0 -442.0 -476.0 -505.0
-483.0 -468.0 -430.0 -424.0 -491.0
-191.0 -661.0 -686.0 -612.0 -450.0
-533.0 -253.0 -654.0 -187.0 -321.0
-434.0 -369.0 -516.0 -554.0 -545.0
-428.0 -719.0 -386.0 -321.0 -469.0
-84.0 -498.0 -942.0 -338.0 -339.0
-347.0 -677.0 -653.0 -321.0 -251.0
-445.0 -343.0 -713.0 -214.0 -292.0
-452.0 -470.0 -512.0 -449.0 -472.0
-521.0 -469.0 -368.0 -509.0 -436.0
-581.0 -488.0 -367.0 -284.0 -389.0
-453.0 -610.0 -441.0 -313.0 -454.0
-489.0 -302.0 -545.0 -463.0 -461.0
-520.0 -559.0 -217.0 -300.0 -435.0
20.0 -513.0 -923.0 -381.0 -435.0
268.0 -792.0 -796.0 -653.0 -501.0
-293.0 -431.0 -620.0 -536.0 -657.0
-101.0 -550.0 -676.0 -653.0 -701.0
-188.0 -596.0 -798.0 -401.0 -583.0
-104.0 -748.0 -689.0 -536.0 -548.0
-378.0 -631.0 -510.0 -348.0 -553.0
-537.0 -398.0 -504.0 -232.0 -372.0
211.0 -498.0 -934.0 -518.0 -391.0
-485.0 -598.0 -387.0 -384.0 -446.0
-526.0 -526.0 -423.0 -398.0 -471.0
-349.0 -549.0 -617.0 -560.0 -472.0
-171.0 -776.0 -658.0 -432.0 -423.0
-110.0 -671.0 -704.0 -588.0 -557.0
-460.0 -461.0 -389.0 -536.0 -472.0
-146.0 -671.0 -668.0 -568.0 -615.0
-103.0 -530.0 -714.0 -608.0 -663.0
-484.0 -183.0 -734.0 -408.0 -420.0
-154.0 -654.0 -830.0 -450.0 -292.0
-382.0 -497.0 -548.0 -501.0 -565.0
-179.0 -651.0 -733.0 -497.0 -502.0
-363.0 -696.0 -587.0 -241.0 -283.0
-256.0 -678.0 -734.0 -354.0 -429.0
4.0 -792.0 -581.0 -637.0 -571.0
-521.0 -441.0 -568.0 -239.0 -379.0
-342.0 -650.0 -528.0 -481.0 -405.0
-482.0 -646.0 -386.0 -243.0 -424.0
-318.0 -647.0 -502.0 -488.0 -609.0
-338.0 -509.0 -372.0 -669.0 -610.0
-181.0 -794.0 -632.0 -501.0 -445.0
-49.0 -674.0 -553.0 -744.0 -630.0
-145.0 -594.0 -918.0 -167.0 -349.0
-233.0 -770.0 -763.0 -238.0 -294.0
-409.0 -670.0 -492.0 -334.0 -306.0
-433.0 -618.0 -384.0 -369.0 -495.0
-118.0 -635.0 -895.0 -304.0 -385.0
-434.0 -268.0 -580.0 -482.0 -548.0
-94.0 -566.0 -876.0 -427.0 -394.0
-332.0 -425.0 -785.0 -360.0 -473.0
-347.0 -539.0 -582.0 -562.0 -541.0
74.0 -512.0 -855.0 -635.0 -556.0
-250.0 -606.0 -556.0 -619.0 -555.0
-341.0 -616.0 -638.0 -413.0 -493.0
-464.0 -398.0 -602.0 -412.0 -449.0
-238.0 -635.0 -577.0 -617.0 -516.0
309.0 -668.0 -872.0 -570.0 -539.0
-200.0 -658.0 -614.0 -556.0 -580.0
-311.0 -355.0 -822.0 -407.0 -470.0
-498.0 -245.0 -662.0 -258.0 -331.0
-432.0 -466.0 -610.0 -348.0 -442.0
-441.0 -442.0 -677.0 -318.0 -384.0
-300.0 -548.0 -815.0 -281.0 -436.0
-226.0 -424.0 -636.0 -646.0 -662.0
-367.0 -735.0 -345.0 -291.0 -419.0
-247.0 -449.0 -825.0 -340.0 -519.0
-372.0 -651.0 -457.0 -334.0 -482.0
-116.0 -827.0 -706.0 -474.0 -516.0
-270.0 -548.0 -774.0 -398.0 -555.0
-341.0 -495.0 -664.0 -560.0 -522.0
-575.0 -274.0 -521.0 -234.0 -397.0
-291.0 -741.0 -486.0 -363.0 -338.0
-519.0 -326.0 -638.0 -316.0 -471.0
-387.0 -562.0 -486.0 -551.0 -524.0
-238.0 -571.0 -672.0 -614.0 -575.0
-339.0 -674.0 -409.0 -529.0 -610.0
267.0 -652.0 -843.0 -554.0 -669.0
-312.0 -634.0 -609.0 -470.0 -459.0
-185.0 -597.0 -490.0 -668.0 -649.0
-192.0 -426.0 -690.0 -632.0 -624.0
-443.0 -479.0 -651.0 -282.0 -417.0
-41.0 -554.0 -930.0 -324.0 -346.0
-463.0 -582.0 -518.0 -250.0 -352.0
-377.0 -605.0 -203.0 -495.0 -562.0
120.0 -534.0 -915.0 -520.0 -473.0
-4.0 -763.0 -888.0 -426.0 -409.0
-482.0 -442.0 -459.0 -523.0 -459.0
-331.0 -521.0 -589.0 -476.0 -574.0
-68.0 -614.0 -778.0 -566.0 -671.0
-19.0 -464.0 -990.0 -342.0 -457.0
-373.0 -346.0 -765.0 -326.0 -435.0
65.0 -536.0 -922.0 -421.0 -512.0
-249.0 -394.0 -622.0 -627.0 -656.0
-372.0 -708.0 -370.0 -373.0 -501.0
-502.0 -650.0 -297.0 -241.0 -357.0
-339.0 -343.0 -556.0 -576.0 -570.0
-401.0 -544.0 -685.0 -131.0 -290.0
-357.0 -567.0 -587.0 -430.0 -494.0
-192.0 -695.0 -752.0 -341.0 -562.0
-437.0 -580.0 -447.0 -515.0 -421.0
67.0 -781.0 -687.0 -646.0 -536.0
-584.0 -322.0 -257.0 -401.0 -361.0
-134.0 -636.0 -717.0 -508.0 -645.0
-271.0 -545.0 -628.0 -561.0 -576.0
59.0 -427.0 -975.0 -441.0 -424.0
-427.0 -484.0 -610.0 -409.0 -438.0
-386.0 -436.0 -685.0 -455.0 -487.0
-300.0 -772.0 -580.0 -352.0 -259.0
-136.0 -820.0 -477.0 -463.0 -539.0
-367.0 -362.0 -684.0 -357.0 -640.0
-118.0 -724.0 -536.0 -690.0 -621.0
-213.0 -599.0 -711.0 -578.0 -535.0
-342.0 -490.0 -595.0 -607.0 -465.0
-384.0 -327.0 -819.0 -340.0 -453.0
-434.0 -608.0 -462.0 -451.0 -390.0
-390.0 -606.0 -618.0 -303.0 -483.0
-443.0 -589.0 -542.0 -196.0 -390.0
-92.0 -572.0 -554.0 -659.0 -749.0
-326.0 -583.0 -737.0 -361.0 -417.0
48.0 -765.0 -828.0 -500.0 -458.0
-261.0 -631.0 -759.0 -431.0 -446.0
-126.0 -718.0 -785.0 -205.0 -315.0
-57.0 -732.0 -803.0 -486.0 -433.0
-307.0 -512.0 -592.0 -542.0 -557.0
-207.0 -637.0 -816.0 -467.0 -302.0
-261.0 -610.0 -641.0 -560.0 -533.0
-297.0 -583.0 -789.0 -438.0 -398.0
-174.0 -803.0 -533.0 -568.0 -576.0
-14.0 -735.0 -846.0 -472.0 -510.0
-436.0 -443.0 -593.0 -457.0 -480.0
-259.0 -608.0 -780.0 -394.0 -286.0
-581.0 -172.0 -587.0 -232.0 -372.0
-537.0 -540.0 -225.0 -340.0 -440.0
-182.0 -694.0 -728.0 -385.0 -610.0
-169.0 -373.0 -944.0 -411.0 -379.0
-275.0 -582.0 -779.0 -426.0 -465.0
-94.0 -683.0 -830.0 -541.0 -430.0
-510.0 -356.0 -470.0 -442.0 -478.0
-204.0 -676.0 -789.0 -267.0 -442.0
-587.0 -405.0 -412.0 -234.0 -365.0
-105.0 -758.0 -564.0 -681.0 -641.0
-425.0 -458.0 -778.0 -246.0 -288.0
-348.0 -721.0 -486.0 -357.0 -350.0
-322.0 -435.0 -732.0 -530.0 -493.0
-427.0 -346.0 -738.0 -237.0 -500.0
-320.0 -714.0 -537.0 -571.0 -490.0
-560.0 -471.0 -395.0 -342.0 -458.0
-139.0 -747.0 -719.0 -432.0 -571.0
-107.0 -730.0 -724.0 -420.0 -506.0
-72.0 -548.0 -884.0 -466.0 -420.0
14.0 -822.0 -531.0 -622.0 -578.0
-465.0 -430.0 -556.0 -362.0 -509.0
-436.0 -370.0 -675.0 -418.0 -438.0
-395.0 -548.0 -607.0 -402.0 -448.0
-357.0 -454.0 -578.0 -494.0 -640.0
-87.0 -719.0 -820.0 -450.0 -397.0
-94.0 -747.0 -799.0 -456.0 -357.0
-442.0 -429.0 -545.0 -492.0 -502.0
-398.0 -645.0 -473.0 -368.0 -449.0
-564.0 -523.0 -327.0 -378.0 -390.0
-393.0 -460.0 -552.0 -549.0 -499.0
-272.0 -679.0 -551.0 -510.0 -622.0
-214.0 -711.0 -791.0 -273.0 -379.0
-289.0 -667.0 -501.0 -527.0 -617.0
-534.0 -438.0 -483.0 -247.0 -357.0
-223.0 -643.0 -450.0 -652.0 -612.0
-237.0 -730.0 -581.0 -367.0 -428.0
147.0 -720.0 -899.0 -615.0 -411.0
-230.0 -593.0 -704.0 -623.0 -460.0
-469.0 -580.0 -479.0 -293.0 -305.0
-446.0 -351.0 -577.0 -553.0 -513.0
-80.0 -582.0 -840.0 -568.0 -535.0
-244.0 -568.0 -804.0 -415.0 -409.0
-546.0 -295.0 -485.0 -331.0 -479.0
-146.0 -720.0 -751.0 -433.0 -505.0
-164.0 -489.0 -790.0 -618.0 -567.0
-202.0 -529.0 -581.0 -675.0 -684.0
88.0 -796.0 -789.0 -448.0 -483.0
-104.0 -649.0 -758.0 -531.0 -690.0
-445.0 -288.0 -777.0 -426.0 -476.0
-254.0 -636.0 -593.0 -580.0 -531.0
-135.0 -549.0 -788.0 -566.0 -566.0
-327.0 -628.0 -660.0 -409.0 -522.0
-68.0 -841.0 -503.0 -404.0 -463.0
-152.0 -650.0 -863.0 -385.0 -603.0
-411.0 -500.0 -644.0 -359.0 -410.0
-474.0 -290.0 -575.0 -453.0 -515.0
-27.0 -658.0 -890.0 -533.0 -413.0
-422.0 -534.0 -633.0 -263.0 -205.0
-258.0 -558.0 -625.0 -641.0 -542.0
-168.0 -607.0 -799.0 -378.0 -596.0
-419.0 -354.0 -721.0 -522.0 -381.0
-486.0 -559.0 -486.0 -343.0 -483.0
137.0 -689.0 -526.0 -595.0 -734.0
-449.0 -296.0 -717.0 -243.0 -401.0
-243.0 -701.0 -766.0 -352.0 -292.0
-450.0 -205.0 -628.0 -505.0 -524.0
-377.0 -585.0 -554.0 -337.0 -583.0
-364.0 -572.0 -476.0 -493.0 -565.0
-599.0 -423.0 -254.0 -280.0 -346.0
-453.0 -443.0 -669.0 -345.0 -482.0
-206.0 -652.0 -504.0 -664.0 -593.0
-241.0 -778.0 -640.0 -361.0 -389.0
-247.0 -614.0 -780.0 -308.0 -512.0
-221.0 -628.0 -791.0 -372.0 -483.0
-151.0 -539.0 -845.0 -421.0 -573.0
37.0 -891.0 -592.0 -520.0 -454.0
-178.0 -515.0 -748.0 -658.0 -471.0
-83.0 -651.0 -757.0 -549.0 -574.0
-354.0 -359.0 -715.0 -386.0 -558.0
-236.0 -456.0 -832.0 -449.0 -385.0
-422.0 -531.0 -616.0 -500.0 -480.0
-265.0 -452.0 -883.0 -316.0 -316.0
-440.0 -577.0 -381.0 -512.0 -447.0
-450.0 -589.0 -319.0 -359.0 -540.0
-200.0 -504.0 -840.0 -603.0 -438.0
-299.0 -637.0 -694.0 -462.0 -481.0
-377.0 -628.0 -520.0 -423.0 -496.0
-215.0 -782.0 -658.0 -406.0 -442.0
-348.0 -506.0 -824.0 -318.0 -393.0
-215.0 -741.0 -732.0 -338.0 -500.0
-336.0 -552.0 -702.0 -552.0 -494.0
-27.0 -803.0 -614.0 -582.0 -430.0
-273.0 -579.0 -819.0 -403.0 -282.0
-332.0 -651.0 -433.0 -499.0 -559.0
155.0 -688.0 -843.0 -620.0 -518.0
-541.0 -465.0 -463.0 -295.0 -406.0
-536.0 -567.0 -263.0 -211.0 -432.0
-229.0 -458.0 -951.0 -202.0 -358.0
-295.0 -746.0 -414.0 -404.0 -351.0
-163.0 -660.0 -818.0 -312.0 -548.0
-157.0 -729.0 -528.0 -608.0 -625.0
-535.0 -528.0 -402.0 -364.0 -424.0
-436.0 -585.0 -341.0 -423.0 -507.0
-440.0 -459.0 -552.0 -448.0 -423.0
49.0 -449.0 -947.0 -370.0 -525.0
-405.0 -414.0 -664.0 -456.0 -487.0
-384.0 -734.0 -468.0 -271.0 -388.0
-266.0 -737.0 -511.0 -455.0 -572.0
-246.0 -581.0 -727.0 -451.0 -677.0
-27.0 -633.0 -887.0 -501.0 -464.0
-121.0 -751.0 -722.0 -412.0 -540.0
-242.0 -557.0 -609.0 -678.0 -527.0
-336.0 -745.0 -426.0 -329.0 -319.0
7.0 -530.0 -934.0 -438.0 -362.0
-283.0 -601.0 -791.0 -332.0 -383.0
104.0 -840.0 -382.0 -510.0 -501.0
-497.0 -184.0 -687.0 -423.0 -330.0
-360.0 -674.0 -568.0 -329.0 -229.0
-249.0 -689.0 -541.0 -452.0 -663.0
-201.0 -581.0 -852.0 -282.0 -511.0
-488.0 -374.0 -602.0 -313.0 -279.0
-392.0 -648.0 -467.0 -424.0 -514.0
-320.0 -400.0 -809.0 -372.0 -521.0
-455.0 -343.0 -488.0 -549.0 -487.0
-10.0 -783.0 -510.0 -629.0 -619.0
-248.0 -534.0 -662.0 -538.0 -585.0
-254.0 -680.0 -745.0 -316.0 -300.0
-175.0 -608.0 -815.0 -396.0 -453.0
-343.0 -490.0 -747.0 -486.0 -408.0
-203.0 -745.0 -666.0 -457.0 -574.0
-433.0 -478.0 -532.0 -502.0 -444.0
143.0 -815.0 -629.0 -548.0 -457.0
22.0 -851.0 -610.0 -545.0 -390.0
-255.0 -522.0 -742.0 -535.0 -596.0
-332.0 -738.0 -339.0 -352.0 -394.0
-75.0 -764.0 -673.0 -638.0 -627.0
-68.0 -645.0 -759.0 -726.0 -674.0
-277.0 -757.0 -691.0 -241.0 -424.0
-245.0 -415.0 -887.0 -195.0 -351.0
-541.0 -537.0 -332.0 -257.0 -360.0
-134.0 -639.0 -890.0 -389.0 -391.0
-455.0 -443.0 -643.0 -271.0 -261.0
-377.0 -611.0 -306.0 -468.0 -547.0
-29.0 -720.0 -763.0 -507.0 -705.0
-295.0 -645.0 -654.0 -373.0 -541.0
-568.0 -365.0 -321.0 -408.0 -368.0
-352.0 -650.0 -415.0 -426.0 -599.0
209.0 -770.0 -792.0 -612.0 -509.0
-193.0 -672.0 -625.0 -547.0 -577.0
-596.0 -425.0 -393.0 -317.0 -436.0
-187.0 -582.0 -676.0 -652.0 -551.0
-172.0 -649.0 -783.0 -468.0 -571.0
-353.0 -512.0 -630.0 -476.0 -507.0
-45.0 -579.0 -945.0 -371.0 -297.0
-329.0 -572.0 -624.0 -554.0 -480.0
-97.0 -708.0 -809.0 -287.0 -369.0
-513.0 -582.0 -323.0 -302.0 -391.0
-452.0 -625.0 -373.0 -282.0 -418.0
-119.0 -817.0 -598.0 -536.0 -629.0
-507.0 -581.0 -372.0 -292.0 -458.0
-476.0 -677.0 -476.0 -224.0 -301.0
-324.0 -524.0 -611.0 -593.0 -458.0
-239.0 -616.0 -567.0 -645.0 -513.0
-352.0 -517.0 -734.0 -346.0 -431.0
-376.0 -318.0 -690.0 -519.0 -523.0
-498.0 -574.0 -369.0 -352.0 -400.0
-501.0 -463.0 -400.0 -472.0 -472.0
-454.0 -196.0 -717.0 -444.0 -456.0
-279.0 -637.0 -644.0 -372.0 -609.0
-10.0 -477.0 -958.0 -387.0 -415.0
-459.0 -326.0 -690.0 -372.0 -533.0
-336.0 -536.0 -426.0 -560.0 -576.0
-450.0 -493.0 -630.0 -146.0 -220.0
-339.0 -626.0 -515.0 -492.0 -513.0
-7.0 -665.0 -851.0 -489.0 -635.0
-10.0 -496.0 -936.0 -327.0 -401.0
-453.0 -561.0 -400.0 -449.0 -493.0
-548.0 -359.0 -553.0 -331.0 -412.0
-137.0 -694.0 -729.0 -482.0 -504.0
