-751.0 -688.0 -613.0 -520.0 -556.0
-450.0 -722.0 -402.0 -734.0 -626.0
-523.0 -422.0 -510.0 -400.0 -803.0
-439.0 -991.0 -405.0 -634.0 -454.0
-335.0 -980.0 -512.0 -671.0 -332.0
-579.0 -728.0 -572.0 -464.0 -658.0
-505.0 -336.0 -538.0 -273.0 -814.0
-569.0 -641.0 -499.0 -495.0 -711.0
-634.0 -753.0 -671.0 -464.0 -607.0
-267.0 -796.0 -355.0 -740.0 -529.0
-388.0 -1064.0 -404.0 -614.0 -276.0
-608.0 -483.0 -495.0 -367.0 -774.0
-658.0 -575.0 -513.0 -241.0 -761.0
-470.0 -1001.0 -326.0 -604.0 -485.0
-611.0 -950.0 -354.0 -624.0 -515.0
-542.0 -375.0 -597.0 -392.0 -775.0
-393.0 -863.0 -273.0 -644.0 -565.0
-564.0 -582.0 -676.0 -546.0 -674.0
-442.0 -1112.0 -177.0 -516.0 -465.0
-484.0 -984.0 -493.0 -583.0 -476.0
-846.0 -431.0 -578.0 -381.0 -635.0
-785.0 -455.0 -597.0 -559.0 -624.0
-467.0 -967.0 -457.0 -649.0 -458.0
-742.0 -688.0 -413.0 -554.0 -627.0
-507.0 -454.0 -400.0 -413.0 -794.0
-656.0 -409.0 -631.0 -344.0 -759.0
-446.0 -404.0 -673.0 -524.0 -763.0
-445.0 -1086.0 -427.0 -597.0 -224.0
-605.0 -489.0 -564.0 -490.0 -727.0
-584.0 -468.0 -524.0 -512.0 -739.0
-665.0 -672.0 -663.0 -622.0 -520.0
-672.0 -272.0 -519.0 -267.0 -794.0
-584.0 -911.0 -586.0 -634.0 -331.0
-680.0 -385.0 -667.0 -412.0 -717.0
-630.0 -800.0 -628.0 -413.0 -615.0
-482.0 -823.0 -327.0 -672.0 -577.0
-751.0 -394.0 -627.0 -429.0 -679.0
-653.0 -493.0 -697.0 -462.0 -705.0
-769.0 -860.0 -513.0 -587.0 -361.0
-501.0 -400.0 -451.0 -315.0 -813.0
-873.0 -638.0 -520.0 -546.0 -480.0
-448.0 -568.0 -315.0 -377.0 -794.0
-581.0 -563.0 -634.0 -511.0 -684.0
-625.0 -815.0 -466.0 -623.0 -558.0
-453.0 -400.0 -388.0 -297.0 -828.0
-765.0 -488.0 -650.0 -444.0 -621.0
-218.0 -737.0 -396.0 -730.0 -609.0
-497.0 -996.0 -178.0 -581.0 -526.0
-570.0 -645.0 -541.0 -483.0 -709.0
-715.0 -228.0 -532.0 -262.0 -781.0
-642.0 -626.0 -570.0 -478.0 -676.0
-721.0 -482.0 -537.0 -307.0 -739.0
-837.0 -490.0 -641.0 -293.0 -535.0
-908.0 -477.0 -553.0 -366.0 -483.0
-606.0 -201.0 -515.0 -333.0 -799.0
-745.0 -671.0 -622.0 -677.0 -418.0
-640.0 -492.0 -675.0 -420.0 -716.0
-642.0 -847.0 -712.0 -479.0 -453.0
-548.0 -977.0 -493.0 -565.0 -421.0
-605.0 -628.0 -475.0 -354.0 -752.0
-618.0 -699.0 -641.0 -496.0 -653.0
-464.0 -534.0 -458.0 -436.0 -781.0
-628.0 -967.0 -390.0 -558.0 -533.0
-474.0 -954.0 -369.0 -655.0 -477.0
-416.0 -887.0 -325.0 -751.0 -453.0
-519.0 -502.0 -534.0 -530.0 -751.0
-625.0 -607.0 -579.0 -250.0 -752.0
-567.0 -929.0 -430.0 -642.0 -346.0
-578.0 -849.0 -555.0 -444.0 -667.0
-640.0 -572.0 -593.0 -496.0 -683.0
-490.0 -696.0 -226.0 -686.0 -646.0
-535.0 -481.0 -472.0 -495.0 -753.0
-568.0 -151.0 -524.0 -300.0 -802.0
-685.0 -324.0 -627.0 -69.0 -746.0
-529.0 -627.0 -528.0 -538.0 -711.0
-419.0 -1031.0 -249.0 -592.0 -479.0
-535.0 -765.0 -467.0 -715.0 -568.0
-623.0 -568.0 -525.0 -679.0 -668.0
-701.0 -344.0 -635.0 -364.0 -719.0
-634.0 -870.0 -611.0 -528.0 -513.0
-678.0 -705.0 -588.0 -618.0 -517.0
-461.0 -688.0 -464.0 -475.0 -719.0
-468.0 -836.0 -406.0 -651.0 -573.0
-614.0 -569.0 -575.0 -521.0 -683.0
-295.0 -364.0 -377.0 -566.0 -795.0
-637.0 -872.0 -479.0 -566.0 -517.0
-626.0 -685.0 -476.0 -697.0 -583.0
-658.0 -561.0 -546.0 -463.0 -702.0
-473.0 -797.0 -490.0 -714.0 -542.0
-629.0 -752.0 -612.0 -659.0 -422.0
-812.0 -760.0 -489.0 -559.0 -531.0
-728.0 -640.0 -642.0 -473.0 -663.0
-423.0 69.0 -545.0 -191.0 -834.0
-470.0 -423.0 -518.0 -427.0 -798.0
-392.0 -867.0 -342.0 -685.0 -527.0
-429.0 -939.0 -467.0 -692.0 -336.0
-373.0 -480.0 -280.0 -421.0 -796.0
-533.0 -638.0 -656.0 -529.0 -682.0
-570.0 -566.0 -513.0 -409.0 -771.0
-615.0 -573.0 -617.0 -509.0 -681.0
-428.0 -804.0 -402.0 -765.0 -520.0
-730.0 -823.0 -567.0 -569.0 -322.0
-513.0 -743.0 -496.0 -441.0 -700.0
-391.0 -471.0 -308.0 -516.0 -768.0
-621.0 -545.0 -635.0 -457.0 -715.0
-696.0 -884.0 -585.0 -596.0 -338.0
-445.0 -859.0 -399.0 -691.0 -520.0
-837.0 -554.0 -616.0 -380.0 -611.0
-466.0 113.0 -558.0 -186.0 -821.0
-494.0 -972.0 -470.0 -629.0 -461.0
-554.0 -704.0 -447.0 -702.0 -616.0
-529.0 -947.0 -513.0 -617.0 -413.0
-749.0 -647.0 -637.0 -452.0 -578.0
-776.0 -555.0 -608.0 -195.0 -697.0
-574.0 -544.0 -513.0 -394.0 -790.0
-530.0 -412.0 -473.0 -431.0 -792.0
-732.0 -581.0 -641.0 -650.0 -474.0
-682.0 -789.0 -510.0 -662.0 -425.0
-298.0 -604.0 -506.0 -463.0 -761.0
-783.0 -403.0 -603.0 -303.0 -701.0
-543.0 -715.0 -607.0 -502.0 -644.0
-609.0 -549.0 -545.0 -405.0 -753.0
-444.0 -1000.0 -511.0 -648.0 -143.0
-706.0 -643.0 -597.0 -430.0 -678.0
-703.0 -764.0 -581.0 -621.0 -365.0
-894.0 -612.0 -539.0 -586.0 -449.0
-549.0 -534.0 -529.0 -534.0 -720.0
-707.0 -824.0 -620.0 -572.0 -246.0
-473.0 -1068.0 -462.0 -566.0 -324.0
-520.0 -947.0 -434.0 -647.0 -518.0
-638.0 -753.0 -580.0 -696.0 -378.0
-635.0 -475.0 -534.0 -467.0 -737.0
-765.0 -520.0 -651.0 -361.0 -644.0
-638.0 -798.0 -591.0 -639.0 -377.0
-427.0 -1074.0 -328.0 -620.0 -387.0
-573.0 -500.0 -561.0 -496.0 -731.0
-724.0 -456.0 -495.0 -304.0 -760.0
-471.0 -752.0 -544.0 -614.0 -647.0
-244.0 -394.0 -300.0 -554.0 -789.0
-532.0 42.0 -562.0 -120.0 -816.0
-618.0 -547.0 -575.0 -506.0 -702.0
-527.0 -759.0 -468.0 -409.0 -714.0
-655.0 -668.0 -605.0 -411.0 -667.0
-713.0 -739.0 -684.0 -406.0 -501.0
-683.0 -772.0 -547.0 -459.0 -633.0
-615.0 -1001.0 -601.0 -592.0 -328.0
-661.0 -304.0 -556.0 -251.0 -786.0
-605.0 -567.0 -561.0 -485.0 -720.0
-559.0 -816.0 -568.0 -644.0 -478.0
-625.0 -444.0 -661.0 -420.0 -731.0
-789.0 -578.0 -654.0 -472.0 -554.0
-634.0 -635.0 -616.0 -484.0 -659.0
-859.0 -462.0 -614.0 -372.0 -527.0
-374.0 -1039.0 -403.0 -642.0 -228.0
-403.0 -1066.0 -425.0 -562.0 -394.0
-718.0 -515.0 -648.0 -465.0 -703.0
-601.0 -650.0 -475.0 -369.0 -733.0
-262.0 -729.0 -367.0 -672.0 -628.0
-686.0 -618.0 -541.0 -420.0 -695.0
-392.0 -661.0 -378.0 -587.0 -706.0
-723.0 -555.0 -663.0 -452.0 -650.0
-885.0 -478.0 -606.0 -369.0 -407.0
-527.0 -698.0 -554.0 -540.0 -682.0
-730.0 -542.0 -575.0 -458.0 -669.0
-576.0 -301.0 -595.0 -399.0 -782.0
-570.0 -870.0 -603.0 -610.0 -428.0
-889.0 -461.0 -600.0 -268.0 -501.0
-882.0 -632.0 -612.0 -408.0 -345.0
-663.0 -627.0 -717.0 -522.0 -625.0
-755.0 -564.0 -639.0 -326.0 -672.0
-703.0 -785.0 -724.0 -478.0 -344.0
-697.0 -837.0 -491.0 -592.0 -442.0
-398.0 -465.0 -524.0 -375.0 -810.0
-510.0 -230.0 -591.0 -465.0 -787.0
-619.0 -836.0 -589.0 -663.0 -372.0
-681.0 -500.0 -482.0 -309.0 -773.0
-739.0 -723.0 -481.0 -609.0 -566.0
-599.0 -891.0 -699.0 -484.0 -466.0
-327.0 -526.0 -347.0 -483.0 -766.0
-666.0 -401.0 -611.0 -403.0 -737.0
-806.0 -543.0 -522.0 -274.0 -710.0
-827.0 -534.0 -625.0 -429.0 -469.0
-619.0 -257.0 -608.0 -394.0 -769.0
-439.0 -6.0 -548.0 -261.0 -828.0
-552.0 -666.0 -644.0 -494.0 -657.0
-522.0 -731.0 -427.0 -562.0 -685.0
-660.0 -833.0 -496.0 -658.0 -379.0
-821.0 -694.0 -600.0 -409.0 -454.0
-486.0 -559.0 -703.0 -501.0 -687.0
-889.0 -527.0 -560.0 -565.0 -436.0
-899.0 -476.0 -585.0 -329.0 -527.0
-612.0 -727.0 -623.0 -548.0 -619.0
-808.0 -625.0 -595.0 -595.0 -442.0
-514.0 -1017.0 -492.0 -608.0 -270.0
-646.0 -385.0 -473.0 -368.0 -778.0
-503.0 -317.0 -653.0 -391.0 -779.0
-447.0 -239.0 -619.0 -433.0 -804.0
-625.0 -546.0 -665.0 -381.0 -720.0
-518.0 -140.0 -464.0 -293.0 -827.0
-690.0 -406.0 -637.0 -432.0 -710.0
-482.0 -1069.0 -430.0 -603.0 -280.0
-452.0 -938.0 -414.0 -689.0 -412.0
-681.0 -262.0 -683.0 -276.0 -709.0
-591.0 -898.0 -498.0 -640.0 -350.0
-848.0 -464.0 -555.0 -281.0 -652.0
-639.0 -780.0 -576.0 -517.0 -614.0
-726.0 -792.0 -526.0 -534.0 -508.0
-654.0 -721.0 -563.0 -437.0 -658.0
-600.0 -665.0 -456.0 -479.0 -745.0
-724.0 -855.0 -569.0 -621.0 -296.0
-417.0 -19.0 -535.0 -399.0 -836.0
-530.0 -605.0 -462.0 -370.0 -776.0
-801.0 -725.0 -655.0 -420.0 -271.0
-569.0 -740.0 -746.0 -513.0 -569.0
-746.0 -632.0 -660.0 -459.0 -475.0
-194.0 -483.0 -511.0 -496.0 -769.0
-566.0 -382.0 -605.0 -340.0 -774.0
-666.0 -732.0 -646.0 -484.0 -579.0
-657.0 -567.0 -557.0 -398.0 -720.0
-469.0 -1089.0 -416.0 -582.0 -298.0
-740.0 -595.0 -564.0 -427.0 -704.0
-612.0 -788.0 -537.0 -417.0 -651.0
-875.0 -475.0 -642.0 -303.0 -338.0
-730.0 -626.0 -678.0 -464.0 -480.0
-643.0 -174.0 -475.0 -275.0 -801.0
-763.0 -476.0 -633.0 -380.0 -657.0
-665.0 -703.0 -527.0 -662.0 -583.0
-696.0 -752.0 -561.0 -480.0 -615.0
-600.0 -553.0 -514.0 -465.0 -726.0
-749.0 -599.0 -610.0 -425.0 -665.0
-550.0 -911.0 -479.0 -636.0 -494.0
-457.0 -173.0 -575.0 -377.0 -815.0
-519.0 -563.0 -448.0 -399.0 -783.0
-771.0 -560.0 -655.0 -413.0 -595.0
-813.0 -493.0 -642.0 -405.0 -566.0
-464.0 -858.0 -406.0 -666.0 -554.0
-639.0 -673.0 -660.0 -536.0 -622.0
-732.0 -450.0 -500.0 -323.0 -747.0
-719.0 -429.0 -701.0 -261.0 -653.0
-782.0 -675.0 -672.0 -384.0 -374.0
-873.0 -698.0 -501.0 -558.0 -422.0
-509.0 -332.0 -623.0 -382.0 -780.0
-797.0 -315.0 -559.0 -232.0 -731.0
-423.0 -984.0 -292.0 -643.0 -471.0
-775.0 -377.0 -676.0 -271.0 -675.0
-693.0 -497.0 -533.0 -243.0 -772.0
-281.0 -330.0 -541.0 -562.0 -795.0
-570.0 -654.0 -567.0 -535.0 -669.0
-462.0 -220.0 -634.0 -387.0 -794.0
-744.0 -514.0 -631.0 -404.0 -652.0
-735.0 -712.0 -493.0 -626.0 -565.0
-285.0 -573.0 -301.0 -493.0 -763.0
-638.0 -613.0 -616.0 -469.0 -678.0
-770.0 -700.0 -680.0 -370.0 -336.0
-552.0 -277.0 -539.0 -322.0 -804.0
-408.0 -555.0 -568.0 -633.0 -712.0
-537.0 -823.0 -548.0 -548.0 -642.0
-565.0 -645.0 -628.0 -589.0 -632.0
-754.0 -359.0 -546.0 -237.0 -744.0
-756.0 -659.0 -697.0 -346.0 -433.0
-525.0 -577.0 -421.0 -523.0 -747.0
-708.0 -756.0 -636.0 -631.0 -363.0
-524.0 -973.0 -417.0 -647.0 -359.0
-750.0 -721.0 -624.0 -540.0 -357.0
-672.0 -398.0 -496.0 -270.0 -791.0
-422.0 -381.0 -440.0 -470.0 -815.0
-711.0 -380.0 -656.0 -472.0 -679.0
-650.0 -803.0 -434.0 -641.0 -575.0
-744.0 -546.0 -632.0 -321.0 -675.0
-401.0 -913.0 -491.0 -633.0 -519.0
-555.0 -861.0 -326.0 -643.0 -551.0
-580.0 -867.0 -560.0 -575.0 -475.0
-548.0 -894.0 -331.0 -606.0 -572.0
-591.0 -628.0 -586.0 -575.0 -638.0
-471.0 -308.0 -473.0 -338.0 -837.0
-526.0 -46.0 -552.0 -328.0 -818.0
-747.0 -687.0 -583.0 -596.0 -551.0
-746.0 -579.0 -620.0 -610.0 -594.0
-505.0 -247.0 -455.0 -311.0 -821.0
-321.0 -88.0 -477.0 -313.0 -840.0
-571.0 -277.0 -530.0 -247.0 -801.0
-333.0 -549.0 -447.0 -628.0 -722.0
-725.0 -699.0 -441.0 -632.0 -624.0
-721.0 -601.0 -475.0 -291.0 -738.0
-555.0 -431.0 -690.0 -453.0 -745.0
-582.0 -824.0 -507.0 -643.0 -524.0
-640.0 -939.0 -615.0 -528.0 -356.0
-310.0 -274.0 -498.0 -504.0 -829.0
-695.0 -691.0 -683.0 -463.0 -498.0
-378.0 -844.0 -386.0 -738.0 -524.0
-681.0 -744.0 -539.0 -676.0 -412.0
-825.0 -597.0 -613.0 -488.0 -469.0
-639.0 -802.0 -633.0 -627.0 -375.0
-851.0 -643.0 -608.0 -307.0 -350.0
-608.0 -446.0 -601.0 -326.0 -770.0
-694.0 -839.0 -639.0 -496.0 -443.0
-483.0 -709.0 -314.0 -680.0 -627.0
-495.0 -90.0 -557.0 -335.0 -818.0
-632.0 -920.0 -433.0 -609.0 -525.0
-705.0 -779.0 -674.0 -472.0 -351.0
-696.0 -575.0 -466.0 -478.0 -725.0
-499.0 -456.0 -478.0 -438.0 -792.0
-613.0 -692.0 -663.0 -667.0 -479.0
-316.0 -1045.0 -259.0 -612.0 -429.0
-496.0 -409.0 -598.0 -335.0 -784.0
-827.0 -517.0 -541.0 -314.0 -679.0
-652.0 -489.0 -655.0 -474.0 -707.0
-376.0 -627.0 -479.0 -508.0 -748.0
-536.0 -1109.0 -487.0 -537.0 -200.0
-574.0 -1035.0 -555.0 -606.0 -207.0
-443.0 -558.0 -679.0 -563.0 -701.0
-766.0 -529.0 -551.0 -317.0 -710.0
-433.0 -1086.0 -340.0 -558.0 -430.0
-536.0 -1000.0 -344.0 -640.0 -325.0
-346.0 -322.0 -592.0 -411.0 -822.0
-423.0 -676.0 -445.0 -735.0 -611.0
-779.0 -555.0 -496.0 -573.0 -654.0
-718.0 -576.0 -562.0 -334.0 -735.0
-597.0 -819.0 -462.0 -518.0 -683.0
-445.0 -755.0 -478.0 -727.0 -587.0
-573.0 -619.0 -499.0 -480.0 -730.0
-567.0 -799.0 -547.0 -522.0 -647.0
-763.0 -551.0 -638.0 -503.0 -621.0
-512.0 -193.0 -438.0 -319.0 -825.0
-619.0 -739.0 -493.0 -689.0 -579.0
-309.0 -633.0 -531.0 -533.0 -717.0
-627.0 -167.0 -481.0 -222.0 -809.0
-490.0 -521.0 -361.0 -367.0 -797.0
-413.0 -470.0 -479.0 -557.0 -761.0
-531.0 -912.0 -598.0 -599.0 -374.0
-621.0 -220.0 -455.0 -248.0 -807.0
-649.0 -940.0 -583.0 -565.0 -312.0
-597.0 -536.0 -662.0 -425.0 -729.0
-630.0 -378.0 -479.0 -315.0 -786.0
-727.0 -653.0 -623.0 -618.0 -459.0
-209.0 -559.0 -303.0 -599.0 -731.0
-472.0 -367.0 -491.0 -304.0 -819.0
-765.0 -306.0 -583.0 -358.0 -709.0
-802.0 -575.0 -514.0 -539.0 -629.0
-531.0 -465.0 -658.0 -491.0 -734.0
-488.0 -558.0 -514.0 -513.0 -759.0
-644.0 -792.0 -484.0 -644.0 -550.0
-721.0 -517.0 -589.0 -249.0 -732.0
-581.0 -340.0 -626.0 -436.0 -766.0
-580.0 -630.0 -593.0 -548.0 -699.0
-384.0 -437.0 -519.0 -546.0 -767.0
-624.0 -622.0 -564.0 -490.0 -718.0
-472.0 -241.0 -514.0 -301.0 -822.0
-622.0 -761.0 -585.0 -289.0 -690.0
-546.0 -928.0 -578.0 -602.0 -491.0
-686.0 -539.0 -513.0 -346.0 -757.0
-884.0 -487.0 -545.0 -578.0 -489.0
-496.0 -819.0 -457.0 -606.0 -607.0
-539.0 -868.0 -494.0 -648.0 -537.0
-457.0 -542.0 -312.0 -450.0 -763.0
-615.0 -429.0 -478.0 -375.0 -778.0
-599.0 -632.0 -523.0 -728.0 -588.0
-701.0 -773.0 -511.0 -653.0 -581.0
-434.0 -726.0 -453.0 -657.0 -631.0
-626.0 -566.0 -537.0 -367.0 -739.0
-755.0 -620.0 -647.0 -441.0 -509.0
-617.0 -764.0 -621.0 -551.0 -549.0
-631.0 -721.0 -706.0 -509.0 -508.0
-728.0 -230.0 -664.0 -196.0 -686.0
-526.0 -653.0 -570.0 -541.0 -690.0
-674.0 -414.0 -688.0 -168.0 -705.0
-576.0 -783.0 -480.0 -694.0 -592.0
-623.0 -922.0 -579.0 -594.0 -338.0
-542.0 -893.0 -649.0 -485.0 -582.0
-396.0 -220.0 -438.0 -382.0 -839.0
-546.0 -1030.0 -468.0 -568.0 -324.0
-648.0 -269.0 -463.0 -272.0 -792.0
-656.0 -467.0 -655.0 -459.0 -726.0
-610.0 -916.0 -622.0 -571.0 -315.0
-746.0 -640.0 -534.0 -479.0 -626.0
-156.0 -487.0 -321.0 -626.0 -756.0
-387.0 -329.0 -384.0 -363.0 -833.0
-411.0 -1070.0 -385.0 -592.0 -365.0
-529.0 -452.0 -606.0 -515.0 -739.0
-730.0 -751.0 -535.0 -586.0 -500.0
-567.0 -863.0 -513.0 -602.0 -535.0
-576.0 -488.0 -486.0 -271.0 -811.0
-716.0 -347.0 -675.0 -160.0 -676.0
-573.0 -369.0 -517.0 -346.0 -793.0
-510.0 -712.0 -476.0 -760.0 -597.0
-330.0 21.0 -531.0 -332.0 -846.0
-492.0 -784.0 -528.0 -489.0 -698.0
-540.0 -913.0 -566.0 -636.0 -330.0
-561.0 -924.0 -502.0 -620.0 -379.0
-546.0 -728.0 -637.0 -556.0 -626.0
-837.0 -423.0 -651.0 -256.0 -523.0
-647.0 -614.0 -509.0 -342.0 -737.0
-457.0 -396.0 -517.0 -409.0 -807.0
-468.0 -823.0 -719.0 -491.0 -587.0
-580.0 -779.0 -561.0 -543.0 -629.0
-520.0 -567.0 -490.0 -387.0 -781.0
-661.0 -488.0 -557.0 -369.0 -750.0
-600.0 -1010.0 -519.0 -624.0 -264.0
-431.0 -925.0 -174.0 -647.0 -531.0
-610.0 -427.0 -468.0 -244.0 -795.0
-635.0 -648.0 -684.0 -524.0 -617.0
-482.0 -958.0 -329.0 -685.0 -448.0
-353.0 -193.0 -617.0 -458.0 -812.0
-556.0 -266.0 -636.0 -362.0 -786.0
-632.0 -793.0 -664.0 -511.0 -595.0
-547.0 -264.0 -465.0 -276.0 -821.0
-782.0 -601.0 -542.0 -551.0 -599.0
-390.0 -871.0 -477.0 -662.0 -526.0
-691.0 -823.0 -579.0 -559.0 -389.0
-617.0 -780.0 -387.0 -689.0 -599.0
-319.0 -482.0 -335.0 -510.0 -787.0
-636.0 -540.0 -490.0 -324.0 -767.0
-574.0 -432.0 -571.0 -380.0 -771.0
-390.0 -693.0 -331.0 -453.0 -730.0
-529.0 -1013.0 -432.0 -634.0 -306.0
-382.0 -1116.0 -263.0 -546.0 -424.0
-417.0 -696.0 -493.0 -533.0 -700.0
-616.0 -672.0 -424.0 -703.0 -642.0
