-106.0 -246.0 -155.0 -338.0 -390.0
-344.0 -228.0 -259.0 -417.0 -140.0
-291.0 -263.0 -263.0 -165.0 -38.0
-442.0 -14.0 -350.0 -267.0 -238.0
-331.0 18.0 -395.0 -300.0 -264.0
-331.0 -77.0 -429.0 -271.0 -191.0
-104.0 -194.0 -339.0 -328.0 -369.0
-199.0 -191.0 -341.0 -265.0 -252.0
-254.0 -428.0 -122.0 -338.0 -141.0
-429.0 -147.0 48.0 -281.0 -233.0
-415.0 191.0 -365.0 -371.0 -304.0
-275.0 -4.0 -209.0 -412.0 -351.0
-116.0 -170.0 -349.0 -305.0 -353.0
-349.0 -191.0 -315.0 -278.0 -127.0
-424.0 -72.0 -90.0 -294.0 -305.0
-397.0 -222.0 -259.0 -259.0 -9.0
-191.0 -288.0 -263.0 -268.0 -256.0
-376.0 -24.0 -317.0 -344.0 -325.0
-453.0 -102.0 -219.0 -396.0 -104.0
-368.0 -326.0 -16.0 -167.0 -225.0
-325.0 -194.0 -390.0 -249.0 -43.0
-284.0 -113.0 -424.0 -252.0 -167.0
-90.0 -192.0 -404.0 -273.0 -231.0
-179.0 9.0 -399.0 -479.0 -348.0
-335.0 -75.0 -286.0 -416.0 -249.0
-354.0 -202.0 -269.0 -300.0 -234.0
-110.0 -207.0 -402.0 -230.0 -114.0
-448.0 -72.0 -6.0 -290.0 -366.0
-349.0 -210.0 -287.0 -305.0 -83.0
-301.0 -318.0 -76.0 -251.0 -168.0
-363.0 -52.0 -395.0 -292.0 -200.0
-194.0 -260.0 -334.0 -284.0 -295.0
-104.0 -160.0 -338.0 -380.0 -352.0
-201.0 -243.0 0.0 -360.0 -414.0
-263.0 -371.0 -217.0 -330.0 -290.0
-289.0 -77.0 -442.0 -342.0 -211.0
-257.0 -309.0 -206.0 -325.0 -345.0
-391.0 -26.0 -428.0 -378.0 6.0
-483.0 -96.0 -310.0 -419.0 -111.0
-345.0 -299.0 -142.0 -454.0 -196.0
-350.0 -205.0 -281.0 -374.0 27.0
-285.0 -199.0 -371.0 -249.0 -100.0
-434.0 41.0 -437.0 -291.0 -280.0
-324.0 -260.0 -225.0 -333.0 -319.0
-179.0 -228.0 -83.0 -424.0 -353.0
-281.0 -211.0 -135.0 -414.0 -340.0
-412.0 35.0 -307.0 -360.0 -313.0
-313.0 -200.0 -260.0 -405.0 -312.0
-345.0 -27.0 -364.0 -408.0 -105.0
-434.0 -16.0 -312.0 -431.0 -219.0
-288.0 -336.0 -85.0 -230.0 -302.0
-241.0 -386.0 -178.0 -221.0 -199.0
-142.0 -217.0 -360.0 -331.0 -191.0
-339.0 69.0 -402.0 -413.0 -355.0
-289.0 -236.0 -161.0 -423.0 -315.0
-314.0 17.0 -384.0 -426.0 -314.0
-273.0 -324.0 -150.0 -338.0 -261.0
-510.0 10.0 -49.0 -369.0 -309.0
-308.0 -133.0 -371.0 -413.0 -324.0
-234.0 -319.0 -145.0 -360.0 -317.0
-297.0 -322.0 -70.0 -296.0 -236.0
-236.0 -326.0 -179.0 -377.0 -298.0
-357.0 -155.0 -276.0 -299.0 -301.0
-156.0 -202.0 -347.0 -275.0 -299.0
-365.0 2.0 -389.0 -379.0 -112.0
-261.0 -121.0 -410.0 -248.0 -138.0
-199.0 -10.0 -384.0 -338.0 -293.0
-90.0 -211.0 -378.0 -182.0 -297.0
-253.0 139.0 -413.0 -412.0 -361.0
-146.0 -197.0 -340.0 -349.0 -302.0
-188.0 -288.0 -299.0 -288.0 -264.0
-296.0 -178.0 -374.0 -334.0 37.0
-358.0 -116.0 -312.0 -476.0 -174.0
-343.0 -173.0 -357.0 -350.0 -47.0
-422.0 -183.0 -116.0 -343.0 -156.0
-183.0 -11.0 -313.0 -429.0 -328.0
-422.0 133.0 -247.0 -325.0 -361.0
-386.0 -25.0 -231.0 -378.0 -249.0
-354.0 -197.0 -273.0 -333.0 -137.0
-244.0 -247.0 -267.0 -251.0 -331.0
-367.0 -169.0 -195.0 -385.0 -262.0
-425.0 -104.0 -315.0 -332.0 -217.0
-389.0 -29.0 -384.0 -253.0 -221.0
-262.0 -156.0 -194.0 -436.0 -369.0
-301.0 -170.0 -356.0 -329.0 -114.0
-121.0 -345.0 -219.0 -294.0 -285.0
-367.0 -82.0 -240.0 -338.0 -282.0
-232.0 -267.0 -329.0 -350.0 -296.0
-383.0 -266.0 -169.0 -374.0 -86.0
-301.0 -166.0 -214.0 -404.0 -336.0
-222.0 -285.0 -99.0 -359.0 -341.0
-329.0 -253.0 -240.0 -276.0 -45.0
-347.0 -232.0 -207.0 -377.0 -49.0
-195.0 -3.0 -390.0 -399.0 -243.0
-384.0 31.0 -385.0 -409.0 -320.0
-414.0 -194.0 -36.0 -377.0 -234.0
-349.0 21.0 -279.0 -391.0 -333.0
-158.0 -310.0 -256.0 -359.0 -169.0
-361.0 -95.0 -265.0 -338.0 -276.0
-226.0 -59.0 -388.0 -367.0 -262.0
-297.0 -346.0 84.0 -270.0 -243.0
-277.0 -376.0 -172.0 -100.0 -194.0
-391.0 -1.0 -309.0 -433.0 -246.0
-374.0 -198.0 -293.0 -348.0 -51.0
-239.0 -172.0 -244.0 -430.0 -379.0
-345.0 -309.0 -35.0 -315.0 -142.0
-344.0 -339.0 -78.0 -252.0 75.0
-435.0 -97.0 -88.0 -329.0 -221.0
-334.0 -308.0 -102.0 -311.0 -297.0
-125.0 -249.0 -368.0 -359.0 -56.0
-258.0 -314.0 -340.0 -376.0 -134.0
-152.0 -218.0 -336.0 -348.0 -248.0
-391.0 -45.0 -400.0 -405.0 50.0
-293.0 -66.0 -394.0 -309.0 -194.0
-304.0 -223.0 33.0 -302.0 -405.0
-372.0 -172.0 -6.0 -335.0 -321.0
-280.0 94.0 -451.0 -365.0 -353.0
-241.0 -194.0 -342.0 -286.0 -185.0
-407.0 -1.0 -447.0 -394.0 -69.0
-376.0 -284.0 -62.0 -313.0 19.0
-87.0 6.0 -400.0 -381.0 -316.0
-271.0 -296.0 -254.0 -230.0 -189.0
-405.0 -249.0 -148.0 -368.0 -157.0
-54.0 -128.0 -389.0 -389.0 -224.0
-130.0 -207.0 -349.0 -406.0 -190.0
-283.0 -155.0 -325.0 -359.0 -251.0
-199.0 -33.0 -300.0 -364.0 -473.0
-370.0 -259.0 -42.0 -350.0 -170.0
-360.0 -79.0 -250.0 -360.0 -290.0
-263.0 -252.0 -227.0 -334.0 -161.0
-382.0 -46.0 -213.0 -347.0 -413.0
-281.0 -245.0 -136.0 -362.0 -357.0
-374.0 -216.0 -184.0 -345.0 -26.0
-356.0 -259.0 16.0 -347.0 -205.0
-327.0 135.0 -406.0 -336.0 -240.0
-385.0 -176.0 -415.0 -365.0 -4.0
-125.0 -404.0 -69.0 -321.0 -287.0
-340.0 -245.0 -298.0 -358.0 -304.0
-395.0 120.0 -353.0 -337.0 -312.0
-262.0 -32.0 -404.0 -389.0 -219.0
-321.0 -18.0 -340.0 -349.0 -282.0
-251.0 -206.0 -290.0 -431.0 -355.0
-279.0 -391.0 -129.0 -304.0 -299.0
-96.0 -165.0 -391.0 -358.0 -174.0
-352.0 8.0 -430.0 -364.0 -193.0
-63.0 -152.0 -362.0 -287.0 -336.0
-299.0 -312.0 -207.0 -346.0 -278.0
-268.0 -362.0 -217.0 -354.0 -112.0
-302.0 -276.0 -45.0 -425.0 -237.0
-484.0 -17.0 -351.0 -288.0 -171.0
-339.0 -301.0 -143.0 -254.0 -72.0
-224.0 -300.0 -67.0 -368.0 -335.0
-218.0 -102.0 -372.0 -378.0 -275.0
-437.0 -102.0 -81.0 -435.0 -281.0
-257.0 -275.0 -205.0 -377.0 -328.0
-399.0 -114.0 -179.0 -446.0 -318.0
-451.0 -122.0 -300.0 -322.0 -189.0
-144.0 -301.0 -279.0 -311.0 -296.0
-224.0 49.0 -347.0 -362.0 -405.0
-314.0 -193.0 -341.0 -348.0 -106.0
-341.0 -296.0 72.0 -283.0 -376.0
-339.0 -181.0 -143.0 -462.0 -350.0
-181.0 106.0 -331.0 -427.0 -417.0
-419.0 132.0 -215.0 -398.0 -306.0
-267.0 -259.0 -270.0 -302.0 -88.0
-483.0 -62.0 -112.0 -308.0 -353.0
-249.0 -201.0 -394.0 -354.0 -86.0
-267.0 -367.0 -223.0 -285.0 -222.0
-274.0 -380.0 -175.0 -282.0 -192.0
-70.0 -176.0 -303.0 -378.0 -325.0
-450.0 -79.0 -101.0 -365.0 -171.0
-112.0 -209.0 -339.0 -271.0 -298.0
-318.0 -260.0 -259.0 -249.0 -213.0
-241.0 -421.0 5.0 -314.0 -225.0
-407.0 -162.0 -112.0 -353.0 -308.0
-214.0 -335.0 -310.0 -314.0 -102.0
-153.0 -212.0 -271.0 -333.0 -361.0
-186.0 -290.0 -152.0 -373.0 -341.0
-387.0 -49.0 -394.0 -450.0 -18.0
-228.0 -381.0 -111.0 -312.0 -303.0
-343.0 -270.0 -159.0 -314.0 -134.0
-307.0 -292.0 -147.0 -388.0 -195.0
-340.0 -343.0 -72.0 -297.0 7.0
-282.0 -359.0 46.0 -286.0 -166.0
-375.0 -26.0 -290.0 -417.0 -171.0
-358.0 62.0 -400.0 -320.0 -303.0
-243.0 -358.0 -103.0 -401.0 -224.0
-407.0 -196.0 -70.0 -245.0 -325.0
-301.0 -165.0 -360.0 -362.0 -17.0
-471.0 -1.0 -359.0 -319.0 -288.0
-225.0 -364.0 -222.0 -264.0 -289.0
-433.0 39.0 -410.0 -364.0 -126.0
-334.0 -274.0 -144.0 -419.0 -280.0
-451.0 -151.0 -326.0 -358.0 -55.0
-397.0 -9.0 -269.0 -411.0 -242.0
-177.0 7.0 -449.0 -340.0 -226.0
-145.0 -80.0 -415.0 -355.0 -309.0
-237.0 -354.0 -127.0 -335.0 -349.0
-321.0 -117.0 -413.0 -306.0 -68.0
-285.0 -356.0 -57.0 -258.0 -215.0
-181.0 -63.0 -424.0 -389.0 -286.0
-402.0 -71.0 -328.0 -370.0 -163.0
-220.0 -233.0 -283.0 -349.0 -320.0
-428.0 -28.0 -289.0 -393.0 -206.0
-369.0 -176.0 -277.0 -404.0 -181.0
-375.0 -268.0 39.0 -369.0 -236.0
-332.0 -336.0 -22.0 -288.0 -230.0
-284.0 -43.0 -391.0 -331.0 -277.0
-173.0 -64.0 -389.0 -382.0 -310.0
-351.0 -184.0 -122.0 -360.0 -277.0
-323.0 39.0 -387.0 -410.0 -162.0
-361.0 -234.0 -193.0 -324.0 -160.0
-232.0 -396.0 -146.0 -288.0 -215.0
-162.0 -130.0 -346.0 -428.0 -362.0
-276.0 -188.0 -387.0 -352.0 -268.0
-313.0 -380.0 145.0 -388.0 -154.0
-424.0 -62.0 -197.0 -433.0 -359.0
-397.0 -176.0 -57.0 -315.0 -268.0
-279.0 -275.0 51.0 -315.0 -364.0
-398.0 -1.0 -307.0 -406.0 -303.0
-383.0 -222.0 -201.0 -256.0 -44.0
-316.0 -58.0 -408.0 -313.0 -223.0
-28.0 -81.0 -378.0 -363.0 -386.0
-172.0 -244.0 -351.0 -375.0 -140.0
-130.0 -241.0 -350.0 -354.0 -207.0
-420.0 -202.0 4.0 -355.0 -230.0
-323.0 -154.0 -375.0 -403.0 -172.0
-349.0 -295.0 -148.0 -409.0 -128.0
-315.0 -118.0 -274.0 -330.0 -351.0
-256.0 -240.0 -224.0 -413.0 -296.0
-149.0 -285.0 -262.0 -247.0 -323.0
-197.0 -102.0 -426.0 -318.0 -50.0
-271.0 -163.0 -258.0 -436.0 -362.0
-303.0 -143.0 -440.0 -290.0 -51.0
-316.0 -130.0 -304.0 -349.0 -269.0
-365.0 -193.0 -266.0 -387.0 -133.0
-420.0 41.0 -379.0 -288.0 -315.0
-378.0 -39.0 -441.0 -390.0 -31.0
-240.0 53.0 -441.0 -426.0 -296.0
-392.0 -209.0 -264.0 -366.0 -235.0
-143.0 -54.0 -378.0 -451.0 -407.0
-314.0 3.0 -362.0 -368.0 -283.0
-221.0 -280.0 -258.0 -391.0 -328.0
-460.0 -106.0 -52.0 -291.0 -342.0
-309.0 -202.0 -336.0 -385.0 -89.0
-342.0 -323.0 93.0 -257.0 -154.0
-152.0 -66.0 -382.0 -383.0 -272.0
-264.0 -322.0 -101.0 -328.0 -291.0
-349.0 -261.0 50.0 -298.0 -370.0
-286.0 -250.0 -268.0 -272.0 -264.0
-407.0 -103.0 -155.0 -426.0 -215.0
-409.0 -119.0 -242.0 -307.0 -232.0
-433.0 -150.0 -166.0 -452.0 -53.0
-280.0 -139.0 -372.0 -405.0 -199.0
-443.0 155.0 -278.0 -306.0 -311.0
-246.0 -280.0 -294.0 -375.0 -158.0
-298.0 -208.0 -296.0 -389.0 -354.0
-216.0 146.0 -297.0 -449.0 -385.0
-414.0 -194.0 -104.0 -294.0 -160.0
-340.0 -124.0 -157.0 -432.0 -270.0
-254.0 -203.0 -348.0 -243.0 -177.0
-427.0 -152.0 -99.0 -335.0 -3.0
-464.0 111.0 -277.0 -367.0 -274.0
-281.0 -366.0 -23.0 -307.0 -117.0
-485.0 104.0 -135.0 -176.0 -278.0
-357.0 -145.0 -136.0 -317.0 -402.0
-319.0 -44.0 -327.0 -402.0 -310.0
-376.0 204.0 -232.0 -465.0 -324.0
-309.0 -396.0 24.0 -185.0 -65.0
-84.0 -64.0 -356.0 -437.0 -359.0
-249.0 -143.0 -349.0 -399.0 -276.0
-460.0 -6.0 -448.0 -317.0 -118.0
-330.0 -356.0 -187.0 -328.0 -69.0
-138.0 -256.0 -350.0 -297.0 -136.0
-207.0 -99.0 -90.0 -392.0 -422.0
-145.0 -94.0 -393.0 -297.0 -278.0
-365.0 21.0 -417.0 -352.0 -156.0
-318.0 -103.0 -201.0 -339.0 -388.0
-330.0 -40.0 -318.0 -310.0 -274.0
-402.0 -163.0 -379.0 -364.0 -95.0
-295.0 -366.0 -81.0 -310.0 -82.0
-308.0 -305.0 -239.0 -251.0 -187.0
-277.0 -12.0 -197.0 -406.0 -389.0
-194.0 -255.0 -338.0 -317.0 -198.0
-232.0 -281.0 -307.0 -292.0 -265.0
-225.0 -330.0 -221.0 -316.0 -272.0
-416.0 -151.0 -166.0 -331.0 -158.0
-336.0 -2.0 -439.0 -421.0 -81.0
-365.0 88.0 -285.0 -470.0 -393.0
-70.0 -118.0 -380.0 -332.0 -336.0
-438.0 -18.0 -287.0 -318.0 -282.0
-381.0 -155.0 -271.0 -366.0 -139.0
-271.0 89.0 -401.0 -493.0 -332.0
-122.0 -137.0 -388.0 -334.0 -287.0
-194.0 -50.0 -411.0 -377.0 -249.0
-152.0 -252.0 -337.0 -296.0 -265.0
-358.0 -27.0 -433.0 -253.0 -256.0
-152.0 -449.0 -107.0 -274.0 -279.0
-146.0 16.0 -422.0 -395.0 -364.0
-222.0 -63.0 -382.0 -412.0 -330.0
-350.0 -172.0 -262.0 -397.0 -285.0
-131.0 -199.0 -90.0 -437.0 -377.0
-292.0 -305.0 -101.0 -290.0 -364.0
-412.0 -222.0 -111.0 -197.0 -209.0
-429.0 -122.0 -196.0 -277.0 -260.0
-154.0 -265.0 -384.0 -274.0 -136.0
-415.0 -167.0 -185.0 -317.0 -100.0
-375.0 -45.0 -247.0 -389.0 -292.0
-408.0 31.0 -301.0 -405.0 -381.0
-337.0 -129.0 -300.0 -294.0 -237.0
-332.0 -103.0 -259.0 -342.0 -353.0
-334.0 -55.0 -353.0 -286.0 -186.0
-85.0 -311.0 -257.0 -297.0 -248.0
-88.0 -262.0 -220.0 -402.0 -347.0
-338.0 -201.0 15.0 -370.0 -363.0
-312.0 -226.0 -179.0 -332.0 -343.0
-397.0 -85.0 -196.0 -306.0 -256.0
-310.0 45.0 -428.0 -395.0 -243.0
