-402.0 -310.0 -75.0 -402.0 -464.0
-507.0 -106.0 -276.0 -557.0 -365.0
-393.0 -334.0 -140.0 -479.0 -413.0
-462.0 -271.0 -88.0 -574.0 -379.0
-357.0 -236.0 -191.0 -369.0 -489.0
-337.0 -318.0 -305.0 -236.0 -409.0
-373.0 -368.0 19.0 -602.0 -281.0
-310.0 -318.0 -13.0 -646.0 -366.0
-438.0 -122.0 -330.0 -390.0 -430.0
-562.0 -135.0 -151.0 -583.0 -315.0
-488.0 -244.0 74.0 -628.0 -194.0
-573.0 -100.0 -126.0 -686.0 -378.0
-568.0 -224.0 -242.0 -467.0 -357.0
-164.0 -140.0 -298.0 -540.0 -622.0
-236.0 -218.0 -91.0 -607.0 -527.0
-557.0 -54.0 -98.0 -739.0 -416.0
-327.0 -223.0 -136.0 -653.0 -414.0
-579.0 -158.0 -45.0 -666.0 -309.0
-366.0 -342.0 -82.0 -550.0 -400.0
-344.0 -189.0 -291.0 -605.0 -435.0
-461.0 -33.0 -254.0 -212.0 -532.0
-587.0 -132.0 -167.0 -390.0 -379.0
-622.0 -192.0 -95.0 -619.0 -150.0
-268.0 -380.0 -135.0 -443.0 -477.0
-584.0 -223.0 -225.0 -527.0 -232.0
-489.0 -244.0 -297.0 -442.0 -318.0
-393.0 -64.0 -89.0 -673.0 -439.0
-446.0 -269.0 -284.0 -192.0 -448.0
-359.0 -283.0 -11.0 -710.0 -396.0
-539.0 -256.0 -76.0 -553.0 -369.0
-491.0 -326.0 -210.0 -390.0 -374.0
-373.0 -389.0 -224.0 -256.0 -287.0
-318.0 -392.0 -98.0 -484.0 -392.0
-512.0 -215.0 -174.0 -606.0 -284.0
-576.0 -378.0 6.0 -557.0 -111.0
-373.0 -284.0 -256.0 -359.0 -385.0
-530.0 -171.0 -303.0 -465.0 -315.0
-424.0 -209.0 -30.0 -695.0 -402.0
-522.0 -164.0 -196.0 -530.0 -323.0
-353.0 -285.0 -344.0 -59.0 -388.0
-228.0 -41.0 -255.0 -557.0 -555.0
-474.0 -446.0 -156.0 -588.0 -302.0
-467.0 -152.0 -236.0 -459.0 -447.0
-604.0 -165.0 -77.0 -570.0 -239.0
-517.0 -186.0 -188.0 -563.0 -386.0
-517.0 -379.0 -46.0 -450.0 -155.0
-648.0 -237.0 -38.0 -676.0 -202.0
-474.0 -325.0 75.0 -595.0 -264.0
-201.0 -103.0 -367.0 4.0 -498.0
-302.0 -102.0 -348.0 -183.0 -480.0
-443.0 -281.0 -86.0 -525.0 -436.0
-622.0 -206.0 -151.0 -476.0 -388.0
-404.0 -214.0 -334.0 -468.0 -384.0
-513.0 -194.0 -87.0 -685.0 -337.0
-584.0 -208.0 -228.0 -459.0 -428.0
-587.0 -374.0 -122.0 -529.0 -223.0
-375.0 -228.0 -200.0 -563.0 -357.0
-412.0 -252.0 -196.0 -487.0 -393.0
-454.0 -168.0 -358.0 -337.0 -392.0
-629.0 -252.0 -142.0 -598.0 -115.0
-487.0 -107.0 -206.0 -568.0 -385.0
-478.0 -123.0 -272.0 -543.0 -409.0
-368.0 -259.0 -133.0 -633.0 -258.0
-485.0 -306.0 -161.0 -540.0 -328.0
-601.0 -114.0 -75.0 -489.0 -334.0
-193.0 -359.0 -90.0 -543.0 -433.0
-556.0 -228.0 -137.0 -638.0 -178.0
-334.0 -127.0 -263.0 -580.0 -474.0
-153.0 -361.0 -76.0 -496.0 -428.0
-636.0 -178.0 -119.0 -491.0 -229.0
-489.0 -382.0 -115.0 -541.0 -205.0
-451.0 -314.0 -179.0 -471.0 -359.0
-516.0 -190.0 -85.0 -689.0 -222.0
-186.0 -290.0 -249.0 -387.0 -449.0
-361.0 -214.0 -142.0 -583.0 -422.0
-261.0 -117.0 -88.0 -691.0 -406.0
-620.0 -142.0 -152.0 -571.0 -127.0
-566.0 -288.0 15.0 -557.0 -393.0
-430.0 -324.0 1.0 -647.0 -248.0
-350.0 -428.0 -182.0 -405.0 -383.0
-255.0 -455.0 -64.0 -483.0 -326.0
-444.0 -242.0 -37.0 -602.0 -267.0
-523.0 -279.0 -146.0 -491.0 -416.0
-405.0 -74.0 -344.0 -341.0 -476.0
-466.0 -191.0 -130.0 -671.0 -297.0
-574.0 -83.0 -118.0 -537.0 -453.0
-92.0 -161.0 -309.0 -326.0 -546.0
-613.0 -206.0 -114.0 -651.0 -153.0
-545.0 -317.0 40.0 -588.0 -174.0
-499.0 -194.0 -221.0 -420.0 -488.0
-229.0 -104.0 -346.0 -151.0 -478.0
-417.0 -271.0 -207.0 -376.0 -401.0
-591.0 -144.0 -124.0 -384.0 -443.0
-179.0 -76.0 -257.0 -493.0 -525.0
-603.0 -242.0 -158.0 -408.0 -324.0
-487.0 -324.0 -82.0 -441.0 -404.0
-402.0 -326.0 -148.0 -394.0 -381.0
-545.0 -252.0 -143.0 -363.0 -337.0
-300.0 -389.0 -99.0 -430.0 -434.0
-506.0 -108.0 -110.0 -573.0 -437.0
-249.0 -315.0 -190.0 -367.0 -477.0
-491.0 -219.0 -271.0 -434.0 -434.0
-404.0 -135.0 -268.0 -336.0 -509.0
-567.0 -335.0 50.0 -534.0 -278.0
-532.0 -242.0 -209.0 -349.0 -319.0
-488.0 -103.0 -80.0 -696.0 -309.0
-435.0 -352.0 33.0 -618.0 -160.0
-572.0 -121.0 -213.0 -607.0 -325.0
-588.0 -285.0 -158.0 -599.0 -266.0
-553.0 -157.0 -159.0 -529.0 -379.0
-388.0 -187.0 -410.0 -347.0 -367.0
-464.0 -122.0 -296.0 -378.0 -425.0
-606.0 -146.0 -67.0 -672.0 -188.0
-338.0 -189.0 -315.0 -340.0 -493.0
-456.0 -128.0 -321.0 -204.0 -475.0
-598.0 -238.0 -148.0 -562.0 -277.0
-465.0 -336.0 -166.0 -561.0 -314.0
-449.0 -7.0 -284.0 -377.0 -519.0
-392.0 -231.0 -203.0 -533.0 -353.0
-601.0 -92.0 -60.0 -527.0 -315.0
-341.0 -214.0 -125.0 -638.0 -411.0
-410.0 -209.0 -164.0 -430.0 -553.0
-226.0 -465.0 -126.0 -348.0 -420.0
-126.0 -330.0 -199.0 -462.0 -413.0
-398.0 -252.0 -274.0 -495.0 -309.0
-245.0 -317.0 -268.0 -311.0 -492.0
-471.0 -63.0 -225.0 -564.0 -444.0
-66.0 -272.0 -188.0 -343.0 -593.0
-167.0 -307.0 -152.0 -493.0 -440.0
-406.0 -278.0 -333.0 -255.0 -406.0
-436.0 -282.0 -289.0 -407.0 -317.0
-340.0 -245.0 -209.0 -388.0 -474.0
-410.0 -252.0 -209.0 -282.0 -478.0
-283.0 -224.0 -172.0 -532.0 -462.0
-618.0 -233.0 -82.0 -524.0 -291.0
-353.0 -352.0 -63.0 -599.0 -207.0
-530.0 -193.0 -47.0 -602.0 -279.0
-297.0 -448.0 -50.0 -335.0 -224.0
-428.0 -236.0 -182.0 -479.0 -464.0
-397.0 -284.0 -95.0 -626.0 -189.0
-431.0 -288.0 -219.0 -343.0 -415.0
-371.0 -479.0 91.0 -298.0 -115.0
-536.0 -260.0 -220.0 -518.0 -247.0
-296.0 -318.0 -147.0 -381.0 -517.0
-392.0 -355.0 -227.0 -400.0 -360.0
-388.0 -241.0 -51.0 -603.0 -356.0
-40.0 -275.0 -284.0 -164.0 -586.0
-605.0 -144.0 10.0 -649.0 -292.0
-509.0 -181.0 -127.0 -616.0 -361.0
-458.0 -117.0 -274.0 -404.0 -507.0
-241.0 -255.0 -216.0 -551.0 -473.0
-465.0 -212.0 -217.0 -592.0 -244.0
-397.0 -199.0 -230.0 -416.0 -535.0
-534.0 -346.0 -21.0 -627.0 -166.0
-526.0 -170.0 -98.0 -654.0 -302.0
-458.0 -279.0 103.0 -648.0 -302.0
-214.0 -306.0 -328.0 -263.0 -441.0
-174.0 -307.0 -152.0 -396.0 -537.0
-367.0 -318.0 -96.0 -440.0 -522.0
-435.0 -306.0 -230.0 -512.0 -343.0
-485.0 -195.0 -54.0 -620.0 -325.0
-482.0 -398.0 -144.0 -295.0 -243.0
-606.0 -186.0 -16.0 -568.0 -297.0
-539.0 -180.0 -32.0 -668.0 -320.0
-484.0 -141.0 -251.0 -374.0 -473.0
-119.0 -370.0 -70.0 -566.0 -420.0
-486.0 -377.0 -89.0 -381.0 -235.0
-326.0 -280.0 -255.0 -501.0 -473.0
-486.0 -191.0 -200.0 -579.0 -318.0
-97.0 -177.0 -177.0 -615.0 -490.0
-332.0 -117.0 -37.0 -750.0 -411.0
-353.0 -209.0 -81.0 -636.0 -397.0
-486.0 -341.0 13.0 -590.0 -230.0
-523.0 -134.0 -4.0 -721.0 -358.0
-413.0 -282.0 -181.0 -473.0 -477.0
-369.0 -331.0 -153.0 -468.0 -408.0
-421.0 -155.0 -355.0 -213.0 -419.0
-521.0 -411.0 22.0 -461.0 -158.0
-474.0 -314.0 -148.0 -427.0 -386.0
-520.0 -337.0 -85.0 -565.0 -377.0
-533.0 -170.0 -170.0 -580.0 -300.0
-344.0 -156.0 -300.0 -353.0 -504.0
-465.0 -51.0 -265.0 -381.0 -460.0
-410.0 -308.0 -81.0 -644.0 -174.0
-516.0 -338.0 -217.0 -305.0 -397.0
-469.0 -223.0 -215.0 -575.0 -321.0
-470.0 -143.0 -244.0 -239.0 -520.0
-550.0 -392.0 -49.0 -574.0 -128.0
-493.0 -199.0 -158.0 -554.0 -405.0
-615.0 -160.0 -65.0 -481.0 -367.0
-459.0 -120.0 -191.0 -572.0 -388.0
-365.0 -270.0 -156.0 -519.0 -400.0
-347.0 -382.0 -36.0 -619.0 -298.0
-411.0 -199.0 -96.0 -681.0 -384.0
-139.0 -346.0 -153.0 -461.0 -383.0
-508.0 -76.0 -198.0 -536.0 -398.0
-441.0 -257.0 -135.0 -665.0 -260.0
-497.0 -239.0 -294.0 -451.0 -313.0
-602.0 -249.0 -128.0 -462.0 -151.0
-497.0 -162.0 -251.0 -453.0 -461.0
-255.0 -103.0 -352.0 -181.0 -460.0
-516.0 -241.0 -144.0 -658.0 -185.0
-545.0 -153.0 -123.0 -648.0 -318.0
-394.0 -376.0 -176.0 -524.0 -303.0
-543.0 -172.0 -133.0 -546.0 -369.0
-360.0 -351.0 -118.0 -530.0 -394.0
-558.0 -146.0 -125.0 -680.0 -391.0
-348.0 -163.0 -65.0 -697.0 -373.0
-481.0 -382.0 -194.0 -508.0 -276.0
-140.0 -236.0 -282.0 -67.0 -489.0
-598.0 -161.0 -105.0 -564.0 -425.0
-510.0 -257.0 -173.0 -559.0 -356.0
-417.0 -261.0 -58.0 -602.0 -272.0
-598.0 -223.0 -147.0 -519.0 -316.0
-513.0 -208.0 -279.0 -400.0 -423.0
-366.0 -369.0 -282.0 -417.0 -377.0
-240.0 -352.0 -70.0 -457.0 -424.0
-531.0 -192.0 -50.0 -547.0 -422.0
-388.0 -89.0 -240.0 -389.0 -547.0
-382.0 -118.0 -59.0 -691.0 -388.0
-560.0 -170.0 -208.0 -517.0 -274.0
-505.0 -351.0 -100.0 -490.0 -315.0
-320.0 -286.0 -171.0 -463.0 -424.0
-496.0 -171.0 -193.0 -602.0 -343.0
-353.0 -173.0 -289.0 -581.0 -340.0
-397.0 -254.0 -182.0 -576.0 -331.0
-600.0 -169.0 -141.0 -365.0 -400.0
-625.0 -343.0 8.0 -621.0 -141.0
-252.0 -264.0 -119.0 -554.0 -489.0
-393.0 -248.0 -126.0 -579.0 -359.0
-619.0 -119.0 -78.0 -576.0 -226.0
-537.0 -395.0 36.0 -453.0 -229.0
-370.0 -207.0 -317.0 -508.0 -430.0
-281.0 -236.0 -259.0 -598.0 -398.0
-493.0 -98.0 -176.0 -559.0 -419.0
-188.0 -307.0 -18.0 -661.0 -386.0
-385.0 -269.0 44.0 -693.0 -379.0
-562.0 -342.0 -192.0 -440.0 -212.0
-484.0 -73.0 -159.0 -578.0 -462.0
-524.0 -385.0 -30.0 -439.0 -211.0
-529.0 -316.0 -159.0 -517.0 -348.0
-131.0 -344.0 -290.0 -277.0 -480.0
-520.0 -361.0 -151.0 -266.0 -237.0
-520.0 -42.0 -184.0 -612.0 -418.0
-594.0 -217.0 -141.0 -427.0 -367.0
-370.0 -257.0 -186.0 -606.0 -255.0
-382.0 -145.0 -259.0 -558.0 -365.0
-436.0 -192.0 -225.0 -619.0 -338.0
-264.0 -101.0 -296.0 -443.0 -525.0
-461.0 -141.0 -282.0 -418.0 -446.0
-459.0 -240.0 -341.0 -290.0 -407.0
-664.0 -283.0 -66.0 -623.0 -164.0
-496.0 -303.0 -156.0 -393.0 -375.0
-402.0 26.0 -267.0 -554.0 -451.0
-513.0 -270.0 -131.0 -570.0 -386.0
-446.0 -141.0 23.0 -728.0 -376.0
-511.0 -409.0 -19.0 -470.0 -246.0
-412.0 -267.0 -197.0 -530.0 -354.0
-568.0 -162.0 -200.0 -512.0 -466.0
-563.0 -11.0 -223.0 -580.0 -337.0
-443.0 -205.0 -319.0 -540.0 -432.0
-183.0 -151.0 -387.0 -163.0 -426.0
-555.0 -73.0 -108.0 -637.0 -467.0
-607.0 -220.0 -142.0 -419.0 -253.0
-436.0 -270.0 -105.0 -578.0 -405.0
-579.0 -57.0 -251.0 -527.0 -299.0
-491.0 -218.0 -168.0 -452.0 -456.0
-369.0 -269.0 -330.0 -51.0 -459.0
-233.0 -306.0 -100.0 -503.0 -493.0
-534.0 -228.0 -110.0 -500.0 -411.0
-264.0 -320.0 -303.0 -204.0 -407.0
-399.0 -232.0 -279.0 -501.0 -361.0
-475.0 -100.0 -53.0 -698.0 -317.0
-349.0 -343.0 -122.0 -633.0 -458.0
-633.0 -246.0 -114.0 -560.0 -235.0
-375.0 -279.0 -243.0 -291.0 -422.0
-355.0 -317.0 -95.0 -488.0 -473.0
-372.0 -205.0 -370.0 -481.0 -427.0
-640.0 -182.0 -152.0 -480.0 -209.0
-653.0 -239.0 -93.0 -360.0 -226.0
-561.0 -298.0 23.0 -550.0 -214.0
-96.0 -307.0 -203.0 -434.0 -435.0
-355.0 -415.0 -233.0 -328.0 -475.0
-603.0 -73.0 -50.0 -629.0 -264.0
-414.0 -219.0 -317.0 -293.0 -445.0
-475.0 -214.0 -283.0 -527.0 -389.0
-452.0 -191.0 -264.0 -406.0 -448.0
-536.0 -105.0 -179.0 -551.0 -378.0
-480.0 -398.0 -79.0 -422.0 -195.0
-501.0 -121.0 -264.0 -548.0 -320.0
-223.0 -127.0 -318.0 -264.0 -498.0
-546.0 -155.0 -289.0 -457.0 -386.0
-483.0 -195.0 -182.0 -633.0 -378.0
