-307.0 -293.0 -109.0 -298.0 -280.0
-236.0 -480.0 -118.0 -60.0 -304.0
-243.0 -357.0 -152.0 -281.0 -303.0
-166.0 -493.0 -204.0 -203.0 -113.0
-88.0 -565.0 -37.0 -46.0 -223.0
-101.0 -570.0 -24.0 64.0 -292.0
-267.0 -486.0 -160.0 -111.0 -129.0
-121.0 -459.0 -3.0 35.0 -340.0
-319.0 -347.0 -168.0 -264.0 -260.0
-300.0 -286.0 -196.0 -229.0 -336.0
-323.0 -458.0 -113.0 81.0 -343.0
-214.0 -321.0 -13.0 -361.0 -330.0
-231.0 -485.0 14.0 -214.0 -292.0
-292.0 -268.0 -273.0 -244.0 -254.0
-264.0 -439.0 -142.0 -266.0 -264.0
-221.0 -320.0 -111.0 -211.0 -353.0
-131.0 -481.0 -135.0 23.0 -319.0
-287.0 -497.0 -23.0 -29.0 -240.0
-190.0 -488.0 -15.0 -9.0 -321.0
-197.0 -511.0 -6.0 -256.0 -150.0
-105.0 -538.0 24.0 -10.0 -290.0
-191.0 -363.0 -194.0 -227.0 -296.0
-229.0 -526.0 -161.0 -39.0 -169.0
-274.0 -512.0 -160.0 13.0 -223.0
-291.0 -139.0 -160.0 -352.0 -273.0
14.0 -489.0 -63.0 -114.0 -313.0
-368.0 -477.0 -92.0 -127.0 -179.0
-304.0 -254.0 -148.0 -303.0 -334.0
-352.0 -403.0 -250.0 -179.0 -169.0
-227.0 -470.0 -20.0 -266.0 -283.0
-343.0 -369.0 -254.0 -257.0 -126.0
-344.0 -262.0 -231.0 -298.0 -261.0
-223.0 -473.0 -106.0 -154.0 -313.0
-258.0 -447.0 -100.0 -279.0 -136.0
-235.0 -299.0 -70.0 -214.0 -361.0
-259.0 -199.0 -196.0 -68.0 -377.0
-330.0 -220.0 -247.0 -352.0 -173.0
-239.0 -267.0 -22.0 -288.0 -359.0
-171.0 -242.0 -25.0 -28.0 -395.0
-68.0 -566.0 -40.0 -14.0 -251.0
-289.0 -440.0 -156.0 -134.0 -333.0
-355.0 -408.0 -224.0 -115.0 -110.0
-332.0 -274.0 -269.0 -260.0 -60.0
-126.0 -495.0 -155.0 -109.0 -284.0
-248.0 -343.0 -132.0 -149.0 -338.0
-144.0 -528.0 -200.0 -4.0 -231.0
-254.0 -479.0 -148.0 -205.0 -138.0
-305.0 -422.0 -160.0 -239.0 -76.0
-294.0 -212.0 -286.0 -300.0 -227.0
-170.0 -230.0 -163.0 -255.0 -341.0
-267.0 -353.0 -210.0 -210.0 -253.0
-197.0 -530.0 53.0 -187.0 -284.0
-315.0 -427.0 -145.0 -57.0 -386.0
-118.0 -474.0 50.0 5.0 -330.0
-256.0 -479.0 -115.0 -92.0 -276.0
-178.0 -429.0 -33.0 -85.0 -383.0
-128.0 -461.0 -162.0 -276.0 -194.0
-86.0 -525.0 96.0 -85.0 -324.0
-315.0 -191.0 -186.0 -71.0 -345.0
