-404.0 -358.0 -692.0 -512.0 -499.0
-317.0 -504.0 -749.0 -445.0 -538.0
-238.0 -595.0 -786.0 -516.0 -537.0
-347.0 -563.0 -568.0 -550.0 -574.0
128.0 -479.0 -938.0 -540.0 -464.0
-596.0 -257.0 -477.0 -197.0 -292.0
-436.0 -513.0 -576.0 -456.0 -479.0
-368.0 -721.0 -451.0 -415.0 -565.0
-348.0 -461.0 -722.0 -490.0 -494.0
-158.0 -549.0 -761.0 -637.0 -610.0
-393.0 -386.0 -743.0 -446.0 -496.0
-299.0 -513.0 -875.0 -307.0 -377.0
216.0 -519.0 -937.0 -560.0 -590.0
-90.0 -533.0 -799.0 -600.0 -685.0
-539.0 -384.0 -486.0 -421.0 -388.0
-532.0 -522.0 -532.0 -362.0 -417.0
-420.0 -568.0 -513.0 -483.0 -522.0
-16.0 -643.0 -814.0 -639.0 -687.0
-376.0 -269.0 -791.0 -402.0 -503.0
-352.0 -490.0 -730.0 -375.0 -575.0
-247.0 -605.0 -622.0 -639.0 -549.0
-496.0 -427.0 -601.0 -317.0 -424.0
-376.0 -430.0 -648.0 -558.0 -566.0
-390.0 -536.0 -690.0 -359.0 -538.0
146.0 -650.0 -872.0 -543.0 -611.0
-475.0 -362.0 -690.0 -379.0 -496.0
-285.0 -410.0 -883.0 -335.0 -440.0
-150.0 -612.0 -761.0 -641.0 -605.0
-450.0 -339.0 -616.0 -471.0 -514.0
-50.0 -669.0 -920.0 -361.0 -440.0
-604.0 -136.0 -491.0 -218.0 -285.0
-124.0 -453.0 -914.0 -453.0 -470.0
-370.0 -648.0 -527.0 -534.0 -441.0
-509.0 -377.0 -536.0 -427.0 -459.0
-26.0 -610.0 -945.0 -258.0 -407.0
-63.0 -498.0 -954.0 -390.0 -309.0
-344.0 -622.0 -526.0 -517.0 -560.0
-394.0 -421.0 -683.0 -420.0 -555.0
-353.0 -479.0 -737.0 -379.0 -528.0
-374.0 -572.0 -355.0 -560.0 -530.0
-240.0 -600.0 -546.0 -657.0 -641.0
-522.0 -355.0 -638.0 -309.0 -433.0
-337.0 -338.0 -820.0 -490.0 -430.0
-186.0 -725.0 -610.0 -643.0 -615.0
-172.0 -481.0 -829.0 -566.0 -668.0
-104.0 -709.0 -709.0 -611.0 -664.0
-605.0 -346.0 -465.0 -190.0 -304.0
-114.0 -745.0 -596.0 -636.0 -683.0
-492.0 -368.0 -621.0 -345.0 -469.0
205.0 -622.0 -858.0 -587.0 -613.0
-536.0 -313.0 -557.0 -395.0 -463.0
-486.0 -407.0 -647.0 -307.0 -400.0
-268.0 -371.0 -890.0 -435.0 -528.0
-499.0 -518.0 -345.0 -504.0 -526.0
-316.0 -556.0 -730.0 -594.0 -501.0
-504.0 -404.0 -442.0 -505.0 -486.0
-391.0 -610.0 -518.0 -540.0 -500.0
-574.0 -370.0 -469.0 -285.0 -464.0
-332.0 -528.0 -576.0 -550.0 -566.0
123.0 -725.0 -859.0 -590.0 -496.0
-537.0 -350.0 -502.0 -359.0 -433.0
-180.0 -675.0 -710.0 -539.0 -599.0
-544.0 -402.0 -501.0 -310.0 -422.0
-575.0 -375.0 -457.0 -306.0 -394.0
-67.0 -694.0 -821.0 -556.0 -581.0
-455.0 -524.0 -503.0 -466.0 -451.0
-572.0 -273.0 -555.0 -248.0 -350.0
-580.0 -430.0 -305.0 -450.0 -364.0
225.0 -557.0 -908.0 -637.0 -497.0
-454.0 -400.0 -699.0 -373.0 -437.0
-500.0 -523.0 -333.0 -525.0 -456.0
-321.0 -629.0 -599.0 -520.0 -512.0
-502.0 -535.0 -515.0 -398.0 -453.0
-583.0 -421.0 -305.0 -404.0 -397.0
-397.0 -395.0 -746.0 -389.0 -416.0
-78.0 -670.0 -635.0 -779.0 -620.0
-527.0 -328.0 -627.0 -273.0 -362.0
-356.0 -340.0 -736.0 -511.0 -487.0
-131.0 -670.0 -703.0 -645.0 -576.0
-17.0 -439.0 -947.0 -404.0 -483.0
-501.0 -168.0 -688.0 -334.0 -399.0
-232.0 -577.0 -726.0 -545.0 -592.0
71.0 -666.0 -925.0 -424.0 -463.0
-529.0 -211.0 -607.0 -472.0 -351.0
-7.0 -711.0 -917.0 -534.0 -426.0
-372.0 -384.0 -798.0 -341.0 -486.0
-218.0 -403.0 -899.0 -445.0 -445.0
-626.0 -412.0 -410.0 -281.0 -400.0
-484.0 -556.0 -299.0 -497.0 -548.0
-400.0 -449.0 -626.0 -571.0 -489.0
-199.0 -654.0 -654.0 -585.0 -625.0
-553.0 -257.0 -480.0 -431.0 -407.0
-663.0 -324.0 -268.0 -230.0 -373.0
-227.0 -603.0 -631.0 -649.0 -663.0
-392.0 -319.0 -706.0 -482.0 -538.0
14.0 -408.0 -939.0 -510.0 -424.0
-426.0 -540.0 -487.0 -568.0 -530.0
-234.0 -540.0 -829.0 -562.0 -550.0
-396.0 -299.0 -749.0 -492.0 -500.0
-134.0 -611.0 -745.0 -678.0 -590.0
35.0 -514.0 -969.0 -429.0 -397.0
-202.0 -546.0 -797.0 -501.0 -619.0
-490.0 -499.0 -370.0 -422.0 -499.0
-422.0 -565.0 -347.0 -568.0 -520.0
-544.0 -266.0 -574.0 -323.0 -416.0
-281.0 -625.0 -660.0 -518.0 -554.0
-567.0 -464.0 -369.0 -411.0 -404.0
-525.0 -472.0 -529.0 -389.0 -460.0
-639.0 -409.0 -325.0 -289.0 -378.0
-429.0 -341.0 -680.0 -465.0 -436.0
-457.0 -539.0 -401.0 -553.0 -514.0
-410.0 -475.0 -659.0 -503.0 -479.0
-231.0 -648.0 -686.0 -646.0 -556.0
-487.0 -526.0 -418.0 -517.0 -478.0
-453.0 -450.0 -426.0 -563.0 -516.0
-193.0 -559.0 -765.0 -546.0 -577.0
105.0 -625.0 -903.0 -585.0 -577.0
62.0 -615.0 -868.0 -543.0 -644.0
-400.0 -304.0 -704.0 -447.0 -606.0
-489.0 -538.0 -600.0 -390.0 -475.0
-169.0 -570.0 -642.0 -708.0 -624.0
-313.0 -507.0 -734.0 -540.0 -442.0
-472.0 -421.0 -648.0 -346.0 -482.0
127.0 -638.0 -919.0 -483.0 -434.0
-470.0 -573.0 -419.0 -500.0 -394.0
-593.0 -228.0 -477.0 -204.0 -330.0
-150.0 -661.0 -660.0 -758.0 -625.0
-431.0 -558.0 -502.0 -457.0 -564.0
-231.0 -630.0 -730.0 -528.0 -534.0
-420.0 -326.0 -685.0 -491.0 -540.0
-552.0 -455.0 -452.0 -269.0 -448.0
-368.0 -473.0 -550.0 -628.0 -580.0
-518.0 -285.0 -640.0 -378.0 -392.0
-320.0 -362.0 -753.0 -525.0 -586.0
-89.0 -519.0 -914.0 -447.0 -476.0
-207.0 -595.0 -914.0 -360.0 -296.0
-538.0 -368.0 -508.0 -325.0 -441.0
-261.0 -646.0 -544.0 -568.0 -601.0
-103.0 -670.0 -797.0 -552.0 -517.0
-36.0 -651.0 -727.0 -665.0 -743.0
-458.0 -184.0 -756.0 -362.0 -457.0
-159.0 -612.0 -782.0 -503.0 -662.0
-545.0 -519.0 -447.0 -370.0 -395.0
-376.0 -573.0 -578.0 -458.0 -524.0
-189.0 -765.0 -553.0 -578.0 -633.0
-135.0 -650.0 -787.0 -497.0 -601.0
-330.0 -580.0 -728.0 -467.0 -486.0
-398.0 -458.0 -745.0 -346.0 -442.0
-549.0 -209.0 -536.0 -331.0 -444.0
-642.0 -369.0 -346.0 -274.0 -393.0
-272.0 -667.0 -425.0 -639.0 -615.0
-456.0 -309.0 -658.0 -497.0 -490.0
-493.0 -420.0 -600.0 -434.0 -466.0
-237.0 -543.0 -611.0 -585.0 -673.0
-265.0 -568.0 -576.0 -629.0 -612.0
-447.0 -462.0 -501.0 -601.0 -384.0
-542.0 -165.0 -632.0 -212.0 -233.0
-358.0 -388.0 -787.0 -502.0 -435.0
-118.0 -667.0 -628.0 -697.0 -694.0
-256.0 -428.0 -869.0 -436.0 -561.0
-96.0 -471.0 -944.0 -392.0 -395.0
-68.0 -722.0 -795.0 -464.0 -658.0
-338.0 -444.0 -770.0 -468.0 -512.0
-52.0 -424.0 -894.0 -540.0 -631.0
-232.0 -628.0 -662.0 -673.0 -556.0
-52.0 -486.0 -932.0 -403.0 -494.0
-518.0 -397.0 -598.0 -417.0 -435.0
-117.0 -494.0 -793.0 -634.0 -597.0
-655.0 -366.0 -261.0 -282.0 -371.0
-394.0 -286.0 -793.0 -326.0 -306.0
-134.0 -676.0 -802.0 -414.0 -627.0
-459.0 -519.0 -439.0 -508.0 -476.0
30.0 -744.0 -835.0 -595.0 -709.0
-361.0 -587.0 -566.0 -423.0 -559.0
-336.0 -450.0 -724.0 -452.0 -556.0
-232.0 -598.0 -847.0 -454.0 -523.0
-116.0 -456.0 -937.0 -375.0 -370.0
-216.0 -528.0 -941.0 -333.0 -335.0
-353.0 -464.0 -633.0 -486.0 -624.0
-525.0 -461.0 -427.0 -467.0 -459.0
-339.0 -410.0 -745.0 -437.0 -571.0
-556.0 -474.0 -380.0 -437.0 -362.0
-592.0 -391.0 -473.0 -278.0 -390.0
-408.0 -445.0 -730.0 -350.0 -438.0
-319.0 -484.0 -794.0 -515.0 -466.0
-98.0 -628.0 -772.0 -672.0 -640.0
-300.0 -618.0 -773.0 -553.0 -509.0
-465.0 -496.0 -499.0 -483.0 -500.0
-531.0 -370.0 -595.0 -387.0 -435.0
-207.0 -454.0 -898.0 -594.0 -447.0
-414.0 -487.0 -695.0 -401.0 -460.0
-122.0 -611.0 -670.0 -654.0 -629.0
-343.0 -620.0 -721.0 -482.0 -397.0
-258.0 -602.0 -866.0 -440.0 -342.0
-15.0 -682.0 -838.0 -611.0 -614.0
-59.0 -613.0 -909.0 -379.0 -458.0
-443.0 -513.0 -529.0 -473.0 -526.0
-422.0 -306.0 -723.0 -446.0 -502.0
-164.0 -510.0 -908.0 -489.0 -480.0
-111.0 -625.0 -687.0 -680.0 -618.0
-210.0 -451.0 -795.0 -617.0 -590.0
75.0 -540.0 -953.0 -463.0 -414.0
-574.0 -389.0 -518.0 -274.0 -386.0
-93.0 -610.0 -817.0 -622.0 -530.0
-447.0 -464.0 -474.0 -528.0 -494.0
-437.0 -531.0 -488.0 -527.0 -458.0
-325.0 -552.0 -491.0 -549.0 -638.0
-417.0 -516.0 -497.0 -564.0 -531.0
-507.0 -584.0 -365.0 -402.0 -442.0
-297.0 -431.0 -814.0 -423.0 -462.0
-373.0 -560.0 -397.0 -504.0 -605.0
-35.0 -710.0 -349.0 -640.0 -747.0
-448.0 -425.0 -654.0 -456.0 -448.0
-322.0 -450.0 -808.0 -378.0 -535.0
-43.0 -542.0 -915.0 -525.0 -440.0
-365.0 -532.0 -508.0 -595.0 -566.0
-588.0 -403.0 -434.0 -360.0 -389.0
-147.0 -702.0 -662.0 -607.0 -589.0
-458.0 -285.0 -692.0 -434.0 -454.0
-357.0 -725.0 -483.0 -473.0 -538.0
-435.0 -528.0 -531.0 -508.0 -458.0
-538.0 -493.0 -362.0 -435.0 -416.0
-601.0 -299.0 -413.0 -296.0 -370.0
-313.0 -615.0 -688.0 -561.0 -487.0
-285.0 -617.0 -776.0 -397.0 -547.0
-427.0 -425.0 -534.0 -501.0 -543.0
-579.0 -327.0 -490.0 -262.0 -365.0
-54.0 -663.0 -761.0 -609.0 -670.0
-74.0 -718.0 -901.0 -424.0 -421.0
-514.0 -362.0 -661.0 -395.0 -309.0
-206.0 -753.0 -503.0 -595.0 -628.0
103.0 -498.0 -926.0 -518.0 -411.0
-231.0 -517.0 -892.0 -379.0 -475.0
-463.0 -527.0 -433.0 -461.0 -534.0
-551.0 -189.0 -574.0 -286.0 -406.0
-619.0 -486.0 -223.0 -325.0 -308.0
-478.0 -457.0 -636.0 -267.0 -437.0
-352.0 -333.0 -789.0 -498.0 -474.0
-227.0 -568.0 -747.0 -661.0 -583.0
-97.0 -649.0 -840.0 -526.0 -545.0
-372.0 -631.0 -357.0 -605.0 -569.0
-576.0 -322.0 -456.0 -394.0 -394.0
-150.0 -643.0 -704.0 -640.0 -603.0
-286.0 -442.0 -863.0 -542.0 -530.0
-309.0 -474.0 -576.0 -575.0 -671.0
-395.0 -361.0 -808.0 -244.0 -248.0
-248.0 -624.0 -489.0 -535.0 -691.0
-330.0 -435.0 -806.0 -343.0 -603.0
-359.0 -325.0 -751.0 -455.0 -435.0
-300.0 -475.0 -842.0 -292.0 -326.0
-469.0 -352.0 -603.0 -465.0 -536.0
-410.0 -423.0 -723.0 -443.0 -411.0
-515.0 -425.0 -323.0 -576.0 -500.0
-282.0 -568.0 -652.0 -517.0 -614.0
-317.0 -330.0 -838.0 -419.0 -412.0
-380.0 -514.0 -718.0 -430.0 -437.0
-322.0 -536.0 -668.0 -602.0 -490.0
-433.0 -354.0 -662.0 -545.0 -535.0
-162.0 -653.0 -659.0 -530.0 -732.0
-525.0 -496.0 -447.0 -427.0 -438.0
-338.0 -507.0 -491.0 -590.0 -612.0
-496.0 -412.0 -556.0 -346.0 -500.0
-29.0 -766.0 -821.0 -520.0 -636.0
-307.0 -717.0 -622.0 -563.0 -512.0
-81.0 -642.0 -674.0 -734.0 -652.0
-127.0 -647.0 -930.0 -291.0 -376.0
-200.0 -549.0 -930.0 -310.0 -360.0
-383.0 -563.0 -714.0 -484.0 -496.0
-273.0 -528.0 -605.0 -654.0 -619.0
-121.0 -474.0 -877.0 -486.0 -622.0
-254.0 -448.0 -831.0 -481.0 -599.0
-325.0 -478.0 -775.0 -386.0 -553.0
-330.0 -609.0 -447.0 -568.0 -644.0
-354.0 -492.0 -579.0 -568.0 -500.0
-21.0 -483.0 -955.0 -282.0 -267.0
-143.0 -663.0 -831.0 -430.0 -561.0
111.0 -609.0 -931.0 -388.0 -453.0
-440.0 -551.0 -451.0 -536.0 -519.0
-544.0 -514.0 -459.0 -349.0 -465.0
-334.0 -285.0 -812.0 -479.0 -515.0
-411.0 -404.0 -699.0 -402.0 -515.0
-465.0 -515.0 -548.0 -472.0 -422.0
-184.0 -581.0 -550.0 -741.0 -681.0
-599.0 -198.0 -519.0 -230.0 -306.0
-403.0 -438.0 -681.0 -421.0 -549.0
-404.0 -248.0 -783.0 -237.0 -211.0
-165.0 -570.0 -742.0 -655.0 -597.0
-322.0 -602.0 -394.0 -597.0 -636.0
-249.0 -579.0 -885.0 -344.0 -426.0
-395.0 -648.0 -355.0 -459.0 -535.0
-106.0 -629.0 -796.0 -486.0 -652.0
-549.0 -303.0 -569.0 -267.0 -356.0
50.0 -414.0 -1007.0 -396.0 -466.0
-453.0 -417.0 -508.0 -466.0 -530.0
-178.0 -665.0 -700.0 -629.0 -546.0
-463.0 -441.0 -471.0 -569.0 -487.0
-301.0 -547.0 -813.0 -452.0 -545.0
-90.0 -673.0 -882.0 -544.0 -539.0
-302.0 -399.0 -799.0 -535.0 -523.0
-543.0 -235.0 -605.0 -345.0 -336.0
-385.0 -299.0 -789.0 -294.0 -356.0
-286.0 -701.0 -487.0 -664.0 -548.0
-488.0 -272.0 -709.0 -398.0 -418.0
-472.0 -601.0 -472.0 -376.0 -468.0
-317.0 -612.0 -532.0 -560.0 -666.0
-587.0 -285.0 -497.0 -210.0 -367.0
-538.0 -293.0 -595.0 -350.0 -425.0
-451.0 -437.0 -470.0 -511.0 -568.0
-517.0 -213.0 -664.0 -328.0 -457.0
-453.0 -368.0 -616.0 -464.0 -476.0
-488.0 -359.0 -605.0 -387.0 -474.0
-186.0 -616.0 -760.0 -446.0 -621.0
-170.0 -623.0 -631.0 -655.0 -651.0
-146.0 -443.0 -954.0 -339.0 -334.0
-352.0 -377.0 -876.0 -272.0 -306.0
-502.0 -492.0 -549.0 -312.0 -540.0
-65.0 -501.0 -922.0 -386.0 -456.0
-477.0 -507.0 -475.0 -459.0 -470.0
-361.0 -610.0 -476.0 -534.0 -555.0
-442.0 -326.0 -614.0 -484.0 -531.0
-533.0 -253.0 -654.0 -187.0 -321.0
-521.0 -469.0 -368.0 -509.0 -436.0
-526.0 -526.0 -423.0 -398.0 -471.0
-349.0 -549.0 -617.0 -560.0 -472.0
-484.0 -183.0 -734.0 -408.0 -420.0
-382.0 -497.0 -548.0 -501.0 -565.0
-347.0 -539.0 -582.0 -562.0 -541.0
-311.0 -355.0 -822.0 -407.0 -470.0
-300.0 -548.0 -815.0 -281.0 -436.0
-341.0 -495.0 -664.0 -560.0 -522.0
-575.0 -274.0 -521.0 -234.0 -397.0
-519.0 -326.0 -638.0 -316.0 -471.0
-238.0 -571.0 -672.0 -614.0 -575.0
-339.0 -674.0 -409.0 -529.0 -610.0
267.0 -652.0 -843.0 -554.0 -669.0
-377.0 -605.0 -203.0 -495.0 -562.0
-482.0 -442.0 -459.0 -523.0 -459.0
-68.0 -614.0 -778.0 -566.0 -671.0
-19.0 -464.0 -990.0 -342.0 -457.0
65.0 -536.0 -922.0 -421.0 -512.0
59.0 -427.0 -975.0 -441.0 -424.0
-384.0 -327.0 -819.0 -340.0 -453.0
-261.0 -610.0 -641.0 -560.0 -533.0
-581.0 -172.0 -587.0 -232.0 -372.0
-169.0 -373.0 -944.0 -411.0 -379.0
-105.0 -758.0 -564.0 -681.0 -641.0
-425.0 -458.0 -778.0 -246.0 -288.0
-322.0 -435.0 -732.0 -530.0 -493.0
-320.0 -714.0 -537.0 -571.0 -490.0
-560.0 -471.0 -395.0 -342.0 -458.0
-357.0 -454.0 -578.0 -494.0 -640.0
-442.0 -429.0 -545.0 -492.0 -502.0
-564.0 -523.0 -327.0 -378.0 -390.0
-272.0 -679.0 -551.0 -510.0 -622.0
-446.0 -351.0 -577.0 -553.0 -513.0
-546.0 -295.0 -485.0 -331.0 -479.0
-104.0 -649.0 -758.0 -531.0 -690.0
-445.0 -288.0 -777.0 -426.0 -476.0
-152.0 -650.0 -863.0 -385.0 -603.0
-27.0 -658.0 -890.0 -533.0 -413.0
-258.0 -558.0 -625.0 -641.0 -542.0
-419.0 -354.0 -721.0 -522.0 -381.0
-453.0 -443.0 -669.0 -345.0 -482.0
-422.0 -531.0 -616.0 -500.0 -480.0
-348.0 -506.0 -824.0 -318.0 -393.0
-336.0 -552.0 -702.0 -552.0 -494.0
155.0 -688.0 -843.0 -620.0 -518.0
-541.0 -465.0 -463.0 -295.0 -406.0
-229.0 -458.0 -951.0 -202.0 -358.0
49.0 -449.0 -947.0 -370.0 -525.0
-246.0 -581.0 -727.0 -451.0 -677.0
7.0 -530.0 -934.0 -438.0 -362.0
-497.0 -184.0 -687.0 -423.0 -330.0
-320.0 -400.0 -809.0 -372.0 -521.0
-343.0 -490.0 -747.0 -486.0 -408.0
-75.0 -764.0 -673.0 -638.0 -627.0
-68.0 -645.0 -759.0 -726.0 -674.0
-596.0 -425.0 -393.0 -317.0 -436.0
-45.0 -579.0 -945.0 -371.0 -297.0
-329.0 -572.0 -624.0 -554.0 -480.0
-501.0 -463.0 -400.0 -472.0 -472.0
-454.0 -196.0 -717.0 -444.0 -456.0
-10.0 -477.0 -958.0 -387.0 -415.0
-7.0 -665.0 -851.0 -489.0 -635.0
-548.0 -359.0 -553.0 -331.0 -412.0
