-521.0 -425.0 -319.0 -504.0 -597.0
-532.0 -217.0 -282.0 -506.0 -387.0
-533.0 -229.0 -363.0 -460.0 -495.0
-342.0 -633.0 -400.0 -428.0 -494.0
-550.0 -562.0 -286.0 -222.0 -357.0
-542.0 -483.0 -252.0 -423.0 -460.0
-317.0 -623.0 -319.0 -436.0 -397.0
-352.0 -586.0 -308.0 -429.0 -568.0
-327.0 -658.0 -512.0 -250.0 -425.0
-505.0 -572.0 -450.0 -210.0 -299.0
-492.0 -562.0 -438.0 -324.0 -381.0
-420.0 -596.0 -410.0 -188.0 -531.0
-261.0 -533.0 -339.0 -436.0 -445.0
-524.0 -508.0 -429.0 -292.0 -285.0
-412.0 -570.0 -432.0 -410.0 -580.0
-491.0 -551.0 -478.0 -323.0 -409.0
-556.0 -379.0 -425.0 -257.0 -461.0
-464.0 -340.0 -345.0 -516.0 -436.0
-466.0 -392.0 -509.0 -223.0 -411.0
-471.0 -554.0 -266.0 -400.0 -356.0
-543.0 -467.0 -346.0 -285.0 -451.0
-434.0 -677.0 -372.0 -286.0 -504.0
-527.0 -389.0 -449.0 -342.0 -486.0
-507.0 -599.0 -402.0 -150.0 -283.0
-530.0 -377.0 -487.0 -338.0 -475.0
-507.0 -551.0 -224.0 -403.0 -394.0
-514.0 -623.0 -429.0 -136.0 -267.0
-433.0 -404.0 -346.0 -607.0 -634.0
-612.0 -434.0 -310.0 -296.0 -408.0
-593.0 -488.0 -408.0 -160.0 -310.0
-396.0 -619.0 -246.0 -378.0 -468.0
-491.0 -456.0 -322.0 -441.0 -380.0
-484.0 -639.0 -398.0 -192.0 -388.0
-574.0 -410.0 -400.0 -353.0 -386.0
-507.0 -368.0 -223.0 -509.0 -428.0
-508.0 -576.0 -372.0 -205.0 -443.0
-600.0 -377.0 -321.0 -325.0 -456.0
-584.0 -380.0 -268.0 -388.0 -513.0
-203.0 -704.0 -504.0 -247.0 -313.0
-183.0 -753.0 -398.0 -193.0 -234.0
-544.0 -331.0 -264.0 -504.0 -579.0
-263.0 -473.0 -503.0 -255.0 -544.0
-456.0 -525.0 -340.0 -491.0 -537.0
-458.0 -283.0 -470.0 -364.0 -539.0
-533.0 -551.0 -466.0 -124.0 -302.0
-388.0 -609.0 -344.0 -351.0 -387.0
-489.0 -557.0 -307.0 -328.0 -401.0
-614.0 -468.0 -418.0 -173.0 -336.0
-484.0 -631.0 -238.0 -291.0 -253.0
-391.0 -727.0 -402.0 -177.0 -403.0
-452.0 -695.0 -401.0 -323.0 -430.0
-538.0 -502.0 -518.0 -38.0 -339.0
-211.0 -493.0 -476.0 -413.0 -460.0
-483.0 -345.0 -132.0 -593.0 -419.0
-555.0 -416.0 -208.0 -514.0 -362.0
-280.0 -199.0 -430.0 -485.0 -579.0
-462.0 -583.0 -366.0 -355.0 -434.0
-544.0 -465.0 -444.0 -250.0 -333.0
-569.0 -416.0 -392.0 -360.0 -407.0
-387.0 -535.0 -226.0 -456.0 -343.0
-380.0 -424.0 -205.0 -548.0 -436.0
-427.0 -673.0 -376.0 -180.0 -514.0
-472.0 -654.0 -460.0 -172.0 -391.0
-469.0 -680.0 -342.0 -250.0 -377.0
-517.0 -534.0 -450.0 -112.0 -360.0
-453.0 -328.0 -436.0 -385.0 -572.0
-488.0 -506.0 -337.0 -443.0 -373.0
-389.0 -529.0 -314.0 -464.0 -432.0
-550.0 -444.0 -442.0 -211.0 -376.0
-317.0 -637.0 -378.0 -296.0 -541.0
-451.0 -287.0 -222.0 -551.0 -517.0
-370.0 -475.0 -398.0 -505.0 -579.0
-555.0 -478.0 -212.0 -404.0 -287.0
-387.0 -720.0 -430.0 -178.0 -265.0
-626.0 -373.0 -261.0 -455.0 -507.0
-562.0 -395.0 -236.0 -445.0 -384.0
-446.0 -436.0 -556.0 -289.0 -463.0
-479.0 -429.0 -256.0 -480.0 -425.0
-339.0 -620.0 -512.0 -152.0 -486.0
-342.0 -689.0 -360.0 -346.0 -451.0
-527.0 -558.0 -340.0 -267.0 -438.0
-483.0 -505.0 -329.0 -390.0 -416.0
-507.0 -590.0 -470.0 -131.0 -285.0
-391.0 -482.0 -504.0 -389.0 -513.0
-512.0 -571.0 -346.0 -333.0 -355.0
-418.0 -479.0 -434.0 -451.0 -612.0
-537.0 -488.0 -318.0 -252.0 -475.0
-611.0 -455.0 -302.0 -404.0 -426.0
-587.0 -579.0 -406.0 -119.0 -278.0
-536.0 -434.0 -240.0 -452.0 -367.0
-505.0 -250.0 -347.0 -546.0 -492.0
-273.0 -704.0 -338.0 -234.0 -294.0
-495.0 -641.0 -338.0 -243.0 -394.0
-487.0 -459.0 -297.0 -392.0 -572.0
-550.0 -549.0 -372.0 -259.0 -384.0
-579.0 -350.0 -371.0 -264.0 -446.0
-493.0 -674.0 -328.0 -182.0 -337.0
-476.0 -573.0 -278.0 -356.0 -464.0
-307.0 -333.0 -498.0 -371.0 -645.0
-370.0 -658.0 -250.0 -385.0 -451.0
-541.0 -481.0 -469.0 -199.0 -306.0
-462.0 -286.0 -143.0 -551.0 -522.0
-462.0 -578.0 -358.0 -332.0 -564.0
-450.0 -596.0 -319.0 -340.0 -386.0
-571.0 -387.0 -345.0 -410.0 -481.0
-514.0 -457.0 -423.0 -323.0 -391.0
-521.0 -669.0 -432.0 -52.0 -282.0
-481.0 -573.0 -286.0 -322.0 -442.0
-392.0 -595.0 -426.0 -334.0 -378.0
-622.0 -400.0 -354.0 -207.0 -342.0
-469.0 -498.0 -320.0 -374.0 -568.0
-204.0 -725.0 -448.0 -184.0 -143.0
-419.0 -557.0 -473.0 -341.0 -420.0
-543.0 -611.0 -293.0 -380.0 -385.0
-541.0 -415.0 -412.0 -266.0 -491.0
-556.0 -479.0 -281.0 -299.0 -411.0
-498.0 -471.0 -440.0 -365.0 -413.0
-388.0 -553.0 -384.0 -433.0 -430.0
-498.0 -615.0 -456.0 -165.0 -408.0
-216.0 -742.0 -236.0 -26.0 -295.0
-486.0 -610.0 -350.0 -340.0 -338.0
-294.0 -732.0 -234.0 -143.0 -442.0
-419.0 -634.0 -410.0 -252.0 -579.0
-554.0 -519.0 -534.0 -50.0 -281.0
-515.0 -482.0 -262.0 -365.0 -476.0
-565.0 -389.0 -197.0 -423.0 -442.0
-560.0 -465.0 -260.0 -442.0 -382.0
-539.0 -335.0 -165.0 -527.0 -258.0
-618.0 -619.0 -353.0 -166.0 -308.0
-515.0 -545.0 -464.0 -255.0 -369.0
-466.0 -651.0 -362.0 -328.0 -419.0
-363.0 -510.0 -366.0 -451.0 -538.0
-463.0 -490.0 -372.0 -545.0 -578.0
-473.0 -655.0 -424.0 -146.0 -346.0
-440.0 -586.0 -374.0 -327.0 -536.0
-530.0 -518.0 -285.0 -306.0 -394.0
-244.0 -714.0 -362.0 -319.0 -319.0
-481.0 -653.0 -386.0 -304.0 -449.0
-358.0 -600.0 -271.0 -400.0 -416.0
-462.0 -656.0 -388.0 -200.0 -507.0
-442.0 -195.0 -240.0 -594.0 -504.0
-529.0 -422.0 -379.0 -310.0 -466.0
-519.0 -635.0 -324.0 -175.0 -354.0
-571.0 -473.0 -228.0 -338.0 -435.0
-511.0 -346.0 -209.0 -510.0 -564.0
-153.0 -639.0 -500.0 -316.0 -415.0
-360.0 -528.0 -326.0 -480.0 -351.0
-581.0 -377.0 -204.0 -507.0 -379.0
-469.0 -285.0 -410.0 -415.0 -545.0
-529.0 -410.0 -286.0 -402.0 -497.0
-503.0 -506.0 -418.0 -293.0 -411.0
-571.0 -298.0 -199.0 -464.0 -474.0
-526.0 -372.0 -426.0 -411.0 -473.0
-499.0 -512.0 -438.0 -204.0 -494.0
-345.0 -602.0 -335.0 -350.0 -400.0
-529.0 -619.0 -418.0 -55.0 -291.0
-647.0 -386.0 -371.0 -295.0 -316.0
-590.0 -587.0 -307.0 -398.0 -330.0
-207.0 -716.0 -199.0 -218.0 -335.0
-591.0 -485.0 -285.0 -280.0 -242.0
-408.0 -599.0 -334.0 -413.0 -447.0
-564.0 -516.0 -387.0 -191.0 -321.0
-544.0 -535.0 -440.0 -170.0 -344.0
-463.0 -572.0 -462.0 -409.0 -406.0
-206.0 -711.0 -261.0 -246.0 -479.0
-503.0 -476.0 -313.0 -404.0 -514.0
-333.0 -704.0 -363.0 -206.0 -291.0
-605.0 -546.0 -387.0 -145.0 -345.0
-524.0 -485.0 -470.0 -209.0 -344.0
-512.0 -656.0 -296.0 -244.0 -332.0
-623.0 -433.0 -316.0 -169.0 -254.0
-501.0 -428.0 -474.0 -10.0 -400.0
-348.0 -598.0 -362.0 -387.0 -483.0
-434.0 -49.0 -235.0 -619.0 -561.0
-568.0 -509.0 -386.0 -170.0 -263.0
-509.0 -350.0 -537.0 -277.0 -465.0
-499.0 -546.0 -423.0 -169.0 -411.0
-563.0 -428.0 -198.0 -407.0 -296.0
-479.0 -310.0 -187.0 -524.0 -421.0
-615.0 -433.0 -499.0 28.0 -220.0
-487.0 -562.0 -388.0 -345.0 -481.0
-297.0 -600.0 -392.0 -384.0 -542.0
-486.0 -478.0 -407.0 -409.0 -388.0
-399.0 -568.0 -311.0 -448.0 -430.0
-508.0 -498.0 -342.0 -337.0 -500.0
-528.0 -308.0 -297.0 -434.0 -567.0
-425.0 -641.0 -504.0 -256.0 -413.0
-369.0 -605.0 -468.0 -271.0 -417.0
-500.0 -466.0 -212.0 -447.0 -388.0
-426.0 -498.0 -418.0 -381.0 -467.0
-500.0 -451.0 -199.0 -468.0 -331.0
-320.0 -573.0 -304.0 -434.0 -404.0
