-483.0 -96.0 -310.0 -419.0 -111.0
-434.0 -16.0 -312.0 -431.0 -219.0
-510.0 10.0 -49.0 -369.0 -309.0
-308.0 -133.0 -371.0 -413.0 -324.0
-384.0 31.0 -385.0 -409.0 -320.0
-340.0 -245.0 -298.0 -358.0 -304.0
-251.0 -206.0 -290.0 -431.0 -355.0
-484.0 -17.0 -351.0 -288.0 -171.0
-399.0 -114.0 -179.0 -446.0 -318.0
-471.0 -1.0 -359.0 -319.0 -288.0
-424.0 -62.0 -197.0 -433.0 -359.0
-392.0 -209.0 -264.0 -366.0 -235.0
-143.0 -54.0 -378.0 -451.0 -407.0
-298.0 -208.0 -296.0 -389.0 -354.0
-350.0 -172.0 -262.0 -397.0 -285.0
-408.0 31.0 -301.0 -405.0 -381.0
