-602.0 -323.0 -456.0 -433.0 -196.0
-533.0 -467.0 -506.0 -48.0 -245.0
-395.0 -469.0 -179.0 -92.0 -438.0
-466.0 -325.0 -524.0 -465.0 -331.0
-680.0 -476.0 -415.0 -324.0 -86.0
-474.0 -22.0 -420.0 -557.0 -146.0
-603.0 -170.0 -375.0 -517.0 126.0
-416.0 -512.0 -211.0 -314.0 -324.0
-310.0 -122.0 -401.0 -536.0 -384.0
-339.0 62.0 -286.0 -559.0 -95.0
-341.0 79.0 -380.0 -600.0 4.0
-609.0 -196.0 -562.0 -461.0 -225.0
-296.0 -333.0 -237.0 -431.0 -410.0
-575.0 -49.0 -461.0 -514.0 -168.0
-574.0 -152.0 -482.0 -483.0 -85.0
-375.0 -438.0 -495.0 -209.0 -360.0
-569.0 -313.0 -521.0 -289.0 -321.0
-515.0 -138.0 -437.0 -528.0 -164.0
-508.0 -503.0 -369.0 -333.0 -248.0
-494.0 -487.0 -293.0 -381.0 -293.0
-467.0 -396.0 -362.0 -390.0 -354.0
-444.0 -472.0 -416.0 -241.0 -325.0
-449.0 -156.0 -469.0 -483.0 -325.0
-546.0 -255.0 -529.0 -413.0 -261.0
-595.0 -512.0 -331.0 -327.0 -240.0
-477.0 -348.0 -256.0 -440.0 -351.0
-601.0 -185.0 -308.0 -544.0 54.0
-348.0 -74.0 -166.0 -539.0 -307.0
-618.0 -259.0 -506.0 -457.0 -236.0
-390.0 -426.0 -488.0 -366.0 -290.0
-566.0 -430.0 -514.0 -340.0 -186.0
-703.0 -405.0 -450.0 -340.0 -117.0
-600.0 -116.0 -396.0 -484.0 -206.0
-598.0 -544.0 -313.0 -321.0 -227.0
-631.0 -401.0 -473.0 -296.0 -142.0
-421.0 -76.0 -553.0 -518.0 -208.0
-516.0 -462.0 -374.0 -334.0 -260.0
-526.0 -314.0 -350.0 -468.0 -205.0
-623.0 -199.0 -556.0 -429.0 -154.0
-485.0 -235.0 -495.0 -486.0 -198.0
-432.0 -289.0 -290.0 -441.0 -370.0
-591.0 -399.0 -469.0 -394.0 -305.0
-576.0 -454.0 -366.0 -78.0 -282.0
-269.0 -243.0 -243.0 -466.0 -396.0
-430.0 -400.0 -235.0 -418.0 -339.0
-506.0 3.0 -518.0 -531.0 22.0
-524.0 -385.0 -421.0 -166.0 -334.0
-556.0 -78.0 -497.0 -484.0 61.0
-584.0 -112.0 -405.0 -510.0 -179.0
-357.0 -251.0 -408.0 -490.0 -356.0
-608.0 -295.0 -536.0 -353.0 -134.0
-521.0 -160.0 -446.0 -527.0 -300.0
-545.0 -419.0 -578.0 -210.0 -143.0
-421.0 -415.0 -311.0 -417.0 -385.0
-585.0 -417.0 -504.0 -41.0 -226.0
-388.0 -310.0 -217.0 -462.0 -347.0
-515.0 -398.0 -559.0 -303.0 -296.0
-600.0 -464.0 -517.0 -292.0 -110.0
-434.0 -386.0 -258.0 -424.0 -351.0
-527.0 41.0 -485.0 -564.0 -30.0
-602.0 -447.0 -611.0 -333.0 -11.0
-544.0 -269.0 -572.0 -481.0 -152.0
-479.0 -396.0 -389.0 -388.0 -349.0
-505.0 -147.0 -436.0 -537.0 -91.0
-316.0 15.0 -430.0 -538.0 -197.0
-278.0 -122.0 -186.0 -508.0 -393.0
-547.0 -302.0 -444.0 -434.0 -320.0
-611.0 -457.0 -302.0 -207.0 -313.0
-539.0 -601.0 -294.0 -311.0 -267.0
-418.0 -500.0 -126.0 -336.0 -396.0
-539.0 -197.0 -413.0 -471.0 -304.0
-502.0 -507.0 -350.0 -362.0 -246.0
-579.0 -441.0 -534.0 -127.0 -155.0
-538.0 -235.0 -472.0 -432.0 -308.0
-583.0 -294.0 -438.0 -431.0 -289.0
-479.0 -481.0 -399.0 -313.0 -305.0
-591.0 -53.0 -452.0 -488.0 -195.0
-385.0 -505.0 -344.0 -321.0 -299.0
-499.0 -210.0 -606.0 -482.0 -171.0
-538.0 -554.0 -379.0 -290.0 -208.0
-435.0 -299.0 -364.0 -428.0 -364.0
-279.0 -452.0 -205.0 -349.0 -368.0
-547.0 -227.0 -437.0 -474.0 -245.0
-538.0 -386.0 -114.0 -452.0 -343.0
-519.0 -402.0 -488.0 -407.0 -311.0
-519.0 -511.0 -421.0 -236.0 -231.0
-480.0 -358.0 -330.0 -427.0 -345.0
-591.0 -314.0 -495.0 -412.0 -242.0
-439.0 -499.0 -259.0 -381.0 -316.0
-450.0 -203.0 -384.0 -504.0 -384.0
