-243.0 -357.0 -152.0 -281.0 -303.0
-101.0 -570.0 -24.0 64.0 -292.0
-319.0 -347.0 -168.0 -264.0 -260.0
-300.0 -286.0 -196.0 -229.0 -336.0
-264.0 -439.0 -142.0 -266.0 -264.0
-105.0 -538.0 24.0 -10.0 -290.0
-304.0 -254.0 -148.0 -303.0 -334.0
-352.0 -403.0 -250.0 -179.0 -169.0
-344.0 -262.0 -231.0 -298.0 -261.0
-330.0 -220.0 -247.0 -352.0 -173.0
-68.0 -566.0 -40.0 -14.0 -251.0
-289.0 -440.0 -156.0 -134.0 -333.0
-294.0 -212.0 -286.0 -300.0 -227.0
-197.0 -530.0 53.0 -187.0 -284.0
-315.0 -427.0 -145.0 -57.0 -386.0
-86.0 -525.0 96.0 -85.0 -324.0
