-344.0 -228.0 -259.0 -417.0 -140.0
-442.0 -14.0 -350.0 -267.0 -238.0
-254.0 -428.0 -122.0 -338.0 -141.0
-415.0 191.0 -365.0 -371.0 -304.0
-453.0 -102.0 -219.0 -396.0 -104.0
-368.0 -326.0 -16.0 -167.0 -225.0
-179.0 9.0 -399.0 -479.0 -348.0
-263.0 -371.0 -217.0 -330.0 -290.0
-257.0 -309.0 -206.0 -325.0 -345.0
-483.0 -96.0 -310.0 -419.0 -111.0
-345.0 -299.0 -142.0 -454.0 -196.0
-434.0 41.0 -437.0 -291.0 -280.0
-324.0 -260.0 -225.0 -333.0 -319.0
-313.0 -200.0 -260.0 -405.0 -312.0
-434.0 -16.0 -312.0 -431.0 -219.0
-288.0 -336.0 -85.0 -230.0 -302.0
-339.0 69.0 -402.0 -413.0 -355.0
-314.0 17.0 -384.0 -426.0 -314.0
-273.0 -324.0 -150.0 -338.0 -261.0
-510.0 10.0 -49.0 -369.0 -309.0
-308.0 -133.0 -371.0 -413.0 -324.0
-297.0 -322.0 -70.0 -296.0 -236.0
-236.0 -326.0 -179.0 -377.0 -298.0
-357.0 -155.0 -276.0 -299.0 -301.0
-358.0 -116.0 -312.0 -476.0 -174.0
-422.0 -183.0 -116.0 -343.0 -156.0
-425.0 -104.0 -315.0 -332.0 -217.0
-232.0 -267.0 -329.0 -350.0 -296.0
-383.0 -266.0 -169.0 -374.0 -86.0
-384.0 31.0 -385.0 -409.0 -320.0
-414.0 -194.0 -36.0 -377.0 -234.0
-345.0 -309.0 -35.0 -315.0 -142.0
-344.0 -339.0 -78.0 -252.0 75.0
-334.0 -308.0 -102.0 -311.0 -297.0
-258.0 -314.0 -340.0 -376.0 -134.0
-376.0 -284.0 -62.0 -313.0 19.0
-405.0 -249.0 -148.0 -368.0 -157.0
-199.0 -33.0 -300.0 -364.0 -473.0
-125.0 -404.0 -69.0 -321.0 -287.0
-340.0 -245.0 -298.0 -358.0 -304.0
-251.0 -206.0 -290.0 -431.0 -355.0
-279.0 -391.0 -129.0 -304.0 -299.0
-299.0 -312.0 -207.0 -346.0 -278.0
-484.0 -17.0 -351.0 -288.0 -171.0
-257.0 -275.0 -205.0 -377.0 -328.0
-399.0 -114.0 -179.0 -446.0 -318.0
-451.0 -122.0 -300.0 -322.0 -189.0
-144.0 -301.0 -279.0 -311.0 -296.0
-407.0 -162.0 -112.0 -353.0 -308.0
-340.0 -343.0 -72.0 -297.0 7.0
-407.0 -196.0 -70.0 -245.0 -325.0
-471.0 -1.0 -359.0 -319.0 -288.0
-334.0 -274.0 -144.0 -419.0 -280.0
-451.0 -151.0 -326.0 -358.0 -55.0
-428.0 -28.0 -289.0 -393.0 -206.0
-375.0 -268.0 39.0 -369.0 -236.0
-332.0 -336.0 -22.0 -288.0 -230.0
-361.0 -234.0 -193.0 -324.0 -160.0
-232.0 -396.0 -146.0 -288.0 -215.0
-162.0 -130.0 -346.0 -428.0 -362.0
-313.0 -380.0 145.0 -388.0 -154.0
-424.0 -62.0 -197.0 -433.0 -359.0
-398.0 -1.0 -307.0 -406.0 -303.0
-420.0 -202.0 4.0 -355.0 -230.0
-349.0 -295.0 -148.0 -409.0 -128.0
-271.0 -163.0 -258.0 -436.0 -362.0
-240.0 53.0 -441.0 -426.0 -296.0
-392.0 -209.0 -264.0 -366.0 -235.0
-143.0 -54.0 -378.0 -451.0 -407.0
-221.0 -280.0 -258.0 -391.0 -328.0
-460.0 -106.0 -52.0 -291.0 -342.0
-298.0 -208.0 -296.0 -389.0 -354.0
-427.0 -152.0 -99.0 -335.0 -3.0
-319.0 -44.0 -327.0 -402.0 -310.0
-309.0 -396.0 24.0 -185.0 -65.0
-84.0 -64.0 -356.0 -437.0 -359.0
-460.0 -6.0 -448.0 -317.0 -118.0
-330.0 -356.0 -187.0 -328.0 -69.0
-402.0 -163.0 -379.0 -364.0 -95.0
-295.0 -366.0 -81.0 -310.0 -82.0
-365.0 88.0 -285.0 -470.0 -393.0
-438.0 -18.0 -287.0 -318.0 -282.0
-271.0 89.0 -401.0 -493.0 -332.0
-152.0 -449.0 -107.0 -274.0 -279.0
-222.0 -63.0 -382.0 -412.0 -330.0
-350.0 -172.0 -262.0 -397.0 -285.0
-412.0 -222.0 -111.0 -197.0 -209.0
-408.0 31.0 -301.0 -405.0 -381.0
