-451.0 -541.0 -454.0 -723.0 -646.0
-373.0 -372.0 -644.0 -448.0 -469.0
-418.0 -505.0 -403.0 -766.0 -650.0
-492.0 -623.0 -435.0 -528.0 -608.0
-413.0 -648.0 -522.0 -727.0 -436.0
-483.0 -484.0 -582.0 -677.0 -461.0
-571.0 -551.0 -200.0 -475.0 -722.0
-495.0 -469.0 -400.0 -614.0 -757.0
-454.0 -358.0 -526.0 -707.0 -665.0
-446.0 -406.0 -591.0 -494.0 -543.0
-345.0 -417.0 -646.0 -440.0 -494.0
-586.0 -396.0 -423.0 -733.0 -579.0
-503.0 -357.0 -253.0 -884.0 -588.0
-414.0 -497.0 -589.0 -598.0 -657.0
-425.0 -425.0 -443.0 -863.0 -674.0
-556.0 -364.0 -161.0 -829.0 -671.0
-516.0 -414.0 -597.0 -475.0 -593.0
-492.0 -585.0 -394.0 -746.0 -554.0
-499.0 -462.0 -494.0 -720.0 -537.0
-551.0 -534.0 -424.0 -724.0 -618.0
-572.0 -539.0 -405.0 -547.0 -688.0
-447.0 -399.0 -148.0 -826.0 -760.0
-457.0 -404.0 -536.0 -666.0 -628.0
-356.0 -384.0 -640.0 -258.0 -566.0
-408.0 -509.0 -558.0 -693.0 -561.0
-456.0 -610.0 -259.0 -799.0 -660.0
-530.0 -451.0 -602.0 -473.0 -513.0
-544.0 -469.0 -525.0 -712.0 -581.0
-568.0 -473.0 -191.0 -778.0 -728.0
-477.0 -366.0 -551.0 -760.0 -519.0
-480.0 -376.0 -447.0 -743.0 -638.0
-354.0 -519.0 -621.0 -367.0 -626.0
-557.0 -378.0 -337.0 -782.0 -634.0
-494.0 -644.0 -376.0 -518.0 -670.0
-351.0 -497.0 -611.0 -210.0 -691.0
-525.0 -571.0 -277.0 -773.0 -736.0
-640.0 -458.0 -18.0 -800.0 -630.0
-534.0 -580.0 -579.0 -452.0 -622.0
-500.0 -455.0 -256.0 -856.0 -589.0
-506.0 -430.0 -456.0 -711.0 -746.0
-527.0 -221.0 -531.0 -729.0 -649.0
-463.0 -487.0 -359.0 -773.0 -643.0
-581.0 -475.0 -385.0 -591.0 -691.0
-211.0 -450.0 -545.0 -761.0 -515.0
-407.0 -620.0 -489.0 -624.0 -674.0
-555.0 -300.0 -617.0 -310.0 -676.0
-532.0 -360.0 -495.0 -763.0 -524.0
-344.0 -489.0 -583.0 -617.0 -607.0
-448.0 -436.0 -425.0 -779.0 -659.0
-346.0 -354.0 -602.0 -508.0 -547.0
-407.0 -529.0 -616.0 -447.0 -399.0
-350.0 -247.0 -621.0 -477.0 -553.0
-529.0 -473.0 -264.0 -821.0 -644.0
-416.0 -362.0 -608.0 -489.0 -597.0
-463.0 -467.0 -469.0 -727.0 -640.0
-537.0 -567.0 -350.0 -753.0 -547.0
-513.0 -510.0 -93.0 -797.0 -737.0
-396.0 -364.0 -495.0 -775.0 -578.0
-485.0 -677.0 -469.0 -698.0 -548.0
-587.0 -437.0 -524.0 -595.0 -597.0
-516.0 -644.0 -503.0 -475.0 -653.0
-479.0 -387.0 -492.0 -750.0 -581.0
-385.0 -414.0 -475.0 -827.0 -607.0
-334.0 -372.0 -531.0 -787.0 -629.0
-718.0 -548.0 -351.0 -582.0 -528.0
-463.0 -543.0 -280.0 -780.0 -708.0
-609.0 -575.0 -531.0 -402.0 -603.0
-502.0 -543.0 -207.0 -737.0 -792.0
-544.0 -489.0 -415.0 -758.0 -584.0
-491.0 -622.0 -366.0 -361.0 -735.0
-363.0 -342.0 -606.0 -698.0 -450.0
-430.0 -631.0 -471.0 -540.0 -659.0
-589.0 -457.0 -589.0 -309.0 -606.0
-408.0 -549.0 -336.0 -777.0 -703.0
-476.0 -489.0 -553.0 -586.0 -606.0
-470.0 -577.0 -333.0 -770.0 -731.0
-379.0 -452.0 -336.0 -823.0 -701.0
-478.0 -441.0 -465.0 -763.0 -516.0
-363.0 -295.0 -593.0 -735.0 -503.0
-661.0 -309.0 -228.0 -832.0 -585.0
-541.0 -211.0 -523.0 -764.0 -622.0
-335.0 -591.0 -542.0 -653.0 -562.0
-457.0 -638.0 -516.0 -639.0 -560.0
-397.0 -390.0 -603.0 -509.0 -374.0
-398.0 -632.0 -371.0 -790.0 -496.0
