-486.0 -510.0 -454.0 -611.0 -579.0
-579.0 -488.0 -443.0 -614.0 -537.0
-525.0 -451.0 -590.0 -579.0 -434.0
-480.0 -638.0 -488.0 -551.0 -569.0
-485.0 -398.0 -488.0 -460.0 -684.0
-380.0 -661.0 -437.0 -528.0 -715.0
-525.0 -384.0 -538.0 -575.0 -581.0
-246.0 -703.0 -481.0 -495.0 -669.0
-470.0 -590.0 -583.0 -510.0 -291.0
-452.0 -229.0 -527.0 -524.0 -691.0
-495.0 -471.0 -511.0 -608.0 -601.0
-467.0 -540.0 -611.0 -506.0 -488.0
-237.0 -581.0 -258.0 -447.0 -787.0
-408.0 -542.0 -577.0 -584.0 -529.0
-368.0 -643.0 -400.0 -393.0 -720.0
-418.0 -589.0 -561.0 -598.0 -346.0
-426.0 -697.0 -525.0 -576.0 -556.0
-372.0 -360.0 -436.0 -456.0 -752.0
-487.0 -641.0 -390.0 -509.0 -702.0
-280.0 -689.0 -447.0 -498.0 -702.0
-475.0 -699.0 -514.0 -495.0 -659.0
-434.0 -609.0 -438.0 -661.0 -439.0
-541.0 -477.0 -531.0 -591.0 -391.0
-362.0 -506.0 -489.0 -536.0 -688.0
-367.0 -655.0 -544.0 -470.0 -664.0
-368.0 -496.0 -559.0 -649.0 -639.0
-564.0 -336.0 -548.0 -559.0 -565.0
-394.0 -681.0 -439.0 -460.0 -672.0
-420.0 -424.0 -446.0 -398.0 -718.0
-454.0 -559.0 -479.0 -677.0 -239.0
-173.0 -569.0 -499.0 -461.0 -749.0
-274.0 -539.0 -420.0 -508.0 -727.0
-431.0 -481.0 -557.0 -506.0 -654.0
-418.0 -538.0 -526.0 -666.0 -300.0
-405.0 -490.0 -486.0 -535.0 -672.0
-514.0 -296.0 -530.0 -561.0 -605.0
-473.0 -287.0 -514.0 -409.0 -689.0
-485.0 -360.0 -558.0 -622.0 -590.0
-184.0 -639.0 -392.0 -434.0 -733.0
-522.0 -565.0 -459.0 -586.0 -553.0
-276.0 -674.0 -230.0 -306.0 -709.0
-533.0 -463.0 -559.0 -594.0 -548.0
-534.0 -311.0 -543.0 -608.0 -568.0
-506.0 -336.0 -482.0 -530.0 -683.0
-586.0 -391.0 -571.0 -614.0 -469.0
-309.0 -542.0 -361.0 -407.0 -772.0
-269.0 -760.0 -457.0 -450.0 -653.0
-443.0 -461.0 -559.0 -601.0 -676.0
-539.0 -387.0 -556.0 -579.0 -559.0
-483.0 -423.0 -541.0 -596.0 -588.0
-321.0 -476.0 -316.0 -546.0 -805.0
-284.0 -717.0 -469.0 -496.0 -661.0
-404.0 -607.0 -512.0 -622.0 -509.0
-467.0 -498.0 -539.0 -563.0 -593.0
-532.0 -309.0 -652.0 -554.0 -563.0
-528.0 -567.0 -456.0 -543.0 -589.0
-147.0 -578.0 -428.0 -490.0 -767.0
-531.0 -487.0 -551.0 -538.0 -554.0
-387.0 -211.0 -438.0 -474.0 -750.0
-457.0 -421.0 -446.0 -484.0 -747.0
-350.0 -778.0 -532.0 -485.0 -640.0
-516.0 -233.0 -547.0 -587.0 -607.0
-396.0 -598.0 -526.0 -638.0 -293.0
-76.0 -320.0 -361.0 -400.0 -808.0
-236.0 -691.0 -482.0 -454.0 -675.0
-298.0 -490.0 -481.0 -471.0 -768.0
-559.0 -437.0 -556.0 -582.0 -467.0
-548.0 -260.0 -623.0 -468.0 -591.0
-617.0 -264.0 -560.0 -579.0 -486.0
-294.0 -585.0 -349.0 -361.0 -764.0
-392.0 -592.0 -664.0 -501.0 -473.0
-140.0 -500.0 -524.0 -465.0 -771.0
-382.0 -574.0 -549.0 -625.0 -544.0
-384.0 -391.0 -393.0 -413.0 -769.0
-434.0 -575.0 -571.0 -537.0 -489.0
-486.0 -424.0 -554.0 -660.0 -495.0
-507.0 -594.0 -523.0 -520.0 -412.0
-453.0 -653.0 -560.0 -545.0 -399.0
-506.0 -535.0 -511.0 -563.0 -553.0
-180.0 -593.0 -357.0 -399.0 -794.0
-126.0 -635.0 -380.0 -316.0 -747.0
-209.0 -635.0 -330.0 -233.0 -761.0
-466.0 -582.0 -481.0 -590.0 -536.0
-186.0 -615.0 -400.0 -490.0 -727.0
-486.0 -527.0 -493.0 -520.0 -618.0
-511.0 -373.0 -546.0 -640.0 -501.0
-184.0 -621.0 -379.0 -397.0 -753.0
-501.0 -741.0 -503.0 -434.0 -608.0
-534.0 -492.0 -482.0 -650.0 -363.0
-468.0 -584.0 -532.0 -591.0 -487.0
-371.0 -741.0 -506.0 -574.0 -293.0
-440.0 -509.0 -537.0 -575.0 -646.0
-422.0 -506.0 -434.0 -548.0 -663.0
-497.0 -511.0 -521.0 -616.0 -542.0
-128.0 -577.0 -359.0 -372.0 -795.0
