-6686.0 -7716.0 -7297.0 -6574.0 -8361.0
-6331.0 -7992.0 -6767.0 -6956.0 -8514.0
-5599.0 -6069.0 -7618.0 -5558.0 -7579.0
-6370.0 -7089.0 -5514.0 -7340.0 -7694.0
-6855.0 -7380.0 -6446.0 -7103.0 -8199.0
-6239.0 -6884.0 -7475.0 -5427.0 -7679.0
-6561.0 -7854.0 -6771.0 -6800.0 -8187.0
-6890.0 -7118.0 -6857.0 -6689.0 -8185.0
-6133.0 -6589.0 -6200.0 -7130.0 -8104.0
-5569.0 -6117.0 -7307.0 -5501.0 -7779.0
-6656.0 -7764.0 -6986.0 -6517.0 -8561.0
-5892.0 -6596.0 -5677.0 -7131.0 -8259.0
-6336.0 -7778.0 -6867.0 -6485.0 -8700.0
-6600.0 -6951.0 -5518.0 -7184.0 -7367.0
-5609.0 -7201.0 -6521.0 -6983.0 -8419.0
-5733.0 -7418.0 -5208.0 -7045.0 -8421.0
-6366.0 -7730.0 -7178.0 -6542.0 -8500.0
-6241.0 -7435.0 -6127.0 -6969.0 -8011.0
-6535.0 -7394.0 -6327.0 -7071.0 -8338.0
-6445.0 -7723.0 -6774.0 -6575.0 -8516.0
-5443.0 -6100.0 -7320.0 -5435.0 -7234.0
