-7652.0 -6385.0 -5705.0 -7123.0 -8927.0
-6706.0 -7014.0 -5072.0 -6411.0 -7438.0
-7729.0 -5785.0 -6285.0 -6287.0 -8046.0
-7384.0 -5598.0 -5081.0 -8051.0 -8733.0
-7509.0 -6112.0 -5251.0 -7950.0 -9316.0
-8558.0 -6063.0 -5945.0 -7078.0 -8984.0
-6108.0 -7284.0 -3946.0 -5399.0 -7289.0
-6772.0 -4667.0 -5764.0 -7616.0 -8136.0
-5874.0 -5226.0 -4802.0 -8245.0 -7841.0
-7353.0 -6864.0 -5207.0 -6624.0 -8809.0
-8175.0 -5730.0 -5628.0 -7637.0 -8804.0
-6330.0 -6562.0 -4326.0 -7554.0 -8225.0
-7219.0 -4874.0 -6356.0 -7099.0 -8518.0
-7140.0 -4612.0 -5489.0 -7839.0 -8756.0
-7759.0 -5694.0 -6120.0 -6908.0 -9151.0
-7709.0 -6604.0 -4858.0 -5862.0 -7622.0
-6777.0 -6769.0 -4918.0 -7037.0 -8607.0
-6956.0 -6858.0 -5493.0 -6815.0 -8334.0
-6839.0 -6234.0 -4852.0 -7700.0 -7807.0
-7281.0 -7022.0 -4768.0 -5704.0 -7106.0
-6527.0 -6925.0 -4497.0 -6633.0 -7711.0
-6823.0 -6107.0 -6045.0 -6332.0 -7989.0
-7112.0 -5565.0 -5941.0 -7314.0 -8294.0
-6780.0 -4904.0 -5042.0 -8200.0 -7898.0
-7622.0 -6476.0 -5870.0 -6502.0 -7822.0
-6932.0 -5860.0 -6251.0 -6101.0 -7601.0
-6509.0 -6651.0 -4901.0 -7332.0 -7952.0
-6782.0 -6870.0 -4487.0 -5964.0 -8278.0
-8019.0 -6482.0 -5584.0 -6311.0 -8297.0
-7862.0 -6536.0 -5733.0 -6770.0 -8391.0
-6624.0 -6197.0 -4594.0 -7701.0 -7938.0
-8139.0 -6422.0 -5394.0 -5844.0 -8562.0
-6048.0 -6102.0 -4305.0 -8114.0 -7736.0
-8280.0 -5548.0 -5250.0 -7122.0 -8627.0
-7227.0 -5111.0 -5634.0 -7683.0 -8280.0
-6954.0 -5780.0 -4545.0 -8069.0 -7793.0
-7063.0 -6167.0 -5908.0 -6600.0 -8558.0
-7376.0 -5361.0 -5803.0 -7467.0 -8971.0
-7558.0 -6602.0 -5595.0 -6460.0 -7620.0
-7666.0 -6058.0 -5102.0 -7491.0 -9222.0
-7450.0 -6714.0 -4665.0 -5231.0 -7131.0
-7485.0 -5114.0 -6009.0 -7236.0 -8583.0
-6892.0 -6315.0 -4611.0 -7406.0 -8593.0
-7845.0 -6147.0 -5677.0 -7269.0 -8949.0
-7866.0 -6550.0 -4709.0 -5403.0 -7528.0
-6495.0 -6309.0 -4897.0 -7597.0 -8118.0
-7884.0 -6477.0 -5404.0 -6513.0 -7995.0
-7444.0 -6780.0 -4722.0 -5336.0 -8286.0
-6313.0 -5196.0 -6116.0 -7144.0 -8461.0
-7222.0 -6567.0 -5169.0 -7141.0 -7987.0
-7099.0 -4934.0 -6131.0 -6768.0 -7221.0
-6945.0 -6987.0 -4342.0 -6385.0 -7473.0
-7683.0 -6447.0 -5158.0 -6992.0 -8664.0
-7286.0 -6441.0 -5444.0 -7183.0 -8189.0
-7863.0 -6421.0 -5273.0 -6570.0 -8708.0
-8111.0 -5856.0 -5353.0 -7595.0 -8602.0
-7378.0 -5805.0 -5594.0 -7451.0 -8359.0
-7573.0 -5724.0 -5974.0 -6546.0 -8457.0
-6431.0 -6435.0 -4622.0 -7555.0 -7916.0
-7205.0 -6178.0 -5113.0 -7640.0 -8545.0
-5996.0 -5696.0 -5961.0 -6792.0 -7539.0
-7778.0 -5911.0 -5745.0 -7137.0 -7897.0
-6665.0 -5358.0 -5349.0 -7831.0 -7912.0
-7415.0 -6329.0 -5141.0 -7287.0 -8009.0
-7665.0 -5911.0 -6010.0 -6245.0 -7844.0
-7113.0 -6804.0 -5344.0 -6356.0 -8240.0
-7269.0 -6052.0 -5388.0 -7682.0 -8747.0
-7236.0 -6240.0 -4566.0 -7509.0 -8282.0
-6321.0 -5433.0 -5394.0 -7728.0 -8223.0
-7071.0 -6404.0 -5186.0 -7184.0 -8320.0
-6863.0 -6960.0 -4923.0 -5952.0 -7344.0
