-5614.0 -8124.0 -7326.0 -8800.0 -7017.0
-5563.0 -8701.0 -6899.0 -8379.0 -6905.0
-5162.0 -8060.0 -7455.0 -8048.0 -7182.0
-4636.0 -6527.0 -6084.0 -6915.0 -7716.0
-5989.0 -6701.0 -5789.0 -6730.0 -6257.0
-4779.0 -7638.0 -5969.0 -7761.0 -7594.0
-4495.0 -7241.0 -7134.0 -7285.0 -7584.0
-4378.0 -6997.0 -6525.0 -7430.0 -7871.0
-5190.0 -6636.0 -5735.0 -7693.0 -7412.0
-5793.0 -7832.0 -6704.0 -7490.0 -6867.0
-4646.0 -7599.0 -7058.0 -8563.0 -7551.0
-5182.0 -7318.0 -6840.0 -7395.0 -7511.0
-4327.0 -7574.0 -6098.0 -7009.0 -7759.0
-5782.0 -7163.0 -7021.0 -7187.0 -6416.0
-4406.0 -7396.0 -6279.0 -7804.0 -7754.0
-5385.0 -7341.0 -6210.0 -7326.0 -7245.0
-4595.0 -8176.0 -6631.0 -8142.0 -7439.0
-4468.0 -6239.0 -6369.0 -7510.0 -7891.0
-6040.0 -6124.0 -6216.0 -7151.0 -6369.0
-4763.0 -8464.0 -6346.0 -7547.0 -7264.0
-5214.0 -8546.0 -7223.0 -8153.0 -7224.0
-5625.0 -7544.0 -6989.0 -8085.0 -7042.0
-4841.0 -6481.0 -6059.0 -7467.0 -7731.0
-4869.0 -6880.0 -5813.0 -7841.0 -7614.0
-5656.0 -8060.0 -5866.0 -7635.0 -6301.0
-5872.0 -6405.0 -6865.0 -7267.0 -6436.0
-4995.0 -7754.0 -6734.0 -8789.0 -7232.0
-5935.0 -6755.0 -5635.0 -6249.0 -6447.0
-5553.0 -8271.0 -7394.0 -8391.0 -6508.0
-4362.0 -7823.0 -6902.0 -7216.0 -7541.0
-4549.0 -7187.0 -7288.0 -7766.0 -7394.0
-5979.0 -6271.0 -6284.0 -6742.0 -5860.0
-5533.0 -5927.0 -6387.0 -7526.0 -7088.0
-5701.0 -6215.0 -6102.0 -6931.0 -6913.0
-5357.0 -6942.0 -6456.0 -6952.0 -7362.0
-5821.0 -6413.0 -6074.0 -7325.0 -6432.0
-4949.0 -6765.0 -7391.0 -8413.0 -7187.0
-4888.0 -6912.0 -7459.0 -8004.0 -6678.0
-4390.0 -8222.0 -6656.0 -7590.0 -7424.0
-5358.0 -6303.0 -6771.0 -7969.0 -7237.0
-4417.0 -6816.0 -5942.0 -7089.0 -7779.0
-5535.0 -8302.0 -7145.0 -8005.0 -7022.0
-4790.0 -7058.0 -5632.0 -7046.0 -7619.0
-5268.0 -7061.0 -6927.0 -7889.0 -7217.0
-5217.0 -7638.0 -6500.0 -7468.0 -7105.0
-4753.0 -6202.0 -6329.0 -7249.0 -7537.0
-4441.0 -7645.0 -7083.0 -8011.0 -7536.0
-4814.0 -7887.0 -6773.0 -7968.0 -7376.0
-4868.0 -7483.0 -6824.0 -7242.0 -7424.0
-4853.0 -7706.0 -6190.0 -7627.0 -7284.0
-4895.0 -6819.0 -7237.0 -7932.0 -7377.0
-5330.0 -8348.0 -7170.0 -7453.0 -7007.0
-4922.0 -7429.0 -6978.0 -7723.0 -7234.0
-4663.0 -6960.0 -6485.0 -7169.0 -7517.0
-5412.0 -6249.0 -6925.0 -8450.0 -7047.0
-5409.0 -6921.0 -7331.0 -7230.0 -6576.0
-4727.0 -7152.0 -6201.0 -7656.0 -7552.0
-5650.0 -6223.0 -5311.0 -6989.0 -6909.0
-5443.0 -6685.0 -6543.0 -7446.0 -7068.0
-4663.0 -7529.0 -6849.0 -6690.0 -7409.0
-4585.0 -7104.0 -5657.0 -6494.0 -7604.0
-4817.0 -7634.0 -6511.0 -7845.0 -7314.0
-5420.0 -7590.0 -7014.0 -7533.0 -7027.0
-5925.0 -6325.0 -6130.0 -6261.0 -6050.0
-5526.0 -6591.0 -6486.0 -7374.0 -7062.0
-5253.0 -7284.0 -6293.0 -8274.0 -7077.0
-4762.0 -7401.0 -7005.0 -7863.0 -7334.0
-5322.0 -7007.0 -7081.0 -8370.0 -7027.0
-5070.0 -6443.0 -6853.0 -7489.0 -7228.0
