-8461.0 -5539.0 -6213.0 -7116.0 -7716.0
-6986.0 -5068.0 -6829.0 -6043.0 -6596.0
-6815.0 -6155.0 -4789.0 -5569.0 -8333.0
-7054.0 -4154.0 -7054.0 -5531.0 -4829.0
-6726.0 -5740.0 -4714.0 -5984.0 -8619.0
-7709.0 -5734.0 -5530.0 -6284.0 -8153.0
-6792.0 -4124.0 -6334.0 -6083.0 -6878.0
-7606.0 -5615.0 -5442.0 -6577.0 -8311.0
-7468.0 -4678.0 -5685.0 -6334.0 -7790.0
-6875.0 -6132.0 -4785.0 -6241.0 -8488.0
-7649.0 -5757.0 -5534.0 -5612.0 -7998.0
-6653.0 -3813.0 -6903.0 -5362.0 -5137.0
-6987.0 -5879.0 -5454.0 -6409.0 -8255.0
-7514.0 -3979.0 -6410.0 -5958.0 -6776.0
-7374.0 -4956.0 -6575.0 -5790.0 -6688.0
-7995.0 -5171.0 -5873.0 -6743.0 -7727.0
-6581.0 -4270.0 -6638.0 -5786.0 -6631.0
