-6141.0 -5272.0 -6604.0 -5667.0 -5991.0
-6445.0 -4454.0 -7640.0 -4765.0 -7138.0
-7666.0 -4899.0 -7593.0 -5337.0 -6171.0
-6465.0 -5011.0 -6590.0 -5765.0 -5800.0
-6198.0 -3735.0 -7953.0 -3835.0 -7566.0
-6295.0 -4135.0 -7247.0 -4198.0 -7204.0
-6542.0 -4854.0 -6934.0 -5128.0 -6776.0
-5841.0 -4057.0 -6408.0 -3950.0 -7229.0
-6866.0 -4593.0 -6920.0 -5226.0 -6585.0
-5818.0 -3997.0 -7373.0 -3946.0 -7291.0
-5431.0 -3548.0 -6305.0 -3941.0 -7308.0
-5324.0 -4919.0 -5380.0 -5814.0 -5084.0
-6044.0 -4872.0 -7310.0 -5304.0 -6353.0
-5595.0 -4884.0 -6717.0 -4809.0 -6836.0
-6165.0 -5445.0 -6966.0 -5403.0 -6091.0
