-7233.0 -7394.0 -8110.0 -7595.0 -8120.0
-5755.0 -7696.0 -7607.0 -6703.0 -6306.0
-6321.0 -6936.0 -8858.0 -7987.0 -7663.0
-7760.0 -6771.0 -7506.0 -6693.0 -7305.0
-6713.0 -7351.0 -8379.0 -8112.0 -7774.0
-6066.0 -7162.0 -8944.0 -7871.0 -7073.0
-6289.0 -7757.0 -6760.0 -6125.0 -5804.0
-6659.0 -7164.0 -8542.0 -7764.0 -7082.0
-7247.0 -7240.0 -7692.0 -7565.0 -7849.0
-7870.0 -6329.0 -6151.0 -6033.0 -6499.0
-5503.0 -7432.0 -8731.0 -7766.0 -6360.0
-6404.0 -7390.0 -8628.0 -7648.0 -6492.0
-5549.0 -7539.0 -8648.0 -7329.0 -7332.0
-7439.0 -7551.0 -7069.0 -6969.0 -7094.0
-6083.0 -7600.0 -7801.0 -6751.0 -6830.0
-6676.0 -7602.0 -7399.0 -6644.0 -6839.0
-7240.0 -6728.0 -7775.0 -7210.0 -6959.0
-7179.0 -7207.0 -8273.0 -7247.0 -7428.0
-5563.0 -7557.0 -8070.0 -7268.0 -6484.0
-6598.0 -7205.0 -8467.0 -8101.0 -7553.0
-7784.0 -6422.0 -6401.0 -6131.0 -6553.0
-7645.0 -6625.0 -7594.0 -6682.0 -7084.0
-7118.0 -7248.0 -8198.0 -7584.0 -7899.0
-6561.0 -7456.0 -7487.0 -6633.0 -6618.0
-7324.0 -7405.0 -7157.0 -6958.0 -6873.0
-6029.0 -7413.0 -7964.0 -6403.0 -6138.0
-7239.0 -7332.0 -7612.0 -6749.0 -7552.0
