-8380.0 -7384.0 -6931.0 -6523.0 -7050.0
-8507.0 -8317.0 -6010.0 -7026.0 -7469.0
-8045.0 -6761.0 -7753.0 -7034.0 -6133.0
-8756.0 -7151.0 -6618.0 -7735.0 -6765.0
-9005.0 -7571.0 -5768.0 -6769.0 -8294.0
-9151.0 -7110.0 -6482.0 -7342.0 -7001.0
-8111.0 -7373.0 -7189.0 -7510.0 -6028.0
-8366.0 -7827.0 -6320.0 -6289.0 -7755.0
-8916.0 -7298.0 -5575.0 -7235.0 -7825.0
-8191.0 -7351.0 -6099.0 -6300.0 -7898.0
-8288.0 -6566.0 -7338.0 -6632.0 -6395.0
-9172.0 -7909.0 -5877.0 -7277.0 -7260.0
-8471.0 -6704.0 -6726.0 -6555.0 -7258.0
-8156.0 -6914.0 -6909.0 -7658.0 -6212.0
-8421.0 -8114.0 -5982.0 -6571.0 -8081.0
-8506.0 -7332.0 -7053.0 -7117.0 -6264.0
-8309.0 -7637.0 -7054.0 -6960.0 -6106.0
-7124.0 -6846.0 -7350.0 -6484.0 -5678.0
-8172.0 -7694.0 -6832.0 -7537.0 -6552.0
-8406.0 -7572.0 -6414.0 -6428.0 -7581.0
-8640.0 -7146.0 -6966.0 -6799.0 -6917.0
-8492.0 -7775.0 -6442.0 -6883.0 -6969.0
-8245.0 -7187.0 -7102.0 -7192.0 -6681.0
-7997.0 -7218.0 -6611.0 -7548.0 -6695.0
-8962.0 -7077.0 -5650.0 -7119.0 -7849.0
-9050.0 -8098.0 -6033.0 -7111.0 -6915.0
-9091.0 -7774.0 -5796.0 -7224.0 -7682.0
-7759.0 -6793.0 -7561.0 -7343.0 -5506.0
-9131.0 -7519.0 -5890.0 -7363.0 -7508.0
-8411.0 -7368.0 -6040.0 -6437.0 -7939.0
-8541.0 -6930.0 -6303.0 -7607.0 -7082.0
-8112.0 -6909.0 -5124.0 -6132.0 -8338.0
-8451.0 -7113.0 -6134.0 -6576.0 -7765.0
-8581.0 -6675.0 -6397.0 -7746.0 -6908.0
-8626.0 -7589.0 -6355.0 -6565.0 -7622.0
-8936.0 -6889.0 -6167.0 -7214.0 -7318.0
-8465.0 -6670.0 -6745.0 -6810.0 -7060.0
-8274.0 -7009.0 -6727.0 -6398.0 -7100.0
-8574.0 -7983.0 -6398.0 -7041.0 -7007.0
-8025.0 -7170.0 -7161.0 -7055.0 -6640.0
-7956.0 -6488.0 -7560.0 -7500.0 -5664.0
-8090.0 -6302.0 -7473.0 -7182.0 -6317.0
-8547.0 -8062.0 -6104.0 -7165.0 -7295.0
-8486.0 -7741.0 -6461.0 -7138.0 -6771.0
-7985.0 -7425.0 -7067.0 -6916.0 -6814.0
-8405.0 -7334.0 -6059.0 -6692.0 -7741.0
-8706.0 -7758.0 -6402.0 -7275.0 -6812.0
-8378.0 -7620.0 -5864.0 -6921.0 -7636.0
-8443.0 -7451.0 -6967.0 -6642.0 -6759.0
-7830.0 -6540.0 -7438.0 -6906.0 -6450.0
-7942.0 -6931.0 -6949.0 -7266.0 -6369.0
-7936.0 -6897.0 -6968.0 -7521.0 -6171.0
-7957.0 -7473.0 -6517.0 -7409.0 -6869.0
-8620.0 -7555.0 -6374.0 -6820.0 -7424.0
-8420.0 -7129.0 -7025.0 -6662.0 -6876.0
-8567.0 -7653.0 -6696.0 -7144.0 -6788.0
-8976.0 -6634.0 -6261.0 -7353.0 -7144.0
-8446.0 -7996.0 -6367.0 -6999.0 -6945.0
-8070.0 -6711.0 -6881.0 -7203.0 -6824.0
-7519.0 -6805.0 -7214.0 -6091.0 -5914.0
-7870.0 -6285.0 -7532.0 -7045.0 -6276.0
-8332.0 -7841.0 -5789.0 -7037.0 -7612.0
-8352.0 -7432.0 -6381.0 -7016.0 -7105.0
-7893.0 -6607.0 -7474.0 -7025.0 -6159.0
-8076.0 -6745.0 -6862.0 -6948.0 -7022.0
-8030.0 -6966.0 -6787.0 -7064.0 -6998.0
-8580.0 -7810.0 -6280.0 -6681.0 -7598.0
-8425.0 -6925.0 -6651.0 -6671.0 -7234.0
-7896.0 -7152.0 -6874.0 -7382.0 -6345.0
-8228.0 -7230.0 -6652.0 -6514.0 -7076.0
-8223.0 -7434.0 -7026.0 -6505.0 -6718.0
-7856.0 -6728.0 -6921.0 -6811.0 -6981.0
-8531.0 -7282.0 -6181.0 -7286.0 -6955.0
-8205.0 -6908.0 -6710.0 -6534.0 -7193.0
-8360.0 -7793.0 -6339.0 -6544.0 -7557.0
-8271.0 -7520.0 -6146.0 -7010.0 -7088.0
-8537.0 -7316.0 -6162.0 -7031.0 -7153.0
-8392.0 -7177.0 -6475.0 -7155.0 -6931.0
-7810.0 -6949.0 -6846.0 -6927.0 -6957.0
-8317.0 -7299.0 -6221.0 -6894.0 -7112.0
