-8092.0 -6465.0 -6060.0 -6985.0 -6848.0
-7578.0 -6918.0 -6301.0 -5877.0 -5325.0
-7458.0 -5602.0 -5294.0 -7869.0 -6882.0
-8005.0 -6294.0 -5812.0 -7431.0 -5934.0
-7201.0 -5083.0 -4794.0 -8030.0 -6453.0
-7546.0 -7131.0 -6207.0 -4976.0 -5611.0
-7273.0 -6057.0 -5767.0 -7621.0 -6234.0
-7743.0 -6363.0 -6341.0 -7205.0 -6242.0
-7851.0 -6630.0 -6547.0 -6952.0 -5990.0
-7379.0 -6734.0 -6812.0 -6185.0 -5581.0
-8722.0 -5581.0 -5291.0 -7966.0 -6675.0
-8165.0 -6681.0 -6285.0 -6594.0 -5943.0
-7742.0 -5642.0 -4898.0 -7795.0 -6802.0
-7384.0 -6369.0 -6295.0 -7027.0 -5872.0
-7762.0 -6683.0 -6339.0 -6213.0 -5395.0
-7854.0 -6675.0 -6869.0 -6611.0 -5880.0
-7524.0 -7022.0 -6074.0 -5276.0 -5383.0
-7556.0 -6809.0 -6168.0 -6177.0 -5097.0
-7175.0 -6920.0 -6355.0 -5496.0 -4777.0
