-6141.0 -5272.0 -6604.0 -5667.0 -5991.0
-6445.0 -4454.0 -7640.0 -4765.0 -7138.0
-5497.0 -5115.0 -6536.0 -3636.0 -6724.0
-7666.0 -4899.0 -7593.0 -5337.0 -6171.0
-6465.0 -5011.0 -6590.0 -5765.0 -5800.0
-6198.0 -3735.0 -7953.0 -3835.0 -7566.0
-6115.0 -5783.0 -6531.0 -5005.0 -5120.0
-6295.0 -4135.0 -7247.0 -4198.0 -7204.0
-6542.0 -4854.0 -6934.0 -5128.0 -6776.0
-6783.0 -5564.0 -6340.0 -4850.0 -5687.0
-4815.0 -6005.0 -6094.0 -4433.0 -4907.0
-5841.0 -4057.0 -6408.0 -3950.0 -7229.0
-5188.0 -5609.0 -7308.0 -4014.0 -5908.0
-6866.0 -4593.0 -6920.0 -5226.0 -6585.0
-5818.0 -3997.0 -7373.0 -3946.0 -7291.0
-5948.0 -5990.0 -6357.0 -3902.0 -5409.0
-4995.0 -5457.0 -5961.0 -3514.0 -6331.0
-5650.0 -5579.0 -6077.0 -5381.0 -5185.0
-5431.0 -3548.0 -6305.0 -3941.0 -7308.0
-4747.0 -6102.0 -5354.0 -4330.0 -5038.0
-5324.0 -4919.0 -5380.0 -5814.0 -5084.0
-6044.0 -4872.0 -7310.0 -5304.0 -6353.0
-5554.0 -5053.0 -7228.0 -3903.0 -7006.0
-5619.0 -5057.0 -7079.0 -4545.0 -6936.0
-5458.0 -5498.0 -6662.0 -5480.0 -5597.0
-5595.0 -4884.0 -6717.0 -4809.0 -6836.0
-5806.0 -5369.0 -6079.0 -4559.0 -6279.0
-5989.0 -5821.0 -5846.0 -4808.0 -5239.0
-5582.0 -5676.0 -5337.0 -5278.0 -5316.0
-6095.0 -5226.0 -7581.0 -4005.0 -6458.0
-5433.0 -6124.0 -5468.0 -3880.0 -4503.0
-5149.0 -5379.0 -5373.0 -5698.0 -4769.0
-5120.0 -5706.0 -6568.0 -3911.0 -6039.0
-5697.0 -4490.0 -6510.0 -3674.0 -7030.0
-4915.0 -5967.0 -5924.0 -4410.0 -5684.0
-5595.0 -4487.0 -6275.0 -3543.0 -7044.0
-6165.0 -5445.0 -6966.0 -5403.0 -6091.0
-6237.0 -5176.0 -6453.0 -3992.0 -6532.0
-5618.0 -4436.0 -6062.0 -3646.0 -7201.0
-5632.0 -4486.0 -6659.0 -3032.0 -7100.0
-6172.0 -5172.0 -6602.0 -3350.0 -6602.0
-4983.0 -5870.0 -6664.0 -4513.0 -5553.0
-5562.0 -5119.0 -6387.0 -4278.0 -6654.0
-5161.0 -5537.0 -6057.0 -4817.0 -5869.0
-6068.0 -5045.0 -7672.0 -5040.0 -6453.0
-5096.0 -5533.0 -6206.0 -4175.0 -5939.0
-5681.0 -5345.0 -5655.0 -5637.0 -5184.0
-6040.0 -5196.0 -6359.0 -5006.0 -6383.0
-5417.0 -5667.0 -7173.0 -4574.0 -5767.0
-5805.0 -5297.0 -5683.0 -5582.0 -5344.0
-5372.0 -4866.0 -5929.0 -3239.0 -7016.0
-6100.0 -5441.0 -7115.0 -4761.0 -6161.0
-5660.0 -4491.0 -6126.0 -4185.0 -6974.0
-6227.0 -5508.0 -5359.0 -5020.0 -5726.0
-4834.0 -5898.0 -5544.0 -4449.0 -4992.0
-6016.0 -5023.0 -5997.0 -5270.0 -6283.0
-5975.0 -5192.0 -6508.0 -4364.0 -6453.0
-5138.0 -5588.0 -6270.0 -4714.0 -5712.0
-5601.0 -5989.0 -6038.0 -3960.0 -5149.0
-5175.0 -5587.0 -6654.0 -4203.0 -5768.0
-5517.0 -5672.0 -5486.0 -4636.0 -5386.0
