-8092.0 -6465.0 -6060.0 -6985.0 -6848.0
-7578.0 -6918.0 -6301.0 -5877.0 -5325.0
-7458.0 -5602.0 -5294.0 -7869.0 -6882.0
-7817.0 -5611.0 -5685.0 -6318.0 -7990.0
-8005.0 -6294.0 -5812.0 -7431.0 -5934.0
-7201.0 -5083.0 -4794.0 -8030.0 -6453.0
-7829.0 -5813.0 -5146.0 -7349.0 -7716.0
-7546.0 -7131.0 -6207.0 -4976.0 -5611.0
-6950.0 -6139.0 -6132.0 -7390.0 -6294.0
-7273.0 -6057.0 -5767.0 -7621.0 -6234.0
-7631.0 -6342.0 -6353.0 -5109.0 -7560.0
-7743.0 -6363.0 -6341.0 -7205.0 -6242.0
-8296.0 -5167.0 -5357.0 -7622.0 -7312.0
-8060.0 -6801.0 -6609.0 -5112.0 -6813.0
-7949.0 -6489.0 -6081.0 -5706.0 -7175.0
-7851.0 -6630.0 -6547.0 -6952.0 -5990.0
-6674.0 -5438.0 -5309.0 -6734.0 -7975.0
-8200.0 -6855.0 -6909.0 -5760.0 -6275.0
-7379.0 -6734.0 -6812.0 -6185.0 -5581.0
-8722.0 -5581.0 -5291.0 -7966.0 -6675.0
-7253.0 -6028.0 -6309.0 -5923.0 -8037.0
-7571.0 -6175.0 -6037.0 -6520.0 -7652.0
-7285.0 -5815.0 -6403.0 -6824.0 -7751.0
-7185.0 -6651.0 -6741.0 -4997.0 -7041.0
-8165.0 -6681.0 -6285.0 -6594.0 -5943.0
-7470.0 -6993.0 -6303.0 -4736.0 -6305.0
-7742.0 -5642.0 -4898.0 -7795.0 -6802.0
-7316.0 -5228.0 -4964.0 -7451.0 -7439.0
-8649.0 -5488.0 -5709.0 -7385.0 -7259.0
-7679.0 -6442.0 -6243.0 -6267.0 -7400.0
-6775.0 -4669.0 -4860.0 -7686.0 -7090.0
-7384.0 -6369.0 -6295.0 -7027.0 -5872.0
-8170.0 -5932.0 -6037.0 -6081.0 -7937.0
-7762.0 -6683.0 -6339.0 -6213.0 -5395.0
-7854.0 -6675.0 -6869.0 -6611.0 -5880.0
-7524.0 -7022.0 -6074.0 -5276.0 -5383.0
-7556.0 -6809.0 -6168.0 -6177.0 -5097.0
-8057.0 -6756.0 -6287.0 -5453.0 -6923.0
-8242.0 -6301.0 -5814.0 -5701.0 -7571.0
-8315.0 -6394.0 -5396.0 -6282.0 -6987.0
-8243.0 -6025.0 -5619.0 -6662.0 -7353.0
-7473.0 -7038.0 -6625.0 -4395.0 -6195.0
-7175.0 -6920.0 -6355.0 -5496.0 -4777.0
-8133.0 -6894.0 -6191.0 -5693.0 -6229.0
-7358.0 -5908.0 -5985.0 -7405.0 -7167.0
-8036.0 -6175.0 -6074.0 -7200.0 -6638.0
-7426.0 -5815.0 -5200.0 -6968.0 -7168.0
-7995.0 -6616.0 -5851.0 -6230.0 -6448.0
-7755.0 -6580.0 -6147.0 -6507.0 -6706.0
-8275.0 -5812.0 -5713.0 -7563.0 -7067.0
-7566.0 -5869.0 -5500.0 -7616.0 -6630.0
-8347.0 -6181.0 -5490.0 -7183.0 -6701.0
-7406.0 -6478.0 -6428.0 -6727.0 -6100.0
-7973.0 -6507.0 -5718.0 -6530.0 -6220.0
-8025.0 -6627.0 -5985.0 -5946.0 -6481.0
-6874.0 -6001.0 -6228.0 -7150.0 -6988.0
-7448.0 -5924.0 -5333.0 -6668.0 -7396.0
-7413.0 -6710.0 -5546.0 -5870.0 -5745.0
-7515.0 -5885.0 -6051.0 -6735.0 -7442.0
-8092.0 -6588.0 -6703.0 -6013.0 -6527.0
-8022.0 -6582.0 -5663.0 -6287.0 -6591.0
-7218.0 -5854.0 -5685.0 -6757.0 -7705.0
-7784.0 -6792.0 -6472.0 -5913.0 -5623.0
-7261.0 -6789.0 -6645.0 -5237.0 -6347.0
-7150.0 -6477.0 -6117.0 -5831.0 -6709.0
-7644.0 -6268.0 -5619.0 -7101.0 -7068.0
-7277.0 -6346.0 -6084.0 -6667.0 -6950.0
-7588.0 -5978.0 -5633.0 -7316.0 -6858.0
-7647.0 -6313.0 -5941.0 -6760.0 -6958.0
-7258.0 -6744.0 -6323.0 -5578.0 -6457.0
-7480.0 -5711.0 -5427.0 -7569.0 -7110.0
-7295.0 -6166.0 -5900.0 -7321.0 -6462.0
-7236.0 -6635.0 -6190.0 -5878.0 -6229.0
-8274.0 -6088.0 -5908.0 -6602.0 -7285.0
-7708.0 -6654.0 -6568.0 -5673.0 -6317.0
-8207.0 -6127.0 -5190.0 -6535.0 -7239.0
