-7090.0 -5846.0 -8500.0 -7664.0 -8645.0
-5984.0 -5667.0 -7754.0 -8355.0 -8154.0
-7724.0 -5098.0 -7786.0 -6622.0 -8150.0
-7370.0 -5861.0 -8380.0 -7363.0 -8648.0
-6290.0 -4998.0 -8321.0 -7794.0 -8252.0
-6252.0 -5925.0 -7172.0 -8069.0 -7470.0
-7867.0 -5536.0 -7681.0 -6468.0 -8741.0
-6190.0 -5641.0 -7630.0 -8111.0 -8125.0
-7606.0 -5409.0 -7768.0 -7342.0 -8246.0
-6690.0 -6152.0 -7345.0 -7673.0 -8022.0
-7227.0 -5423.0 -8485.0 -7517.0 -8057.0
-6284.0 -5589.0 -7513.0 -7877.0 -7471.0
-7701.0 -5020.0 -7830.0 -6744.0 -8129.0
-7755.0 -5691.0 -7635.0 -6500.0 -8648.0
-7345.0 -5823.0 -6826.0 -7366.0 -7897.0
