-6706.0 -7014.0 -5072.0 -6411.0 -7438.0
-7509.0 -6112.0 -5251.0 -7950.0 -9316.0
-6108.0 -7284.0 -3946.0 -5399.0 -7289.0
-5874.0 -5226.0 -4802.0 -8245.0 -7841.0
-6330.0 -6562.0 -4326.0 -7554.0 -8225.0
-6777.0 -6769.0 -4918.0 -7037.0 -8607.0
-6956.0 -6858.0 -5493.0 -6815.0 -8334.0
-6839.0 -6234.0 -4852.0 -7700.0 -7807.0
-7281.0 -7022.0 -4768.0 -5704.0 -7106.0
-6527.0 -6925.0 -4497.0 -6633.0 -7711.0
-6509.0 -6651.0 -4901.0 -7332.0 -7952.0
-6624.0 -6197.0 -4594.0 -7701.0 -7938.0
-6048.0 -6102.0 -4305.0 -8114.0 -7736.0
-6495.0 -6309.0 -4897.0 -7597.0 -8118.0
-6431.0 -6435.0 -4622.0 -7555.0 -7916.0
