-7233.0 -7394.0 -8110.0 -7595.0 -8120.0
-5755.0 -7696.0 -7607.0 -6703.0 -6306.0
-6321.0 -6936.0 -8858.0 -7987.0 -7663.0
-5677.0 -7558.0 -6838.0 -6643.0 -7182.0
-7760.0 -6771.0 -7506.0 -6693.0 -7305.0
-6713.0 -7351.0 -8379.0 -8112.0 -7774.0
-6066.0 -7162.0 -8944.0 -7871.0 -7073.0
-7257.0 -7045.0 -7005.0 -7033.0 -7368.0
-6289.0 -7757.0 -6760.0 -6125.0 -5804.0
-6659.0 -7164.0 -8542.0 -7764.0 -7082.0
-7247.0 -7240.0 -7692.0 -7565.0 -7849.0
-7870.0 -6329.0 -6151.0 -6033.0 -6499.0
-5503.0 -7432.0 -8731.0 -7766.0 -6360.0
-6404.0 -7390.0 -8628.0 -7648.0 -6492.0
-6633.0 -7187.0 -8257.0 -8360.0 -7946.0
-5549.0 -7539.0 -8648.0 -7329.0 -7332.0
-7439.0 -7551.0 -7069.0 -6969.0 -7094.0
-6083.0 -7600.0 -7801.0 -6751.0 -6830.0
-7359.0 -7387.0 -6947.0 -7217.0 -7266.0
-6676.0 -7602.0 -7399.0 -6644.0 -6839.0
-7240.0 -6728.0 -7775.0 -7210.0 -6959.0
-6389.0 -6969.0 -8277.0 -8305.0 -8084.0
-5837.0 -6713.0 -8569.0 -7122.0 -7829.0
-6274.0 -6823.0 -8365.0 -8294.0 -7863.0
-7179.0 -7207.0 -8273.0 -7247.0 -7428.0
-5531.0 -7641.0 -6531.0 -6270.0 -7008.0
-5563.0 -7557.0 -8070.0 -7268.0 -6484.0
-7790.0 -6165.0 -6029.0 -6281.0 -6671.0
-6598.0 -7205.0 -8467.0 -8101.0 -7553.0
-7784.0 -6422.0 -6401.0 -6131.0 -6553.0
-7645.0 -6625.0 -7594.0 -6682.0 -7084.0
-5380.0 -7738.0 -5373.0 -6012.0 -5929.0
-5600.0 -7167.0 -8482.0 -8230.0 -6724.0
-7118.0 -7248.0 -8198.0 -7584.0 -7899.0
-7343.0 -6952.0 -6755.0 -6935.0 -7314.0
-5786.0 -7608.0 -6496.0 -6151.0 -6154.0
-6561.0 -7456.0 -7487.0 -6633.0 -6618.0
-7324.0 -7405.0 -7157.0 -6958.0 -6873.0
-6029.0 -7413.0 -7964.0 -6403.0 -6138.0
-7239.0 -7332.0 -7612.0 -6749.0 -7552.0
-5646.0 -7274.0 -8399.0 -7793.0 -7696.0
-6483.0 -7572.0 -6599.0 -6578.0 -6865.0
-6596.0 -7438.0 -7277.0 -6892.0 -7011.0
-5617.0 -7433.0 -7499.0 -7141.0 -7058.0
-5563.0 -7385.0 -8230.0 -7299.0 -7061.0
-6372.0 -7474.0 -7089.0 -6650.0 -7016.0
-7318.0 -7004.0 -7080.0 -6696.0 -6897.0
