-5025.0 -6896.0 -5417.0 -6556.0 -6094.0
-6190.0 -5664.0 -6955.0 -6239.0 -5990.0
-4917.0 -6010.0 -5902.0 -6183.0 -7464.0
-5876.0 -6407.0 -6807.0 -6177.0 -6864.0
-4665.0 -5287.0 -5663.0 -6671.0 -7745.0
-5239.0 -6979.0 -6404.0 -6505.0 -5628.0
-5558.0 -5057.0 -7039.0 -4431.0 -5060.0
-6000.0 -5438.0 -6471.0 -5602.0 -7067.0
-5272.0 -5342.0 -5380.0 -5811.0 -7482.0
-5063.0 -6306.0 -5709.0 -6132.0 -7105.0
-4764.0 -4889.0 -6134.0 -5230.0 -7184.0
-5367.0 -6860.0 -6489.0 -6290.0 -6604.0
-4864.0 -6220.0 -6837.0 -5440.0 -6111.0
-4930.0 -4316.0 -7088.0 -5786.0 -4406.0
-5690.0 -6642.0 -6601.0 -6152.0 -6037.0
-4302.0 -6036.0 -5152.0 -6733.0 -7126.0
-5167.0 -5820.0 -6908.0 -5081.0 -5911.0
-5735.0 -5924.0 -6594.0 -5959.0 -7028.0
-5325.0 -6486.0 -6604.0 -5904.0 -6154.0
-4611.0 -5514.0 -7012.0 -5854.0 -5317.0
-4716.0 -6529.0 -5043.0 -6667.0 -6790.0
-4974.0 -5654.0 -6037.0 -6560.0 -7049.0
-5680.0 -6104.0 -6857.0 -4985.0 -5591.0
-5198.0 -5894.0 -6858.0 -5480.0 -5660.0
-5115.0 -6137.0 -6250.0 -6778.0 -6885.0
-4924.0 -6460.0 -5316.0 -6363.0 -6691.0
-5239.0 -5168.0 -5914.0 -6203.0 -7088.0
