-8380.0 -7384.0 -6931.0 -6523.0 -7050.0
-8045.0 -6761.0 -7753.0 -7034.0 -6133.0
-9005.0 -7571.0 -5768.0 -6769.0 -8294.0
-8366.0 -7827.0 -6320.0 -6289.0 -7755.0
-8191.0 -7351.0 -6099.0 -6300.0 -7898.0
-8471.0 -6704.0 -6726.0 -6555.0 -7258.0
-8421.0 -8114.0 -5982.0 -6571.0 -8081.0
-8406.0 -7572.0 -6414.0 -6428.0 -7581.0
-8640.0 -7146.0 -6966.0 -6799.0 -6917.0
-8245.0 -7187.0 -7102.0 -7192.0 -6681.0
-8411.0 -7368.0 -6040.0 -6437.0 -7939.0
-8112.0 -6909.0 -5124.0 -6132.0 -8338.0
-8451.0 -7113.0 -6134.0 -6576.0 -7765.0
-8626.0 -7589.0 -6355.0 -6565.0 -7622.0
-8465.0 -6670.0 -6745.0 -6810.0 -7060.0
-8274.0 -7009.0 -6727.0 -6398.0 -7100.0
-8025.0 -7170.0 -7161.0 -7055.0 -6640.0
-8090.0 -6302.0 -7473.0 -7182.0 -6317.0
-7985.0 -7425.0 -7067.0 -6916.0 -6814.0
-7830.0 -6540.0 -7438.0 -6906.0 -6450.0
-8420.0 -7129.0 -7025.0 -6662.0 -6876.0
-7870.0 -6285.0 -7532.0 -7045.0 -6276.0
