-8461.0 -5539.0 -6213.0 -7116.0 -7716.0
-5904.0 -6344.0 -4964.0 -5616.0 -7028.0
-6986.0 -5068.0 -6829.0 -6043.0 -6596.0
-7415.0 -4486.0 -5341.0 -7534.0 -5885.0
-6815.0 -6155.0 -4789.0 -5569.0 -8333.0
-5854.0 -6705.0 -3537.0 -4396.0 -7230.0
-7054.0 -4154.0 -7054.0 -5531.0 -4829.0
-6769.0 -6043.0 -4442.0 -6536.0 -7065.0
-6726.0 -5740.0 -4714.0 -5984.0 -8619.0
-7833.0 -6096.0 -5199.0 -6081.0 -7030.0
-7281.0 -5486.0 -6478.0 -6261.0 -6071.0
-7709.0 -5734.0 -5530.0 -6284.0 -8153.0
-7816.0 -4827.0 -5492.0 -7703.0 -5577.0
-7356.0 -5359.0 -4502.0 -7361.0 -7064.0
-6359.0 -6436.0 -4440.0 -5374.0 -7569.0
-7945.0 -5843.0 -5868.0 -6249.0 -6797.0
-6952.0 -5748.0 -4849.0 -6774.0 -7137.0
-6792.0 -4124.0 -6334.0 -6083.0 -6878.0
-7010.0 -6333.0 -4778.0 -5179.0 -7162.0
-6142.0 -6023.0 -5695.0 -6157.0 -6352.0
-7795.0 -4758.0 -6200.0 -7411.0 -6039.0
-7478.0 -5292.0 -4663.0 -6612.0 -7980.0
-7606.0 -5615.0 -5442.0 -6577.0 -8311.0
-5564.0 -6144.0 -5316.0 -4644.0 -6383.0
-7468.0 -4678.0 -5685.0 -6334.0 -7790.0
-7385.0 -4397.0 -6598.0 -6755.0 -5247.0
-8004.0 -5953.0 -5074.0 -5542.0 -7967.0
-6873.0 -5506.0 -6352.0 -6493.0 -6175.0
-6875.0 -6132.0 -4785.0 -6241.0 -8488.0
-7422.0 -5141.0 -3947.0 -7459.0 -6893.0
-7649.0 -5757.0 -5534.0 -5612.0 -7998.0
-7915.0 -4320.0 -6561.0 -6127.0 -6468.0
-6703.0 -6261.0 -4997.0 -6438.0 -7236.0
-7600.0 -5373.0 -6706.0 -6520.0 -6077.0
-6712.0 -5669.0 -5603.0 -7032.0 -6473.0
-7805.0 -5466.0 -5582.0 -7339.0 -7647.0
-8256.0 -4743.0 -4692.0 -7502.0 -6558.0
-6311.0 -6291.0 -4676.0 -5970.0 -6979.0
-7098.0 -5781.0 -6071.0 -6023.0 -5999.0
-6653.0 -3813.0 -6903.0 -5362.0 -5137.0
-7081.0 -6291.0 -4516.0 -5249.0 -7467.0
-7745.0 -4869.0 -5754.0 -7633.0 -5272.0
-7627.0 -5684.0 -4734.0 -6869.0 -7849.0
-7425.0 -6116.0 -5073.0 -6313.0 -7134.0
-6987.0 -5879.0 -5454.0 -6409.0 -8255.0
-5690.0 -6317.0 -3574.0 -5181.0 -8037.0
-8529.0 -4625.0 -6438.0 -6604.0 -5949.0
-7633.0 -5122.0 -5085.0 -7465.0 -5505.0
-7657.0 -3821.0 -6443.0 -7168.0 -5518.0
-7670.0 -5906.0 -4939.0 -6505.0 -8165.0
-5951.0 -6456.0 -4314.0 -5606.0 -7673.0
-7985.0 -4463.0 -6491.0 -6815.0 -6119.0
-5499.0 -6509.0 -3997.0 -4466.0 -7261.0
-7514.0 -3979.0 -6410.0 -5958.0 -6776.0
-7534.0 -4888.0 -4616.0 -7627.0 -6660.0
-6363.0 -6061.0 -5349.0 -5466.0 -6591.0
-7074.0 -5151.0 -4470.0 -6644.0 -7890.0
-6604.0 -5807.0 -4553.0 -6733.0 -7703.0
-5452.0 -6397.0 -4647.0 -4476.0 -6616.0
-7624.0 -5714.0 -4479.0 -6871.0 -6268.0
-7063.0 -5843.0 -4625.0 -6598.0 -6340.0
-6864.0 -4449.0 -6763.0 -6127.0 -4749.0
-7223.0 -5543.0 -4541.0 -6901.0 -7759.0
-7662.0 -5622.0 -6180.0 -6294.0 -7508.0
-6838.0 -5568.0 -4906.0 -7068.0 -6516.0
-6484.0 -6354.0 -4589.0 -5405.0 -6811.0
-6447.0 -5884.0 -5733.0 -6218.0 -6406.0
-6129.0 -6158.0 -5049.0 -5475.0 -6842.0
-7351.0 -5183.0 -4209.0 -7389.0 -6588.0
-7537.0 -5863.0 -5742.0 -6481.0 -6901.0
-7007.0 -4648.0 -5162.0 -7422.0 -6925.0
-7374.0 -4956.0 -6575.0 -5790.0 -6688.0
-4993.0 -6539.0 -4030.0 -3800.0 -5591.0
-6803.0 -5363.0 -6422.0 -5805.0 -6524.0
-7995.0 -5171.0 -5873.0 -6743.0 -7727.0
-7394.0 -4417.0 -6049.0 -7242.0 -6347.0
-7617.0 -5229.0 -6086.0 -7145.0 -6443.0
-7234.0 -5953.0 -5234.0 -6263.0 -7479.0
-6894.0 -5575.0 -5644.0 -6785.0 -5713.0
-5685.0 -6437.0 -4556.0 -4583.0 -6603.0
-7165.0 -5581.0 -6189.0 -6278.0 -7424.0
-6879.0 -5757.0 -5694.0 -6333.0 -7510.0
-7184.0 -5251.0 -6284.0 -6386.0 -6608.0
-7584.0 -4122.0 -6340.0 -6646.0 -6427.0
-7488.0 -5626.0 -6037.0 -6352.0 -6310.0
-6534.0 -5121.0 -6512.0 -4903.0 -6184.0
-6581.0 -4270.0 -6638.0 -5786.0 -6631.0
-6423.0 -6038.0 -5345.0 -6138.0 -6746.0
-6596.0 -6248.0 -4381.0 -4536.0 -7908.0
-6673.0 -6311.0 -4390.0 -5481.0 -7571.0
-6881.0 -5790.0 -5111.0 -6704.0 -6832.0
-6978.0 -6172.0 -4428.0 -5542.0 -7625.0
-6570.0 -6192.0 -4302.0 -5774.0 -7729.0
-6738.0 -5946.0 -5709.0 -5659.0 -6693.0
-8339.0 -4920.0 -6147.0 -7200.0 -5869.0
-6761.0 -5595.0 -5668.0 -6505.0 -5936.0
-7546.0 -5271.0 -6348.0 -7075.0 -6138.0
-6927.0 -5902.0 -5458.0 -5737.0 -8100.0
-6535.0 -5932.0 -5137.0 -5269.0 -7843.0
-6080.0 -5840.0 -5661.0 -5511.0 -7302.0
-6626.0 -6199.0 -5040.0 -5491.0 -6926.0
-5330.0 -6241.0 -5016.0 -4653.0 -6634.0
-6014.0 -5966.0 -5278.0 -5645.0 -6849.0
-8130.0 -4844.0 -5389.0 -7466.0 -6515.0
-7344.0 -4528.0 -5603.0 -7464.0 -5580.0
-6809.0 -5904.0 -5447.0 -5729.0 -6998.0
-7417.0 -5658.0 -5641.0 -6501.0 -7551.0
-7921.0 -4657.0 -5503.0 -7447.0 -6082.0
-5512.0 -6374.0 -4643.0 -5148.0 -6771.0
-7053.0 -5834.0 -5520.0 -6110.0 -7657.0
-6245.0 -6063.0 -5338.0 -5458.0 -5489.0
-6785.0 -6058.0 -5059.0 -5649.0 -7338.0
-7608.0 -5821.0 -5480.0 -6551.0 -7206.0
-6961.0 -5156.0 -5455.0 -7368.0 -6374.0
-6708.0 -5995.0 -5050.0 -4704.0 -7675.0
-8190.0 -4961.0 -5247.0 -7404.0 -6729.0
-5450.0 -6125.0 -5169.0 -5374.0 -5340.0
-7725.0 -4615.0 -6270.0 -6723.0 -6388.0
-6796.0 -5443.0 -6343.0 -5548.0 -6512.0
-6898.0 -5620.0 -5536.0 -5199.0 -7759.0
-6346.0 -5976.0 -5388.0 -5191.0 -6436.0
-6320.0 -5552.0 -5809.0 -6423.0 -5948.0
-6752.0 -5957.0 -4429.0 -6263.0 -7557.0
-6018.0 -5591.0 -6187.0 -5737.0 -5871.0
-7305.0 -5911.0 -4972.0 -6333.0 -7784.0
-6039.0 -5904.0 -5607.0 -6450.0 -6510.0
-5486.0 -5950.0 -5064.0 -6380.0 -6283.0
-6941.0 -5687.0 -4994.0 -6775.0 -6358.0
-5624.0 -6121.0 -5312.0 -5316.0 -6538.0
-5559.0 -6287.0 -3888.0 -4178.0 -7755.0
-7145.0 -5893.0 -5421.0 -6013.0 -6644.0
-6435.0 -6036.0 -5201.0 -5441.0 -7271.0
-6890.0 -5198.0 -5717.0 -7298.0 -6069.0
-7226.0 -6101.0 -4918.0 -5731.0 -7326.0
-6856.0 -6016.0 -4797.0 -5719.0 -7643.0
-7674.0 -5603.0 -4925.0 -6649.0 -7035.0
-6422.0 -6171.0 -4555.0 -4759.0 -7761.0
-6984.0 -5909.0 -5199.0 -6411.0 -6674.0
-6907.0 -6214.0 -4690.0 -5472.0 -7320.0
-7152.0 -5585.0 -4803.0 -6831.0 -7454.0
-7612.0 -5053.0 -5793.0 -7173.0 -5967.0
-6813.0 -5883.0 -5311.0 -6467.0 -7057.0
-6086.0 -6016.0 -4957.0 -6440.0 -7155.0
-7053.0 -5661.0 -4899.0 -6507.0 -8084.0
-6017.0 -6238.0 -3759.0 -5704.0 -7502.0
-6510.0 -4926.0 -4858.0 -7421.0 -5915.0
-6705.0 -5752.0 -4945.0 -6608.0 -7211.0
-5861.0 -5933.0 -5253.0 -4478.0 -6877.0
-7195.0 -4575.0 -6515.0 -6263.0 -6112.0
-7312.0 -4698.0 -6495.0 -6233.0 -6156.0
-6506.0 -5994.0 -4939.0 -5511.0 -7576.0
-7553.0 -4910.0 -6323.0 -6674.0 -6342.0
-7193.0 -6038.0 -5185.0 -5417.0 -7234.0
-7560.0 -5565.0 -4929.0 -6599.0 -7350.0
-6920.0 -5618.0 -5702.0 -6483.0 -6820.0
-5940.0 -6175.0 -3750.0 -4759.0 -7839.0
-6433.0 -5114.0 -6286.0 -5973.0 -6369.0
-6494.0 -5996.0 -5083.0 -6208.0 -7051.0
-7432.0 -5619.0 -5299.0 -6635.0 -7113.0
-7008.0 -5755.0 -5587.0 -6491.0 -6334.0
-7255.0 -5704.0 -4891.0 -6538.0 -7296.0
-6264.0 -5545.0 -5071.0 -6706.0 -6751.0
-7087.0 -5055.0 -4758.0 -7404.0 -6417.0
-7361.0 -5661.0 -5561.0 -6565.0 -6808.0
-7216.0 -4724.0 -5920.0 -7156.0 -6279.0
-7006.0 -5549.0 -5549.0 -6517.0 -7439.0
-6864.0 -5704.0 -5098.0 -6431.0 -7324.0
-6682.0 -5939.0 -4971.0 -5942.0 -7496.0
-7603.0 -5645.0 -5187.0 -6579.0 -6730.0
-7134.0 -5005.0 -6366.0 -6147.0 -6088.0
