-861.0 -965.0 -1092.0 -1122.0 -1142.0 -1041.0
-922.0 -990.0 -1058.0 -1091.0 -1084.0 -1032.0
-957.0 -974.0 -982.0 -1149.0 -1101.0 -1038.0
-912.0 -992.0 -1011.0 -1099.0 -1134.0 -1022.0
-936.0 -994.0 -985.0 -1162.0 -1113.0 -1009.0
-906.0 -1014.0 -993.0 -1132.0 -1081.0 -987.0
-902.0 -1006.0 -996.0 -1094.0 -1070.0 -1045.0
-912.0 -1015.0 -1016.0 -1150.0 -1055.0 -976.0
-897.0 -1016.0 -1043.0 -1160.0 -1029.0 -980.0
-874.0 -1036.0 -955.0 -1090.0 -994.0 -1024.0
-892.0 -966.0 -1038.0 -1081.0 -1149.0 -1080.0
-1005.0 -964.0 -1121.0 -1143.0 -1080.0 -993.0
-857.0 -1025.0 -973.0 -1196.0 -1079.0 -955.0
-833.0 -1007.0 -980.0 -1034.0 -1100.0 -1099.0
-976.0 -913.0 -1121.0 -1214.0 -1117.0 -915.0
-832.0 -1009.0 -963.0 -1006.0 -1060.0 -1075.0
-895.0 -1001.0 -1046.0 -1099.0 -1108.0 -1031.0
-961.0 -969.0 -1035.0 -1086.0 -1100.0 -1077.0
-863.0 -1022.0 -1002.0 -1203.0 -1022.0 -1017.0
-850.0 -1040.0 -964.0 -1185.0 -993.0 -1000.0
-1002.0 -905.0 -1072.0 -1042.0 -1103.0 -1108.0
-977.0 -963.0 -1079.0 -1152.0 -1117.0 -1062.0
-1053.0 -890.0 -1100.0 -1058.0 -1092.0 -1068.0
-969.0 -906.0 -1099.0 -1061.0 -1153.0 -1063.0
-871.0 -986.0 -1041.0 -1094.0 -1161.0 -1051.0
-1005.0 -977.0 -1131.0 -1105.0 -1094.0 -1008.0
-921.0 -993.0 -1119.0 -1074.0 -1087.0 -1001.0
-916.0 -994.0 -1053.0 -1048.0 -1110.0 -1075.0
-926.0 -977.0 -1119.0 -1041.0 -1069.0 -1088.0
-867.0 -1000.0 -1004.0 -1108.0 -1145.0 -1100.0
-984.0 -984.0 -1124.0 -1156.0 -1092.0 -964.0
-1026.0 -957.0 -1128.0 -1092.0 -1082.0 -1037.0
-936.0 -932.0 -1085.0 -1153.0 -1106.0 -1074.0
-1015.0 -898.0 -1036.0 -1058.0 -1105.0 -1122.0
-847.0 -966.0 -1029.0 -989.0 -1065.0 -1132.0
-976.0 -985.0 -1055.0 -1126.0 -1063.0 -1034.0
-888.0 -980.0 -1001.0 -1095.0 -1133.0 -1129.0
-966.0 -917.0 -990.0 -1058.0 -1066.0 -1141.0
-1009.0 -882.0 -1004.0 -1039.0 -1098.0 -1137.0
-918.0 -1004.0 -1021.0 -1105.0 -1068.0 -1081.0
-811.0 -1044.0 -944.0 -1154.0 -990.0 -1010.0
-848.0 -1007.0 -988.0 -1017.0 -1058.0 -1111.0
-915.0 -1005.0 -1049.0 -1080.0 -998.0 -1077.0
-809.0 -1028.0 -1011.0 -1022.0 -1042.0 -1066.0
-896.0 -1009.0 -1054.0 -985.0 -964.0 -1072.0
-836.0 -1011.0 -961.0 -1038.0 -1014.0 -1073.0
-991.0 -949.0 -1027.0 -1116.0 -1132.0 -1099.0
-946.0 -1005.0 -1063.0 -1096.0 -1031.0 -1012.0
-907.0 -991.0 -1074.0 -1072.0 -1095.0 -1125.0
-841.0 -965.0 -1006.0 -971.0 -1091.0 -1143.0
-981.0 -908.0 -1073.0 -1045.0 -1095.0 -1127.0
-843.0 -1021.0 -1035.0 -1096.0 -1087.0 -1067.0
-892.0 -1015.0 -1084.0 -1036.0 -1052.0 -1042.0
-952.0 -1006.0 -1086.0 -1114.0 -1005.0 -1001.0
-846.0 -1012.0 -1026.0 -1163.0 -1106.0 -999.0
-894.0 -1025.0 -1052.0 -1093.0 -1010.0 -1048.0
-952.0 -989.0 -1064.0 -1221.0 -1062.0 -1010.0
-987.0 -998.0 -1002.0 -1159.0 -1036.0 -990.0
-931.0 -1009.0 -1067.0 -1234.0 -1074.0 -981.0
-944.0 -1016.0 -944.0 -1188.0 -1123.0 -962.0
-853.0 -949.0 -919.0 -947.0 -994.0 -1152.0
-922.0 -1026.0 -1094.0 -1084.0 -973.0 -979.0
-1000.0 -774.0 -963.0 -961.0 -1039.0 -1178.0
-894.0 -948.0 -882.0 -1052.0 -1029.0 -1153.0
-857.0 -1031.0 -1014.0 -1056.0 -1080.0 -1043.0
-963.0 -1019.0 -1033.0 -1147.0 -978.0 -957.0
-908.0 -1035.0 -1031.0 -1053.0 -1003.0 -1024.0
-882.0 -1035.0 -1024.0 -1120.0 -1023.0 -954.0
-922.0 -949.0 -1015.0 -998.0 -1046.0 -1146.0
-757.0 -1058.0 -1004.0 -1051.0 -902.0 -998.0
-810.0 -1043.0 -911.0 -1063.0 -1065.0 -1012.0
-833.0 -1046.0 -1004.0 -1184.0 -1021.0 -922.0
-868.0 -1044.0 -961.0 -1089.0 -1053.0 -999.0
-744.0 -1062.0 -930.0 -1069.0 -921.0 -982.0
-841.0 -1054.0 -1012.0 -1031.0 -945.0 -982.0
-947.0 -919.0 -927.0 -1043.0 -1118.0 -1160.0
-848.0 -1059.0 -962.0 -1026.0 -907.0 -996.0
-936.0 -887.0 -946.0 -1006.0 -1101.0 -1166.0
-806.0 -1060.0 -872.0 -1030.0 -964.0 -981.0
-866.0 -832.0 -919.0 -905.0 -1009.0 -1183.0
-930.0 -871.0 -914.0 -987.0 -1094.0 -1181.0
-939.0 -1023.0 -1042.0 -1242.0 -977.0 -933.0
-972.0 -938.0 -954.0 -1139.0 -1170.0 -1103.0
-779.0 -1069.0 -918.0 -1113.0 -962.0 -934.0
-844.0 -1065.0 -992.0 -1077.0 -995.0 -966.0
-792.0 -1068.0 -958.0 -993.0 -885.0 -944.0
-829.0 -1060.0 -967.0 -1198.0 -1005.0 -971.0
-931.0 -945.0 -1015.0 -1076.0 -1165.0 -1125.0
-912.0 -998.0 -994.0 -1257.0 -1112.0 -985.0
-813.0 -1062.0 -942.0 -1187.0 -1007.0 -935.0
-910.0 -965.0 -1018.0 -1089.0 -1177.0 -1096.0
-764.0 -1011.0 -980.0 -1037.0 -1015.0 -1127.0
-826.0 -984.0 -916.0 -1087.0 -1008.0 -1134.0
-805.0 -1042.0 -974.0 -1036.0 -1026.0 -1115.0
-954.0 -973.0 -1114.0 -1108.0 -1171.0 -1027.0
-832.0 -975.0 -946.0 -1002.0 -1036.0 -1146.0
-1020.0 -928.0 -1093.0 -1133.0 -1149.0 -1058.0
-789.0 -1044.0 -949.0 -1025.0 -1028.0 -1079.0
-906.0 -963.0 -1082.0 -1271.0 -1109.0 -926.0
-785.0 -966.0 -893.0 -882.0 -968.0 -1153.0
-840.0 -1048.0 -966.0 -1022.0 -951.0 -1060.0
-1046.0 -957.0 -1060.0 -1206.0 -1085.0 -971.0
-950.0 -956.0 -1088.0 -1053.0 -1127.0 -1121.0
-871.0 -945.0 -998.0 -1001.0 -1123.0 -1165.0
-866.0 -960.0 -1080.0 -1073.0 -1084.0 -1137.0
-844.0 -1036.0 -935.0 -1137.0 -1110.0 -1013.0
-813.0 -1053.0 -970.0 -1040.0 -982.0 -1051.0
-800.0 -1057.0 -896.0 -1058.0 -1001.0 -1035.0
-847.0 -933.0 -887.0 -928.0 -987.0 -1167.0
-868.0 -904.0 -920.0 -941.0 -1075.0 -1167.0
-847.0 -949.0 -1007.0 -1096.0 -1122.0 -1141.0
-947.0 -1029.0 -992.0 -1154.0 -1087.0 -922.0
-763.0 -1062.0 -921.0 -955.0 -939.0 -1014.0
-868.0 -898.0 -978.0 -937.0 -1101.0 -1174.0
-869.0 -1051.0 -1037.0 -1162.0 -955.0 -996.0
-955.0 -898.0 -1019.0 -983.0 -1063.0 -1162.0
-768.0 -1064.0 -863.0 -978.0 -896.0 -999.0
-949.0 -882.0 -987.0 -964.0 -1056.0 -1177.0
-698.0 -1067.0 -902.0 -1047.0 -930.0 -971.0
-970.0 -807.0 -845.0 -1058.0 -1106.0 -1173.0
-880.0 -882.0 -891.0 -913.0 -1004.0 -1183.0
-948.0 -825.0 -979.0 -972.0 -1063.0 -1191.0
-864.0 -1066.0 -959.0 -1184.0 -930.0 -916.0
-773.0 -1078.0 -929.0 -971.0 -915.0 -939.0
-735.0 -1082.0 -920.0 -919.0 -847.0 -957.0
-845.0 -1080.0 -892.0 -1118.0 -1018.0 -912.0
-761.0 -1084.0 -884.0 -1138.0 -975.0 -928.0
-929.0 -814.0 -906.0 -995.0 -1101.0 -1195.0
-656.0 -1087.0 -849.0 -966.0 -843.0 -870.0
