-1034.0 -1000.0 -860.0 -1301.0 -1011.0 -858.0
-998.0 -1040.0 -852.0 -1327.0 -999.0 -836.0
-968.0 -1034.0 -938.0 -1146.0 -932.0 -797.0
-943.0 -1059.0 -942.0 -1179.0 -910.0 -738.0
-933.0 -1104.0 -929.0 -1221.0 -928.0 -735.0
-906.0 -1094.0 -934.0 -1188.0 -937.0 -727.0
-1044.0 -982.0 -869.0 -1343.0 -985.0 -835.0
-1004.0 -1019.0 -913.0 -1208.0 -993.0 -735.0
-991.0 -1021.0 -919.0 -1152.0 -982.0 -739.0
-961.0 -1057.0 -862.0 -1220.0 -1022.0 -778.0
-1048.0 -988.0 -805.0 -1366.0 -976.0 -912.0
-922.0 -967.0 -932.0 -1178.0 -1000.0 -733.0
-949.0 -1106.0 -938.0 -1115.0 -918.0 -776.0
-1017.0 -982.0 -854.0 -1213.0 -1028.0 -776.0
-1017.0 -1005.0 -764.0 -1371.0 -947.0 -958.0
-1069.0 -916.0 -760.0 -1325.0 -792.0 -1058.0
-1059.0 -955.0 -696.0 -1363.0 -916.0 -1006.0
-1013.0 -979.0 -784.0 -1362.0 -851.0 -1013.0
-971.0 -1040.0 -837.0 -1197.0 -1042.0 -777.0
-1064.0 -969.0 -624.0 -1337.0 -953.0 -978.0
-995.0 -1044.0 -933.0 -1179.0 -923.0 -805.0
-1036.0 -1026.0 -790.0 -1332.0 -895.0 -972.0
-1032.0 -1058.0 -837.0 -1310.0 -980.0 -833.0
-982.0 -1046.0 -939.0 -1123.0 -912.0 -809.0
-1040.0 -978.0 -754.0 -1380.0 -908.0 -1000.0
-1036.0 -1039.0 -842.0 -1277.0 -977.0 -890.0
-878.0 -1124.0 -938.0 -1154.0 -859.0 -836.0
-959.0 -1061.0 -951.0 -1073.0 -900.0 -779.0
-987.0 -1022.0 -944.0 -1195.0 -861.0 -778.0
-982.0 -1015.0 -931.0 -1113.0 -1010.0 -745.0
-1072.0 -979.0 -675.0 -1323.0 -1021.0 -890.0
-1058.0 -998.0 -682.0 -1356.0 -943.0 -942.0
-938.0 -1077.0 -880.0 -1170.0 -1038.0 -786.0
-911.0 -1100.0 -947.0 -1126.0 -945.0 -745.0
-1018.0 -1032.0 -868.0 -1308.0 -955.0 -899.0
-1067.0 -971.0 -798.0 -1353.0 -878.0 -967.0
-1001.0 -1052.0 -813.0 -1348.0 -963.0 -945.0
-930.0 -981.0 -939.0 -1206.0 -959.0 -733.0
-851.0 -1052.0 -948.0 -1191.0 -935.0 -733.0
-868.0 -1041.0 -935.0 -1248.0 -964.0 -663.0
-1005.0 -988.0 -921.0 -1122.0 -971.0 -787.0
-1022.0 -1013.0 -919.0 -1251.0 -977.0 -819.0
-978.0 -989.0 -951.0 -1104.0 -914.0 -800.0
-1004.0 -1051.0 -875.0 -1341.0 -877.0 -951.0
-1049.0 -938.0 -924.0 -1221.0 -826.0 -889.0
-1059.0 -948.0 -922.0 -1179.0 -970.0 -814.0
-1041.0 -1025.0 -902.0 -1303.0 -1021.0 -809.0
-994.0 -1002.0 -872.0 -1163.0 -1044.0 -784.0
-878.0 -950.0 -948.0 -1096.0 -954.0 -668.0
-1003.0 -1004.0 -953.0 -1150.0 -894.0 -770.0
-1008.0 -1077.0 -855.0 -1350.0 -973.0 -896.0
-973.0 -1069.0 -931.0 -1176.0 -970.0 -768.0
-992.0 -1004.0 -933.0 -1201.0 -839.0 -837.0
-928.0 -1066.0 -955.0 -1136.0 -888.0 -704.0
-1002.0 -1035.0 -833.0 -1307.0 -1031.0 -878.0
-983.0 -1024.0 -944.0 -1134.0 -952.0 -771.0
-1032.0 -1050.0 -922.0 -1274.0 -951.0 -879.0
-1001.0 -1024.0 -927.0 -1135.0 -898.0 -875.0
-1045.0 -967.0 -929.0 -1212.0 -892.0 -866.0
-940.0 -890.0 -952.0 -1054.0 -949.0 -738.0
-1005.0 -999.0 -946.0 -1137.0 -905.0 -808.0
-894.0 -952.0 -957.0 -990.0 -944.0 -709.0
-1032.0 -969.0 -935.0 -1156.0 -881.0 -870.0
-913.0 -992.0 -952.0 -1149.0 -930.0 -803.0
-954.0 -902.0 -953.0 -1031.0 -929.0 -750.0
-927.0 -892.0 -958.0 -998.0 -938.0 -742.0
-1025.0 -1015.0 -815.0 -1357.0 -1015.0 -870.0
-921.0 -1055.0 -960.0 -1084.0 -927.0 -748.0
-920.0 -1075.0 -927.0 -1155.0 -1015.0 -675.0
-991.0 -1018.0 -953.0 -1170.0 -827.0 -860.0
-865.0 -1033.0 -941.0 -1158.0 -1013.0 -681.0
-945.0 -1080.0 -958.0 -1106.0 -822.0 -831.0
-1027.0 -1044.0 -909.0 -1336.0 -943.0 -861.0
-923.0 -947.0 -965.0 -1107.0 -912.0 -806.0
-963.0 -1056.0 -792.0 -1163.0 -1069.0 -734.0
-825.0 -1032.0 -966.0 -990.0 -890.0 -747.0
-907.0 -1074.0 -967.0 -1117.0 -849.0 -800.0
-987.0 -1050.0 -924.0 -1143.0 -1048.0 -716.0
-1086.0 -940.0 -734.0 -1390.0 -899.0 -999.0
-1064.0 -928.0 -930.0 -1209.0 -846.0 -863.0
-1036.0 -1071.0 -765.0 -1374.0 -994.0 -860.0
-947.0 -1004.0 -875.0 -1162.0 -1057.0 -671.0
-1069.0 -1019.0 -812.0 -1327.0 -1042.0 -773.0
-927.0 -973.0 -945.0 -1116.0 -1008.0 -751.0
-1002.0 -1046.0 -861.0 -1159.0 -1059.0 -665.0
-834.0 -1007.0 -946.0 -1019.0 -960.0 -677.0
-1013.0 -1091.0 -783.0 -1324.0 -1010.0 -868.0
-896.0 -947.0 -950.0 -977.0 -955.0 -747.0
-1042.0 -924.0 -948.0 -1114.0 -863.0 -873.0
-966.0 -1071.0 -790.0 -1194.0 -1059.0 -750.0
-1049.0 -973.0 -687.0 -1321.0 -942.0 -1029.0
-1011.0 -1034.0 -822.0 -1390.0 -937.0 -922.0
-1015.0 -1044.0 -834.0 -1167.0 -1069.0 -680.0
-929.0 -1078.0 -949.0 -1212.0 -832.0 -790.0
-1036.0 -944.0 -954.0 -1158.0 -888.0 -803.0
-1022.0 -996.0 -782.0 -1187.0 -1065.0 -748.0
-1082.0 -960.0 -693.0 -1391.0 -906.0 -971.0
-990.0 -1006.0 -959.0 -1094.0 -883.0 -774.0
-926.0 -955.0 -959.0 -1197.0 -863.0 -788.0
-870.0 -958.0 -967.0 -978.0 -951.0 -690.0
-948.0 -984.0 -968.0 -999.0 -848.0 -747.0
-1015.0 -1033.0 -806.0 -1315.0 -1041.0 -893.0
-902.0 -1046.0 -973.0 -935.0 -843.0 -718.0
-988.0 -978.0 -953.0 -1192.0 -743.0 -892.0
-1030.0 -1029.0 -743.0 -1331.0 -1052.0 -842.0
-850.0 -961.0 -975.0 -1026.0 -806.0 -731.0
-978.0 -1020.0 -959.0 -1114.0 -816.0 -864.0
-893.0 -1018.0 -869.0 -1150.0 -1056.0 -791.0
-948.0 -1060.0 -855.0 -1147.0 -1058.0 -785.0
-921.0 -1086.0 -968.0 -1094.0 -829.0 -812.0
-950.0 -876.0 -973.0 -1022.0 -833.0 -805.0
-1046.0 -1039.0 -830.0 -1277.0 -1058.0 -781.0
-934.0 -1003.0 -975.0 -1032.0 -770.0 -799.0
-883.0 -901.0 -976.0 -1034.0 -800.0 -764.0
-976.0 -1054.0 -765.0 -1171.0 -1079.0 -749.0
-992.0 -1064.0 -852.0 -1117.0 -1085.0 -688.0
-837.0 -963.0 -981.0 -970.0 -795.0 -735.0
