-992.0 -1147.0 -1277.0 -1052.0 -867.0 -1119.0
-1046.0 -1123.0 -1083.0 -925.0 -983.0 -1269.0
-1054.0 -1120.0 -1192.0 -979.0 -967.0 -1219.0
-1039.0 -1114.0 -1229.0 -938.0 -1002.0 -1205.0
-1010.0 -1142.0 -1226.0 -1005.0 -885.0 -1198.0
-1059.0 -1142.0 -1085.0 -961.0 -948.0 -1241.0
-1007.0 -1150.0 -1224.0 -1005.0 -992.0 -1171.0
-1036.0 -1137.0 -1116.0 -933.0 -993.0 -1275.0
-1115.0 -1103.0 -1127.0 -997.0 -896.0 -1189.0
-1084.0 -1099.0 -1119.0 -898.0 -945.0 -1287.0
-1069.0 -1142.0 -1147.0 -979.0 -887.0 -1199.0
-1073.0 -1082.0 -1172.0 -967.0 -994.0 -1193.0
-931.0 -1147.0 -1174.0 -953.0 -964.0 -1259.0
-977.0 -1107.0 -1226.0 -989.0 -1015.0 -1201.0
-1042.0 -1098.0 -1144.0 -972.0 -1018.0 -1249.0
-1039.0 -1156.0 -1118.0 -994.0 -832.0 -1210.0
-1108.0 -1121.0 -1104.0 -908.0 -906.0 -1230.0
-1049.0 -1173.0 -1123.0 -968.0 -905.0 -1183.0
-1001.0 -1084.0 -1067.0 -1017.0 -892.0 -1273.0
-1048.0 -1155.0 -1143.0 -994.0 -977.0 -1218.0
-965.0 -1109.0 -1101.0 -1018.0 -810.0 -1285.0
-997.0 -1181.0 -1241.0 -989.0 -871.0 -1127.0
-962.0 -1169.0 -1218.0 -912.0 -998.0 -1182.0
-1036.0 -1105.0 -1275.0 -1032.0 -902.0 -1113.0
-952.0 -1100.0 -1079.0 -948.0 -935.0 -1334.0
-999.0 -1158.0 -1099.0 -1029.0 -863.0 -1184.0
-935.0 -1072.0 -1104.0 -1030.0 -832.0 -1282.0
-1016.0 -1171.0 -1209.0 -1008.0 -858.0 -1167.0
-1009.0 -1181.0 -1116.0 -945.0 -924.0 -1201.0
-1001.0 -1174.0 -1144.0 -979.0 -853.0 -1229.0
-1013.0 -1111.0 -1233.0 -1069.0 -866.0 -1100.0
-998.0 -1136.0 -1241.0 -1070.0 -866.0 -1111.0
-981.0 -1134.0 -1281.0 -1001.0 -953.0 -1103.0
-992.0 -1175.0 -1213.0 -1031.0 -841.0 -1137.0
-957.0 -1131.0 -1278.0 -1060.0 -837.0 -1140.0
-1036.0 -1107.0 -1075.0 -983.0 -836.0 -1302.0
-942.0 -1129.0 -1265.0 -1072.0 -832.0 -1150.0
-963.0 -1100.0 -1139.0 -1007.0 -968.0 -1289.0
-1059.0 -1110.0 -1094.0 -996.0 -876.0 -1264.0
-1066.0 -1120.0 -1085.0 -961.0 -935.0 -1268.0
-1012.0 -1159.0 -1268.0 -1051.0 -862.0 -1123.0
-1075.0 -1088.0 -1105.0 -986.0 -943.0 -1261.0
-1070.0 -1155.0 -1145.0 -1012.0 -931.0 -1153.0
-1074.0 -1104.0 -1038.0 -961.0 -858.0 -1288.0
-1099.0 -1125.0 -1116.0 -1007.0 -829.0 -1192.0
-1064.0 -1125.0 -1036.0 -956.0 -929.0 -1281.0
-1080.0 -1110.0 -1042.0 -900.0 -867.0 -1303.0
-990.0 -1105.0 -1140.0 -1011.0 -808.0 -1298.0
-1069.0 -1147.0 -1206.0 -910.0 -921.0 -1189.0
-1088.0 -1112.0 -1056.0 -956.0 -846.0 -1280.0
-997.0 -1111.0 -1047.0 -928.0 -941.0 -1331.0
-1067.0 -1145.0 -1103.0 -962.0 -863.0 -1249.0
-1002.0 -1107.0 -1093.0 -978.0 -842.0 -1307.0
-1096.0 -1148.0 -1155.0 -1051.0 -854.0 -1176.0
-1058.0 -1129.0 -1120.0 -935.0 -798.0 -1270.0
-1068.0 -1121.0 -1108.0 -908.0 -878.0 -1290.0
-1082.0 -1074.0 -1068.0 -987.0 -788.0 -1266.0
-1050.0 -1110.0 -1095.0 -994.0 -949.0 -1288.0
-1078.0 -1158.0 -1163.0 -1013.0 -846.0 -1161.0
-1058.0 -1126.0 -1027.0 -971.0 -791.0 -1291.0
-1088.0 -1117.0 -1115.0 -887.0 -880.0 -1270.0
-1102.0 -1115.0 -1078.0 -971.0 -884.0 -1241.0
-1032.0 -1078.0 -1220.0 -1020.0 -964.0 -1211.0
-1045.0 -1118.0 -1151.0 -1065.0 -914.0 -1126.0
-1095.0 -1123.0 -1091.0 -949.0 -865.0 -1265.0
-1120.0 -1139.0 -1131.0 -969.0 -890.0 -1173.0
-1076.0 -1153.0 -1182.0 -972.0 -906.0 -1184.0
-1047.0 -1122.0 -1127.0 -1074.0 -797.0 -1161.0
-869.0 -1117.0 -1158.0 -953.0 -914.0 -1305.0
-1077.0 -1154.0 -1144.0 -1026.0 -787.0 -1137.0
-1043.0 -1107.0 -1132.0 -928.0 -984.0 -1307.0
-1094.0 -1108.0 -1005.0 -984.0 -871.0 -1274.0
-1048.0 -1145.0 -1004.0 -824.0 -900.0 -1293.0
-975.0 -1116.0 -1146.0 -998.0 -848.0 -1304.0
-1111.0 -1124.0 -1014.0 -932.0 -847.0 -1222.0
-1001.0 -1118.0 -1200.0 -1062.0 -791.0 -1210.0
-1058.0 -1134.0 -1146.0 -859.0 -938.0 -1277.0
-1019.0 -1118.0 -1222.0 -959.0 -1000.0 -1225.0
-1049.0 -1160.0 -1126.0 -1045.0 -840.0 -1125.0
-1049.0 -1130.0 -1218.0 -955.0 -969.0 -1199.0
-1027.0 -1095.0 -1261.0 -1019.0 -962.0 -1093.0
-939.0 -1117.0 -1120.0 -982.0 -787.0 -1305.0
-987.0 -1153.0 -1178.0 -948.0 -996.0 -1248.0
-998.0 -1123.0 -1100.0 -946.0 -975.0 -1310.0
-1103.0 -1151.0 -1138.0 -968.0 -875.0 -1208.0
-1028.0 -1113.0 -954.0 -783.0 -877.0 -1330.0
-1093.0 -1108.0 -1055.0 -859.0 -908.0 -1268.0
-1006.0 -1124.0 -1106.0 -955.0 -894.0 -1309.0
-1067.0 -1167.0 -1158.0 -1004.0 -858.0 -1163.0
-1063.0 -1152.0 -1114.0 -971.0 -849.0 -1240.0
-972.0 -1124.0 -1124.0 -950.0 -900.0 -1314.0
-1071.0 -1146.0 -1172.0 -961.0 -993.0 -1217.0
-1083.0 -1078.0 -1009.0 -912.0 -777.0 -1325.0
-920.0 -1182.0 -1233.0 -992.0 -835.0 -1190.0
-1021.0 -1114.0 -1129.0 -913.0 -991.0 -1309.0
-1048.0 -1139.0 -1065.0 -922.0 -851.0 -1278.0
-1044.0 -1162.0 -1236.0 -994.0 -950.0 -1125.0
-1082.0 -1139.0 -1047.0 -927.0 -845.0 -1273.0
-1000.0 -1095.0 -1076.0 -925.0 -984.0 -1332.0
-1065.0 -1140.0 -1122.0 -921.0 -923.0 -1272.0
-895.0 -1082.0 -1131.0 -992.0 -921.0 -1315.0
-976.0 -1122.0 -1161.0 -1069.0 -793.0 -1197.0
-1100.0 -1161.0 -1098.0 -974.0 -914.0 -1143.0
-1048.0 -1147.0 -1025.0 -966.0 -862.0 -1284.0
-1066.0 -1161.0 -1116.0 -969.0 -920.0 -1148.0
-1062.0 -1147.0 -1083.0 -917.0 -839.0 -1270.0
-1031.0 -1079.0 -1220.0 -972.0 -1015.0 -1220.0
-1083.0 -1156.0 -1081.0 -994.0 -862.0 -1226.0
-1082.0 -1156.0 -1131.0 -869.0 -899.0 -1220.0
-1099.0 -1134.0 -1092.0 -984.0 -929.0 -1223.0
-1031.0 -1157.0 -1113.0 -1007.0 -795.0 -1222.0
-915.0 -1156.0 -1146.0 -992.0 -777.0 -1241.0
-923.0 -1149.0 -1190.0 -999.0 -931.0 -1263.0
-1062.0 -1148.0 -1173.0 -1046.0 -860.0 -1181.0
-979.0 -1153.0 -1191.0 -969.0 -1016.0 -1229.0
-943.0 -1153.0 -1237.0 -971.0 -997.0 -1182.0
-1007.0 -1161.0 -1117.0 -1030.0 -778.0 -1192.0
-1019.0 -1108.0 -1077.0 -854.0 -886.0 -1333.0
-1042.0 -1109.0 -1136.0 -1012.0 -967.0 -1297.0
-990.0 -1146.0 -1095.0 -965.0 -827.0 -1312.0
-1051.0 -1150.0 -1165.0 -982.0 -991.0 -1237.0
-1052.0 -1036.0 -1257.0 -1060.0 -877.0 -1111.0
-1039.0 -1164.0 -1085.0 -973.0 -866.0 -1194.0
-1063.0 -1155.0 -1207.0 -935.0 -856.0 -1219.0
-1059.0 -1160.0 -1085.0 -1017.0 -845.0 -1196.0
-1065.0 -1079.0 -1202.0 -977.0 -1009.0 -1215.0
-1102.0 -1154.0 -1159.0 -990.0 -863.0 -1191.0
-967.0 -1150.0 -1020.0 -1011.0 -789.0 -1244.0
-1083.0 -1173.0 -1105.0 -973.0 -899.0 -1178.0
-1104.0 -1090.0 -1067.0 -946.0 -913.0 -1277.0
-1081.0 -1036.0 -1166.0 -959.0 -998.0 -1236.0
-1036.0 -1120.0 -1092.0 -954.0 -956.0 -1323.0
-1021.0 -1077.0 -1126.0 -1016.0 -857.0 -1294.0
-1014.0 -1135.0 -1129.0 -995.0 -867.0 -1300.0
-972.0 -1147.0 -1215.0 -907.0 -1031.0 -1234.0
-1019.0 -1061.0 -1193.0 -911.0 -1031.0 -1277.0
-1063.0 -1111.0 -1163.0 -995.0 -1006.0 -1232.0
-1043.0 -1113.0 -978.0 -922.0 -793.0 -1329.0
-1103.0 -1123.0 -1202.0 -989.0 -901.0 -1190.0
-1128.0 -1117.0 -1111.0 -887.0 -908.0 -1210.0
-1034.0 -1089.0 -1233.0 -927.0 -997.0 -1219.0
-1017.0 -1150.0 -1183.0 -977.0 -997.0 -1242.0
-981.0 -1092.0 -1081.0 -984.0 -855.0 -1320.0
-967.0 -1175.0 -1222.0 -981.0 -958.0 -1125.0
-1111.0 -1101.0 -1102.0 -939.0 -932.0 -1262.0
-1010.0 -1144.0 -1207.0 -915.0 -1012.0 -1247.0
-1020.0 -1088.0 -1109.0 -1039.0 -750.0 -1291.0
-1076.0 -1176.0 -1094.0 -965.0 -821.0 -1144.0
-1008.0 -1155.0 -1191.0 -1015.0 -993.0 -1202.0
-1098.0 -1136.0 -1163.0 -1001.0 -928.0 -1208.0
-959.0 -1136.0 -1263.0 -962.0 -1011.0 -1116.0
-981.0 -1051.0 -1233.0 -1022.0 -991.0 -1138.0
-1086.0 -1163.0 -1135.0 -890.0 -910.0 -1172.0
-957.0 -1106.0 -1083.0 -1017.0 -895.0 -1277.0
-1111.0 -1157.0 -1152.0 -971.0 -813.0 -1067.0
-917.0 -1092.0 -1092.0 -1034.0 -834.0 -1284.0
-1101.0 -1036.0 -1164.0 -1027.0 -870.0 -1184.0
-1048.0 -1175.0 -1194.0 -985.0 -904.0 -1168.0
-1046.0 -1167.0 -1136.0 -904.0 -935.0 -1238.0
-1036.0 -1109.0 -1180.0 -954.0 -1019.0 -1257.0
-935.0 -1099.0 -1124.0 -993.0 -852.0 -1322.0
-1025.0 -1148.0 -1189.0 -1046.0 -850.0 -1212.0
-886.0 -1073.0 -1096.0 -1016.0 -795.0 -1307.0
-1002.0 -1109.0 -1198.0 -949.0 -1025.0 -1262.0
-1038.0 -1167.0 -1149.0 -925.0 -955.0 -1219.0
-1048.0 -1127.0 -1207.0 -1015.0 -1003.0 -1200.0
-1035.0 -1174.0 -1126.0 -984.0 -847.0 -1224.0
-1043.0 -1177.0 -1174.0 -940.0 -880.0 -1189.0
-999.0 -1169.0 -1249.0 -939.0 -945.0 -1159.0
-998.0 -1089.0 -1097.0 -989.0 -907.0 -1324.0
-904.0 -1100.0 -1251.0 -1017.0 -910.0 -1200.0
-1057.0 -1085.0 -1173.0 -1017.0 -824.0 -1265.0
-1033.0 -1098.0 -1153.0 -1017.0 -907.0 -1266.0
-1017.0 -1120.0 -1142.0 -1027.0 -840.0 -1269.0
-964.0 -1146.0 -1224.0 -1000.0 -869.0 -1242.0
-985.0 -1118.0 -1240.0 -954.0 -1006.0 -1230.0
-989.0 -1108.0 -1130.0 -948.0 -968.0 -1318.0
-1042.0 -1101.0 -1224.0 -1060.0 -927.0 -1107.0
-982.0 -1146.0 -1035.0 -863.0 -819.0 -1325.0
-1056.0 -1146.0 -1211.0 -1032.0 -892.0 -1213.0
-990.0 -1124.0 -1244.0 -1023.0 -966.0 -1173.0
-983.0 -1109.0 -1248.0 -1022.0 -909.0 -1208.0
-1097.0 -1111.0 -1145.0 -1000.0 -1000.0 -1227.0
-1037.0 -1117.0 -1029.0 -894.0 -768.0 -1335.0
-1068.0 -1067.0 -1138.0 -957.0 -990.0 -1286.0
-1067.0 -1098.0 -1135.0 -1022.0 -901.0 -1261.0
-956.0 -1146.0 -1237.0 -1021.0 -889.0 -1223.0
-1003.0 -1184.0 -1207.0 -971.0 -922.0 -1175.0
-1002.0 -1144.0 -1220.0 -936.0 -1032.0 -1228.0
-936.0 -1109.0 -1258.0 -1023.0 -957.0 -1160.0
-1012.0 -1182.0 -1093.0 -955.0 -850.0 -1203.0
-1032.0 -1150.0 -1215.0 -1055.0 -875.0 -1183.0
-897.0 -1190.0 -1225.0 -1009.0 -731.0 -1048.0
-882.0 -1144.0 -1172.0 -1067.0 -808.0 -1206.0
-977.0 -1171.0 -1231.0 -900.0 -1003.0 -1172.0
-935.0 -1127.0 -1060.0 -972.0 -826.0 -1340.0
-984.0 -1159.0 -1195.0 -1038.0 -976.0 -1172.0
-1012.0 -1176.0 -1059.0 -990.0 -831.0 -1209.0
-1094.0 -1108.0 -1238.0 -1024.0 -939.0 -1140.0
-1072.0 -1055.0 -1166.0 -977.0 -1009.0 -1273.0
-1021.0 -1066.0 -1088.0 -951.0 -939.0 -1347.0
-954.0 -1160.0 -1210.0 -981.0 -942.0 -1240.0
-994.0 -1166.0 -1196.0 -925.0 -945.0 -1250.0
-1015.0 -1138.0 -1306.0 -1019.0 -883.0 -1118.0
-1085.0 -1023.0 -1138.0 -986.0 -893.0 -1265.0
-1073.0 -1147.0 -1195.0 -908.0 -936.0 -1239.0
-988.0 -1178.0 -1244.0 -930.0 -957.0 -1161.0
-1056.0 -1050.0 -1092.0 -926.0 -842.0 -1333.0
-952.0 -1092.0 -1172.0 -1085.0 -734.0 -1195.0
-1075.0 -1041.0 -1076.0 -1024.0 -851.0 -1262.0
-1081.0 -1053.0 -1154.0 -971.0 -933.0 -1262.0
-1006.0 -1172.0 -1252.0 -1002.0 -917.0 -1019.0
-975.0 -1083.0 -1259.0 -995.0 -994.0 -1193.0
-1076.0 -1078.0 -1161.0 -997.0 -963.0 -1277.0
-922.0 -1158.0 -1163.0 -1050.0 -869.0 -1199.0
-1022.0 -1046.0 -1129.0 -951.0 -946.0 -1319.0
-1143.0 -1054.0 -1036.0 -956.0 -844.0 -1233.0
-912.0 -1146.0 -1296.0 -1044.0 -890.0 -1157.0
-1011.0 -1175.0 -1163.0 -958.0 -957.0 -1191.0
-1008.0 -1159.0 -1212.0 -961.0 -958.0 -1229.0
-1036.0 -1066.0 -1120.0 -1029.0 -817.0 -1288.0
-958.0 -1147.0 -1182.0 -1008.0 -837.0 -1269.0
-1043.0 -1173.0 -1153.0 -994.0 -915.0 -1162.0
-1051.0 -1120.0 -1124.0 -1032.0 -834.0 -1264.0
-1105.0 -1103.0 -1065.0 -979.0 -957.0 -1231.0
-1048.0 -1105.0 -1200.0 -954.0 -1041.0 -1218.0
-1046.0 -1193.0 -1125.0 -937.0 -879.0 -1151.0
-1014.0 -1175.0 -1212.0 -980.0 -910.0 -1173.0
-1021.0 -998.0 -1115.0 -1038.0 -825.0 -1268.0
-1038.0 -1054.0 -1128.0 -979.0 -891.0 -1320.0
-1138.0 -1104.0 -1073.0 -936.0 -848.0 -1223.0
-1015.0 -1179.0 -1153.0 -905.0 -899.0 -1232.0
-993.0 -1184.0 -1248.0 -999.0 -917.0 -1104.0
-1049.0 -1179.0 -1135.0 -910.0 -893.0 -1227.0
-875.0 -1149.0 -1108.0 -1005.0 -760.0 -1277.0
-969.0 -1160.0 -1242.0 -1059.0 -820.0 -1181.0
-1098.0 -1050.0 -1107.0 -985.0 -932.0 -1279.0
-1038.0 -1081.0 -1045.0 -928.0 -926.0 -1358.0
-1022.0 -1076.0 -1117.0 -989.0 -824.0 -1323.0
-1113.0 -1106.0 -1083.0 -980.0 -872.0 -1239.0
-1057.0 -1190.0 -1158.0 -950.0 -866.0 -1218.0
-1065.0 -1064.0 -998.0 -941.0 -861.0 -1333.0
-1006.0 -1060.0 -1125.0 -910.0 -974.0 -1333.0
-1013.0 -1191.0 -1145.0 -955.0 -825.0 -1200.0
-1015.0 -1162.0 -1175.0 -1027.0 -923.0 -1210.0
-901.0 -1114.0 -1081.0 -1044.0 -767.0 -1287.0
-1020.0 -1200.0 -1216.0 -919.0 -898.0 -1123.0
-1037.0 -1184.0 -1189.0 -976.0 -916.0 -1170.0
-1113.0 -1078.0 -1147.0 -1001.0 -898.0 -1221.0
-980.0 -1153.0 -1119.0 -999.0 -923.0 -1268.0
-1006.0 -1193.0 -1129.0 -937.0 -851.0 -1211.0
-1025.0 -1155.0 -1151.0 -993.0 -827.0 -1254.0
-970.0 -1088.0 -1038.0 -856.0 -828.0 -1364.0
-890.0 -1176.0 -1214.0 -984.0 -922.0 -1188.0
-1110.0 -1097.0 -1161.0 -1014.0 -943.0 -1203.0
-962.0 -1156.0 -1182.0 -1015.0 -838.0 -1225.0
-927.0 -1148.0 -1309.0 -1032.0 -895.0 -1147.0
-1036.0 -1085.0 -1224.0 -1041.0 -975.0 -1163.0
-971.0 -1176.0 -1186.0 -988.0 -868.0 -1231.0
-968.0 -1119.0 -1143.0 -1068.0 -878.0 -1189.0
-1047.0 -1191.0 -1127.0 -960.0 -819.0 -1195.0
-1013.0 -1190.0 -1217.0 -973.0 -867.0 -1152.0
-887.0 -1036.0 -1273.0 -976.0 -1027.0 -1116.0
-1021.0 -1064.0 -1290.0 -1004.0 -930.0 -1133.0
-900.0 -1151.0 -1204.0 -1026.0 -826.0 -1244.0
-851.0 -1153.0 -1112.0 -1028.0 -743.0 -1247.0
-1001.0 -1159.0 -1155.0 -1016.0 -810.0 -1224.0
-1012.0 -1175.0 -1131.0 -1008.0 -873.0 -1161.0
-927.0 -1176.0 -1245.0 -1011.0 -869.0 -1165.0
-906.0 -1102.0 -1236.0 -1081.0 -868.0 -1130.0
-1075.0 -1149.0 -1241.0 -1047.0 -917.0 -1125.0
-1144.0 -1029.0 -1061.0 -981.0 -914.0 -1208.0
-981.0 -1148.0 -1248.0 -1069.0 -851.0 -1146.0
-964.0 -1181.0 -1246.0 -987.0 -876.0 -1208.0
-1133.0 -1066.0 -992.0 -951.0 -900.0 -1228.0
-1029.0 -1177.0 -1116.0 -989.0 -903.0 -1203.0
-998.0 -1150.0 -1233.0 -1050.0 -881.0 -1188.0
-1016.0 -1176.0 -1048.0 -988.0 -846.0 -1259.0
-1004.0 -1054.0 -1146.0 -974.0 -897.0 -1325.0
-979.0 -1203.0 -1083.0 -975.0 -822.0 -1134.0
-937.0 -1176.0 -1204.0 -983.0 -874.0 -1236.0
-999.0 -1063.0 -1008.0 -838.0 -818.0 -1374.0
-1127.0 -1070.0 -1137.0 -952.0 -899.0 -1228.0
-1070.0 -1085.0 -1206.0 -1046.0 -969.0 -1158.0
-1128.0 -1089.0 -1175.0 -908.0 -934.0 -1192.0
-925.0 -1160.0 -1301.0 -1082.0 -821.0 -1115.0
-907.0 -1209.0 -1175.0 -954.0 -858.0 -1139.0
-958.0 -1107.0 -1276.0 -1062.0 -899.0 -1147.0
-969.0 -1104.0 -1016.0 -886.0 -919.0 -1373.0
-1052.0 -1148.0 -1214.0 -1074.0 -855.0 -1110.0
-944.0 -1188.0 -1187.0 -988.0 -911.0 -1187.0
-853.0 -1197.0 -1202.0 -950.0 -869.0 -1140.0
-992.0 -1107.0 -1258.0 -1067.0 -893.0 -1142.0
-992.0 -1098.0 -1098.0 -913.0 -904.0 -1360.0
-1002.0 -1018.0 -1060.0 -880.0 -825.0 -1375.0
-1039.0 -1062.0 -1183.0 -1068.0 -918.0 -1128.0
-1012.0 -1071.0 -1226.0 -1070.0 -893.0 -1115.0
-977.0 -1195.0 -1116.0 -977.0 -891.0 -1151.0
-954.0 -1173.0 -1284.0 -1015.0 -850.0 -1015.0
-1090.0 -1116.0 -1081.0 -938.0 -952.0 -1298.0
-1074.0 -1114.0 -1093.0 -872.0 -842.0 -1309.0
-1073.0 -1099.0 -1007.0 -907.0 -848.0 -1318.0
-1155.0 -1089.0 -1011.0 -910.0 -789.0 -1143.0
-1050.0 -1127.0 -1073.0 -872.0 -925.0 -1310.0
-1004.0 -1203.0 -1173.0 -968.0 -843.0 -1156.0
-1084.0 -1127.0 -1055.0 -877.0 -919.0 -1305.0
-928.0 -1105.0 -1152.0 -1085.0 -817.0 -1196.0
-1046.0 -1071.0 -1208.0 -1075.0 -887.0 -1110.0
-990.0 -1047.0 -1092.0 -933.0 -900.0 -1370.0
-1093.0 -1141.0 -1255.0 -941.0 -908.0 -1114.0
-1053.0 -1108.0 -1059.0 -859.0 -880.0 -1328.0
-1033.0 -1134.0 -976.0 -917.0 -864.0 -1322.0
-1076.0 -1092.0 -1046.0 -911.0 -932.0 -1320.0
-1102.0 -1143.0 -1014.0 -950.0 -858.0 -1259.0
-998.0 -1121.0 -1079.0 -804.0 -1013.0 -1319.0
-1090.0 -1092.0 -1104.0 -862.0 -909.0 -1306.0
-1092.0 -1138.0 -1078.0 -917.0 -892.0 -1296.0
-1023.0 -1136.0 -1048.0 -932.0 -936.0 -1331.0
-1046.0 -1159.0 -1250.0 -1056.0 -856.0 -1118.0
-1060.0 -1114.0 -1035.0 -921.0 -865.0 -1323.0
-1104.0 -1151.0 -1203.0 -1007.0 -887.0 -1141.0
-1082.0 -1145.0 -986.0 -829.0 -894.0 -1288.0
-974.0 -1130.0 -1103.0 -886.0 -977.0 -1322.0
-920.0 -1118.0 -1130.0 -882.0 -988.0 -1323.0
-1099.0 -1140.0 -1104.0 -926.0 -917.0 -1267.0
-1112.0 -1139.0 -1100.0 -897.0 -841.0 -1213.0
-1083.0 -1084.0 -948.0 -814.0 -826.0 -1340.0
-1034.0 -1130.0 -1286.0 -1057.0 -873.0 -1077.0
-1022.0 -1111.0 -1108.0 -891.0 -1003.0 -1326.0
-1047.0 -1127.0 -1024.0 -850.0 -972.0 -1328.0
-956.0 -1105.0 -1158.0 -1006.0 -814.0 -1303.0
-1037.0 -1142.0 -1083.0 -943.0 -994.0 -1306.0
-1082.0 -1066.0 -1255.0 -1050.0 -911.0 -1103.0
-1086.0 -1030.0 -1003.0 -911.0 -994.0 -1325.0
-1011.0 -1148.0 -940.0 -846.0 -826.0 -1319.0
-918.0 -1123.0 -1103.0 -999.0 -873.0 -1314.0
-982.0 -1111.0 -1086.0 -999.0 -840.0 -1327.0
-1029.0 -1114.0 -1116.0 -892.0 -971.0 -1328.0
-1043.0 -1119.0 -917.0 -824.0 -842.0 -1344.0
-1107.0 -1167.0 -1154.0 -1004.0 -886.0 -1103.0
-1114.0 -1151.0 -1135.0 -881.0 -833.0 -1143.0
-986.0 -1088.0 -1127.0 -1034.0 -756.0 -1296.0
-1072.0 -1160.0 -1045.0 -922.0 -916.0 -1266.0
-1034.0 -1149.0 -1062.0 -882.0 -858.0 -1313.0
-1119.0 -1136.0 -1111.0 -905.0 -919.0 -1247.0
-995.0 -1144.0 -1246.0 -986.0 -911.0 -1243.0
-1060.0 -1133.0 -1112.0 -910.0 -1010.0 -1305.0
-1068.0 -1149.0 -1044.0 -887.0 -852.0 -1308.0
-1103.0 -1158.0 -1100.0 -915.0 -852.0 -1250.0
-1054.0 -1066.0 -1142.0 -926.0 -1026.0 -1303.0
-985.0 -1149.0 -1165.0 -1049.0 -824.0 -1244.0
-1111.0 -1161.0 -1173.0 -917.0 -778.0 -1094.0
-1105.0 -1168.0 -1188.0 -953.0 -814.0 -1075.0
-1068.0 -1037.0 -1097.0 -1007.0 -833.0 -1313.0
-1066.0 -1088.0 -1244.0 -1060.0 -844.0 -1106.0
-1124.0 -1166.0 -1033.0 -909.0 -747.0 -1174.0
-1042.0 -1156.0 -1135.0 -869.0 -871.0 -1280.0
-950.0 -1140.0 -1109.0 -1021.0 -824.0 -1302.0
-1038.0 -1160.0 -1063.0 -917.0 -922.0 -1271.0
-1123.0 -1091.0 -1024.0 -887.0 -850.0 -1261.0
-1093.0 -1169.0 -1191.0 -920.0 -882.0 -1132.0
-936.0 -1123.0 -1137.0 -1072.0 -767.0 -1229.0
-919.0 -1121.0 -1113.0 -1003.0 -785.0 -1325.0
-986.0 -1141.0 -1111.0 -1014.0 -920.0 -1288.0
-924.0 -1147.0 -1200.0 -1003.0 -843.0 -1274.0
-1133.0 -1134.0 -1074.0 -989.0 -923.0 -1218.0
-1129.0 -1123.0 -1073.0 -954.0 -859.0 -1260.0
-1037.0 -1114.0 -1147.0 -964.0 -1020.0 -1288.0
-1034.0 -1117.0 -1267.0 -1082.0 -828.0 -1081.0
-1085.0 -1066.0 -1017.0 -862.0 -851.0 -1357.0
-1014.0 -1105.0 -1276.0 -1083.0 -833.0 -1077.0
-1114.0 -1110.0 -1024.0 -905.0 -861.0 -1298.0
-970.0 -1063.0 -1037.0 -913.0 -879.0 -1384.0
-1114.0 -1082.0 -1088.0 -926.0 -887.0 -1280.0
-1027.0 -1132.0 -1200.0 -916.0 -1027.0 -1212.0
-965.0 -1082.0 -1093.0 -1021.0 -794.0 -1315.0
-1068.0 -1101.0 -1141.0 -1072.0 -781.0 -971.0
-1082.0 -1081.0 -1072.0 -972.0 -965.0 -1313.0
-882.0 -1167.0 -1303.0 -939.0 -901.0 -1158.0
-1022.0 -1136.0 -1120.0 -902.0 -1029.0 -1292.0
-870.0 -1129.0 -1225.0 -887.0 -990.0 -1265.0
-965.0 -1110.0 -1029.0 -1000.0 -768.0 -1333.0
-1019.0 -1149.0 -1147.0 -1054.0 -818.0 -1239.0
-1079.0 -1057.0 -1046.0 -874.0 -969.0 -1339.0
-1120.0 -1075.0 -1073.0 -890.0 -851.0 -1299.0
-1038.0 -1145.0 -1260.0 -967.0 -1010.0 -1124.0
-1055.0 -1107.0 -1025.0 -910.0 -952.0 -1356.0
-1075.0 -1146.0 -1161.0 -959.0 -1008.0 -1267.0
-980.0 -1085.0 -1146.0 -1086.0 -809.0 -1189.0
-1046.0 -997.0 -1069.0 -981.0 -841.0 -1321.0
-1070.0 -1120.0 -1074.0 -959.0 -950.0 -1318.0
-1094.0 -1151.0 -1141.0 -989.0 -948.0 -1183.0
-1027.0 -1072.0 -1216.0 -951.0 -1004.0 -1268.0
-961.0 -1153.0 -1169.0 -1072.0 -807.0 -1214.0
-970.0 -1123.0 -1119.0 -1077.0 -761.0 -1224.0
-989.0 -1136.0 -1066.0 -927.0 -942.0 -1336.0
-1035.0 -1170.0 -1289.0 -970.0 -923.0 -1055.0
-1033.0 -1149.0 -1180.0 -953.0 -1012.0 -1204.0
-1051.0 -1066.0 -1035.0 -857.0 -857.0 -1362.0
-954.0 -1158.0 -1105.0 -1010.0 -759.0 -1285.0
-1052.0 -1155.0 -1132.0 -992.0 -992.0 -1268.0
-936.0 -1085.0 -1205.0 -1109.0 -810.0 -1123.0
-1030.0 -1060.0 -1261.0 -982.0 -999.0 -1112.0
-930.0 -1161.0 -1181.0 -1051.0 -784.0 -1207.0
-1033.0 -1188.0 -1220.0 -922.0 -898.0 -1038.0
-935.0 -1160.0 -1260.0 -1054.0 -826.0 -1186.0
-983.0 -1110.0 -1051.0 -897.0 -977.0 -1348.0
-1110.0 -1153.0 -1164.0 -977.0 -900.0 -1179.0
-999.0 -1123.0 -1028.0 -976.0 -882.0 -1349.0
-1106.0 -1075.0 -1015.0 -939.0 -874.0 -1313.0
-886.0 -1162.0 -1168.0 -1056.0 -743.0 -1189.0
-989.0 -1075.0 -1100.0 -882.0 -967.0 -1349.0
-946.0 -1111.0 -1256.0 -1062.0 -877.0 -1186.0
-967.0 -1117.0 -1290.0 -1075.0 -839.0 -1167.0
-930.0 -1181.0 -1264.0 -982.0 -882.0 -1213.0
-958.0 -1175.0 -1118.0 -987.0 -811.0 -1287.0
-978.0 -1163.0 -1080.0 -1062.0 -772.0 -1156.0
-930.0 -1162.0 -1109.0 -1033.0 -742.0 -1255.0
-1021.0 -1079.0 -1261.0 -1000.0 -1010.0 -1149.0
-968.0 -1160.0 -1059.0 -894.0 -789.0 -1309.0
-1137.0 -1126.0 -1146.0 -956.0 -785.0 -1104.0
-1021.0 -1107.0 -1043.0 -905.0 -958.0 -1361.0
-973.0 -1109.0 -1289.0 -1050.0 -904.0 -1137.0
-1008.0 -1102.0 -1262.0 -951.0 -1033.0 -1154.0
-971.0 -1159.0 -1089.0 -886.0 -803.0 -1311.0
-1082.0 -1057.0 -1095.0 -896.0 -922.0 -1321.0
-893.0 -1156.0 -1140.0 -964.0 -778.0 -1315.0
-1002.0 -1159.0 -1309.0 -1079.0 -857.0 -1052.0
-975.0 -1118.0 -1281.0 -982.0 -1001.0 -1159.0
-1073.0 -1093.0 -1180.0 -934.0 -1036.0 -1202.0
-1075.0 -1043.0 -1000.0 -946.0 -790.0 -1340.0
-935.0 -1153.0 -1250.0 -992.0 -1017.0 -1163.0
-991.0 -1155.0 -1293.0 -1049.0 -889.0 -1165.0
-1027.0 -1160.0 -1136.0 -895.0 -1001.0 -1230.0
-1013.0 -1108.0 -1266.0 -1020.0 -993.0 -1097.0
-1045.0 -1101.0 -986.0 -872.0 -867.0 -1361.0
-964.0 -1112.0 -1206.0 -941.0 -1044.0 -1249.0
-1139.0 -1099.0 -1123.0 -974.0 -913.0 -1219.0
-920.0 -1162.0 -1150.0 -1061.0 -737.0 -1184.0
-1060.0 -1143.0 -1278.0 -1006.0 -952.0 -1111.0
-909.0 -1169.0 -1173.0 -941.0 -852.0 -1278.0
-957.0 -1116.0 -908.0 -800.0 -809.0 -1361.0
-1094.0 -1183.0 -1064.0 -881.0 -805.0 -1181.0
-1107.0 -1169.0 -1101.0 -950.0 -916.0 -1208.0
-1028.0 -1072.0 -1066.0 -1017.0 -849.0 -1317.0
-1023.0 -1186.0 -1226.0 -892.0 -912.0 -1199.0
-1057.0 -1097.0 -1202.0 -1043.0 -969.0 -1243.0
-904.0 -1169.0 -1200.0 -1015.0 -761.0 -1227.0
-1118.0 -1132.0 -1170.0 -980.0 -930.0 -1188.0
-1112.0 -1040.0 -1064.0 -924.0 -864.0 -1314.0
-951.0 -1153.0 -1210.0 -1100.0 -802.0 -1143.0
-1060.0 -997.0 -974.0 -953.0 -931.0 -1340.0
-1034.0 -1037.0 -1115.0 -1002.0 -839.0 -1318.0
-1115.0 -1159.0 -1074.0 -983.0 -843.0 -1107.0
-1116.0 -1150.0 -1101.0 -932.0 -905.0 -1171.0
-935.0 -1176.0 -1123.0 -1011.0 -837.0 -1224.0
-1099.0 -1055.0 -1074.0 -995.0 -933.0 -1310.0
-945.0 -1112.0 -1001.0 -879.0 -804.0 -1362.0
-1057.0 -1115.0 -1214.0 -967.0 -981.0 -1238.0
-1105.0 -1071.0 -1074.0 -1014.0 -885.0 -1254.0
-969.0 -1188.0 -1178.0 -1038.0 -794.0 -1199.0
-1022.0 -1162.0 -1234.0 -976.0 -996.0 -1190.0
-1099.0 -1075.0 -1125.0 -986.0 -860.0 -1260.0
-1076.0 -1085.0 -1123.0 -944.0 -940.0 -1319.0
-1121.0 -1157.0 -1111.0 -943.0 -818.0 -1138.0
-1086.0 -1159.0 -1221.0 -1010.0 -991.0 -1179.0
-969.0 -1065.0 -1188.0 -992.0 -958.0 -1290.0
-918.0 -1143.0 -1186.0 -930.0 -971.0 -1320.0
-1097.0 -1087.0 -1117.0 -1036.0 -786.0 -1228.0
-979.0 -1159.0 -1273.0 -1049.0 -867.0 -1204.0
-1069.0 -1133.0 -1241.0 -1028.0 -965.0 -1181.0
-1003.0 -1149.0 -1187.0 -946.0 -1033.0 -1259.0
-988.0 -1136.0 -1138.0 -897.0 -1035.0 -1297.0
-1004.0 -1077.0 -1237.0 -931.0 -1028.0 -1245.0
-1092.0 -995.0 -1052.0 -896.0 -984.0 -1326.0
-1014.0 -1107.0 -1193.0 -1016.0 -893.0 -1282.0
-1052.0 -1091.0 -1198.0 -974.0 -1009.0 -1300.0
-1144.0 -1058.0 -977.0 -881.0 -833.0 -1292.0
-1074.0 -1168.0 -1189.0 -956.0 -933.0 -1115.0
-1086.0 -1098.0 -1085.0 -949.0 -1017.0 -1315.0
-1047.0 -1069.0 -1256.0 -1055.0 -931.0 -1095.0
-1116.0 -1081.0 -1054.0 -977.0 -959.0 -1308.0
-1095.0 -1091.0 -1198.0 -973.0 -978.0 -1189.0
-966.0 -1133.0 -1125.0 -874.0 -897.0 -1350.0
-1046.0 -1065.0 -1151.0 -1019.0 -864.0 -1311.0
-1121.0 -1039.0 -1059.0 -939.0 -994.0 -1267.0
-1051.0 -1049.0 -1057.0 -979.0 -881.0 -1340.0
-1060.0 -1105.0 -1176.0 -931.0 -1036.0 -1287.0
-1046.0 -1187.0 -1186.0 -1035.0 -830.0 -1136.0
-1092.0 -1063.0 -1134.0 -934.0 -1007.0 -1316.0
-1028.0 -1152.0 -1218.0 -1097.0 -838.0 -1080.0
-1091.0 -1056.0 -1090.0 -911.0 -1052.0 -1274.0
-1143.0 -1119.0 -1015.0 -896.0 -901.0 -1240.0
-1111.0 -1036.0 -1123.0 -999.0 -875.0 -1255.0
-993.0 -1095.0 -992.0 -804.0 -955.0 -1370.0
-1088.0 -1134.0 -1165.0 -962.0 -1008.0 -1182.0
-1069.0 -1072.0 -1105.0 -967.0 -991.0 -1317.0
-1098.0 -997.0 -1123.0 -1035.0 -861.0 -1205.0
-1102.0 -1069.0 -1150.0 -962.0 -1035.0 -1186.0
-1051.0 -1189.0 -1171.0 -987.0 -780.0 -1127.0
-1071.0 -1118.0 -1236.0 -982.0 -1019.0 -1199.0
-1023.0 -1097.0 -1220.0 -1038.0 -975.0 -1248.0
-1054.0 -1092.0 -1256.0 -1000.0 -993.0 -1201.0
-1077.0 -1082.0 -1102.0 -922.0 -952.0 -1336.0
-870.0 -1143.0 -1104.0 -936.0 -800.0 -1334.0
-1073.0 -1063.0 -1184.0 -1007.0 -891.0 -1262.0
-1056.0 -1182.0 -1034.0 -932.0 -849.0 -1269.0
-1055.0 -1066.0 -1070.0 -956.0 -933.0 -1342.0
-1042.0 -1074.0 -1229.0 -939.0 -1009.0 -1258.0
-1035.0 -1139.0 -1203.0 -1012.0 -1003.0 -1285.0
-1006.0 -1185.0 -1242.0 -1016.0 -868.0 -1173.0
-998.0 -1072.0 -1307.0 -1052.0 -883.0 -1143.0
-948.0 -1146.0 -1053.0 -858.0 -825.0 -1330.0
-1041.0 -1132.0 -1188.0 -976.0 -967.0 -1304.0
-1090.0 -1064.0 -1168.0 -883.0 -935.0 -1288.0
-1001.0 -1117.0 -1272.0 -1080.0 -833.0 -1162.0
-1044.0 -1155.0 -1101.0 -920.0 -943.0 -1308.0
-904.0 -1108.0 -1064.0 -954.0 -787.0 -1363.0
-1113.0 -1065.0 -1128.0 -1026.0 -853.0 -1225.0
-885.0 -1170.0 -1210.0 -915.0 -962.0 -1245.0
-1045.0 -1084.0 -1008.0 -994.0 -891.0 -1339.0
-908.0 -1186.0 -1213.0 -992.0 -813.0 -1229.0
-1072.0 -1143.0 -1254.0 -983.0 -947.0 -1180.0
-1068.0 -1190.0 -1155.0 -863.0 -824.0 -1153.0
-967.0 -1098.0 -1037.0 -950.0 -842.0 -1365.0
-1085.0 -1038.0 -1081.0 -883.0 -877.0 -1339.0
-961.0 -1152.0 -1241.0 -1090.0 -849.0 -1166.0
-1108.0 -1171.0 -1095.0 -929.0 -875.0 -1162.0
-1098.0 -1116.0 -1112.0 -1010.0 -1001.0 -1258.0
-968.0 -1051.0 -1252.0 -913.0 -1063.0 -1100.0
-1087.0 -1173.0 -1094.0 -971.0 -914.0 -1228.0
-1127.0 -980.0 -1031.0 -1007.0 -843.0 -1243.0
-1066.0 -1090.0 -1117.0 -992.0 -1019.0 -1272.0
-1063.0 -1168.0 -1192.0 -1043.0 -975.0 -1180.0
-1025.0 -1157.0 -1256.0 -964.0 -1010.0 -1209.0
-1098.0 -1103.0 -1127.0 -902.0 -882.0 -1297.0
-1055.0 -1168.0 -1161.0 -971.0 -926.0 -1220.0
-971.0 -1047.0 -1142.0 -1006.0 -784.0 -1316.0
-1002.0 -1126.0 -1208.0 -1012.0 -1020.0 -1233.0
-1073.0 -1175.0 -1131.0 -887.0 -910.0 -1257.0
-1097.0 -1058.0 -1161.0 -1050.0 -929.0 -1153.0
-1072.0 -1171.0 -1190.0 -962.0 -921.0 -1198.0
-1094.0 -1047.0 -1017.0 -844.0 -840.0 -1320.0
-955.0 -1079.0 -1212.0 -1023.0 -928.0 -1274.0
-1099.0 -1066.0 -1243.0 -986.0 -974.0 -1099.0
-1142.0 -1115.0 -1074.0 -971.0 -912.0 -1181.0
-1002.0 -1166.0 -1227.0 -997.0 -994.0 -1210.0
-945.0 -1183.0 -1277.0 -970.0 -887.0 -1203.0
-986.0 -1113.0 -1175.0 -1035.0 -946.0 -1270.0
-1053.0 -1173.0 -1112.0 -966.0 -920.0 -1233.0
-1089.0 -1060.0 -1227.0 -958.0 -946.0 -1229.0
-982.0 -1175.0 -1254.0 -1059.0 -836.0 -1066.0
-987.0 -1103.0 -1235.0 -908.0 -1060.0 -1248.0
-984.0 -1082.0 -1043.0 -948.0 -910.0 -1369.0
-1100.0 -1079.0 -1066.0 -911.0 -849.0 -1319.0
-1000.0 -1091.0 -1239.0 -911.0 -1060.0 -1163.0
-983.0 -1082.0 -1115.0 -918.0 -1003.0 -1330.0
-1084.0 -1160.0 -1255.0 -959.0 -919.0 -1151.0
-963.0 -1173.0 -1159.0 -837.0 -987.0 -1241.0
-1027.0 -1193.0 -1175.0 -1010.0 -763.0 -1097.0
-1036.0 -1178.0 -1067.0 -909.0 -836.0 -1283.0
-1025.0 -1120.0 -1253.0 -1067.0 -876.0 -1194.0
-1045.0 -1102.0 -1293.0 -978.0 -980.0 -1131.0
-900.0 -1179.0 -1140.0 -1005.0 -800.0 -1262.0
-925.0 -1188.0 -1237.0 -1061.0 -795.0 -1133.0
-1013.0 -1078.0 -1270.0 -1093.0 -848.0 -1157.0
-1116.0 -1057.0 -1077.0 -901.0 -916.0 -1316.0
-1100.0 -1097.0 -1202.0 -1042.0 -938.0 -1132.0
-1017.0 -1184.0 -1056.0 -884.0 -769.0 -1244.0
-969.0 -1058.0 -1296.0 -936.0 -1018.0 -1142.0
-988.0 -1150.0 -1274.0 -1078.0 -876.0 -1117.0
-958.0 -1166.0 -1286.0 -1020.0 -995.0 -1144.0
-1020.0 -1066.0 -1160.0 -921.0 -1032.0 -1308.0
-965.0 -1081.0 -1165.0 -1039.0 -836.0 -1267.0
-948.0 -1175.0 -1272.0 -1054.0 -842.0 -1071.0
-1074.0 -1196.0 -1125.0 -935.0 -907.0 -1133.0
-991.0 -1167.0 -1198.0 -1014.0 -978.0 -1237.0
-1114.0 -1107.0 -1228.0 -1014.0 -946.0 -1079.0
-957.0 -1154.0 -979.0 -939.0 -815.0 -1313.0
-1038.0 -1173.0 -1196.0 -946.0 -984.0 -1142.0
-901.0 -1047.0 -1180.0 -977.0 -911.0 -1316.0
-1057.0 -1180.0 -1196.0 -955.0 -918.0 -1150.0
-997.0 -1039.0 -1123.0 -1042.0 -807.0 -1296.0
-1102.0 -1126.0 -1223.0 -1011.0 -889.0 -1173.0
-925.0 -1086.0 -1162.0 -988.0 -775.0 -1326.0
-969.0 -1187.0 -1250.0 -1056.0 -836.0 -1151.0
-1021.0 -1189.0 -1004.0 -836.0 -831.0 -1219.0
-1002.0 -1187.0 -1245.0 -1058.0 -831.0 -1070.0
-1033.0 -1177.0 -1112.0 -922.0 -941.0 -1231.0
-1103.0 -1130.0 -1164.0 -936.0 -878.0 -1232.0
-978.0 -1070.0 -1142.0 -1047.0 -806.0 -1263.0
-1050.0 -1108.0 -1297.0 -1047.0 -940.0 -1074.0
-1021.0 -1198.0 -1164.0 -990.0 -820.0 -1001.0
-874.0 -1186.0 -1231.0 -987.0 -819.0 -1234.0
-1134.0 -1149.0 -1160.0 -954.0 -917.0 -1209.0
-934.0 -1176.0 -1155.0 -961.0 -921.0 -1254.0
-883.0 -1083.0 -1134.0 -1052.0 -740.0 -1258.0
-930.0 -1133.0 -1245.0 -1072.0 -810.0 -1189.0
-1128.0 -1119.0 -1132.0 -1029.0 -870.0 -1201.0
-1146.0 -1109.0 -1093.0 -884.0 -804.0 -1172.0
-1134.0 -1073.0 -1036.0 -974.0 -855.0 -1270.0
-978.0 -1112.0 -1264.0 -892.0 -1021.0 -1235.0
-1140.0 -1144.0 -1044.0 -899.0 -814.0 -1171.0
-998.0 -1186.0 -1056.0 -950.0 -838.0 -1244.0
-1061.0 -1072.0 -1074.0 -895.0 -942.0 -1357.0
-1110.0 -1088.0 -1185.0 -1037.0 -843.0 -1172.0
-1012.0 -1126.0 -1167.0 -984.0 -1025.0 -1304.0
-1122.0 -1046.0 -1103.0 -962.0 -949.0 -1309.0
-1067.0 -1029.0 -1079.0 -977.0 -951.0 -1324.0
-1006.0 -1101.0 -1080.0 -864.0 -993.0 -1347.0
-949.0 -1114.0 -1163.0 -1038.0 -938.0 -1273.0
-1104.0 -1101.0 -1212.0 -986.0 -918.0 -1209.0
-970.0 -1077.0 -1255.0 -926.0 -1034.0 -1250.0
-979.0 -1187.0 -1209.0 -1028.0 -841.0 -1222.0
-987.0 -1040.0 -1092.0 -1052.0 -760.0 -1273.0
-1012.0 -1179.0 -1104.0 -883.0 -946.0 -1250.0
-1120.0 -1047.0 -1137.0 -911.0 -877.0 -1281.0
-1004.0 -1169.0 -1163.0 -1039.0 -904.0 -1108.0
-996.0 -1089.0 -1248.0 -1081.0 -904.0 -982.0
-1103.0 -1076.0 -1194.0 -985.0 -990.0 -1228.0
-1098.0 -1186.0 -1154.0 -1022.0 -897.0 -1140.0
-988.0 -1188.0 -1128.0 -965.0 -910.0 -1253.0
-1008.0 -1131.0 -1276.0 -982.0 -984.0 -1211.0
-1063.0 -1100.0 -1138.0 -1064.0 -864.0 -1158.0
-952.0 -1048.0 -1152.0 -906.0 -985.0 -1334.0
-1123.0 -1061.0 -1056.0 -918.0 -934.0 -1265.0
-935.0 -1188.0 -1196.0 -1033.0 -800.0 -1204.0
-1038.0 -1053.0 -1109.0 -949.0 -952.0 -1340.0
-944.0 -1108.0 -1159.0 -969.0 -978.0 -1330.0
-1049.0 -1180.0 -1209.0 -976.0 -938.0 -1131.0
-1055.0 -1079.0 -1089.0 -931.0 -978.0 -1338.0
-967.0 -1149.0 -1131.0 -976.0 -930.0 -1329.0
-1063.0 -1049.0 -1203.0 -1068.0 -835.0 -1127.0
-935.0 -1104.0 -1034.0 -881.0 -925.0 -1378.0
-1105.0 -1105.0 -1153.0 -911.0 -907.0 -1268.0
-1116.0 -1118.0 -1213.0 -962.0 -890.0 -1180.0
-1006.0 -1073.0 -1144.0 -885.0 -1019.0 -1329.0
-1148.0 -1080.0 -1123.0 -956.0 -902.0 -1182.0
-1084.0 -1188.0 -1191.0 -938.0 -893.0 -1169.0
-1104.0 -1081.0 -1161.0 -995.0 -991.0 -1259.0
-1017.0 -1132.0 -1171.0 -1053.0 -985.0 -1247.0
-915.0 -1092.0 -1043.0 -882.0 -930.0 -1374.0
-980.0 -1192.0 -1125.0 -1004.0 -712.0 -1158.0
-900.0 -1024.0 -1277.0 -979.0 -1027.0 -1031.0
-1148.0 -1064.0 -1088.0 -981.0 -800.0 -1106.0
-1145.0 -1033.0 -1002.0 -906.0 -903.0 -1267.0
-1004.0 -1175.0 -1253.0 -1008.0 -905.0 -1102.0
-1083.0 -1184.0 -1250.0 -1013.0 -904.0 -1110.0
-994.0 -1201.0 -1059.0 -984.0 -751.0 -1098.0
-1124.0 -1068.0 -1100.0 -941.0 -889.0 -1307.0
-979.0 -1081.0 -1300.0 -976.0 -981.0 -1038.0
-995.0 -1172.0 -1182.0 -965.0 -885.0 -1261.0
-1119.0 -1108.0 -1175.0 -926.0 -945.0 -1229.0
-1032.0 -1066.0 -1053.0 -903.0 -1000.0 -1357.0
-1061.0 -1044.0 -1138.0 -916.0 -968.0 -1339.0
-1021.0 -1079.0 -1107.0 -926.0 -984.0 -1343.0
-986.0 -989.0 -1059.0 -1010.0 -825.0 -1326.0
-917.0 -1189.0 -1051.0 -995.0 -765.0 -1204.0
-939.0 -1182.0 -1183.0 -919.0 -951.0 -1244.0
-1057.0 -1078.0 -1211.0 -1070.0 -847.0 -1223.0
-1064.0 -1186.0 -1172.0 -1017.0 -903.0 -1145.0
-1067.0 -1097.0 -1161.0 -1015.0 -974.0 -1314.0
-1022.0 -1090.0 -1176.0 -1015.0 -1020.0 -1206.0
-987.0 -1172.0 -1122.0 -863.0 -877.0 -1274.0
-1119.0 -1043.0 -1196.0 -986.0 -888.0 -1222.0
-1048.0 -1032.0 -1133.0 -1073.0 -872.0 -1138.0
-981.0 -1107.0 -1171.0 -966.0 -986.0 -1327.0
-1053.0 -1116.0 -1151.0 -1066.0 -934.0 -1095.0
-1134.0 -1084.0 -1181.0 -1014.0 -860.0 -1202.0
-981.0 -1135.0 -1107.0 -945.0 -960.0 -1345.0
-1007.0 -1176.0 -1089.0 -886.0 -890.0 -1260.0
-1147.0 -1073.0 -1079.0 -933.0 -947.0 -1140.0
-962.0 -1092.0 -1131.0 -1057.0 -739.0 -1266.0
-1119.0 -1043.0 -1152.0 -985.0 -1003.0 -1183.0
-930.0 -1170.0 -1119.0 -942.0 -877.0 -1281.0
-1143.0 -1130.0 -1160.0 -936.0 -906.0 -1172.0
-1027.0 -1189.0 -1108.0 -1039.0 -829.0 -1171.0
-989.0 -1047.0 -1164.0 -903.0 -993.0 -1331.0
-1033.0 -1195.0 -1112.0 -978.0 -838.0 -1186.0
-915.0 -1140.0 -1279.0 -954.0 -910.0 -1233.0
-973.0 -1193.0 -1126.0 -990.0 -856.0 -1174.0
-892.0 -1059.0 -1288.0 -939.0 -982.0 -1205.0
-1009.0 -1035.0 -1242.0 -893.0 -1063.0 -1204.0
-1108.0 -1030.0 -1092.0 -934.0 -1020.0 -1271.0
-1054.0 -1116.0 -1171.0 -1033.0 -1002.0 -1192.0
-1126.0 -1066.0 -1196.0 -1027.0 -910.0 -1169.0
-987.0 -1188.0 -1200.0 -935.0 -1003.0 -1214.0
-1056.0 -1090.0 -1158.0 -1020.0 -1014.0 -1201.0
-1125.0 -1038.0 -1077.0 -883.0 -905.0 -1279.0
-1025.0 -1185.0 -1192.0 -943.0 -984.0 -1227.0
-1067.0 -1195.0 -1094.0 -983.0 -832.0 -1181.0
-1022.0 -1182.0 -1052.0 -927.0 -855.0 -1274.0
-1044.0 -1190.0 -1172.0 -973.0 -924.0 -1143.0
-1129.0 -1026.0 -1105.0 -903.0 -924.0 -1266.0
-1060.0 -1123.0 -1195.0 -1075.0 -854.0 -1105.0
-1129.0 -1056.0 -1073.0 -872.0 -840.0 -1262.0
-835.0 -1105.0 -1190.0 -1098.0 -800.0 -1161.0
-935.0 -1159.0 -1332.0 -1072.0 -868.0 -1138.0
-1145.0 -1101.0 -1084.0 -944.0 -926.0 -1257.0
-1135.0 -1088.0 -1122.0 -939.0 -849.0 -1261.0
-990.0 -1075.0 -1028.0 -912.0 -874.0 -1388.0
-854.0 -1197.0 -1130.0 -980.0 -776.0 -1179.0
-1135.0 -1081.0 -1160.0 -992.0 -872.0 -1219.0
-880.0 -1044.0 -1093.0 -1060.0 -731.0 -1279.0
-943.0 -1201.0 -1208.0 -922.0 -862.0 -1186.0
-917.0 -1202.0 -1051.0 -987.0 -715.0 -1161.0
-1013.0 -1194.0 -1160.0 -889.0 -926.0 -1163.0
-1049.0 -1110.0 -1167.0 -964.0 -1042.0 -1249.0
-1151.0 -998.0 -1051.0 -891.0 -893.0 -1268.0
-935.0 -1187.0 -1268.0 -1051.0 -842.0 -1156.0
-1015.0 -1040.0 -1073.0 -921.0 -974.0 -1359.0
-1145.0 -1036.0 -1105.0 -1004.0 -869.0 -1250.0
-996.0 -1101.0 -1089.0 -1039.0 -833.0 -1292.0
-1006.0 -1157.0 -1306.0 -1037.0 -894.0 -1155.0
-1037.0 -1212.0 -1125.0 -955.0 -890.0 -1188.0
-1018.0 -1071.0 -1133.0 -1038.0 -917.0 -1299.0
-931.0 -1185.0 -1205.0 -907.0 -871.0 -1272.0
-902.0 -1024.0 -1087.0 -1043.0 -842.0 -1264.0
-920.0 -1018.0 -1100.0 -1027.0 -815.0 -1306.0
-956.0 -1196.0 -1129.0 -1027.0 -695.0 -1128.0
-970.0 -1101.0 -1170.0 -959.0 -1043.0 -1241.0
-1054.0 -1186.0 -1213.0 -1045.0 -898.0 -1074.0
-950.0 -1053.0 -1125.0 -1023.0 -870.0 -1325.0
-1006.0 -1200.0 -1188.0 -981.0 -891.0 -1037.0
-968.0 -1126.0 -1226.0 -1007.0 -1026.0 -1238.0
-1150.0 -994.0 -1110.0 -966.0 -904.0 -1209.0
-1029.0 -1148.0 -1178.0 -1044.0 -865.0 -1262.0
-1154.0 -1014.0 -1002.0 -888.0 -892.0 -1230.0
-1031.0 -1085.0 -1302.0 -1052.0 -866.0 -1195.0
-1051.0 -1084.0 -1154.0 -951.0 -1054.0 -1258.0
-952.0 -1076.0 -1305.0 -1047.0 -867.0 -1187.0
-1054.0 -1112.0 -1307.0 -991.0 -920.0 -1151.0
-1012.0 -1187.0 -1204.0 -1030.0 -836.0 -1141.0
-1017.0 -1084.0 -1172.0 -946.0 -1060.0 -1263.0
-999.0 -1121.0 -1262.0 -969.0 -1044.0 -1191.0
-943.0 -1188.0 -1259.0 -958.0 -1004.0 -1148.0
-1038.0 -1031.0 -1102.0 -888.0 -990.0 -1358.0
-992.0 -1194.0 -1204.0 -1004.0 -963.0 -1157.0
-981.0 -1033.0 -1084.0 -1048.0 -841.0 -1272.0
-897.0 -1105.0 -1311.0 -1016.0 -918.0 -1177.0
-951.0 -1079.0 -1071.0 -1006.0 -756.0 -1354.0
-952.0 -1189.0 -1180.0 -909.0 -844.0 -1230.0
-1003.0 -997.0 -974.0 -974.0 -856.0 -1356.0
-946.0 -1024.0 -1028.0 -1020.0 -841.0 -1330.0
-1001.0 -1034.0 -1038.0 -910.0 -916.0 -1384.0
-954.0 -1188.0 -1146.0 -960.0 -916.0 -1258.0
-935.0 -1076.0 -1098.0 -902.0 -951.0 -1360.0
-933.0 -1195.0 -1175.0 -1000.0 -892.0 -1085.0
-976.0 -1114.0 -1308.0 -1021.0 -917.0 -1185.0
-952.0 -989.0 -1077.0 -1005.0 -831.0 -1331.0
-1015.0 -1046.0 -1155.0 -1001.0 -825.0 -1334.0
-943.0 -1195.0 -1134.0 -972.0 -897.0 -1156.0
-918.0 -1031.0 -1054.0 -1019.0 -766.0 -1336.0
-896.0 -1022.0 -1104.0 -1050.0 -798.0 -1276.0
-993.0 -1212.0 -1184.0 -978.0 -891.0 -1122.0
-935.0 -1203.0 -1142.0 -998.0 -823.0 -1068.0
-999.0 -1079.0 -1153.0 -1000.0 -927.0 -1340.0
-921.0 -1057.0 -1092.0 -867.0 -920.0 -1375.0
-930.0 -1196.0 -1210.0 -947.0 -905.0 -1077.0
-997.0 -1040.0 -1051.0 -1024.0 -765.0 -1344.0
-1013.0 -1065.0 -1129.0 -969.0 -957.0 -1356.0
-1160.0 -1115.0 -1098.0 -910.0 -847.0 -1092.0
-979.0 -1202.0 -1155.0 -993.0 -864.0 -1086.0
-1156.0 -1096.0 -1055.0 -933.0 -744.0 -1185.0
-902.0 -1203.0 -1147.0 -996.0 -828.0 -1149.0
-1015.0 -1033.0 -1066.0 -1053.0 -835.0 -1267.0
-927.0 -1194.0 -1075.0 -833.0 -841.0 -1232.0
-999.0 -1141.0 -1313.0 -960.0 -971.0 -1141.0
-1036.0 -1106.0 -1101.0 -976.0 -909.0 -1355.0
-945.0 -1198.0 -1223.0 -935.0 -910.0 -1067.0
-1061.0 -1208.0 -1121.0 -932.0 -907.0 -1218.0
-1012.0 -1129.0 -1317.0 -963.0 -971.0 -1056.0
-1075.0 -1109.0 -1158.0 -1062.0 -874.0 -1252.0
-1008.0 -1052.0 -1183.0 -1093.0 -790.0 -1208.0
-917.0 -1209.0 -1134.0 -926.0 -863.0 -1210.0
-1023.0 -1050.0 -1070.0 -876.0 -935.0 -1378.0
-947.0 -1075.0 -1061.0 -1062.0 -776.0 -1277.0
-967.0 -1057.0 -1082.0 -996.0 -823.0 -1351.0
-1023.0 -1195.0 -1153.0 -1006.0 -833.0 -1115.0
-1015.0 -1074.0 -1091.0 -980.0 -799.0 -1352.0
-912.0 -1127.0 -1141.0 -1095.0 -750.0 -1199.0
-951.0 -1209.0 -1116.0 -931.0 -857.0 -1205.0
-952.0 -1111.0 -1327.0 -1034.0 -874.0 -1153.0
-1004.0 -1147.0 -1317.0 -1029.0 -931.0 -1084.0
-980.0 -1122.0 -1150.0 -1067.0 -808.0 -1247.0
-983.0 -1193.0 -1234.0 -1033.0 -764.0 -1031.0
-950.0 -1201.0 -1118.0 -1007.0 -752.0 -1032.0
-929.0 -1044.0 -1114.0 -1070.0 -749.0 -1248.0
-1171.0 -1067.0 -1022.0 -900.0 -856.0 -1140.0
-912.0 -1196.0 -1188.0 -1050.0 -696.0 -1062.0
-957.0 -1037.0 -1088.0 -1071.0 -824.0 -1242.0
-847.0 -996.0 -1076.0 -1073.0 -741.0 -1261.0
-969.0 -1203.0 -1124.0 -1003.0 -817.0 -1063.0
-933.0 -1169.0 -1309.0 -1013.0 -877.0 -1057.0
-916.0 -1005.0 -1114.0 -1106.0 -735.0 -1198.0
-1003.0 -1212.0 -1143.0 -950.0 -896.0 -1193.0
-887.0 -1173.0 -1307.0 -1008.0 -861.0 -1101.0
-1031.0 -1109.0 -1217.0 -1085.0 -875.0 -1186.0
-1151.0 -1066.0 -1133.0 -929.0 -916.0 -1258.0
-846.0 -1057.0 -1114.0 -1088.0 -809.0 -1209.0
-976.0 -1094.0 -1225.0 -1090.0 -819.0 -1179.0
-985.0 -1111.0 -1233.0 -1086.0 -867.0 -1138.0
-947.0 -1022.0 -1065.0 -906.0 -927.0 -1385.0
-1154.0 -1082.0 -1084.0 -926.0 -915.0 -1220.0
-1153.0 -1022.0 -1093.0 -943.0 -835.0 -1065.0
-982.0 -1147.0 -1318.0 -1080.0 -862.0 -1048.0
-1164.0 -974.0 -1017.0 -933.0 -844.0 -1113.0
-981.0 -1120.0 -1312.0 -1090.0 -877.0 -1128.0
-1170.0 -939.0 -1066.0 -918.0 -834.0 -1114.0
-919.0 -1149.0 -1049.0 -982.0 -759.0 -1343.0
-913.0 -1037.0 -1147.0 -1094.0 -825.0 -1176.0
-1040.0 -1161.0 -1238.0 -1095.0 -848.0 -1174.0
-947.0 -1037.0 -1129.0 -1099.0 -819.0 -1171.0
-1129.0 -1192.0 -1120.0 -909.0 -805.0 -1123.0
-1015.0 -1139.0 -1070.0 -920.0 -856.0 -1359.0
-966.0 -1182.0 -1304.0 -1013.0 -860.0 -1109.0
-927.0 -952.0 -1075.0 -1121.0 -708.0 -1073.0
-946.0 -1168.0 -1234.0 -1076.0 -716.0 -1039.0
-925.0 -1065.0 -1183.0 -1111.0 -850.0 -1169.0
-997.0 -1152.0 -998.0 -904.0 -784.0 -1339.0
-1022.0 -1182.0 -1285.0 -967.0 -923.0 -1140.0
-1093.0 -1077.0 -1040.0 -902.0 -824.0 -1348.0
-912.0 -1168.0 -1252.0 -1071.0 -722.0 -1044.0
-926.0 -1159.0 -1118.0 -907.0 -813.0 -1323.0
-941.0 -1185.0 -1280.0 -1012.0 -850.0 -1100.0
-1116.0 -989.0 -995.0 -863.0 -893.0 -1326.0
-1087.0 -1037.0 -1047.0 -934.0 -949.0 -1367.0
-929.0 -1134.0 -990.0 -889.0 -737.0 -1365.0
-864.0 -1186.0 -1272.0 -1015.0 -814.0 -1163.0
-1100.0 -1073.0 -1287.0 -1009.0 -929.0 -1141.0
-948.0 -1147.0 -1336.0 -1075.0 -868.0 -1053.0
-934.0 -1160.0 -1077.0 -889.0 -795.0 -1314.0
-932.0 -978.0 -1162.0 -1121.0 -766.0 -1022.0
-1052.0 -1098.0 -1103.0 -944.0 -1023.0 -1320.0
-983.0 -1189.0 -1167.0 -1062.0 -830.0 -1105.0
-1124.0 -1000.0 -1018.0 -903.0 -866.0 -1317.0
-913.0 -1117.0 -1099.0 -930.0 -913.0 -1371.0
-949.0 -1162.0 -1059.0 -960.0 -858.0 -1309.0
-960.0 -1077.0 -1296.0 -954.0 -1029.0 -1179.0
-984.0 -1110.0 -979.0 -927.0 -884.0 -1387.0
-938.0 -1147.0 -1233.0 -902.0 -1037.0 -1239.0
-1105.0 -1196.0 -1124.0 -932.0 -788.0 -1093.0
-854.0 -1063.0 -1297.0 -961.0 -1018.0 -1041.0
-1081.0 -1202.0 -1181.0 -965.0 -879.0 -1093.0
-1024.0 -1086.0 -1052.0 -843.0 -1020.0 -1329.0
-1155.0 -1157.0 -1093.0 -948.0 -812.0 -1133.0
-1014.0 -1101.0 -1111.0 -936.0 -1042.0 -1307.0
-1030.0 -1051.0 -1101.0 -828.0 -1010.0 -1330.0
-1035.0 -1167.0 -1139.0 -991.0 -977.0 -1303.0
-914.0 -1053.0 -1051.0 -1042.0 -825.0 -1305.0
-920.0 -1112.0 -1265.0 -964.0 -1045.0 -1183.0
-1079.0 -1203.0 -1215.0 -914.0 -807.0 -1065.0
-953.0 -1160.0 -1282.0 -951.0 -1035.0 -1201.0
-924.0 -1175.0 -1136.0 -982.0 -817.0 -1292.0
-872.0 -1167.0 -1344.0 -967.0 -896.0 -1087.0
-1076.0 -1048.0 -1120.0 -1047.0 -806.0 -1304.0
-1077.0 -1031.0 -1008.0 -896.0 -864.0 -1372.0
-986.0 -1161.0 -1194.0 -945.0 -1018.0 -1294.0
-1078.0 -1117.0 -1208.0 -1059.0 -827.0 -1147.0
-980.0 -1123.0 -1078.0 -1049.0 -766.0 -1295.0
-954.0 -1130.0 -1259.0 -893.0 -1051.0 -1173.0
-871.0 -992.0 -1072.0 -1050.0 -758.0 -1291.0
-1076.0 -1101.0 -1206.0 -1065.0 -921.0 -1102.0
-1002.0 -1178.0 -1085.0 -904.0 -842.0 -1288.0
-1109.0 -1149.0 -1223.0 -1052.0 -911.0 -1120.0
-1014.0 -1162.0 -1247.0 -997.0 -1016.0 -1171.0
-1018.0 -1091.0 -1216.0 -969.0 -1015.0 -1305.0
-939.0 -1117.0 -1210.0 -844.0 -1053.0 -1211.0
-891.0 -1080.0 -969.0 -833.0 -787.0 -1404.0
-1037.0 -1092.0 -1140.0 -903.0 -1058.0 -1306.0
-1073.0 -1062.0 -1165.0 -1073.0 -912.0 -1123.0
-1115.0 -1114.0 -1272.0 -1037.0 -901.0 -1121.0
-988.0 -1108.0 -1202.0 -918.0 -1061.0 -1279.0
-1065.0 -1149.0 -1282.0 -1075.0 -912.0 -1054.0
-1146.0 -1040.0 -1046.0 -929.0 -858.0 -1309.0
-1062.0 -1110.0 -1241.0 -1083.0 -903.0 -1075.0
-1001.0 -1200.0 -1266.0 -992.0 -782.0 -1069.0
-865.0 -1027.0 -1023.0 -1065.0 -768.0 -1290.0
-1047.0 -1001.0 -1010.0 -906.0 -830.0 -1380.0
-1024.0 -1207.0 -1220.0 -940.0 -909.0 -1075.0
-833.0 -1015.0 -1066.0 -1124.0 -701.0 -1042.0
-1118.0 -1104.0 -1234.0 -1001.0 -956.0 -1170.0
-950.0 -1073.0 -1208.0 -954.0 -968.0 -1331.0
-946.0 -1196.0 -1170.0 -1055.0 -690.0 -1057.0
-873.0 -1202.0 -1110.0 -1010.0 -716.0 -1095.0
-1057.0 -1084.0 -1154.0 -1083.0 -845.0 -1126.0
-1017.0 -1048.0 -1009.0 -847.0 -804.0 -1383.0
-998.0 -1066.0 -1071.0 -898.0 -1006.0 -1362.0
-980.0 -1191.0 -1150.0 -953.0 -830.0 -1281.0
-1083.0 -1156.0 -1314.0 -1034.0 -930.0 -1092.0
-977.0 -1105.0 -1220.0 -869.0 -1066.0 -1193.0
-898.0 -1197.0 -1071.0 -957.0 -775.0 -1245.0
-915.0 -992.0 -1013.0 -1027.0 -757.0 -1357.0
-930.0 -1203.0 -1220.0 -1009.0 -714.0 -1100.0
-1015.0 -1114.0 -1212.0 -1015.0 -1020.0 -1148.0
-1047.0 -1072.0 -1016.0 -944.0 -965.0 -1371.0
-1144.0 -1097.0 -1143.0 -1019.0 -937.0 -1198.0
-959.0 -1070.0 -1252.0 -931.0 -1074.0 -1137.0
-1004.0 -1127.0 -1266.0 -1038.0 -1004.0 -1134.0
-936.0 -1038.0 -1086.0 -978.0 -784.0 -1374.0
-1030.0 -1120.0 -1175.0 -1056.0 -985.0 -1162.0
-1053.0 -1037.0 -1065.0 -929.0 -955.0 -1372.0
-956.0 -1215.0 -1120.0 -1000.0 -817.0 -1148.0
-926.0 -1005.0 -1073.0 -1078.0 -740.0 -1269.0
-947.0 -1070.0 -1301.0 -978.0 -907.0 -1244.0
-953.0 -1188.0 -1218.0 -930.0 -1009.0 -1219.0
-958.0 -1194.0 -1222.0 -999.0 -969.0 -1162.0
-1047.0 -1115.0 -1140.0 -1081.0 -927.0 -1240.0
-1096.0 -1141.0 -1168.0 -1058.0 -984.0 -1255.0
-931.0 -1068.0 -1156.0 -1122.0 -691.0 -1045.0
-1133.0 -1145.0 -1219.0 -1029.0 -928.0 -1150.0
-1155.0 -1021.0 -1046.0 -911.0 -847.0 -1272.0
-989.0 -1078.0 -1179.0 -860.0 -1077.0 -1251.0
-987.0 -1100.0 -1156.0 -930.0 -950.0 -1346.0
-1121.0 -1107.0 -1141.0 -977.0 -1017.0 -1257.0
-1017.0 -1135.0 -1321.0 -1032.0 -931.0 -999.0
-976.0 -1200.0 -1020.0 -879.0 -800.0 -1241.0
-922.0 -1215.0 -1138.0 -995.0 -823.0 -1153.0
-999.0 -1028.0 -1059.0 -974.0 -839.0 -1376.0
-1160.0 -979.0 -1051.0 -873.0 -882.0 -1231.0
-981.0 -1114.0 -1230.0 -1010.0 -1026.0 -1153.0
-1025.0 -1025.0 -1014.0 -828.0 -952.0 -1381.0
-1019.0 -1168.0 -1251.0 -1066.0 -976.0 -1114.0
-936.0 -1066.0 -1022.0 -957.0 -758.0 -1392.0
-1149.0 -1055.0 -1148.0 -981.0 -972.0 -1157.0
-997.0 -1044.0 -1183.0 -1068.0 -967.0 -1095.0
-1047.0 -1078.0 -1252.0 -1098.0 -842.0 -1152.0
-1026.0 -1083.0 -1130.0 -1085.0 -817.0 -1237.0
-961.0 -1069.0 -1007.0 -920.0 -932.0 -1388.0
-930.0 -1153.0 -1328.0 -1003.0 -908.0 -1195.0
-925.0 -1066.0 -1111.0 -1093.0 -808.0 -1217.0
-1013.0 -1084.0 -1213.0 -1106.0 -846.0 -1060.0
-1150.0 -1059.0 -1089.0 -906.0 -961.0 -1216.0
-830.0 -1079.0 -1103.0 -1098.0 -742.0 -1212.0
-882.0 -1005.0 -1132.0 -1101.0 -741.0 -1203.0
-1160.0 -1047.0 -1133.0 -911.0 -905.0 -1221.0
-1002.0 -1194.0 -1163.0 -976.0 -968.0 -1228.0
-1154.0 -1029.0 -1137.0 -966.0 -790.0 -1107.0
-838.0 -1041.0 -1153.0 -1124.0 -759.0 -991.0
-1172.0 -1006.0 -984.0 -885.0 -788.0 -1192.0
-1150.0 -1062.0 -1192.0 -1004.0 -927.0 -1199.0
-945.0 -1047.0 -1121.0 -954.0 -910.0 -1382.0
-966.0 -1215.0 -1079.0 -972.0 -822.0 -1219.0
-967.0 -1034.0 -1056.0 -905.0 -922.0 -1389.0
-1016.0 -1078.0 -1032.0 -905.0 -788.0 -1411.0
-1009.0 -1116.0 -1210.0 -1089.0 -935.0 -1029.0
-1159.0 -1040.0 -1089.0 -888.0 -950.0 -1179.0
-988.0 -1206.0 -1180.0 -909.0 -931.0 -1179.0
-876.0 -1040.0 -1083.0 -1116.0 -751.0 -1202.0
-967.0 -1072.0 -1087.0 -859.0 -829.0 -1402.0
-1165.0 -981.0 -1061.0 -956.0 -799.0 -1155.0
-991.0 -1135.0 -1210.0 -1118.0 -791.0 -1159.0
-1011.0 -1219.0 -1216.0 -937.0 -909.0 -1160.0
-1172.0 -1074.0 -1066.0 -923.0 -811.0 -1182.0
-1161.0 -1122.0 -1142.0 -933.0 -802.0 -1134.0
-1016.0 -1040.0 -1001.0 -951.0 -881.0 -1398.0
-946.0 -1051.0 -963.0 -864.0 -736.0 -1414.0
-961.0 -1107.0 -1038.0 -874.0 -839.0 -1401.0
-1029.0 -1062.0 -1224.0 -1096.0 -913.0 -1057.0
-952.0 -1063.0 -1216.0 -1099.0 -877.0 -1120.0
-1176.0 -1014.0 -1091.0 -911.0 -918.0 -1176.0
-1007.0 -1113.0 -1221.0 -1108.0 -858.0 -1156.0
-993.0 -1037.0 -1060.0 -898.0 -836.0 -1412.0
-996.0 -1161.0 -1297.0 -1118.0 -849.0 -1108.0
-871.0 -977.0 -1213.0 -1121.0 -838.0 -1022.0
-915.0 -1066.0 -1152.0 -1121.0 -803.0 -1146.0
-870.0 -1067.0 -1207.0 -1122.0 -763.0 -1045.0
-966.0 -978.0 -1144.0 -1126.0 -760.0 -1017.0
-872.0 -1041.0 -1135.0 -1129.0 -753.0 -986.0
-916.0 -1000.0 -1151.0 -1131.0 -699.0 -1025.0
-923.0 -1010.0 -991.0 -857.0 -784.0 -1415.0
-1072.0 -1221.0 -1181.0 -983.0 -890.0 -1130.0
-895.0 -981.0 -1098.0 -1143.0 -692.0 -1048.0
-1177.0 -1032.0 -1071.0 -885.0 -846.0 -1141.0
