-1187.0 -1130.0 -1193.0 -1260.0 -1114.0 -877.0
-1187.0 -1133.0 -1113.0 -1247.0 -1172.0 -915.0
-1223.0 -1146.0 -1155.0 -1214.0 -1153.0 -906.0
-1207.0 -1138.0 -1083.0 -1194.0 -1182.0 -923.0
-1144.0 -1105.0 -1235.0 -1186.0 -1139.0 -871.0
-1219.0 -1117.0 -1194.0 -1232.0 -1098.0 -927.0
-1180.0 -1053.0 -1206.0 -1247.0 -1188.0 -902.0
-1117.0 -1119.0 -1207.0 -1236.0 -1157.0 -933.0
-1164.0 -1143.0 -1142.0 -1275.0 -1136.0 -925.0
-1209.0 -1058.0 -1214.0 -1205.0 -1105.0 -929.0
-1237.0 -1175.0 -1175.0 -1199.0 -1153.0 -880.0
-1190.0 -1112.0 -1186.0 -1274.0 -1181.0 -900.0
-1164.0 -1182.0 -1196.0 -1161.0 -1129.0 -913.0
-1216.0 -1069.0 -1168.0 -1201.0 -1227.0 -931.0
-1143.0 -1168.0 -1152.0 -1232.0 -1224.0 -890.0
-1146.0 -1124.0 -1215.0 -1194.0 -1074.0 -960.0
-1190.0 -1089.0 -1176.0 -1209.0 -1022.0 -985.0
-1156.0 -1073.0 -1237.0 -1174.0 -1164.0 -918.0
-1173.0 -1110.0 -1243.0 -1144.0 -1056.0 -898.0
-1135.0 -1078.0 -1251.0 -1163.0 -1097.0 -900.0
-1228.0 -1020.0 -1216.0 -1181.0 -1088.0 -922.0
-1223.0 -1058.0 -1220.0 -1265.0 -1109.0 -909.0
-1258.0 -1242.0 -1095.0 -1173.0 -1208.0 -826.0
-1230.0 -1135.0 -1207.0 -1278.0 -1035.0 -884.0
-1228.0 -1215.0 -1076.0 -1267.0 -1112.0 -878.0
-1211.0 -1179.0 -1106.0 -1248.0 -1236.0 -846.0
-1167.0 -1119.0 -1201.0 -1205.0 -1141.0 -978.0
-1177.0 -1150.0 -1230.0 -1247.0 -1094.0 -873.0
-1207.0 -1148.0 -1156.0 -1293.0 -1057.0 -932.0
-1200.0 -1071.0 -1169.0 -1280.0 -1131.0 -957.0
-1215.0 -1182.0 -1222.0 -1228.0 -1053.0 -871.0
-1136.0 -1065.0 -1235.0 -1167.0 -1081.0 -962.0
-1201.0 -1130.0 -1199.0 -1320.0 -1118.0 -857.0
-1194.0 -1105.0 -1229.0 -1155.0 -1123.0 -916.0
-1157.0 -1066.0 -1155.0 -1262.0 -1210.0 -950.0
-1270.0 -1121.0 -1209.0 -1190.0 -1081.0 -889.0
-1197.0 -1189.0 -1173.0 -1287.0 -1107.0 -875.0
-1106.0 -1073.0 -1243.0 -1205.0 -1180.0 -873.0
-1259.0 -1074.0 -1182.0 -1219.0 -1148.0 -938.0
-1110.0 -1122.0 -1121.0 -1220.0 -1253.0 -940.0
-1087.0 -981.0 -1104.0 -1200.0 -978.0 -1013.0
-1266.0 -1151.0 -1169.0 -1232.0 -1074.0 -913.0
-1163.0 -1051.0 -1263.0 -1117.0 -1063.0 -900.0
-1218.0 -1256.0 -1093.0 -1261.0 -1162.0 -821.0
-1036.0 -1028.0 -1241.0 -1057.0 -1087.0 -945.0
-1183.0 -1058.0 -1109.0 -1149.0 -1130.0 -983.0
-1184.0 -1128.0 -1256.0 -1190.0 -993.0 -855.0
-1146.0 -1096.0 -1264.0 -1209.0 -1034.0 -857.0
-1183.0 -1092.0 -1090.0 -1193.0 -1118.0 -992.0
-1066.0 -886.0 -1069.0 -1048.0 -971.0 -1038.0
-1125.0 -1019.0 -1271.0 -1136.0 -1104.0 -902.0
-1113.0 -1078.0 -1184.0 -1182.0 -1103.0 -1010.0
-1063.0 -1063.0 -1088.0 -1134.0 -1043.0 -1014.0
-1069.0 -973.0 -1125.0 -1112.0 -1076.0 -1019.0
-1110.0 -991.0 -1128.0 -1118.0 -998.0 -1029.0
-1063.0 -1011.0 -1079.0 -1149.0 -1028.0 -1030.0
-1054.0 -1029.0 -1136.0 -1125.0 -988.0 -1034.0
-1070.0 -968.0 -1044.0 -1069.0 -977.0 -1039.0
-1178.0 -1143.0 -1148.0 -1335.0 -1140.0 -905.0
-1077.0 -1014.0 -1275.0 -1067.0 -1073.0 -863.0
-945.0 -961.0 -1052.0 -1036.0 -921.0 -1053.0
