-1048.0 -988.0 -805.0 -1366.0 -976.0 -912.0
-1004.0 -1051.0 -875.0 -1341.0 -877.0 -951.0
-1041.0 -1025.0 -902.0 -1303.0 -1021.0 -809.0
-1008.0 -1077.0 -855.0 -1350.0 -973.0 -896.0
-1025.0 -1015.0 -815.0 -1357.0 -1015.0 -870.0
-1036.0 -1071.0 -765.0 -1374.0 -994.0 -860.0
-1069.0 -1019.0 -812.0 -1327.0 -1042.0 -773.0
-966.0 -1071.0 -790.0 -1194.0 -1059.0 -750.0
-1015.0 -1044.0 -834.0 -1167.0 -1069.0 -680.0
-1015.0 -1033.0 -806.0 -1315.0 -1041.0 -893.0
-1030.0 -1029.0 -743.0 -1331.0 -1052.0 -842.0
-1046.0 -1039.0 -830.0 -1277.0 -1058.0 -781.0
-976.0 -1054.0 -765.0 -1171.0 -1079.0 -749.0
-992.0 -1064.0 -852.0 -1117.0 -1085.0 -688.0
