-1222.0 -1163.0 -999.0 -813.0 -1105.0 -963.0
-1081.0 -986.0 -1096.0 -949.0 -1352.0 -1135.0
-1153.0 -1115.0 -1115.0 -923.0 -1287.0 -1035.0
-1087.0 -987.0 -1060.0 -1033.0 -1336.0 -1133.0
-1228.0 -1160.0 -971.0 -829.0 -1117.0 -981.0
-1131.0 -1048.0 -1078.0 -1025.0 -1360.0 -1058.0
-1164.0 -1048.0 -1061.0 -1043.0 -1318.0 -1069.0
-1086.0 -971.0 -963.0 -1084.0 -1352.0 -1122.0
-1087.0 -983.0 -1068.0 -965.0 -1364.0 -1153.0
-1135.0 -1079.0 -1130.0 -853.0 -1261.0 -1081.0
-1157.0 -1040.0 -1053.0 -1061.0 -1366.0 -1121.0
-1158.0 -1051.0 -1089.0 -1027.0 -1306.0 -1051.0
-1210.0 -1068.0 -1076.0 -1041.0 -1308.0 -1039.0
-1211.0 -1107.0 -1072.0 -980.0 -1289.0 -1027.0
-1153.0 -1119.0 -1107.0 -991.0 -1259.0 -1015.0
-1150.0 -1002.0 -1094.0 -1018.0 -1356.0 -1104.0
-1145.0 -1070.0 -1112.0 -982.0 -1309.0 -1068.0
-1069.0 -986.0 -1035.0 -1056.0 -1389.0 -1120.0
-1228.0 -1092.0 -1000.0 -1008.0 -1252.0 -1029.0
-1093.0 -1053.0 -1125.0 -968.0 -1307.0 -1080.0
-1102.0 -1016.0 -1099.0 -926.0 -1313.0 -1153.0
-1228.0 -1164.0 -963.0 -897.0 -1089.0 -961.0
-1125.0 -1047.0 -1114.0 -941.0 -1376.0 -1060.0
-1232.0 -1154.0 -981.0 -942.0 -1153.0 -950.0
-1205.0 -1106.0 -1108.0 -896.0 -1305.0 -1029.0
-1221.0 -1163.0 -1021.0 -960.0 -1187.0 -1003.0
-1145.0 -1066.0 -1120.0 -914.0 -1337.0 -1088.0
-1177.0 -1064.0 -1101.0 -955.0 -1378.0 -1048.0
-1191.0 -1110.0 -1068.0 -980.0 -1340.0 -1013.0
-1185.0 -1113.0 -1096.0 -964.0 -1328.0 -995.0
-1210.0 -1089.0 -1095.0 -970.0 -1338.0 -1025.0
-1182.0 -1116.0 -1118.0 -958.0 -1198.0 -1039.0
-1075.0 -911.0 -1100.0 -973.0 -1275.0 -1156.0
-1086.0 -975.0 -955.0 -1152.0 -1324.0 -1102.0
-1152.0 -1035.0 -1149.0 -892.0 -1247.0 -1009.0
-1187.0 -1068.0 -1058.0 -1034.0 -1383.0 -1079.0
-1215.0 -1166.0 -1049.0 -944.0 -1175.0 -985.0
-1149.0 -1112.0 -1143.0 -872.0 -1268.0 -1048.0
-1228.0 -1096.0 -992.0 -1076.0 -1224.0 -1009.0
-1131.0 -1044.0 -1086.0 -957.0 -1388.0 -1078.0
-1191.0 -1114.0 -1060.0 -1048.0 -1312.0 -993.0
-1188.0 -1117.0 -1082.0 -1042.0 -1182.0 -1037.0
-1072.0 -925.0 -996.0 -1059.0 -1390.0 -1157.0
-1139.0 -1069.0 -1148.0 -898.0 -1325.0 -1070.0
-1127.0 -970.0 -1157.0 -859.0 -1220.0 -964.0
-1163.0 -1158.0 -1110.0 -897.0 -1230.0 -1013.0
-1124.0 -1047.0 -1151.0 -839.0 -1241.0 -1003.0
-1196.0 -1125.0 -1052.0 -974.0 -1176.0 -1067.0
-1225.0 -1153.0 -1039.0 -1005.0 -1251.0 -992.0
-1228.0 -1119.0 -1041.0 -947.0 -1245.0 -1047.0
-1219.0 -1156.0 -1067.0 -989.0 -1239.0 -974.0
-1081.0 -1029.0 -1157.0 -809.0 -1139.0 -1048.0
-1169.0 -1159.0 -1074.0 -981.0 -1214.0 -1011.0
-1115.0 -1002.0 -1058.0 -986.0 -1407.0 -1110.0
-1163.0 -1162.0 -1102.0 -965.0 -1202.0 -993.0
-1087.0 -978.0 -1129.0 -992.0 -1230.0 -1101.0
-1215.0 -1168.0 -1027.0 -960.0 -1183.0 -970.0
-1133.0 -994.0 -1152.0 -922.0 -1248.0 -1091.0
-1081.0 -977.0 -1165.0 -908.0 -1246.0 -1103.0
-1100.0 -987.0 -1165.0 -870.0 -1107.0 -1074.0
-1219.0 -1197.0 -997.0 -871.0 -1111.0 -908.0
-1075.0 -922.0 -1173.0 -837.0 -1080.0 -1029.0
