-1761.0 -1661.0 -1914.0 -1795.0 -2105.0
-1745.0 -1744.0 -1860.0 -1741.0 -2109.0
-1730.0 -1752.0 -1874.0 -1724.0 -2124.0
-1735.0 -1639.0 -1978.0 -1764.0 -2111.0
-1682.0 -1787.0 -1854.0 -1626.0 -2155.0
-1719.0 -1673.0 -1912.0 -1813.0 -2130.0
-1762.0 -1634.0 -1997.0 -1798.0 -2080.0
-1715.0 -1742.0 -1920.0 -1738.0 -2138.0
-1742.0 -1737.0 -1939.0 -1772.0 -2107.0
-1733.0 -1780.0 -1920.0 -1690.0 -2081.0
-1732.0 -1759.0 -1867.0 -1741.0 -2102.0
-1719.0 -1768.0 -1867.0 -1728.0 -2114.0
-1673.0 -1801.0 -1902.0 -1567.0 -2086.0
-1665.0 -1782.0 -1827.0 -1711.0 -2180.0
-1721.0 -1795.0 -1855.0 -1642.0 -2098.0
-1677.0 -1809.0 -1839.0 -1599.0 -2103.0
-1622.0 -1814.0 -1830.0 -1503.0 -2074.0
-1564.0 -1821.0 -1873.0 -1554.0 -2004.0
