-1052.0 -1091.0 -1198.0 -974.0 -1009.0 -1300.0
-1060.0 -1105.0 -1176.0 -931.0 -1036.0 -1287.0
-1071.0 -1118.0 -1236.0 -982.0 -1019.0 -1199.0
-1035.0 -1139.0 -1203.0 -1012.0 -1003.0 -1285.0
-1025.0 -1157.0 -1256.0 -964.0 -1010.0 -1209.0
-1012.0 -1126.0 -1167.0 -984.0 -1025.0 -1304.0
-1009.0 -1035.0 -1242.0 -893.0 -1063.0 -1204.0
-968.0 -1126.0 -1226.0 -1007.0 -1026.0 -1238.0
-1051.0 -1084.0 -1154.0 -951.0 -1054.0 -1258.0
-999.0 -1121.0 -1262.0 -969.0 -1044.0 -1191.0
-1003.0 -1070.0 -1193.0 -908.0 -1073.0 -1203.0
-948.0 -1007.0 -1098.0 -864.0 -1112.0 -1150.0
-988.0 -1108.0 -1202.0 -918.0 -1061.0 -1279.0
-1096.0 -1141.0 -1168.0 -1058.0 -984.0 -1255.0
-969.0 -1070.0 -1211.0 -903.0 -1079.0 -1208.0
-944.0 -1058.0 -1167.0 -925.0 -1083.0 -1138.0
-970.0 -1040.0 -1188.0 -845.0 -1095.0 -1180.0
-962.0 -1021.0 -1077.0 -902.0 -1099.0 -1210.0
-914.0 -1007.0 -1116.0 -859.0 -1118.0 -1155.0
