-1149.0 -1087.0 -1066.0 -1010.0 -1238.0 -1022.0
-1181.0 -1081.0 -1055.0 -983.0 -1307.0 -1002.0
-1172.0 -1098.0 -1035.0 -984.0 -1215.0 -1048.0
-1135.0 -1037.0 -1107.0 -917.0 -1304.0 -1077.0
-1176.0 -1075.0 -1013.0 -994.0 -1250.0 -1041.0
-1177.0 -1089.0 -1039.0 -987.0 -1183.0 -1046.0
-1081.0 -1078.0 -1048.0 -1024.0 -1236.0 -1038.0
-1052.0 -1042.0 -1058.0 -999.0 -1252.0 -1094.0
-1097.0 -1070.0 -1079.0 -996.0 -1236.0 -1034.0
-1143.0 -1086.0 -1102.0 -926.0 -1254.0 -1024.0
-1191.0 -1070.0 -1023.0 -1005.0 -1145.0 -1050.0
-1107.0 -1015.0 -1092.0 -956.0 -1291.0 -1100.0
-1082.0 -1034.0 -1099.0 -931.0 -1233.0 -1110.0
-1112.0 -1108.0 -1040.0 -1022.0 -1204.0 -1029.0
-1112.0 -966.0 -965.0 -1119.0 -1161.0 -1083.0
-1087.0 -1153.0 -1060.0 -945.0 -1224.0 -985.0
-1090.0 -935.0 -960.0 -1142.0 -1219.0 -1049.0
-1135.0 -1065.0 -1032.0 -1053.0 -1289.0 -1012.0
-1053.0 -1006.0 -1075.0 -952.0 -1328.0 -1118.0
-1205.0 -1124.0 -1055.0 -953.0 -1182.0 -1003.0
-1209.0 -1123.0 -1062.0 -924.0 -1234.0 -983.0
-1119.0 -1069.0 -998.0 -1078.0 -1245.0 -955.0
-1014.0 -1027.0 -1064.0 -928.0 -1336.0 -1113.0
-1167.0 -1012.0 -1033.0 -1043.0 -1321.0 -1072.0
-1073.0 -1103.0 -1101.0 -852.0 -1290.0 -1040.0
-1047.0 -966.0 -1056.0 -1007.0 -1266.0 -1143.0
-1054.0 -1041.0 -1122.0 -858.0 -1268.0 -1099.0
-1092.0 -1041.0 -1020.0 -1087.0 -1295.0 -1049.0
-1061.0 -995.0 -1077.0 -958.0 -1301.0 -1130.0
-1168.0 -1018.0 -958.0 -1081.0 -1205.0 -1029.0
-1121.0 -1065.0 -1051.0 -1049.0 -1225.0 -1045.0
-1205.0 -1103.0 -1036.0 -1024.0 -1152.0 -1017.0
-1153.0 -1033.0 -1027.0 -1074.0 -1216.0 -1079.0
-1120.0 -1023.0 -1001.0 -1084.0 -1326.0 -1069.0
-1067.0 -1056.0 -1034.0 -1045.0 -1262.0 -1063.0
-1106.0 -1065.0 -1014.0 -1044.0 -1251.0 -1062.0
-1173.0 -984.0 -919.0 -1096.0 -1240.0 -976.0
-1161.0 -1073.0 -1015.0 -1040.0 -1266.0 -1039.0
-1073.0 -1053.0 -1006.0 -1061.0 -1274.0 -1081.0
-1121.0 -935.0 -1014.0 -1076.0 -1221.0 -1116.0
-1097.0 -1026.0 -1063.0 -939.0 -1307.0 -1131.0
-1207.0 -1117.0 -1054.0 -935.0 -1225.0 -1038.0
-1180.0 -1144.0 -1064.0 -879.0 -1200.0 -993.0
-1075.0 -1045.0 -1036.0 -1051.0 -1235.0 -1075.0
-1028.0 -1077.0 -1023.0 -1021.0 -1270.0 -1058.0
-1119.0 -1069.0 -1029.0 -991.0 -1292.0 -1071.0
-1176.0 -1079.0 -1005.0 -1062.0 -1222.0 -1021.0
-1147.0 -1053.0 -1042.0 -1056.0 -1288.0 -1068.0
-1165.0 -996.0 -1032.0 -1068.0 -1245.0 -1041.0
-1069.0 -1016.0 -1058.0 -970.0 -1310.0 -1140.0
-1089.0 -845.0 -915.0 -1145.0 -1224.0 -1087.0
-1147.0 -1049.0 -1050.0 -988.0 -1316.0 -1088.0
-1168.0 -1030.0 -1010.0 -1053.0 -1272.0 -1074.0
-1154.0 -1072.0 -1023.0 -1013.0 -1197.0 -1067.0
-1158.0 -1052.0 -1068.0 -959.0 -1253.0 -1083.0
-1201.0 -1113.0 -1018.0 -979.0 -1088.0 -1028.0
-1059.0 -1003.0 -1047.0 -968.0 -1340.0 -1136.0
-1071.0 -919.0 -1040.0 -1034.0 -1250.0 -1157.0
-1144.0 -1088.0 -1030.0 -1015.0 -1218.0 -1057.0
-1179.0 -973.0 -1059.0 -1043.0 -1206.0 -1053.0
-1089.0 -946.0 -934.0 -1121.0 -1313.0 -1004.0
-1107.0 -1013.0 -1012.0 -1076.0 -1226.0 -1109.0
-1096.0 -989.0 -1014.0 -1099.0 -1155.0 -1105.0
-1209.0 -1100.0 -984.0 -1009.0 -1204.0 -1038.0
-1065.0 -1057.0 -1075.0 -988.0 -1215.0 -1083.0
-1167.0 -1070.0 -987.0 -1056.0 -1278.0 -1057.0
-1171.0 -941.0 -964.0 -1101.0 -1184.0 -990.0
-1093.0 -982.0 -1079.0 -937.0 -1284.0 -1133.0
-1065.0 -1032.0 -1064.0 -991.0 -1213.0 -1117.0
-1096.0 -992.0 -1086.0 -971.0 -1308.0 -1117.0
-1105.0 -1079.0 -1050.0 -1016.0 -1229.0 -1058.0
-1092.0 -1064.0 -1069.0 -958.0 -1316.0 -1087.0
-1158.0 -1131.0 -1031.0 -926.0 -1215.0 -1020.0
-1098.0 -1065.0 -1033.0 -1042.0 -1300.0 -1085.0
-1176.0 -1048.0 -1008.0 -1054.0 -1084.0 -1074.0
-1046.0 -1078.0 -1048.0 -998.0 -1217.0 -1071.0
-1117.0 -1090.0 -1091.0 -985.0 -1285.0 -1051.0
-1035.0 -968.0 -1002.0 -1063.0 -1283.0 -1139.0
-1215.0 -1120.0 -1034.0 -940.0 -1246.0 -1001.0
-1167.0 -1108.0 -1083.0 -967.0 -1099.0 -1039.0
-1187.0 -1124.0 -1042.0 -1003.0 -1248.0 -1004.0
-1036.0 -1102.0 -1085.0 -962.0 -1207.0 -1050.0
-1192.0 -993.0 -998.0 -1060.0 -1222.0 -1022.0
-1148.0 -1009.0 -1073.0 -985.0 -1310.0 -1105.0
-1053.0 -969.0 -1027.0 -1040.0 -1230.0 -1152.0
-1197.0 -1046.0 -982.0 -1060.0 -1110.0 -1021.0
-1089.0 -1067.0 -1070.0 -1008.0 -1184.0 -1085.0
-1073.0 -1029.0 -1073.0 -993.0 -1261.0 -1126.0
-1049.0 -949.0 -986.0 -1081.0 -1245.0 -1143.0
-1068.0 -975.0 -1017.0 -1062.0 -1186.0 -1134.0
-1111.0 -1052.0 -1079.0 -989.0 -1203.0 -1087.0
-1110.0 -1042.0 -1045.0 -1064.0 -1242.0 -1062.0
-1226.0 -1097.0 -1018.0 -962.0 -1206.0 -984.0
-1176.0 -1102.0 -1054.0 -933.0 -1243.0 -1059.0
-1107.0 -1099.0 -1092.0 -993.0 -1269.0 -1045.0
-1088.0 -1059.0 -996.0 -1083.0 -1230.0 -1063.0
-1063.0 -1077.0 -1043.0 -1025.0 -1264.0 -1060.0
-1114.0 -996.0 -1102.0 -961.0 -1267.0 -1110.0
-1174.0 -990.0 -928.0 -1114.0 -1132.0 -991.0
-1128.0 -1046.0 -1061.0 -1054.0 -1201.0 -1055.0
-1160.0 -1062.0 -1035.0 -1066.0 -1226.0 -1060.0
-1117.0 -942.0 -981.0 -1123.0 -1193.0 -1054.0
-1162.0 -1059.0 -1032.0 -1078.0 -1244.0 -1050.0
-1081.0 -1078.0 -1068.0 -1002.0 -1211.0 -1073.0
-1047.0 -1035.0 -1031.0 -1082.0 -1238.0 -1084.0
-1119.0 -1101.0 -1084.0 -973.0 -1178.0 -1068.0
-1134.0 -1107.0 -1074.0 -995.0 -1134.0 -1050.0
-1227.0 -1099.0 -952.0 -973.0 -1122.0 -933.0
-1126.0 -1058.0 -1079.0 -986.0 -1184.0 -1103.0
-1079.0 -1119.0 -1071.0 -996.0 -1245.0 -1028.0
-1196.0 -1022.0 -1004.0 -1060.0 -1218.0 -1021.0
-1112.0 -1025.0 -1088.0 -1018.0 -1180.0 -1100.0
-1131.0 -990.0 -1061.0 -1022.0 -1231.0 -1139.0
-1065.0 -1073.0 -1104.0 -971.0 -1283.0 -1063.0
-1087.0 -1049.0 -1089.0 -1012.0 -1170.0 -1070.0
-1051.0 -1109.0 -1066.0 -1027.0 -1248.0 -1037.0
-1046.0 -990.0 -1008.0 -1081.0 -1167.0 -1132.0
-1063.0 -982.0 -999.0 -1100.0 -1252.0 -1110.0
-1146.0 -977.0 -975.0 -1130.0 -1204.0 -1032.0
-1144.0 -1093.0 -1102.0 -987.0 -1231.0 -1044.0
-1248.0 -1093.0 -934.0 -911.0 -1176.0 -900.0
-1021.0 -1012.0 -1086.0 -979.0 -1259.0 -1138.0
-1055.0 -1119.0 -1022.0 -949.0 -1270.0 -1005.0
-970.0 -970.0 -1038.0 -1004.0 -1284.0 -1168.0
-1159.0 -1116.0 -1079.0 -1007.0 -1271.0 -1033.0
-1004.0 -1046.0 -1108.0 -908.0 -1252.0 -1106.0
-1099.0 -986.0 -963.0 -1128.0 -1234.0 -1039.0
-1141.0 -1080.0 -1094.0 -937.0 -1245.0 -1079.0
-1218.0 -1063.0 -987.0 -1011.0 -1219.0 -1018.0
-1089.0 -1063.0 -1107.0 -923.0 -1243.0 -1091.0
-1079.0 -1021.0 -1113.0 -932.0 -1250.0 -1109.0
-1222.0 -1095.0 -1028.0 -992.0 -1240.0 -1011.0
-1129.0 -1082.0 -1040.0 -993.0 -1262.0 -1075.0
-1051.0 -986.0 -1097.0 -966.0 -1251.0 -1152.0
-1026.0 -1031.0 -1117.0 -889.0 -1271.0 -1108.0
-1216.0 -1020.0 -1032.0 -1016.0 -1163.0 -1032.0
-1083.0 -1020.0 -1120.0 -903.0 -1302.0 -1089.0
-1199.0 -1123.0 -1091.0 -869.0 -1198.0 -1005.0
-1101.0 -912.0 -944.0 -1164.0 -1179.0 -1032.0
-1222.0 -1163.0 -999.0 -813.0 -1105.0 -963.0
-1081.0 -986.0 -1096.0 -949.0 -1352.0 -1135.0
-1181.0 -1123.0 -1078.0 -919.0 -1264.0 -1006.0
-1049.0 -932.0 -1040.0 -1007.0 -1318.0 -1165.0
-1226.0 -1153.0 -1017.0 -858.0 -1169.0 -952.0
-1014.0 -836.0 -917.0 -1168.0 -1174.0 -1058.0
-1105.0 -939.0 -1105.0 -946.0 -1292.0 -1114.0
-1022.0 -890.0 -895.0 -1170.0 -1155.0 -1080.0
-1167.0 -1047.0 -998.0 -1083.0 -1156.0 -1011.0
-1153.0 -1115.0 -1115.0 -923.0 -1287.0 -1035.0
-1187.0 -1120.0 -1050.0 -935.0 -1276.0 -1024.0
-1139.0 -1097.0 -1073.0 -1034.0 -1310.0 -1005.0
-1172.0 -1047.0 -964.0 -1081.0 -1201.0 -1028.0
-1195.0 -1133.0 -1073.0 -824.0 -1134.0 -1016.0
-1087.0 -987.0 -1060.0 -1033.0 -1336.0 -1133.0
-1201.0 -1134.0 -1037.0 -908.0 -1118.0 -1014.0
-1077.0 -1035.0 -1030.0 -1065.0 -1339.0 -1067.0
-1055.0 -998.0 -1105.0 -942.0 -1289.0 -1112.0
-1168.0 -1124.0 -1071.0 -912.0 -1265.0 -960.0
-1154.0 -1051.0 -1093.0 -903.0 -1134.0 -1101.0
-1129.0 -1013.0 -1065.0 -918.0 -1290.0 -1134.0
-1173.0 -1074.0 -1083.0 -910.0 -1314.0 -1059.0
-1201.0 -1130.0 -1045.0 -840.0 -1146.0 -1034.0
-1228.0 -1160.0 -971.0 -829.0 -1117.0 -981.0
-1205.0 -1120.0 -1063.0 -885.0 -1210.0 -1023.0
-1155.0 -1113.0 -1107.0 -956.0 -1252.0 -1046.0
-1146.0 -1012.0 -1076.0 -973.0 -1292.0 -1115.0
-1191.0 -1074.0 -1096.0 -860.0 -1248.0 -1058.0
-1166.0 -1037.0 -1011.0 -1108.0 -1210.0 -972.0
-1084.0 -992.0 -1025.0 -1078.0 -1345.0 -1102.0
-1194.0 -1053.0 -1021.0 -1051.0 -1313.0 -1030.0
-1228.0 -1137.0 -922.0 -958.0 -1096.0 -943.0
-1032.0 -1028.0 -1089.0 -905.0 -1283.0 -1126.0
-1226.0 -1101.0 -1010.0 -1030.0 -1178.0 -964.0
-1232.0 -1150.0 -989.0 -874.0 -1181.0 -970.0
-1170.0 -1004.0 -1009.0 -1086.0 -1145.0 -1042.0
-1065.0 -1069.0 -1112.0 -903.0 -1311.0 -1083.0
-1025.0 -987.0 -1046.0 -1043.0 -1199.0 -1132.0
-1071.0 -1070.0 -1076.0 -987.0 -1295.0 -1081.0
-1159.0 -1059.0 -1088.0 -958.0 -1149.0 -1092.0
-1133.0 -1003.0 -1083.0 -963.0 -1354.0 -1123.0
-1111.0 -1052.0 -1089.0 -964.0 -1228.0 -1121.0
-1089.0 -1076.0 -1094.0 -948.0 -1316.0 -1080.0
-1092.0 -885.0 -895.0 -1124.0 -1314.0 -1041.0
-1177.0 -1089.0 -1049.0 -962.0 -1208.0 -1080.0
-1115.0 -1079.0 -1002.0 -1032.0 -1348.0 -998.0
-1158.0 -1041.0 -1111.0 -948.0 -1198.0 -1090.0
-1149.0 -1129.0 -1089.0 -946.0 -1195.0 -1026.0
-1055.0 -1019.0 -1124.0 -871.0 -1319.0 -1098.0
-1132.0 -991.0 -978.0 -1082.0 -1342.0 -1092.0
-1136.0 -1044.0 -1107.0 -978.0 -1281.0 -1097.0
-1051.0 -1090.0 -1068.0 -899.0 -1305.0 -1067.0
-1168.0 -1053.0 -1059.0 -924.0 -1293.0 -1112.0
-1093.0 -967.0 -1045.0 -1051.0 -1264.0 -1144.0
-1139.0 -1093.0 -1081.0 -966.0 -1338.0 -1025.0
-1133.0 -1031.0 -1008.0 -1099.0 -1339.0 -1058.0
-1187.0 -1084.0 -1078.0 -815.0 -1184.0 -1069.0
-1121.0 -1026.0 -1099.0 -888.0 -1174.0 -1124.0
-1164.0 -1048.0 -1061.0 -1043.0 -1318.0 -1069.0
-1081.0 -983.0 -1024.0 -1077.0 -1199.0 -1123.0
-1092.0 -900.0 -1020.0 -1069.0 -1210.0 -1138.0
-1144.0 -1081.0 -1056.0 -972.0 -1318.0 -1075.0
-1098.0 -1061.0 -1041.0 -974.0 -1328.0 -1105.0
-1117.0 -1086.0 -1099.0 -917.0 -1313.0 -1071.0
-1150.0 -1022.0 -956.0 -1118.0 -1215.0 -963.0
-1086.0 -971.0 -963.0 -1084.0 -1352.0 -1122.0
-1041.0 -1069.0 -1063.0 -856.0 -1336.0 -1060.0
-1149.0 -1068.0 -1106.0 -829.0 -1101.0 -1105.0
-1129.0 -1052.0 -1017.0 -1079.0 -1341.0 -1055.0
-1011.0 -827.0 -1012.0 -1069.0 -1209.0 -1147.0
-1175.0 -970.0 -970.0 -1101.0 -1180.0 -989.0
-1040.0 -993.0 -1036.0 -1065.0 -1155.0 -1114.0
-1177.0 -1020.0 -1064.0 -912.0 -1211.0 -1105.0
-1187.0 -1063.0 -1059.0 -886.0 -1154.0 -1083.0
-1231.0 -1111.0 -972.0 -997.0 -1178.0 -900.0
-1200.0 -1144.0 -1034.0 -993.0 -1114.0 -1009.0
-1169.0 -1033.0 -1113.0 -909.0 -1247.0 -1061.0
-1111.0 -1083.0 -1076.0 -997.0 -1341.0 -1034.0
-1176.0 -1154.0 -1046.0 -834.0 -1136.0 -1004.0
-1071.0 -921.0 -1082.0 -928.0 -1211.0 -1167.0
-1050.0 -1009.0 -962.0 -1107.0 -1312.0 -1037.0
-1084.0 -1015.0 -1074.0 -949.0 -1366.0 -1140.0
-1176.0 -923.0 -880.0 -1099.0 -1241.0 -1013.0
-1215.0 -1124.0 -1026.0 -1008.0 -1218.0 -981.0
-1121.0 -1047.0 -1118.0 -817.0 -1204.0 -1110.0
-1108.0 -1092.0 -1014.0 -1056.0 -1285.0 -972.0
-1174.0 -880.0 -925.0 -1104.0 -1185.0 -1027.0
-1191.0 -1053.0 -1077.0 -931.0 -1218.0 -1072.0
-1056.0 -913.0 -1050.0 -1012.0 -1294.0 -1175.0
-1067.0 -1028.0 -1109.0 -909.0 -1277.0 -1128.0
-1125.0 -1139.0 -1086.0 -994.0 -1235.0 -998.0
-1145.0 -1094.0 -1045.0 -1050.0 -1322.0 -1023.0
-1172.0 -998.0 -898.0 -1124.0 -1171.0 -997.0
-1188.0 -1045.0 -972.0 -1089.0 -1182.0 -958.0
-1162.0 -1082.0 -1081.0 -949.0 -1265.0 -1088.0
-1109.0 -1093.0 -1092.0 -958.0 -1262.0 -1076.0
-1136.0 -896.0 -997.0 -1116.0 -1189.0 -1100.0
-1152.0 -985.0 -1024.0 -1092.0 -1335.0 -1104.0
-1032.0 -944.0 -1041.0 -1056.0 -1205.0 -1167.0
-1083.0 -1032.0 -1002.0 -1081.0 -1351.0 -1085.0
-1204.0 -1060.0 -1027.0 -1079.0 -1177.0 -967.0
-1116.0 -984.0 -1071.0 -1000.0 -1275.0 -1157.0
-1087.0 -983.0 -1068.0 -965.0 -1364.0 -1153.0
-1057.0 -910.0 -1075.0 -996.0 -1328.0 -1143.0
-1183.0 -1024.0 -948.0 -1103.0 -1161.0 -1011.0
-1128.0 -1041.0 -1009.0 -1060.0 -1163.0 -1103.0
-1104.0 -952.0 -924.0 -1143.0 -1269.0 -986.0
-1091.0 -964.0 -965.0 -1038.0 -1380.0 -1087.0
-1213.0 -1090.0 -1002.0 -1054.0 -1268.0 -1027.0
-1088.0 -960.0 -913.0 -1149.0 -1244.0 -1025.0
-1078.0 -961.0 -1055.0 -1029.0 -1308.0 -1162.0
-1100.0 -916.0 -936.0 -1140.0 -1278.0 -1091.0
-1135.0 -1079.0 -1130.0 -853.0 -1261.0 -1081.0
-1062.0 -974.0 -1063.0 -953.0 -1227.0 -1170.0
-1070.0 -963.0 -1009.0 -1105.0 -1228.0 -1120.0
-1187.0 -972.0 -974.0 -1074.0 -1201.0 -1075.0
-1170.0 -1009.0 -948.0 -1059.0 -1279.0 -1094.0
-1110.0 -1065.0 -1094.0 -935.0 -1263.0 -1100.0
-1121.0 -888.0 -962.0 -1125.0 -1090.0 -1100.0
-1109.0 -964.0 -946.0 -1134.0 -1183.0 -1076.0
-1167.0 -991.0 -1014.0 -1114.0 -1291.0 -1086.0
-1176.0 -1050.0 -1053.0 -1023.0 -1227.0 -1092.0
-1213.0 -1086.0 -1010.0 -986.0 -1296.0 -1047.0
-1189.0 -1023.0 -940.0 -1089.0 -1112.0 -1045.0
-1023.0 -800.0 -1018.0 -1057.0 -1229.0 -1183.0
-1129.0 -1004.0 -1134.0 -877.0 -1184.0 -1102.0
-1215.0 -946.0 -918.0 -963.0 -1276.0 -933.0
-1170.0 -1013.0 -940.0 -1127.0 -1251.0 -1074.0
-1077.0 -983.0 -929.0 -1127.0 -1284.0 -1042.0
-1206.0 -1078.0 -1058.0 -996.0 -1244.0 -1050.0
-1192.0 -991.0 -953.0 -1091.0 -1079.0 -1004.0
-1182.0 -1076.0 -977.0 -1078.0 -1234.0 -1039.0
-1105.0 -1051.0 -1125.0 -880.0 -1244.0 -1123.0
-1119.0 -1073.0 -1021.0 -1059.0 -1264.0 -1051.0
-1199.0 -1040.0 -1043.0 -961.0 -1334.0 -1082.0
-1184.0 -1035.0 -974.0 -1084.0 -1200.0 -1084.0
-1155.0 -1109.0 -1115.0 -888.0 -1280.0 -1066.0
-1061.0 -986.0 -946.0 -1129.0 -1272.0 -1020.0
-1157.0 -1040.0 -1053.0 -1061.0 -1366.0 -1121.0
-1063.0 -954.0 -1074.0 -964.0 -1267.0 -1175.0
-1162.0 -998.0 -1049.0 -961.0 -1150.0 -1129.0
-1158.0 -1051.0 -1089.0 -1027.0 -1306.0 -1051.0
-1210.0 -1068.0 -1076.0 -1041.0 -1308.0 -1039.0
-1194.0 -979.0 -1049.0 -1065.0 -1162.0 -1035.0
-1089.0 -961.0 -1059.0 -1066.0 -1209.0 -1101.0
-1130.0 -1034.0 -1030.0 -1093.0 -1209.0 -1102.0
-1162.0 -1121.0 -1018.0 -1022.0 -1147.0 -1014.0
-1117.0 -1080.0 -1048.0 -1013.0 -1353.0 -1052.0
-1124.0 -910.0 -940.0 -986.0 -1387.0 -981.0
-1194.0 -1078.0 -969.0 -1058.0 -1143.0 -1062.0
-1114.0 -1015.0 -952.0 -1122.0 -1195.0 -997.0
-1211.0 -1107.0 -1072.0 -980.0 -1289.0 -1027.0
-1050.0 -1062.0 -1131.0 -838.0 -1270.0 -1096.0
-1083.0 -1066.0 -1017.0 -1063.0 -1244.0 -1085.0
-1123.0 -930.0 -996.0 -1122.0 -1267.0 -1161.0
-1166.0 -1007.0 -1058.0 -1049.0 -1284.0 -1114.0
-1207.0 -999.0 -988.0 -1082.0 -1178.0 -1004.0
-1093.0 -1046.0 -1061.0 -1028.0 -1182.0 -1088.0
-1149.0 -916.0 -936.0 -1133.0 -1205.0 -1069.0
-1232.0 -1089.0 -940.0 -997.0 -1108.0 -987.0
-1067.0 -933.0 -1065.0 -984.0 -1265.0 -1178.0
-1234.0 -1051.0 -854.0 -998.0 -1058.0 -862.0
-1008.0 -904.0 -1006.0 -1049.0 -1230.0 -1186.0
-1072.0 -1017.0 -968.0 -1112.0 -1249.0 -1095.0
-1130.0 -962.0 -920.0 -1140.0 -1209.0 -1023.0
-1219.0 -1000.0 -942.0 -1026.0 -1258.0 -966.0
-1197.0 -1001.0 -975.0 -1078.0 -1122.0 -1023.0
-1090.0 -926.0 -1021.0 -1036.0 -1337.0 -1170.0
-1061.0 -999.0 -1069.0 -1026.0 -1273.0 -1110.0
-1125.0 -1037.0 -1136.0 -862.0 -1268.0 -1099.0
-1133.0 -973.0 -991.0 -1096.0 -1210.0 -1139.0
-1156.0 -1055.0 -953.0 -1087.0 -1176.0 -1067.0
-1191.0 -1056.0 -1043.0 -1045.0 -1183.0 -1074.0
-967.0 -1131.0 -1084.0 -813.0 -1127.0 -1044.0
-1085.0 -969.0 -999.0 -1127.0 -1184.0 -1102.0
-1131.0 -1136.0 -1058.0 -1010.0 -1247.0 -1016.0
-1017.0 -938.0 -1051.0 -1034.0 -1249.0 -1185.0
-1153.0 -1048.0 -990.0 -1047.0 -1159.0 -1114.0
-1083.0 -1070.0 -1098.0 -992.0 -1172.0 -1067.0
-1231.0 -1063.0 -979.0 -977.0 -1241.0 -931.0
-1116.0 -1066.0 -1058.0 -1019.0 -1247.0 -1098.0
-1095.0 -950.0 -975.0 -1125.0 -1243.0 -1144.0
-1075.0 -1021.0 -1103.0 -983.0 -1222.0 -1120.0
-1153.0 -1119.0 -1107.0 -991.0 -1259.0 -1015.0
-1111.0 -1076.0 -1022.0 -1032.0 -1241.0 -1076.0
-1134.0 -1014.0 -970.0 -1136.0 -1175.0 -1070.0
-1230.0 -952.0 -908.0 -985.0 -1232.0 -915.0
-1119.0 -1097.0 -1092.0 -905.0 -1206.0 -1088.0
-1182.0 -1103.0 -1018.0 -1017.0 -1227.0 -1057.0
-1157.0 -1096.0 -1037.0 -1030.0 -1231.0 -1046.0
-1097.0 -1125.0 -1089.0 -957.0 -1266.0 -1027.0
-1147.0 -1040.0 -1119.0 -947.0 -1210.0 -1056.0
-1104.0 -976.0 -980.0 -1129.0 -1271.0 -1115.0
-1070.0 -989.0 -888.0 -1140.0 -1247.0 -1021.0
-1229.0 -1020.0 -1024.0 -982.0 -1185.0 -945.0
-1052.0 -1073.0 -1077.0 -877.0 -1190.0 -1105.0
-1150.0 -1002.0 -1094.0 -1018.0 -1356.0 -1104.0
-1087.0 -1075.0 -1040.0 -1018.0 -1223.0 -1091.0
-1097.0 -977.0 -975.0 -1137.0 -1277.0 -1054.0
-1231.0 -1067.0 -971.0 -1045.0 -1213.0 -911.0
-1232.0 -1008.0 -899.0 -1003.0 -1002.0 -876.0
-1152.0 -1175.0 -989.0 -792.0 -1075.0 -936.0
-1143.0 -1188.0 -955.0 -851.0 -1133.0 -900.0
-1065.0 -1140.0 -1027.0 -992.0 -1239.0 -1012.0
-1153.0 -1058.0 -1124.0 -874.0 -1165.0 -1094.0
-1063.0 -1135.0 -989.0 -943.0 -1262.0 -978.0
-1125.0 -1135.0 -1094.0 -926.0 -1263.0 -1018.0
-1065.0 -1015.0 -952.0 -1129.0 -1268.0 -1019.0
-1181.0 -1174.0 -981.0 -900.0 -1144.0 -913.0
-1190.0 -1169.0 -1010.0 -840.0 -1036.0 -983.0
-1150.0 -1006.0 -981.0 -1130.0 -1200.0 -1031.0
-1135.0 -1020.0 -1074.0 -1012.0 -1243.0 -1144.0
-1079.0 -996.0 -1102.0 -935.0 -1248.0 -1143.0
-1158.0 -1176.0 -953.0 -876.0 -1059.0 -934.0
-1069.0 -1030.0 -1131.0 -803.0 -1202.0 -1122.0
-1076.0 -996.0 -959.0 -1132.0 -1247.0 -1098.0
-1145.0 -1070.0 -1112.0 -982.0 -1309.0 -1068.0
-1083.0 -988.0 -1111.0 -947.0 -1166.0 -1112.0
-1068.0 -975.0 -1027.0 -1037.0 -1211.0 -1168.0
-1119.0 -972.0 -1118.0 -965.0 -1299.0 -1081.0
-1149.0 -1125.0 -1097.0 -878.0 -1223.0 -1046.0
-1155.0 -1126.0 -1061.0 -962.0 -1207.0 -1044.0
-1059.0 -1035.0 -1102.0 -950.0 -1226.0 -1133.0
-1088.0 -892.0 -1005.0 -1147.0 -1163.0 -1063.0
-1103.0 -1096.0 -1120.0 -942.0 -1250.0 -1058.0
-1214.0 -1046.0 -1033.0 -983.0 -1290.0 -1064.0
-1125.0 -1016.0 -1117.0 -933.0 -1238.0 -1113.0
-1224.0 -1106.0 -974.0 -1031.0 -1160.0 -1020.0
-1136.0 -1100.0 -1095.0 -1028.0 -1180.0 -1049.0
-1229.0 -1024.0 -1016.0 -1050.0 -1157.0 -925.0
-1037.0 -850.0 -977.0 -1150.0 -1163.0 -1128.0
-1069.0 -986.0 -1035.0 -1056.0 -1389.0 -1120.0
-1135.0 -1148.0 -1105.0 -928.0 -1233.0 -1022.0
-1030.0 -952.0 -1011.0 -1066.0 -1244.0 -1173.0
-1098.0 -873.0 -981.0 -1145.0 -1222.0 -1105.0
-1111.0 -1089.0 -1127.0 -901.0 -1301.0 -1053.0
-1235.0 -1077.0 -987.0 -962.0 -1132.0 -911.0
-1034.0 -923.0 -979.0 -1062.0 -1212.0 -1187.0
-1103.0 -1092.0 -1128.0 -874.0 -1278.0 -1078.0
-1089.0 -1132.0 -1082.0 -998.0 -1215.0 -1032.0
-1155.0 -1069.0 -1070.0 -913.0 -1085.0 -1103.0
-1111.0 -893.0 -920.0 -1162.0 -1238.0 -1074.0
-1011.0 -933.0 -944.0 -1153.0 -1178.0 -1130.0
-1125.0 -1180.0 -1016.0 -876.0 -1107.0 -932.0
-1125.0 -1098.0 -1056.0 -989.0 -1190.0 -1086.0
-1092.0 -1011.0 -1014.0 -1122.0 -1242.0 -1107.0
-1050.0 -870.0 -916.0 -1167.0 -1179.0 -1097.0
-1217.0 -1000.0 -979.0 -1047.0 -1218.0 -1033.0
-1223.0 -1064.0 -1012.0 -978.0 -1214.0 -1030.0
-1182.0 -1099.0 -1026.0 -949.0 -1255.0 -1077.0
-1073.0 -999.0 -1130.0 -919.0 -1236.0 -1125.0
-1234.0 -1050.0 -933.0 -1000.0 -1179.0 -937.0
-1185.0 -1138.0 -1044.0 -971.0 -1158.0 -1027.0
-1229.0 -1040.0 -971.0 -1033.0 -1179.0 -1001.0
-1117.0 -1142.0 -1087.0 -967.0 -1212.0 -1023.0
-1100.0 -1020.0 -1038.0 -980.0 -1294.0 -1150.0
-1228.0 -1092.0 -1000.0 -1008.0 -1252.0 -1029.0
-1093.0 -1053.0 -1125.0 -968.0 -1307.0 -1080.0
-1102.0 -1016.0 -1099.0 -926.0 -1313.0 -1153.0
-1029.0 -871.0 -905.0 -1175.0 -1131.0 -1090.0
-1245.0 -1100.0 -948.0 -973.0 -1018.0 -924.0
-1108.0 -954.0 -959.0 -1159.0 -1237.0 -1037.0
-1233.0 -1085.0 -1002.0 -962.0 -1280.0 -994.0
-1054.0 -1004.0 -1015.0 -1050.0 -1276.0 -1160.0
-1228.0 -1164.0 -963.0 -897.0 -1089.0 -961.0
-1191.0 -1135.0 -1016.0 -987.0 -1170.0 -1045.0
-1089.0 -942.0 -926.0 -1163.0 -1112.0 -1072.0
-1071.0 -941.0 -930.0 -1163.0 -1216.0 -1081.0
-1011.0 -873.0 -943.0 -1166.0 -1174.0 -1065.0
-1092.0 -939.0 -904.0 -1169.0 -1242.0 -1028.0
-1248.0 -1097.0 -926.0 -979.0 -1148.0 -880.0
-1089.0 -1108.0 -1022.0 -1015.0 -1279.0 -1069.0
-1248.0 -1039.0 -909.0 -976.0 -1019.0 -961.0
-1047.0 -1106.0 -1084.0 -895.0 -1233.0 -1078.0
-1055.0 -1155.0 -1079.0 -904.0 -1183.0 -1025.0
-1125.0 -1047.0 -1114.0 -941.0 -1376.0 -1060.0
-1232.0 -1154.0 -981.0 -942.0 -1153.0 -950.0
-1233.0 -1130.0 -924.0 -912.0 -1124.0 -908.0
-1205.0 -1106.0 -1108.0 -896.0 -1305.0 -1029.0
-1221.0 -1163.0 -1021.0 -960.0 -1187.0 -1003.0
-1083.0 -1163.0 -1042.0 -900.0 -1160.0 -996.0
-1233.0 -1129.0 -1003.0 -914.0 -1245.0 -983.0
-1145.0 -1066.0 -1120.0 -914.0 -1337.0 -1088.0
-1237.0 -1120.0 -942.0 -957.0 -1188.0 -897.0
-1177.0 -1064.0 -1101.0 -955.0 -1378.0 -1048.0
-1136.0 -970.0 -969.0 -1102.0 -1340.0 -1095.0
-1199.0 -1031.0 -1112.0 -920.0 -1228.0 -1050.0
-1191.0 -1110.0 -1068.0 -980.0 -1340.0 -1013.0
-1185.0 -1113.0 -1096.0 -964.0 -1328.0 -995.0
-1186.0 -947.0 -954.0 -1123.0 -1140.0 -972.0
-1135.0 -1118.0 -1082.0 -1014.0 -1312.0 -1002.0
-1163.0 -1100.0 -1063.0 -1011.0 -1343.0 -1022.0
-1188.0 -990.0 -909.0 -1118.0 -1196.0 -958.0
-1210.0 -1089.0 -1095.0 -970.0 -1338.0 -1025.0
-1035.0 -890.0 -1096.0 -947.0 -1205.0 -1166.0
-1035.0 -899.0 -1027.0 -988.0 -1311.0 -1198.0
-1182.0 -1116.0 -1118.0 -958.0 -1198.0 -1039.0
-1173.0 -983.0 -998.0 -1098.0 -1361.0 -1051.0
-1213.0 -1077.0 -1079.0 -945.0 -1190.0 -1015.0
-1178.0 -969.0 -919.0 -1134.0 -1130.0 -994.0
-1034.0 -927.0 -971.0 -1130.0 -1184.0 -1167.0
-1105.0 -957.0 -1010.0 -1075.0 -1366.0 -1022.0
-1213.0 -1081.0 -1071.0 -1013.0 -1162.0 -995.0
-1075.0 -911.0 -1100.0 -973.0 -1275.0 -1156.0
-1011.0 -937.0 -1087.0 -950.0 -1265.0 -1187.0
-1210.0 -1021.0 -914.0 -1095.0 -1138.0 -992.0
-1079.0 -968.0 -916.0 -1071.0 -1367.0 -995.0
-1161.0 -1095.0 -1025.0 -962.0 -1366.0 -988.0
-1105.0 -1017.0 -1011.0 -1062.0 -1370.0 -1087.0
-1086.0 -975.0 -955.0 -1152.0 -1324.0 -1102.0
-1147.0 -992.0 -1059.0 -939.0 -1194.0 -1147.0
-1060.0 -1164.0 -1064.0 -838.0 -1125.0 -972.0
-1252.0 -1084.0 -940.0 -905.0 -1120.0 -954.0
-1117.0 -1084.0 -1040.0 -1081.0 -1325.0 -1032.0
-1135.0 -1124.0 -1045.0 -945.0 -1297.0 -1059.0
-1079.0 -1017.0 -1121.0 -864.0 -1278.0 -1129.0
-1134.0 -1079.0 -1011.0 -1081.0 -1220.0 -1033.0
-971.0 -884.0 -914.0 -1159.0 -1217.0 -1130.0
-1187.0 -1068.0 -1058.0 -1034.0 -1383.0 -1079.0
-1215.0 -1166.0 -1049.0 -944.0 -1175.0 -985.0
-1149.0 -1112.0 -1143.0 -872.0 -1268.0 -1048.0
-1065.0 -1136.0 -1035.0 -924.0 -1267.0 -1032.0
-1199.0 -1064.0 -1013.0 -977.0 -1177.0 -1104.0
-1116.0 -1062.0 -1066.0 -951.0 -1275.0 -1118.0
-1059.0 -1139.0 -1063.0 -908.0 -1255.0 -1014.0
-1232.0 -963.0 -977.0 -1053.0 -1158.0 -962.0
-1150.0 -1094.0 -1066.0 -1071.0 -1215.0 -1042.0
-1087.0 -1149.0 -1068.0 -877.0 -1252.0 -1005.0
-1184.0 -1058.0 -1023.0 -955.0 -1221.0 -1122.0
-1161.0 -983.0 -965.0 -1152.0 -1160.0 -1014.0
-1046.0 -1072.0 -1113.0 -793.0 -1206.0 -1107.0
-1098.0 -1072.0 -1007.0 -1085.0 -1200.0 -1067.0
-1228.0 -1096.0 -992.0 -1076.0 -1224.0 -1009.0
-1131.0 -1044.0 -1086.0 -957.0 -1388.0 -1078.0
-1155.0 -1060.0 -1027.0 -1086.0 -1250.0 -989.0
-1088.0 -1052.0 -1061.0 -982.0 -1278.0 -1127.0
-1098.0 -1077.0 -1079.0 -1057.0 -1213.0 -1054.0
-1172.0 -1102.0 -1027.0 -1052.0 -1187.0 -1028.0
-1073.0 -1020.0 -1149.0 -848.0 -1266.0 -1111.0
-1231.0 -1042.0 -1047.0 -967.0 -1224.0 -1008.0
-1144.0 -1058.0 -1007.0 -1101.0 -1297.0 -1037.0
-1191.0 -1114.0 -1060.0 -1048.0 -1312.0 -993.0
-1164.0 -1052.0 -1053.0 -1111.0 -1290.0 -1049.0
-1188.0 -1117.0 -1082.0 -1042.0 -1182.0 -1037.0
-1072.0 -925.0 -996.0 -1059.0 -1390.0 -1157.0
-1139.0 -1069.0 -1148.0 -898.0 -1325.0 -1070.0
-1103.0 -1034.0 -1081.0 -988.0 -1391.0 -1087.0
-1060.0 -1049.0 -991.0 -1114.0 -1233.0 -1072.0
-1201.0 -1057.0 -1034.0 -1010.0 -1223.0 -1103.0
-1145.0 -1040.0 -1020.0 -1115.0 -1165.0 -1084.0
-1237.0 -1119.0 -1021.0 -959.0 -1309.0 -972.0
-1103.0 -1012.0 -973.0 -1013.0 -1393.0 -1053.0
-1163.0 -1158.0 -1110.0 -897.0 -1230.0 -1013.0
-1095.0 -934.0 -1020.0 -1142.0 -1221.0 -1068.0
-1119.0 -981.0 -1049.0 -1006.0 -1405.0 -1113.0
-1020.0 -877.0 -1012.0 -1037.0 -1250.0 -1222.0
-1037.0 -1119.0 -1094.0 -834.0 -1157.0 -1071.0
-1103.0 -1126.0 -1053.0 -1041.0 -1250.0 -1025.0
-1234.0 -1006.0 -932.0 -1048.0 -1214.0 -948.0
-1148.0 -1037.0 -998.0 -1121.0 -1295.0 -1040.0
-1077.0 -1018.0 -944.0 -1125.0 -1303.0 -1086.0
-1250.0 -1115.0 -957.0 -896.0 -1215.0 -963.0
-1216.0 -1029.0 -963.0 -1057.0 -1269.0 -1064.0
-1141.0 -1149.0 -1069.0 -1012.0 -1217.0 -1020.0
-910.0 -834.0 -820.0 -1184.0 -1193.0 -979.0
-1196.0 -1125.0 -1052.0 -974.0 -1176.0 -1067.0
-1067.0 -1164.0 -959.0 -854.0 -1190.0 -916.0
-1147.0 -1044.0 -1111.0 -1015.0 -1182.0 -1036.0
-1244.0 -1062.0 -986.0 -984.0 -1240.0 -977.0
-1225.0 -1153.0 -1039.0 -1005.0 -1251.0 -992.0
-993.0 -932.0 -919.0 -1176.0 -1231.0 -1117.0
-1107.0 -1017.0 -1004.0 -1144.0 -1198.0 -1089.0
-1228.0 -1119.0 -1041.0 -947.0 -1245.0 -1047.0
-1124.0 -992.0 -1041.0 -932.0 -1269.0 -1187.0
-1055.0 -994.0 -962.0 -1145.0 -1202.0 -1055.0
-1251.0 -1036.0 -887.0 -982.0 -1149.0 -917.0
-1219.0 -1156.0 -1067.0 -989.0 -1239.0 -974.0
-1069.0 -1169.0 -997.0 -903.0 -1167.0 -950.0
-1076.0 -992.0 -936.0 -1151.0 -1228.0 -1002.0
-1235.0 -1028.0 -901.0 -1000.0 -1109.0 -1024.0
-1169.0 -1159.0 -1074.0 -981.0 -1214.0 -1011.0
-1115.0 -1002.0 -1058.0 -986.0 -1407.0 -1110.0
-1110.0 -940.0 -1010.0 -1164.0 -1177.0 -1050.0
-1247.0 -1118.0 -979.0 -890.0 -1085.0 -1007.0
-1163.0 -1162.0 -1102.0 -965.0 -1202.0 -993.0
-1122.0 -927.0 -1010.0 -912.0 -1408.0 -981.0
-1112.0 -983.0 -965.0 -1159.0 -1233.0 -1036.0
-1051.0 -1165.0 -1061.0 -859.0 -1119.0 -1036.0
-1032.0 -966.0 -872.0 -1169.0 -1280.0 -1026.0
-1033.0 -1168.0 -1044.0 -811.0 -1107.0 -1003.0
-1087.0 -978.0 -1129.0 -992.0 -1230.0 -1101.0
-1251.0 -1108.0 -997.0 -935.0 -1149.0 -996.0
-1215.0 -1168.0 -1027.0 -960.0 -1183.0 -970.0
-1141.0 -1043.0 -1147.0 -931.0 -1198.0 -1038.0
-1254.0 -1031.0 -1003.0 -955.0 -1128.0 -957.0
-1256.0 -1074.0 -958.0 -950.0 -1184.0 -943.0
-1145.0 -1178.0 -1039.0 -923.0 -1145.0 -958.0
-1133.0 -994.0 -1152.0 -922.0 -1248.0 -1091.0
-1263.0 -1061.0 -924.0 -927.0 -1080.0 -937.0
-1123.0 -960.0 -949.0 -1181.0 -1193.0 -1019.0
-1121.0 -1192.0 -1039.0 -902.0 -1163.0 -984.0
-1087.0 -1194.0 -990.0 -827.0 -1096.0 -919.0
-1081.0 -977.0 -1165.0 -908.0 -1246.0 -1103.0
-1062.0 -898.0 -793.0 -1182.0 -1115.0 -980.0
-996.0 -861.0 -833.0 -1184.0 -1135.0 -1021.0
-1027.0 -856.0 -856.0 -1185.0 -1190.0 -1027.0
-1219.0 -1197.0 -997.0 -871.0 -1111.0 -908.0
-1034.0 -837.0 -866.0 -1190.0 -1166.0 -1037.0
-1005.0 -925.0 -950.0 -943.0 -1411.0 -1061.0
-1139.0 -1198.0 -937.0 -806.0 -1069.0 -911.0
-1025.0 -813.0 -901.0 -1190.0 -1134.0 -1041.0
-1267.0 -1051.0 -942.0 -972.0 -1144.0 -926.0
