-1167.0 -991.0 -1014.0 -1114.0 -1291.0 -1086.0
-1170.0 -1013.0 -940.0 -1127.0 -1251.0 -1074.0
-1157.0 -1040.0 -1053.0 -1061.0 -1366.0 -1121.0
-1123.0 -930.0 -996.0 -1122.0 -1267.0 -1161.0
-1104.0 -976.0 -980.0 -1129.0 -1271.0 -1115.0
-1086.0 -975.0 -955.0 -1152.0 -1324.0 -1102.0
-1187.0 -1068.0 -1058.0 -1034.0 -1383.0 -1079.0
-1164.0 -1052.0 -1053.0 -1111.0 -1290.0 -1049.0
-1148.0 -1037.0 -998.0 -1121.0 -1295.0 -1040.0
-1110.0 -940.0 -1010.0 -1164.0 -1177.0 -1050.0
-1112.0 -983.0 -965.0 -1159.0 -1233.0 -1036.0
-1123.0 -960.0 -949.0 -1181.0 -1193.0 -1019.0
-1027.0 -856.0 -856.0 -1185.0 -1190.0 -1027.0
-1034.0 -837.0 -866.0 -1190.0 -1166.0 -1037.0
