-1044.0 -1068.0 -1035.0 -1052.0 -1269.0 -1176.0
-989.0 -972.0 -1071.0 -1142.0 -1155.0 -1205.0
-1083.0 -1033.0 -992.0 -1095.0 -1285.0 -1146.0
-1029.0 -1051.0 -990.0 -1115.0 -1277.0 -1192.0
-1003.0 -1106.0 -928.0 -1060.0 -1260.0 -1163.0
-989.0 -1083.0 -1067.0 -1120.0 -1247.0 -1150.0
-942.0 -1039.0 -1069.0 -1115.0 -1242.0 -1175.0
-992.0 -1091.0 -1010.0 -1118.0 -1197.0 -1118.0
-990.0 -1052.0 -1051.0 -1135.0 -1279.0 -1171.0
-1012.0 -988.0 -1046.0 -1153.0 -1254.0 -1166.0
-1035.0 -1005.0 -1020.0 -1100.0 -1249.0 -1233.0
-1010.0 -1058.0 -1040.0 -1107.0 -1263.0 -1179.0
-1000.0 -1036.0 -1143.0 -1048.0 -1187.0 -1221.0
-1024.0 -1085.0 -1068.0 -1100.0 -1211.0 -1139.0
-1035.0 -1052.0 -1047.0 -1096.0 -1257.0 -1169.0
-977.0 -1069.0 -1001.0 -1117.0 -1221.0 -1188.0
-966.0 -1047.0 -1082.0 -1094.0 -1273.0 -1191.0
-1000.0 -1037.0 -1042.0 -1144.0 -1271.0 -1122.0
-1058.0 -1041.0 -1005.0 -1126.0 -1223.0 -1192.0
-1028.0 -1097.0 -1000.0 -1075.0 -1266.0 -1148.0
-962.0 -988.0 -1125.0 -1139.0 -1254.0 -1179.0
-944.0 -1008.0 -1091.0 -1143.0 -1239.0 -1168.0
-1059.0 -1021.0 -1044.0 -1093.0 -1282.0 -1179.0
-955.0 -1045.0 -1148.0 -1084.0 -1182.0 -1179.0
-1043.0 -1034.0 -1062.0 -1097.0 -1207.0 -1214.0
-1031.0 -1020.0 -1012.0 -1143.0 -1274.0 -1185.0
-1016.0 -1012.0 -1070.0 -1092.0 -1235.0 -1220.0
-1025.0 -1039.0 -1058.0 -1140.0 -1222.0 -1183.0
-1036.0 -1077.0 -1042.0 -1099.0 -1278.0 -1097.0
-978.0 -997.0 -1152.0 -1097.0 -1153.0 -1198.0
-919.0 -1014.0 -1084.0 -1154.0 -1245.0 -1178.0
-976.0 -988.0 -1177.0 -1092.0 -1192.0 -1172.0
-975.0 -1115.0 -1117.0 -1007.0 -1219.0 -1209.0
-1024.0 -962.0 -1057.0 -1092.0 -1253.0 -1228.0
-1062.0 -979.0 -1060.0 -1151.0 -1186.0 -1191.0
-986.0 -1010.0 -1129.0 -1043.0 -1262.0 -1170.0
-1036.0 -1064.0 -974.0 -1106.0 -1310.0 -1155.0
-936.0 -1042.0 -1144.0 -1130.0 -1159.0 -1121.0
-983.0 -1010.0 -1123.0 -1106.0 -1234.0 -1211.0
-994.0 -1080.0 -1051.0 -1098.0 -1204.0 -1178.0
-1036.0 -1076.0 -1115.0 -1081.0 -1165.0 -1194.0
-1040.0 -1132.0 -1001.0 -1076.0 -1272.0 -1098.0
-901.0 -1055.0 -1137.0 -1125.0 -1216.0 -1109.0
-958.0 -1064.0 -1133.0 -1087.0 -1220.0 -1109.0
-1041.0 -1025.0 -1087.0 -1092.0 -1246.0 -1188.0
-1027.0 -1080.0 -1033.0 -1125.0 -1263.0 -1146.0
-976.0 -1067.0 -1146.0 -1051.0 -1162.0 -1211.0
-948.0 -984.0 -1007.0 -1156.0 -1232.0 -1216.0
-924.0 -1017.0 -1213.0 -1054.0 -1182.0 -1182.0
-1030.0 -1066.0 -1039.0 -1097.0 -1292.0 -1110.0
-941.0 -1158.0 -1075.0 -978.0 -1211.0 -1156.0
-942.0 -1021.0 -1125.0 -1114.0 -1208.0 -1185.0
-969.0 -1108.0 -1064.0 -1088.0 -1222.0 -1092.0
-936.0 -1106.0 -1117.0 -1102.0 -1221.0 -1083.0
-995.0 -1109.0 -988.0 -1128.0 -1230.0 -1106.0
-1012.0 -1027.0 -1062.0 -1135.0 -1260.0 -1172.0
-937.0 -1130.0 -1106.0 -1082.0 -1199.0 -1115.0
-896.0 -1023.0 -1064.0 -1159.0 -1268.0 -1153.0
-1034.0 -1108.0 -1020.0 -1071.0 -1281.0 -1104.0
-1004.0 -1044.0 -1048.0 -1099.0 -1289.0 -1187.0
-881.0 -1082.0 -1203.0 -1037.0 -1193.0 -1113.0
-888.0 -1039.0 -1216.0 -1056.0 -1131.0 -1170.0
-925.0 -1131.0 -1178.0 -997.0 -1168.0 -1167.0
-960.0 -994.0 -1139.0 -1133.0 -1211.0 -1096.0
-1001.0 -1005.0 -1127.0 -1063.0 -1219.0 -1242.0
-961.0 -1019.0 -1141.0 -1124.0 -1222.0 -1158.0
-960.0 -1002.0 -1148.0 -1140.0 -1168.0 -1167.0
-959.0 -986.0 -1139.0 -1145.0 -1172.0 -1143.0
-886.0 -1167.0 -1038.0 -1051.0 -1223.0 -1095.0
-884.0 -1174.0 -1065.0 -1012.0 -1174.0 -1105.0
-871.0 -1181.0 -1082.0 -1023.0 -1170.0 -1121.0
-1049.0 -1000.0 -1046.0 -1139.0 -1289.0 -1196.0
-1063.0 -1076.0 -1003.0 -1070.0 -1276.0 -1180.0
-1013.0 -996.0 -1046.0 -1150.0 -1292.0 -1193.0
-993.0 -1099.0 -1010.0 -1115.0 -1235.0 -1145.0
-974.0 -1136.0 -1005.0 -1058.0 -1273.0 -1125.0
-995.0 -1062.0 -963.0 -1148.0 -1266.0 -1103.0
-973.0 -1068.0 -1068.0 -1085.0 -1273.0 -1210.0
-1067.0 -1015.0 -1060.0 -1111.0 -1149.0 -1225.0
-821.0 -1109.0 -1182.0 -1081.0 -1046.0 -1109.0
-907.0 -1107.0 -1146.0 -1080.0 -1175.0 -1167.0
-911.0 -1047.0 -1184.0 -1097.0 -1114.0 -1171.0
-958.0 -1080.0 -1182.0 -1037.0 -1142.0 -1184.0
-1003.0 -947.0 -1134.0 -1126.0 -1127.0 -1230.0
-846.0 -1086.0 -1179.0 -1075.0 -1109.0 -1146.0
-907.0 -1068.0 -1130.0 -1098.0 -1169.0 -1161.0
-840.0 -1062.0 -1198.0 -1070.0 -1118.0 -1152.0
-956.0 -1111.0 -1160.0 -1009.0 -1145.0 -1191.0
-930.0 -1059.0 -1150.0 -1093.0 -1146.0 -1186.0
-841.0 -1070.0 -1198.0 -1067.0 -1156.0 -1179.0
-859.0 -1094.0 -1164.0 -1060.0 -1138.0 -1171.0
-862.0 -1032.0 -1170.0 -1103.0 -1167.0 -1185.0
-890.0 -1072.0 -1218.0 -1035.0 -1181.0 -1185.0
-967.0 -952.0 -1086.0 -1158.0 -1252.0 -1190.0
-905.0 -1082.0 -1153.0 -1099.0 -1083.0 -1149.0
-883.0 -1099.0 -1133.0 -1101.0 -1144.0 -1151.0
-817.0 -1065.0 -1229.0 -1026.0 -1150.0 -1199.0
-1059.0 -1060.0 -1060.0 -1075.0 -1288.0 -1185.0
-871.0 -1040.0 -1159.0 -1082.0 -1108.0 -1189.0
-1062.0 -1072.0 -947.0 -1112.0 -1295.0 -1179.0
-886.0 -1056.0 -1147.0 -1085.0 -1238.0 -1193.0
-964.0 -1131.0 -1027.0 -1116.0 -1240.0 -1069.0
-863.0 -1106.0 -1182.0 -1073.0 -1163.0 -1114.0
-930.0 -1055.0 -1152.0 -1115.0 -1121.0 -1175.0
-911.0 -1055.0 -1200.0 -1020.0 -1155.0 -1211.0
-919.0 -1069.0 -1121.0 -1101.0 -1237.0 -1166.0
-1060.0 -990.0 -935.0 -1145.0 -1261.0 -1223.0
-963.0 -1115.0 -1018.0 -1121.0 -1244.0 -1045.0
-1021.0 -1111.0 -1105.0 -1023.0 -1235.0 -1190.0
-905.0 -1074.0 -1144.0 -1101.0 -1125.0 -1152.0
-1032.0 -1094.0 -1024.0 -1113.0 -1270.0 -1114.0
-882.0 -1091.0 -1133.0 -1104.0 -1106.0 -1124.0
-852.0 -1036.0 -1209.0 -1009.0 -1117.0 -1214.0
-908.0 -1076.0 -1130.0 -1095.0 -1207.0 -1188.0
-910.0 -1082.0 -1218.0 -1027.0 -1098.0 -1179.0
-1000.0 -1106.0 -972.0 -1106.0 -1187.0 -1134.0
-971.0 -1093.0 -1057.0 -1098.0 -1250.0 -1137.0
-938.0 -974.0 -1204.0 -1077.0 -1126.0 -1236.0
-899.0 -1040.0 -1197.0 -1022.0 -1171.0 -1222.0
-812.0 -1061.0 -1166.0 -1120.0 -1110.0 -1158.0
-790.0 -1099.0 -1193.0 -1064.0 -1132.0 -1128.0
-960.0 -1066.0 -1121.0 -1112.0 -1230.0 -1129.0
-1031.0 -943.0 -1116.0 -1123.0 -1228.0 -1197.0
-1071.0 -1099.0 -974.0 -1056.0 -1224.0 -1193.0
-911.0 -1100.0 -1072.0 -1088.0 -1099.0 -1168.0
-1010.0 -960.0 -1061.0 -1137.0 -1276.0 -1162.0
-987.0 -1114.0 -1045.0 -1092.0 -1250.0 -1157.0
-913.0 -1024.0 -1222.0 -1048.0 -1152.0 -1204.0
-837.0 -1038.0 -1163.0 -1114.0 -1173.0 -1195.0
-974.0 -1078.0 -1107.0 -1083.0 -1207.0 -1177.0
-906.0 -1090.0 -1153.0 -1096.0 -1121.0 -1176.0
-916.0 -1075.0 -1125.0 -1067.0 -1165.0 -1204.0
-1037.0 -1033.0 -1005.0 -1116.0 -1227.0 -1237.0
-931.0 -1028.0 -1134.0 -1108.0 -1178.0 -1207.0
-975.0 -1162.0 -913.0 -1032.0 -1258.0 -1008.0
-956.0 -1061.0 -1157.0 -1079.0 -1178.0 -1203.0
-931.0 -1020.0 -1125.0 -1110.0 -1220.0 -1210.0
-966.0 -1096.0 -1092.0 -1082.0 -1257.0 -1132.0
-972.0 -1048.0 -1139.0 -1075.0 -1253.0 -1168.0
-850.0 -1110.0 -1176.0 -1084.0 -1206.0 -1101.0
-889.0 -1055.0 -1225.0 -1051.0 -1127.0 -1194.0
-955.0 -1009.0 -1132.0 -1122.0 -1120.0 -1218.0
-858.0 -1113.0 -1125.0 -1089.0 -1221.0 -1164.0
-1026.0 -1056.0 -1044.0 -1145.0 -1285.0 -1114.0
-884.0 -1071.0 -1161.0 -1054.0 -1201.0 -1208.0
-971.0 -1103.0 -1185.0 -1032.0 -1164.0 -1200.0
-908.0 -1076.0 -1123.0 -1116.0 -1216.0 -1128.0
-937.0 -1122.0 -1097.0 -1084.0 -1241.0 -1118.0
-909.0 -1092.0 -1132.0 -1111.0 -1212.0 -1152.0
-882.0 -1102.0 -1139.0 -1026.0 -1204.0 -1215.0
-878.0 -1019.0 -1152.0 -1099.0 -1242.0 -1150.0
-907.0 -996.0 -1150.0 -1102.0 -1083.0 -1222.0
-969.0 -1103.0 -1054.0 -1104.0 -1141.0 -1141.0
-1105.0 -1033.0 -967.0 -1064.0 -1313.0 -1163.0
-999.0 -1108.0 -992.0 -1068.0 -1255.0 -1211.0
-844.0 -1109.0 -1119.0 -1103.0 -1226.0 -1124.0
-1014.0 -949.0 -1068.0 -1136.0 -1218.0 -1242.0
-838.0 -1007.0 -1147.0 -1129.0 -1205.0 -1216.0
-888.0 -1115.0 -1114.0 -1109.0 -1097.0 -1118.0
-801.0 -1128.0 -1191.0 -1015.0 -1163.0 -1138.0
-858.0 -1140.0 -1191.0 -1014.0 -1156.0 -1096.0
-812.0 -1125.0 -1139.0 -1092.0 -1172.0 -1120.0
-908.0 -1084.0 -1132.0 -1114.0 -1174.0 -1125.0
-890.0 -1146.0 -1099.0 -1029.0 -1159.0 -1165.0
-894.0 -1012.0 -1256.0 -1052.0 -1120.0 -1189.0
-989.0 -991.0 -1077.0 -1109.0 -1286.0 -1213.0
-974.0 -1065.0 -1069.0 -1139.0 -1204.0 -1206.0
-1111.0 -1011.0 -911.0 -1130.0 -1290.0 -1073.0
-835.0 -1069.0 -1141.0 -1086.0 -1176.0 -1202.0
-756.0 -1093.0 -1225.0 -1030.0 -1106.0 -1123.0
-905.0 -1138.0 -1117.0 -1073.0 -1187.0 -1114.0
-864.0 -1114.0 -1182.0 -1070.0 -1201.0 -1141.0
-885.0 -1040.0 -1145.0 -1069.0 -1233.0 -1229.0
-982.0 -1040.0 -1186.0 -1047.0 -1151.0 -1230.0
-963.0 -1108.0 -1123.0 -1007.0 -1193.0 -1217.0
-884.0 -1120.0 -1171.0 -1042.0 -1185.0 -1149.0
-974.0 -1041.0 -1191.0 -1075.0 -1193.0 -1214.0
-846.0 -1011.0 -1180.0 -1118.0 -1227.0 -1099.0
-929.0 -1085.0 -1193.0 -1035.0 -1193.0 -1205.0
-1042.0 -1099.0 -1013.0 -1024.0 -1272.0 -1183.0
-954.0 -1092.0 -1135.0 -1051.0 -1181.0 -1210.0
-882.0 -1130.0 -1149.0 -1086.0 -1112.0 -1130.0
-937.0 -1005.0 -1220.0 -1062.0 -1094.0 -1215.0
-932.0 -1036.0 -1134.0 -1105.0 -1216.0 -1234.0
-996.0 -1040.0 -1080.0 -1139.0 -1185.0 -1207.0
-976.0 -1033.0 -1147.0 -1032.0 -1228.0 -1216.0
-973.0 -1057.0 -1069.0 -1142.0 -1166.0 -1179.0
-855.0 -1124.0 -1167.0 -1072.0 -1213.0 -1069.0
-1024.0 -1002.0 -1003.0 -1144.0 -1134.0 -1218.0
-1051.0 -1083.0 -1091.0 -992.0 -1260.0 -1076.0
-987.0 -1022.0 -1055.0 -1081.0 -1289.0 -1220.0
-972.0 -1080.0 -1076.0 -1129.0 -1176.0 -1161.0
-941.0 -1076.0 -1112.0 -1122.0 -1266.0 -1156.0
-995.0 -1032.0 -1080.0 -1142.0 -1147.0 -1180.0
-935.0 -1083.0 -1093.0 -1085.0 -1172.0 -1208.0
-885.0 -1136.0 -1180.0 -1037.0 -1181.0 -1173.0
-883.0 -1054.0 -1168.0 -1070.0 -1147.0 -1217.0
-935.0 -1036.0 -1198.0 -1034.0 -1097.0 -1222.0
-984.0 -1116.0 -967.0 -1045.0 -1236.0 -1202.0
-978.0 -1061.0 -1132.0 -1048.0 -1206.0 -1220.0
-979.0 -1005.0 -1152.0 -1094.0 -1191.0 -1225.0
-999.0 -977.0 -1142.0 -1047.0 -1241.0 -1238.0
-926.0 -1139.0 -1178.0 -994.0 -1206.0 -1194.0
-907.0 -1019.0 -1167.0 -1089.0 -1147.0 -1216.0
-872.0 -1038.0 -1191.0 -1117.0 -1199.0 -1088.0
-1027.0 -1072.0 -1053.0 -1140.0 -1281.0 -1138.0
-998.0 -1008.0 -1158.0 -1032.0 -1209.0 -1217.0
-882.0 -1100.0 -1195.0 -1024.0 -1165.0 -1142.0
-1041.0 -1105.0 -1062.0 -1030.0 -1220.0 -1186.0
-975.0 -1123.0 -1126.0 -1005.0 -1177.0 -1206.0
-1051.0 -1084.0 -985.0 -1128.0 -1294.0 -1075.0
-1063.0 -1045.0 -1068.0 -1032.0 -1263.0 -1233.0
-925.0 -1015.0 -1141.0 -1135.0 -1225.0 -1155.0
-931.0 -1067.0 -1150.0 -1090.0 -1184.0 -1213.0
-885.0 -1068.0 -1155.0 -1129.0 -1141.0 -1144.0
-828.0 -1043.0 -1251.0 -1033.0 -1077.0 -1137.0
-1049.0 -1099.0 -999.0 -1087.0 -1196.0 -1176.0
-1032.0 -1057.0 -1101.0 -1126.0 -1265.0 -1091.0
-909.0 -1028.0 -1159.0 -1139.0 -1150.0 -1190.0
-908.0 -1020.0 -1159.0 -1142.0 -1112.0 -1163.0
-1003.0 -1087.0 -1158.0 -1064.0 -1227.0 -1144.0
-1070.0 -1014.0 -1035.0 -1099.0 -1312.0 -1157.0
-804.0 -1074.0 -1254.0 -1036.0 -1052.0 -1127.0
-965.0 -1146.0 -990.0 -1060.0 -1285.0 -1053.0
-894.0 -1005.0 -1200.0 -1089.0 -1214.0 -1078.0
-1016.0 -1097.0 -1114.0 -1035.0 -1228.0 -1222.0
-945.0 -1096.0 -1132.0 -1100.0 -1209.0 -1155.0
-946.0 -1090.0 -1103.0 -1110.0 -1273.0 -1124.0
-991.0 -1076.0 -1119.0 -1120.0 -1187.0 -1196.0
-795.0 -1090.0 -1211.0 -1047.0 -1178.0 -1138.0
-1043.0 -1073.0 -1078.0 -1079.0 -1213.0 -1220.0
-929.0 -1098.0 -1128.0 -1062.0 -1187.0 -1220.0
-806.0 -1073.0 -1130.0 -1137.0 -1213.0 -1062.0
-934.0 -1091.0 -1175.0 -1025.0 -1242.0 -1176.0
-1038.0 -1109.0 -1110.0 -1081.0 -1224.0 -1149.0
-939.0 -1044.0 -1123.0 -1145.0 -1250.0 -1097.0
-887.0 -1071.0 -1131.0 -1137.0 -1183.0 -1050.0
-1076.0 -1056.0 -972.0 -1138.0 -1276.0 -1161.0
-995.0 -1096.0 -1053.0 -1114.0 -1209.0 -1142.0
-976.0 -1044.0 -1167.0 -1083.0 -1235.0 -1120.0
-979.0 -1114.0 -1142.0 -1080.0 -1184.0 -1039.0
-990.0 -1052.0 -1044.0 -1156.0 -1288.0 -1111.0
-1001.0 -1025.0 -1137.0 -1078.0 -1094.0 -1240.0
-1037.0 -1092.0 -1124.0 -1076.0 -1161.0 -1218.0
-1029.0 -1055.0 -1122.0 -1111.0 -1174.0 -1115.0
-1054.0 -1021.0 -1097.0 -1035.0 -1289.0 -1090.0
-1030.0 -1071.0 -1131.0 -1106.0 -1170.0 -1139.0
-1058.0 -1060.0 -1015.0 -1137.0 -1240.0 -1170.0
-1035.0 -1104.0 -1060.0 -1106.0 -1221.0 -1065.0
-942.0 -1107.0 -1174.0 -1083.0 -1201.0 -1060.0
-1031.0 -1040.0 -1115.0 -1121.0 -1202.0 -1160.0
-1037.0 -1021.0 -1069.0 -1124.0 -1254.0 -1162.0
-1030.0 -1024.0 -1106.0 -1126.0 -1206.0 -1136.0
-1033.0 -1073.0 -1110.0 -1121.0 -1261.0 -1115.0
-954.0 -1080.0 -1175.0 -1089.0 -1083.0 -1144.0
-1053.0 -1079.0 -1099.0 -1093.0 -1245.0 -1123.0
-1050.0 -1016.0 -1055.0 -1134.0 -1285.0 -1220.0
-1084.0 -1018.0 -1051.0 -1102.0 -1220.0 -1214.0
-946.0 -1120.0 -1121.0 -1080.0 -1187.0 -1187.0
-982.0 -1126.0 -938.0 -1110.0 -1172.0 -1123.0
-968.0 -1143.0 -959.0 -1091.0 -1295.0 -1078.0
-969.0 -1050.0 -1164.0 -1101.0 -1104.0 -1118.0
-971.0 -1103.0 -1178.0 -1053.0 -1173.0 -1140.0
-965.0 -1051.0 -1169.0 -1098.0 -1214.0 -1082.0
-1036.0 -1097.0 -1052.0 -1114.0 -1153.0 -1095.0
-979.0 -1034.0 -1155.0 -1096.0 -1082.0 -1187.0
-1006.0 -1054.0 -1107.0 -1109.0 -1279.0 -1173.0
-994.0 -1027.0 -1161.0 -1095.0 -1167.0 -1155.0
-1005.0 -1038.0 -1098.0 -1114.0 -1283.0 -1149.0
-1038.0 -1045.0 -1137.0 -1109.0 -1162.0 -1187.0
-989.0 -1105.0 -1055.0 -1113.0 -1210.0 -1040.0
-964.0 -1078.0 -1053.0 -1087.0 -1285.0 -1138.0
-969.0 -1056.0 -1136.0 -1110.0 -1218.0 -1201.0
-966.0 -1067.0 -1178.0 -1093.0 -1210.0 -1106.0
-990.0 -1113.0 -1055.0 -1110.0 -1248.0 -1067.0
-902.0 -1075.0 -1073.0 -1114.0 -1227.0 -1211.0
-1054.0 -1032.0 -1119.0 -1105.0 -1237.0 -1152.0
-811.0 -1013.0 -1220.0 -1071.0 -1191.0 -1141.0
-1042.0 -1129.0 -1051.0 -1054.0 -1237.0 -1155.0
-1025.0 -1081.0 -1055.0 -1016.0 -1275.0 -1231.0
-940.0 -1089.0 -1046.0 -1129.0 -1293.0 -1147.0
-1031.0 -1104.0 -1088.0 -1093.0 -1264.0 -1122.0
-918.0 -965.0 -1204.0 -1099.0 -1223.0 -1124.0
-985.0 -979.0 -1145.0 -1134.0 -1231.0 -1204.0
-982.0 -1093.0 -1074.0 -1038.0 -1136.0 -1227.0
-1059.0 -1082.0 -1048.0 -1068.0 -1251.0 -1075.0
-995.0 -996.0 -1145.0 -1110.0 -1199.0 -1176.0
-858.0 -1171.0 -1126.0 -1052.0 -1169.0 -1043.0
-1067.0 -1079.0 -1033.0 -1083.0 -1211.0 -1187.0
-962.0 -1084.0 -1160.0 -1107.0 -1202.0 -1123.0
-1029.0 -1119.0 -1095.0 -1083.0 -1236.0 -1077.0
-894.0 -1101.0 -1060.0 -1132.0 -1244.0 -1103.0
-990.0 -988.0 -1071.0 -1184.0 -1226.0 -1149.0
-1029.0 -1090.0 -1092.0 -1135.0 -1253.0 -1132.0
-947.0 -1114.0 -1171.0 -1095.0 -1181.0 -1149.0
-1053.0 -1015.0 -1126.0 -1121.0 -1183.0 -1161.0
-984.0 -963.0 -1136.0 -1139.0 -1235.0 -1180.0
-964.0 -1077.0 -1107.0 -1022.0 -1225.0 -1238.0
-1054.0 -1017.0 -981.0 -1187.0 -1242.0 -1138.0
-921.0 -973.0 -1219.0 -1043.0 -1208.0 -1154.0
-968.0 -1040.0 -1134.0 -1094.0 -1213.0 -1237.0
-945.0 -1032.0 -1159.0 -1128.0 -1147.0 -1193.0
-894.0 -1037.0 -1087.0 -1160.0 -1182.0 -1141.0
-929.0 -1164.0 -1128.0 -1002.0 -1206.0 -1102.0
-985.0 -1034.0 -1182.0 -1081.0 -1223.0 -1192.0
-994.0 -1047.0 -1180.0 -1047.0 -1177.0 -1222.0
-960.0 -1037.0 -1073.0 -1092.0 -1171.0 -1251.0
-1006.0 -1046.0 -1108.0 -1132.0 -1208.0 -1170.0
-938.0 -1124.0 -1156.0 -1097.0 -1193.0 -1077.0
-991.0 -1076.0 -1112.0 -1141.0 -1196.0 -1136.0
-989.0 -1011.0 -1180.0 -1087.0 -1214.0 -1188.0
-970.0 -1124.0 -1073.0 -1083.0 -1218.0 -1116.0
-987.0 -1114.0 -1038.0 -1113.0 -1259.0 -1097.0
-952.0 -1077.0 -1188.0 -979.0 -1206.0 -1177.0
-912.0 -1024.0 -1091.0 -1072.0 -1134.0 -1255.0
-1040.0 -1101.0 -1066.0 -1038.0 -1259.0 -1151.0
-1028.0 -1074.0 -1083.0 -1140.0 -1257.0 -1108.0
-1014.0 -1020.0 -1114.0 -1135.0 -1200.0 -1218.0
-834.0 -1049.0 -1205.0 -1097.0 -1165.0 -1100.0
-1045.0 -1037.0 -1019.0 -1067.0 -1301.0 -1197.0
-938.0 -1138.0 -1106.0 -1079.0 -1237.0 -1142.0
-1059.0 -1064.0 -1071.0 -1095.0 -1221.0 -1171.0
-993.0 -1023.0 -1105.0 -1137.0 -1186.0 -1154.0
-973.0 -1061.0 -1185.0 -990.0 -1213.0 -1131.0
-1028.0 -1088.0 -1033.0 -1122.0 -1301.0 -1173.0
-973.0 -1004.0 -1095.0 -1113.0 -1211.0 -1248.0
-1074.0 -1028.0 -987.0 -1122.0 -1298.0 -1157.0
-971.0 -1136.0 -1049.0 -1104.0 -1200.0 -1096.0
-961.0 -1068.0 -1151.0 -1112.0 -1206.0 -1099.0
-917.0 -1049.0 -1194.0 -1122.0 -1145.0 -1108.0
-908.0 -1012.0 -1150.0 -1144.0 -1154.0 -1166.0
-1062.0 -1069.0 -1114.0 -1091.0 -1233.0 -1195.0
-971.0 -1039.0 -1205.0 -1081.0 -1111.0 -1178.0
-985.0 -1024.0 -1110.0 -1165.0 -1228.0 -1138.0
-967.0 -1016.0 -1066.0 -1109.0 -1305.0 -1212.0
-1077.0 -1027.0 -997.0 -1140.0 -1296.0 -1067.0
-859.0 -1158.0 -1137.0 -1032.0 -1200.0 -1133.0
-995.0 -992.0 -1134.0 -1090.0 -1266.0 -1190.0
-1045.0 -1087.0 -1067.0 -1112.0 -1141.0 -1167.0
-859.0 -1166.0 -1117.0 -1017.0 -1182.0 -1141.0
-871.0 -1046.0 -1067.0 -1165.0 -1205.0 -1116.0
-890.0 -1086.0 -1076.0 -1140.0 -1086.0 -1073.0
-942.0 -1043.0 -1201.0 -1111.0 -1139.0 -1098.0
-996.0 -1078.0 -972.0 -1143.0 -1262.0 -1127.0
-965.0 -1139.0 -1027.0 -1113.0 -1278.0 -1096.0
-1033.0 -1139.0 -1036.0 -1056.0 -1249.0 -1083.0
-1000.0 -1004.0 -1171.0 -1093.0 -1244.0 -1166.0
-1073.0 -1052.0 -1040.0 -1160.0 -1259.0 -1179.0
-978.0 -1013.0 -1189.0 -1111.0 -1232.0 -1113.0
-870.0 -1077.0 -1083.0 -1150.0 -1173.0 -1095.0
-967.0 -1108.0 -1049.0 -1141.0 -1275.0 -1089.0
-1056.0 -1017.0 -1105.0 -1136.0 -1274.0 -1137.0
-1068.0 -1031.0 -1069.0 -1106.0 -1145.0 -1249.0
-926.0 -1039.0 -1209.0 -1120.0 -1133.0 -1180.0
-955.0 -1167.0 -1067.0 -962.0 -1211.0 -1164.0
-884.0 -1128.0 -1180.0 -1040.0 -1143.0 -1146.0
-806.0 -1009.0 -1157.0 -1165.0 -1151.0 -1100.0
-966.0 -1003.0 -1205.0 -1121.0 -1148.0 -1144.0
-988.0 -1112.0 -1025.0 -1130.0 -1182.0 -1080.0
-918.0 -1018.0 -1178.0 -1137.0 -1177.0 -1129.0
-966.0 -1028.0 -1067.0 -1174.0 -1217.0 -1103.0
-905.0 -995.0 -1175.0 -1142.0 -1155.0 -1113.0
-1036.0 -1120.0 -1069.0 -1101.0 -1217.0 -1089.0
-1001.0 -1044.0 -1143.0 -1045.0 -1225.0 -1248.0
-970.0 -1091.0 -1035.0 -1149.0 -1169.0 -1101.0
-996.0 -1014.0 -999.0 -1171.0 -1200.0 -1165.0
-1012.0 -1031.0 -1073.0 -1155.0 -1193.0 -1158.0
-981.0 -1072.0 -1108.0 -1053.0 -1286.0 -1153.0
-918.0 -1002.0 -1086.0 -1179.0 -1182.0 -1140.0
-997.0 -1038.0 -1067.0 -1156.0 -1108.0 -1190.0
-851.0 -996.0 -1226.0 -1088.0 -1167.0 -1119.0
-926.0 -1147.0 -1187.0 -992.0 -1164.0 -1191.0
-1008.0 -1015.0 -1130.0 -1160.0 -1205.0 -1163.0
-979.0 -1023.0 -1053.0 -1184.0 -1248.0 -1161.0
-984.0 -1055.0 -1126.0 -1150.0 -1196.0 -1117.0
-935.0 -1061.0 -1105.0 -1159.0 -1242.0 -1114.0
-1060.0 -1090.0 -1048.0 -1065.0 -1289.0 -1102.0
-967.0 -1044.0 -1076.0 -1169.0 -1213.0 -1127.0
-929.0 -1011.0 -1169.0 -1143.0 -1207.0 -1107.0
-942.0 -1144.0 -1097.0 -1070.0 -1206.0 -1083.0
-966.0 -1092.0 -1040.0 -1146.0 -1279.0 -1065.0
-966.0 -1100.0 -1049.0 -1144.0 -1237.0 -1062.0
-989.0 -980.0 -1071.0 -1187.0 -1188.0 -1122.0
-965.0 -1084.0 -1040.0 -1149.0 -1241.0 -1038.0
-888.0 -1103.0 -1189.0 -1028.0 -1193.0 -1132.0
-990.0 -1081.0 -1047.0 -1158.0 -1179.0 -1073.0
-953.0 -1148.0 -1108.0 -1026.0 -1205.0 -1145.0
-923.0 -1034.0 -1159.0 -1145.0 -1130.0 -1096.0
-873.0 -1079.0 -1062.0 -1165.0 -1264.0 -1071.0
-825.0 -1109.0 -1189.0 -1029.0 -1105.0 -1149.0
-907.0 -1004.0 -1150.0 -1147.0 -1116.0 -1139.0
-918.0 -979.0 -1069.0 -1192.0 -1118.0 -1146.0
-1032.0 -993.0 -1128.0 -1154.0 -1203.0 -1129.0
-969.0 -1116.0 -982.0 -1139.0 -1171.0 -1045.0
-950.0 -1151.0 -1139.0 -995.0 -1195.0 -1120.0
-967.0 -1020.0 -1198.0 -1105.0 -1202.0 -1135.0
-795.0 -1026.0 -1238.0 -1075.0 -1116.0 -1176.0
-885.0 -1022.0 -1241.0 -1054.0 -1132.0 -1117.0
-931.0 -1161.0 -1178.0 -980.0 -1171.0 -1159.0
-864.0 -1151.0 -1194.0 -1016.0 -1142.0 -1083.0
-1026.0 -992.0 -1071.0 -1173.0 -1223.0 -1152.0
-873.0 -1015.0 -1089.0 -1193.0 -1202.0 -1109.0
-833.0 -984.0 -1233.0 -1084.0 -1148.0 -1057.0
-913.0 -1020.0 -1224.0 -1070.0 -1127.0 -1193.0
-876.0 -1062.0 -1048.0 -1173.0 -1158.0 -1083.0
-879.0 -1158.0 -1137.0 -1045.0 -1158.0 -1061.0
-973.0 -1070.0 -997.0 -1177.0 -1196.0 -1083.0
-912.0 -1051.0 -1240.0 -1055.0 -1095.0 -1172.0
-865.0 -1095.0 -1221.0 -1041.0 -1118.0 -1148.0
-949.0 -1166.0 -1065.0 -1038.0 -1212.0 -1043.0
-902.0 -1166.0 -1162.0 -1010.0 -1163.0 -1089.0
-843.0 -1039.0 -1220.0 -1095.0 -1153.0 -1172.0
-939.0 -980.0 -1150.0 -1173.0 -1188.0 -1135.0
-1050.0 -1016.0 -1048.0 -1155.0 -1294.0 -1160.0
-993.0 -1140.0 -966.0 -1100.0 -1233.0 -1113.0
-842.0 -1031.0 -1220.0 -1098.0 -1115.0 -1145.0
-912.0 -1028.0 -1223.0 -1068.0 -1031.0 -1178.0
-914.0 -986.0 -1143.0 -1184.0 -1194.0 -1145.0
-906.0 -999.0 -1231.0 -1100.0 -1136.0 -1114.0
-881.0 -1170.0 -1133.0 -1034.0 -1157.0 -1123.0
-951.0 -1163.0 -1115.0 -1016.0 -1177.0 -1100.0
-952.0 -1171.0 -1115.0 -1013.0 -1215.0 -1127.0
-1088.0 -1030.0 -983.0 -1077.0 -1275.0 -1223.0
-996.0 -922.0 -1009.0 -1160.0 -1239.0 -1228.0
-892.0 -977.0 -1215.0 -1073.0 -1236.0 -1074.0
-952.0 -1179.0 -1124.0 -1011.0 -1173.0 -1124.0
-949.0 -1174.0 -1074.0 -1036.0 -1170.0 -1040.0
-884.0 -1186.0 -1078.0 -1015.0 -1209.0 -1094.0
-887.0 -1134.0 -1212.0 -992.0 -1152.0 -1171.0
-900.0 -1014.0 -1266.0 -1077.0 -1151.0 -1126.0
-922.0 -1136.0 -1213.0 -972.0 -1116.0 -1160.0
-950.0 -1182.0 -1074.0 -1033.0 -1208.0 -1067.0
-1109.0 -993.0 -872.0 -1135.0 -1318.0 -1079.0
-887.0 -1183.0 -1047.0 -1046.0 -1219.0 -1119.0
-888.0 -1103.0 -1196.0 -1007.0 -1184.0 -1192.0
-896.0 -1102.0 -1191.0 -979.0 -1142.0 -1208.0
-909.0 -965.0 -1172.0 -1130.0 -1080.0 -1215.0
-1057.0 -1091.0 -1038.0 -1047.0 -1291.0 -1192.0
-1028.0 -1085.0 -987.0 -994.0 -1292.0 -1213.0
-862.0 -1100.0 -1195.0 -1011.0 -1207.0 -1214.0
-886.0 -992.0 -1174.0 -1113.0 -1176.0 -1231.0
-902.0 -979.0 -1156.0 -1109.0 -1251.0 -1196.0
-1018.0 -961.0 -1000.0 -1111.0 -1273.0 -1251.0
-970.0 -1111.0 -1054.0 -1101.0 -1179.0 -1168.0
-815.0 -999.0 -1172.0 -1163.0 -1139.0 -1172.0
-970.0 -1119.0 -1063.0 -1099.0 -1137.0 -1165.0
-908.0 -1101.0 -994.0 -1122.0 -1210.0 -1167.0
-877.0 -1098.0 -1076.0 -1120.0 -1164.0 -1174.0
-1039.0 -1036.0 -962.0 -1086.0 -1321.0 -1220.0
-955.0 -1113.0 -1173.0 -992.0 -1222.0 -1208.0
-990.0 -1062.0 -1123.0 -1051.0 -1274.0 -1225.0
-818.0 -1034.0 -1213.0 -1041.0 -1182.0 -1220.0
-923.0 -1056.0 -1191.0 -1023.0 -1223.0 -1216.0
-838.0 -1140.0 -1191.0 -1001.0 -1198.0 -1168.0
-911.0 -1094.0 -1216.0 -1002.0 -1161.0 -1217.0
-922.0 -989.0 -1228.0 -1038.0 -1204.0 -1178.0
-974.0 -1131.0 -995.0 -1074.0 -1192.0 -1174.0
-901.0 -1034.0 -1202.0 -1066.0 -1162.0 -1228.0
-1037.0 -1085.0 -1042.0 -1096.0 -1316.0 -1124.0
-996.0 -1104.0 -1053.0 -1111.0 -1247.0 -1169.0
-903.0 -1027.0 -1102.0 -1158.0 -1170.0 -1213.0
-975.0 -1105.0 -989.0 -1073.0 -1305.0 -1146.0
-1001.0 -1114.0 -972.0 -1103.0 -1225.0 -1161.0
-997.0 -985.0 -1186.0 -1090.0 -1206.0 -1236.0
-933.0 -972.0 -1147.0 -1128.0 -1239.0 -1102.0
-1006.0 -1131.0 -1152.0 -1075.0 -1201.0 -1172.0
-782.0 -1207.0 -1102.0 -942.0 -1145.0 -1068.0
-903.0 -1091.0 -1075.0 -1130.0 -1232.0 -1175.0
-986.0 -948.0 -1129.0 -1149.0 -1263.0 -1225.0
-1001.0 -1122.0 -981.0 -1101.0 -1183.0 -1158.0
-991.0 -941.0 -1093.0 -1170.0 -1152.0 -1198.0
-938.0 -998.0 -1082.0 -1141.0 -1137.0 -1228.0
-995.0 -1096.0 -1060.0 -1093.0 -1200.0 -1202.0
-973.0 -981.0 -1116.0 -1145.0 -1284.0 -1157.0
-1060.0 -1069.0 -990.0 -1142.0 -1201.0 -1196.0
-997.0 -1102.0 -1040.0 -1128.0 -1170.0 -1152.0
-1091.0 -1039.0 -1037.0 -1093.0 -1220.0 -1233.0
-973.0 -1096.0 -1085.0 -1124.0 -1172.0 -1185.0
-923.0 -1054.0 -1118.0 -1084.0 -1299.0 -1165.0
-1033.0 -1102.0 -1024.0 -1110.0 -1308.0 -1141.0
-897.0 -951.0 -1215.0 -1139.0 -1200.0 -1163.0
-912.0 -1063.0 -1200.0 -1017.0 -1193.0 -1238.0
-848.0 -980.0 -1202.0 -1146.0 -1224.0 -1092.0
-923.0 -1131.0 -1163.0 -1050.0 -1221.0 -1164.0
-971.0 -1127.0 -1063.0 -1096.0 -1175.0 -1192.0
-913.0 -1017.0 -1112.0 -1146.0 -1278.0 -1108.0
-984.0 -1137.0 -990.0 -964.0 -1198.0 -1202.0
-921.0 -1007.0 -1136.0 -1154.0 -1185.0 -1224.0
-985.0 -1120.0 -1023.0 -1003.0 -1217.0 -1203.0
-972.0 -1167.0 -983.0 -1030.0 -1276.0 -1132.0
-1058.0 -1105.0 -978.0 -1098.0 -1285.0 -1154.0
-921.0 -1103.0 -1178.0 -1034.0 -1243.0 -1160.0
-1024.0 -1076.0 -1101.0 -1147.0 -1246.0 -1164.0
-995.0 -1088.0 -1051.0 -1095.0 -1242.0 -1205.0
-979.0 -1135.0 -1058.0 -980.0 -1232.0 -1215.0
-879.0 -1067.0 -1098.0 -1148.0 -1161.0 -1167.0
-1077.0 -1064.0 -972.0 -1135.0 -1314.0 -1188.0
-963.0 -1004.0 -1127.0 -1155.0 -1259.0 -1143.0
-1002.0 -1130.0 -981.0 -1098.0 -1221.0 -1185.0
-845.0 -944.0 -1217.0 -1133.0 -1208.0 -1061.0
-1052.0 -1087.0 -975.0 -1141.0 -1251.0 -1151.0
-933.0 -970.0 -1141.0 -1171.0 -1086.0 -1195.0
-985.0 -932.0 -1120.0 -1154.0 -1267.0 -1201.0
-926.0 -1117.0 -1169.0 -1022.0 -1250.0 -1128.0
-932.0 -973.0 -1147.0 -1096.0 -1146.0 -1259.0
-879.0 -1131.0 -1071.0 -1120.0 -1223.0 -1129.0
-1001.0 -1045.0 -1042.0 -1141.0 -1309.0 -1149.0
-1094.0 -1062.0 -1061.0 -1055.0 -1252.0 -1174.0
-1005.0 -1134.0 -913.0 -1076.0 -1238.0 -1167.0
-959.0 -1074.0 -997.0 -1160.0 -1236.0 -1157.0
-991.0 -1038.0 -1070.0 -1013.0 -1313.0 -1203.0
-911.0 -996.0 -1237.0 -1032.0 -1174.0 -1200.0
-831.0 -986.0 -1154.0 -1159.0 -1214.0 -1137.0
-806.0 -1173.0 -1182.0 -950.0 -1090.0 -1110.0
-933.0 -1110.0 -1165.0 -1109.0 -1186.0 -1109.0
-847.0 -972.0 -1202.0 -1149.0 -1186.0 -1065.0
-840.0 -1128.0 -1198.0 -1010.0 -1137.0 -1034.0
-1061.0 -1077.0 -990.0 -1139.0 -1239.0 -1223.0
-872.0 -974.0 -1218.0 -1145.0 -1137.0 -1126.0
-979.0 -1122.0 -1006.0 -1132.0 -1155.0 -1141.0
-935.0 -1107.0 -1184.0 -1020.0 -1238.0 -1200.0
-1021.0 -998.0 -1071.0 -1166.0 -1117.0 -1236.0
-920.0 -983.0 -1068.0 -1169.0 -1277.0 -1199.0
-984.0 -1051.0 -994.0 -1154.0 -1299.0 -1194.0
-952.0 -1142.0 -1112.0 -1065.0 -1232.0 -1182.0
-1056.0 -978.0 -1003.0 -1170.0 -1206.0 -1214.0
-910.0 -1064.0 -1184.0 -967.0 -1043.0 -1223.0
-1073.0 -960.0 -1050.0 -1149.0 -1298.0 -1242.0
-959.0 -1138.0 -970.0 -1132.0 -1298.0 -1119.0
-990.0 -1077.0 -915.0 -1162.0 -1282.0 -1150.0
-818.0 -1126.0 -1196.0 -1073.0 -1152.0 -1097.0
-1002.0 -1066.0 -1008.0 -1126.0 -1159.0 -1223.0
-1085.0 -923.0 -1055.0 -1166.0 -1199.0 -1213.0
-840.0 -1003.0 -1235.0 -1082.0 -1137.0 -1141.0
-992.0 -910.0 -1077.0 -1185.0 -1184.0 -1219.0
-978.0 -1114.0 -1006.0 -1135.0 -1117.0 -1114.0
-901.0 -1126.0 -1185.0 -1098.0 -1132.0 -1105.0
-964.0 -1143.0 -1033.0 -957.0 -1213.0 -1206.0
-1020.0 -982.0 -1062.0 -1171.0 -1121.0 -1212.0
-1041.0 -1104.0 -1056.0 -1051.0 -1216.0 -1227.0
-930.0 -1159.0 -1119.0 -967.0 -1219.0 -1200.0
-1018.0 -1040.0 -1055.0 -1108.0 -1213.0 -1224.0
-1017.0 -1114.0 -1081.0 -985.0 -1231.0 -1224.0
-1015.0 -1036.0 -1123.0 -1130.0 -1196.0 -1242.0
-924.0 -1070.0 -1187.0 -1092.0 -1136.0 -1187.0
-855.0 -1154.0 -1185.0 -1042.0 -1127.0 -1132.0
-931.0 -1153.0 -1169.0 -982.0 -1213.0 -1162.0
-1132.0 -1029.0 -857.0 -1161.0 -1292.0 -1038.0
-1010.0 -1143.0 -1084.0 -1050.0 -1256.0 -1181.0
-943.0 -956.0 -1066.0 -1186.0 -1181.0 -1183.0
-1061.0 -1010.0 -1076.0 -1136.0 -1154.0 -1170.0
-1060.0 -1029.0 -1044.0 -1090.0 -1320.0 -1206.0
-968.0 -1132.0 -1117.0 -1126.0 -1183.0 -1114.0
-1025.0 -1010.0 -1003.0 -1141.0 -1172.0 -1245.0
-947.0 -1128.0 -1121.0 -1077.0 -1225.0 -1214.0
-981.0 -1112.0 -1035.0 -1067.0 -1219.0 -1220.0
-1001.0 -1048.0 -1154.0 -1065.0 -1158.0 -1234.0
-1008.0 -1115.0 -1099.0 -1034.0 -1278.0 -1177.0
-951.0 -1097.0 -1189.0 -1081.0 -1189.0 -1132.0
-1072.0 -1107.0 -974.0 -1053.0 -1262.0 -1220.0
-993.0 -1147.0 -1038.0 -1024.0 -1283.0 -1077.0
-852.0 -1138.0 -1161.0 -1100.0 -1184.0 -1105.0
-950.0 -1060.0 -1100.0 -1098.0 -1198.0 -1226.0
-933.0 -1145.0 -1125.0 -939.0 -1248.0 -1164.0
-915.0 -962.0 -1097.0 -1115.0 -1163.0 -1269.0
-1022.0 -1119.0 -1105.0 -1020.0 -1273.0 -1217.0
-949.0 -1064.0 -1194.0 -1081.0 -1130.0 -1177.0
-943.0 -1152.0 -1097.0 -1067.0 -1244.0 -1110.0
-1003.0 -994.0 -1159.0 -1106.0 -1091.0 -1233.0
-1051.0 -1079.0 -975.0 -1144.0 -1213.0 -1124.0
-1083.0 -1090.0 -893.0 -1143.0 -1297.0 -1144.0
-1019.0 -1083.0 -1120.0 -1007.0 -1257.0 -1186.0
-909.0 -1158.0 -1065.0 -1025.0 -1191.0 -1180.0
-860.0 -1168.0 -1176.0 -1030.0 -1134.0 -1100.0
-876.0 -1078.0 -1140.0 -1131.0 -1153.0 -1072.0
-978.0 -1100.0 -1148.0 -1030.0 -1212.0 -1226.0
-817.0 -1118.0 -1196.0 -1076.0 -1114.0 -1070.0
-888.0 -1111.0 -1198.0 -1026.0 -1151.0 -1129.0
-1056.0 -1017.0 -1112.0 -1115.0 -1265.0 -1197.0
-902.0 -1034.0 -1193.0 -1056.0 -1243.0 -1184.0
-1048.0 -1075.0 -1043.0 -1166.0 -1196.0 -1142.0
-1033.0 -1009.0 -1137.0 -1149.0 -1199.0 -1153.0
-1082.0 -1082.0 -893.0 -1146.0 -1259.0 -1117.0
-1051.0 -1143.0 -948.0 -1116.0 -1275.0 -1086.0
-966.0 -1099.0 -1122.0 -1126.0 -1124.0 -1159.0
-1004.0 -963.0 -1143.0 -1121.0 -1123.0 -1254.0
-904.0 -1064.0 -1191.0 -1141.0 -1161.0 -1119.0
-1057.0 -1065.0 -1058.0 -1164.0 -1184.0 -1214.0
-1011.0 -1039.0 -1155.0 -1095.0 -1263.0 -1126.0
-1034.0 -1147.0 -1036.0 -1053.0 -1287.0 -1110.0
-815.0 -1090.0 -1211.0 -1060.0 -1136.0 -1066.0
-996.0 -1017.0 -1101.0 -1171.0 -1258.0 -1116.0
-889.0 -1119.0 -1198.0 -1023.0 -1189.0 -1156.0
-967.0 -1016.0 -1059.0 -1130.0 -1314.0 -1152.0
-1010.0 -970.0 -1133.0 -1053.0 -1271.0 -1216.0
-840.0 -1101.0 -1214.0 -1052.0 -1124.0 -1158.0
-870.0 -1141.0 -1056.0 -1122.0 -1235.0 -1057.0
-839.0 -1093.0 -1214.0 -1055.0 -1086.0 -1131.0
-965.0 -987.0 -1196.0 -1126.0 -1152.0 -1120.0
-927.0 -1008.0 -1193.0 -1135.0 -1165.0 -1201.0
-843.0 -1147.0 -1198.0 -967.0 -1184.0 -1183.0
-878.0 -1090.0 -1200.0 -1072.0 -1158.0 -1146.0
-948.0 -1095.0 -1210.0 -1066.0 -1098.0 -1156.0
-1102.0 -1029.0 -1035.0 -1086.0 -1296.0 -1181.0
-999.0 -1075.0 -1121.0 -1017.0 -1228.0 -1255.0
-897.0 -1039.0 -1066.0 -1175.0 -1273.0 -1117.0
-901.0 -1062.0 -1212.0 -1126.0 -1070.0 -1143.0
-979.0 -1069.0 -1132.0 -1045.0 -1244.0 -1247.0
-772.0 -1154.0 -1196.0 -1017.0 -1147.0 -1124.0
-982.0 -1116.0 -1091.0 -1025.0 -1200.0 -1221.0
-1067.0 -1010.0 -1103.0 -1121.0 -1295.0 -1175.0
-1072.0 -1036.0 -1031.0 -1165.0 -1263.0 -1155.0
-940.0 -1064.0 -1139.0 -1004.0 -1148.0 -1255.0
-1083.0 -1026.0 -920.0 -1171.0 -1235.0 -1182.0
-921.0 -1089.0 -1228.0 -1052.0 -1199.0 -1095.0
-860.0 -1182.0 -1126.0 -1012.0 -1178.0 -1165.0
-908.0 -944.0 -1206.0 -1145.0 -1230.0 -1141.0
-990.0 -1013.0 -942.0 -1190.0 -1220.0 -1188.0
-961.0 -1107.0 -992.0 -1160.0 -1295.0 -1112.0
-1013.0 -1129.0 -1090.0 -1022.0 -1285.0 -1145.0
-951.0 -1033.0 -1216.0 -1109.0 -1127.0 -1170.0
-992.0 -1092.0 -1121.0 -1136.0 -1192.0 -1160.0
-854.0 -1005.0 -1231.0 -1037.0 -1114.0 -1207.0
-929.0 -1106.0 -1127.0 -1039.0 -1258.0 -1223.0
-1096.0 -996.0 -1035.0 -1175.0 -1272.0 -1201.0
-1017.0 -1091.0 -1164.0 -1050.0 -1222.0 -1184.0
-1009.0 -1117.0 -1158.0 -1047.0 -1230.0 -1136.0
-1079.0 -1014.0 -988.0 -1196.0 -1180.0 -1173.0
-818.0 -1062.0 -1223.0 -1101.0 -1090.0 -1135.0
-974.0 -977.0 -1211.0 -1124.0 -1140.0 -1192.0
-920.0 -987.0 -1200.0 -1165.0 -1174.0 -1122.0
-957.0 -1160.0 -1040.0 -1001.0 -1260.0 -1154.0
-954.0 -1156.0 -1108.0 -1023.0 -1243.0 -1172.0
-1061.0 -1053.0 -1112.0 -1075.0 -1228.0 -1231.0
-942.0 -1033.0 -1161.0 -1032.0 -1145.0 -1248.0
-881.0 -1119.0 -1078.0 -1129.0 -1162.0 -995.0
-935.0 -1138.0 -1150.0 -1125.0 -1164.0 -1113.0
-973.0 -1159.0 -940.0 -1099.0 -1248.0 -1045.0
-1008.0 -935.0 -1141.0 -1157.0 -1162.0 -1153.0
-878.0 -1026.0 -1227.0 -1100.0 -1096.0 -1184.0
-1065.0 -1073.0 -1053.0 -1048.0 -1241.0 -1237.0
-1001.0 -957.0 -1184.0 -1126.0 -1245.0 -1135.0
-1013.0 -1031.0 -1111.0 -1052.0 -1298.0 -1128.0
-1047.0 -1077.0 -1096.0 -1047.0 -1205.0 -1246.0
-895.0 -1074.0 -1176.0 -1143.0 -1173.0 -1047.0
-895.0 -1013.0 -1200.0 -1086.0 -1252.0 -1105.0
-948.0 -1091.0 -1078.0 -1070.0 -1201.0 -1233.0
-1019.0 -1048.0 -1055.0 -1105.0 -1251.0 -1251.0
-945.0 -1154.0 -1133.0 -1063.0 -1157.0 -1034.0
-970.0 -1123.0 -1179.0 -947.0 -1184.0 -1117.0
-1054.0 -1056.0 -997.0 -1169.0 -1248.0 -1144.0
-1012.0 -1055.0 -1164.0 -1090.0 -1259.0 -1150.0
-1079.0 -1078.0 -961.0 -1168.0 -1242.0 -1135.0
-996.0 -1104.0 -1060.0 -1090.0 -1238.0 -1229.0
-876.0 -1142.0 -1113.0 -1103.0 -1215.0 -1034.0
-926.0 -945.0 -1016.0 -1205.0 -1198.0 -1193.0
-1004.0 -1103.0 -1167.0 -1059.0 -1223.0 -1168.0
-968.0 -976.0 -1154.0 -1143.0 -1160.0 -1215.0
-820.0 -1165.0 -1155.0 -1056.0 -1070.0 -1044.0
-997.0 -942.0 -1150.0 -1151.0 -1132.0 -1175.0
-926.0 -1035.0 -1077.0 -1124.0 -1236.0 -1257.0
-905.0 -1146.0 -1126.0 -1071.0 -1145.0 -1111.0
-961.0 -1043.0 -1019.0 -1188.0 -1233.0 -1150.0
-1053.0 -1112.0 -970.0 -1144.0 -1272.0 -1079.0
-1047.0 -1059.0 -1034.0 -1171.0 -1200.0 -1118.0
-929.0 -1133.0 -1193.0 -964.0 -1193.0 -1155.0
-1003.0 -983.0 -1057.0 -1194.0 -1257.0 -1207.0
-996.0 -1016.0 -1202.0 -1075.0 -1174.0 -1215.0
-943.0 -915.0 -1186.0 -1128.0 -1197.0 -1156.0
-1039.0 -1125.0 -1119.0 -1076.0 -1220.0 -1173.0
-777.0 -1168.0 -1187.0 -1005.0 -1154.0 -1092.0
-796.0 -1100.0 -1250.0 -1045.0 -1112.0 -1105.0
-954.0 -1163.0 -1071.0 -970.0 -1250.0 -1129.0
-1078.0 -1062.0 -952.0 -1173.0 -1246.0 -1111.0
-972.0 -1119.0 -1187.0 -1048.0 -1169.0 -1164.0
-991.0 -984.0 -1129.0 -1109.0 -1226.0 -1259.0
-1030.0 -1135.0 -1104.0 -1078.0 -1232.0 -1101.0
-1066.0 -994.0 -1094.0 -1126.0 -1299.0 -1151.0
-838.0 -1119.0 -1257.0 -997.0 -1133.0 -1150.0
-906.0 -1154.0 -1126.0 -1068.0 -1183.0 -1138.0
-948.0 -1028.0 -1166.0 -1134.0 -1124.0 -1086.0
-1007.0 -999.0 -1121.0 -1165.0 -1209.0 -1139.0
-1073.0 -1052.0 -1033.0 -1181.0 -1268.0 -1119.0
-898.0 -1057.0 -1162.0 -1151.0 -1067.0 -1059.0
-983.0 -1102.0 -1106.0 -1138.0 -1204.0 -1088.0
-968.0 -1068.0 -1144.0 -1154.0 -1121.0 -1152.0
-1053.0 -1079.0 -1106.0 -1072.0 -1236.0 -1183.0
-1072.0 -1043.0 -1001.0 -1081.0 -1200.0 -1258.0
-969.0 -992.0 -1163.0 -1138.0 -1156.0 -1239.0
-972.0 -1144.0 -1049.0 -1101.0 -1238.0 -1123.0
-817.0 -1054.0 -1223.0 -1104.0 -1052.0 -1108.0
-908.0 -1031.0 -1165.0 -1064.0 -1210.0 -1254.0
-939.0 -1150.0 -1082.0 -1100.0 -1219.0 -1122.0
-985.0 -1049.0 -974.0 -1192.0 -1231.0 -1117.0
-935.0 -1173.0 -1110.0 -955.0 -1226.0 -1168.0
-1079.0 -961.0 -1107.0 -1130.0 -1278.0 -1219.0
-959.0 -1078.0 -1129.0 -1156.0 -1133.0 -1080.0
-969.0 -1167.0 -1027.0 -1076.0 -1203.0 -1103.0
-1056.0 -1078.0 -1116.0 -1090.0 -1234.0 -1093.0
-955.0 -1015.0 -1194.0 -1022.0 -1235.0 -1191.0
-982.0 -1086.0 -1097.0 -1143.0 -1208.0 -1064.0
-972.0 -1152.0 -1058.0 -1099.0 -1196.0 -1120.0
-964.0 -1082.0 -1192.0 -1062.0 -1173.0 -1121.0
-973.0 -1160.0 -1058.0 -1096.0 -1234.0 -1147.0
-1056.0 -953.0 -1132.0 -1164.0 -1212.0 -1175.0
-923.0 -958.0 -1212.0 -1053.0 -1236.0 -1199.0
-941.0 -1062.0 -1162.0 -1140.0 -1222.0 -1091.0
-979.0 -982.0 -1173.0 -1126.0 -1264.0 -1134.0
-932.0 -1001.0 -1157.0 -1156.0 -1054.0 -1174.0
-927.0 -1141.0 -1237.0 -1007.0 -1158.0 -1153.0
-1027.0 -1008.0 -1080.0 -1168.0 -1219.0 -1176.0
-1084.0 -954.0 -1071.0 -1151.0 -1167.0 -1192.0
-1035.0 -1116.0 -1020.0 -1068.0 -1319.0 -1131.0
-882.0 -1155.0 -1106.0 -1076.0 -1168.0 -1086.0
-1060.0 -1073.0 -1106.0 -990.0 -1248.0 -1148.0
-889.0 -1073.0 -1119.0 -1162.0 -1193.0 -1070.0
-850.0 -1192.0 -1139.0 -940.0 -1151.0 -1101.0
-992.0 -1028.0 -1148.0 -1164.0 -1130.0 -1198.0
-1009.0 -984.0 -1114.0 -1175.0 -1237.0 -1184.0
-932.0 -1071.0 -1199.0 -1007.0 -1222.0 -1169.0
-1043.0 -1137.0 -1051.0 -1051.0 -1275.0 -1182.0
-1055.0 -1025.0 -981.0 -1184.0 -1280.0 -1165.0
-991.0 -1012.0 -1139.0 -1169.0 -1134.0 -1174.0
-887.0 -1074.0 -1243.0 -1061.0 -1032.0 -1135.0
-1050.0 -952.0 -1075.0 -1183.0 -1232.0 -1198.0
-915.0 -955.0 -1127.0 -1199.0 -1226.0 -1166.0
-1059.0 -1074.0 -918.0 -1180.0 -1193.0 -1073.0
-979.0 -1030.0 -1023.0 -1100.0 -1185.0 -1264.0
-927.0 -1155.0 -1187.0 -989.0 -1202.0 -1218.0
-995.0 -1063.0 -1189.0 -1042.0 -1173.0 -1246.0
-975.0 -1057.0 -1193.0 -1091.0 -1198.0 -1178.0
-940.0 -1166.0 -1091.0 -1095.0 -1215.0 -1146.0
-1003.0 -949.0 -1140.0 -1083.0 -1280.0 -1137.0
-962.0 -1146.0 -1034.0 -1106.0 -1212.0 -1024.0
-978.0 -1078.0 -1116.0 -992.0 -1132.0 -1259.0
-1002.0 -967.0 -1048.0 -1199.0 -1261.0 -1183.0
-897.0 -975.0 -1093.0 -1203.0 -1211.0 -1155.0
-925.0 -1025.0 -1213.0 -1051.0 -1220.0 -1209.0
-967.0 -1069.0 -940.0 -1196.0 -1216.0 -1106.0
-865.0 -1159.0 -1194.0 -1013.0 -1180.0 -1110.0
-963.0 -1154.0 -1034.0 -1103.0 -1250.0 -1051.0
-848.0 -1161.0 -1189.0 -955.0 -1191.0 -1151.0
-981.0 -1082.0 -1048.0 -970.0 -1149.0 -1241.0
-983.0 -1038.0 -1133.0 -1166.0 -1142.0 -1126.0
-960.0 -1047.0 -1113.0 -1171.0 -1165.0 -1101.0
-917.0 -992.0 -1222.0 -1106.0 -1166.0 -1092.0
-965.0 -1104.0 -1050.0 -1164.0 -1116.0 -1036.0
-988.0 -1042.0 -1196.0 -1072.0 -1182.0 -1167.0
-860.0 -1191.0 -1093.0 -965.0 -1143.0 -1140.0
-915.0 -966.0 -1229.0 -1111.0 -1060.0 -1192.0
-948.0 -1159.0 -1183.0 -1038.0 -1160.0 -1118.0
-973.0 -1072.0 -1207.0 -1060.0 -1161.0 -1193.0
-844.0 -1152.0 -1222.0 -949.0 -1118.0 -1088.0
-881.0 -1186.0 -1122.0 -1061.0 -1136.0 -1065.0
-931.0 -980.0 -1191.0 -1171.0 -1204.0 -1100.0
-962.0 -924.0 -1145.0 -1188.0 -1201.0 -1157.0
-1059.0 -1105.0 -1027.0 -1080.0 -1219.0 -1139.0
-1002.0 -1013.0 -1127.0 -1060.0 -1257.0 -1269.0
-1054.0 -1119.0 -1076.0 -1005.0 -1276.0 -1107.0
-864.0 -1049.0 -1258.0 -984.0 -1175.0 -1136.0
-981.0 -974.0 -1129.0 -1083.0 -1299.0 -1136.0
-982.0 -1022.0 -1124.0 -1171.0 -1146.0 -1102.0
-1008.0 -968.0 -1105.0 -1180.0 -1241.0 -1160.0
-1007.0 -1139.0 -1152.0 -1072.0 -1239.0 -1199.0
-1026.0 -1002.0 -1134.0 -1072.0 -1157.0 -1277.0
-915.0 -921.0 -1210.0 -1088.0 -1249.0 -1096.0
-1006.0 -985.0 -1125.0 -1096.0 -1296.0 -1168.0
-1052.0 -1053.0 -969.0 -1143.0 -1326.0 -1096.0
-856.0 -1162.0 -1185.0 -1039.0 -1165.0 -1159.0
-823.0 -1077.0 -1260.0 -974.0 -1070.0 -1119.0
-881.0 -1022.0 -1234.0 -1106.0 -1073.0 -1077.0
-943.0 -1002.0 -1145.0 -1047.0 -1177.0 -1269.0
-991.0 -980.0 -1202.0 -1115.0 -1211.0 -1181.0
-808.0 -1074.0 -1261.0 -984.0 -1111.0 -1167.0
-962.0 -1080.0 -1108.0 -1171.0 -1224.0 -1056.0
-963.0 -940.0 -1154.0 -1183.0 -1197.0 -1181.0
-815.0 -1026.0 -1238.0 -1088.0 -1074.0 -1104.0
-952.0 -1163.0 -1135.0 -984.0 -1194.0 -1182.0
-1014.0 -977.0 -1078.0 -1196.0 -1126.0 -1157.0
-1055.0 -1048.0 -1128.0 -1100.0 -1233.0 -1176.0
-861.0 -1176.0 -1176.0 -1027.0 -1172.0 -1127.0
-887.0 -1171.0 -1087.0 -1084.0 -1121.0 -1053.0
-984.0 -987.0 -1014.0 -1203.0 -1246.0 -1172.0
-1040.0 -1160.0 -1029.0 -1026.0 -1240.0 -1162.0
-932.0 -1169.0 -1178.0 -977.0 -1209.0 -1186.0
-916.0 -1075.0 -1237.0 -1064.0 -1192.0 -1127.0
-1068.0 -986.0 -1050.0 -1083.0 -1334.0 -1153.0
-976.0 -1164.0 -990.0 -1074.0 -1251.0 -1129.0
-833.0 -1051.0 -1277.0 -1016.0 -1122.0 -1127.0
-973.0 -1159.0 -1164.0 -960.0 -1200.0 -1148.0
-1016.0 -1067.0 -1096.0 -1065.0 -1314.0 -1159.0
-889.0 -1009.0 -1146.0 -1190.0 -1131.0 -1108.0
-926.0 -949.0 -1148.0 -1201.0 -1095.0 -1116.0
-965.0 -1063.0 -1094.0 -1179.0 -1118.0 -1068.0
-867.0 -1198.0 -1153.0 -996.0 -1098.0 -1057.0
-954.0 -1046.0 -1056.0 -1190.0 -1185.0 -1124.0
-1062.0 -1069.0 -1121.0 -1070.0 -1224.0 -1255.0
-739.0 -1069.0 -1271.0 -952.0 -1052.0 -1084.0
-868.0 -1101.0 -1252.0 -992.0 -1187.0 -1191.0
-1068.0 -1095.0 -1042.0 -1078.0 -1207.0 -1211.0
-906.0 -1062.0 -1143.0 -1036.0 -1213.0 -1261.0
-836.0 -989.0 -1283.0 -1059.0 -1151.0 -1141.0
-867.0 -1093.0 -1252.0 -995.0 -1149.0 -1164.0
-871.0 -1210.0 -1085.0 -971.0 -1153.0 -1066.0
-891.0 -1074.0 -1250.0 -1009.0 -1091.0 -1175.0
-798.0 -1197.0 -1107.0 -1003.0 -1096.0 -1000.0
-986.0 -1040.0 -1112.0 -1181.0 -1233.0 -1102.0
-985.0 -1024.0 -1103.0 -1186.0 -1237.0 -1078.0
-1076.0 -1023.0 -1101.0 -1087.0 -1249.0 -1205.0
-1051.0 -1013.0 -1049.0 -1209.0 -1225.0 -1156.0
-1015.0 -946.0 -1062.0 -1211.0 -1158.0 -1178.0
-799.0 -1205.0 -1107.0 -1000.0 -1134.0 -1027.0
-989.0 -1023.0 -1098.0 -1189.0 -1127.0 -1114.0
-1073.0 -988.0 -1060.0 -1209.0 -1206.0 -1157.0
-888.0 -1179.0 -1087.0 -1081.0 -1159.0 -1080.0
-1037.0 -1156.0 -1097.0 -1048.0 -1223.0 -1180.0
-1031.0 -1084.0 -985.0 -1115.0 -1336.0 -1147.0
-970.0 -1183.0 -1036.0 -1071.0 -1199.0 -1127.0
-1010.0 -1066.0 -1039.0 -1084.0 -1334.0 -1182.0
-1049.0 -1028.0 -1056.0 -1199.0 -1197.0 -1111.0
-945.0 -1049.0 -1232.0 -1062.0 -1208.0 -1141.0
-972.0 -1055.0 -1214.0 -1076.0 -1107.0 -1202.0
-982.0 -1157.0 -1047.0 -1010.0 -1198.0 -1189.0
-1038.0 -936.0 -897.0 -1213.0 -1219.0 -1058.0
-872.0 -1198.0 -985.0 -970.0 -1207.0 -1067.0
-976.0 -1163.0 -1096.0 -938.0 -1217.0 -1130.0
-884.0 -1091.0 -1257.0 -1053.0 -1138.0 -1123.0
-885.0 -1198.0 -1054.0 -1036.0 -1191.0 -1074.0
-962.0 -1016.0 -1135.0 -1199.0 -1162.0 -1094.0
-959.0 -1172.0 -1089.0 -1031.0 -1196.0 -1139.0
-986.0 -976.0 -1139.0 -1209.0 -1171.0 -1140.0
-1118.0 -1052.0 -1036.0 -1121.0 -1237.0 -1177.0
-1050.0 -1044.0 -1065.0 -1194.0 -1193.0 -1135.0
-985.0 -960.0 -1130.0 -1214.0 -1175.0 -1116.0
-920.0 -948.0 -1091.0 -1220.0 -1115.0 -1139.0
-1016.0 -1008.0 -904.0 -1214.0 -1211.0 -1000.0
-911.0 -1007.0 -1257.0 -1083.0 -1181.0 -1104.0
-865.0 -1065.0 -1267.0 -979.0 -1171.0 -1160.0
-870.0 -1198.0 -1109.0 -950.0 -1171.0 -1086.0
-1014.0 -930.0 -1053.0 -1216.0 -1162.0 -1154.0
-980.0 -1039.0 -1055.0 -1200.0 -1253.0 -1125.0
-990.0 -960.0 -1061.0 -1124.0 -1318.0 -1234.0
-885.0 -1190.0 -1074.0 -1007.0 -1170.0 -1129.0
-906.0 -1066.0 -1275.0 -1032.0 -1110.0 -1184.0
-953.0 -1187.0 -1124.0 -1008.0 -1211.0 -1151.0
-1126.0 -1047.0 -979.0 -1157.0 -1217.0 -1126.0
-915.0 -1191.0 -1058.0 -957.0 -1224.0 -1100.0
-834.0 -1059.0 -1277.0 -1013.0 -1160.0 -1154.0
-794.0 -1072.0 -1265.0 -1029.0 -1134.0 -1101.0
-1128.0 -1037.0 -1008.0 -1092.0 -1281.0 -1205.0
-956.0 -1191.0 -1056.0 -986.0 -1228.0 -1133.0
-1114.0 -1045.0 -894.0 -1044.0 -1325.0 -1083.0
-1007.0 -995.0 -989.0 -1169.0 -1312.0 -1216.0
-984.0 -1051.0 -987.0 -1175.0 -1308.0 -1134.0
-903.0 -1003.0 -1224.0 -1094.0 -1159.0 -1221.0
-831.0 -1023.0 -1292.0 -1000.0 -1144.0 -1123.0
-892.0 -1199.0 -1028.0 -1054.0 -1172.0 -1086.0
-1079.0 -922.0 -998.0 -1185.0 -1219.0 -1236.0
-820.0 -1003.0 -1235.0 -1069.0 -1179.0 -1213.0
-1107.0 -962.0 -1046.0 -1117.0 -1233.0 -1236.0
-1091.0 -975.0 -1064.0 -1121.0 -1158.0 -1271.0
-914.0 -1032.0 -1222.0 -1045.0 -1190.0 -1231.0
-803.0 -1225.0 -1048.0 -973.0 -1147.0 -1033.0
-761.0 -1152.0 -1233.0 -924.0 -1138.0 -1080.0
-907.0 -1035.0 -1259.0 -1047.0 -1142.0 -1205.0
-1013.0 -957.0 -937.0 -1205.0 -1233.0 -1210.0
-760.0 -1144.0 -1233.0 -927.0 -1100.0 -1053.0
-1054.0 -1028.0 -987.0 -1109.0 -1340.0 -1229.0
-1043.0 -1028.0 -811.0 -1155.0 -1332.0 -1053.0
-932.0 -997.0 -1025.0 -1160.0 -1157.0 -1251.0
-763.0 -1180.0 -1218.0 -940.0 -1116.0 -1084.0
-904.0 -1000.0 -1218.0 -1169.0 -1099.0 -1157.0
-961.0 -1139.0 -1101.0 -979.0 -1196.0 -1224.0
-844.0 -1141.0 -1248.0 -982.0 -1178.0 -1145.0
-956.0 -1134.0 -1077.0 -944.0 -1154.0 -1231.0
-904.0 -972.0 -1208.0 -1109.0 -1191.0 -1242.0
-843.0 -1133.0 -1248.0 -985.0 -1140.0 -1118.0
-881.0 -964.0 -1233.0 -1143.0 -1125.0 -1198.0
-919.0 -973.0 -1204.0 -1096.0 -1261.0 -1151.0
-1048.0 -1139.0 -1016.0 -1138.0 -1258.0 -1104.0
-1102.0 -958.0 -983.0 -1211.0 -1193.0 -1195.0
-967.0 -1174.0 -975.0 -1076.0 -1263.0 -1057.0
-825.0 -944.0 -1217.0 -1120.0 -1250.0 -1133.0
-959.0 -1142.0 -1102.0 -1128.0 -1195.0 -1042.0
-969.0 -1147.0 -1008.0 -1124.0 -1193.0 -1036.0
-998.0 -962.0 -1086.0 -1140.0 -1143.0 -1277.0
-916.0 -937.0 -1219.0 -1083.0 -1245.0 -1120.0
-839.0 -1127.0 -1257.0 -994.0 -1171.0 -1177.0
-1054.0 -1120.0 -970.0 -1141.0 -1310.0 -1106.0
-846.0 -1180.0 -1207.0 -965.0 -1096.0 -1092.0
-1063.0 -1117.0 -959.0 -1055.0 -1274.0 -1148.0
-965.0 -1127.0 -1067.0 -1151.0 -1180.0 -1030.0
-929.0 -1183.0 -1172.0 -1005.0 -1180.0 -1222.0
-1071.0 -1022.0 -1035.0 -1096.0 -1350.0 -1184.0
-1052.0 -1151.0 -948.0 -1113.0 -1313.0 -1113.0
-976.0 -1131.0 -1126.0 -1002.0 -1215.0 -1233.0
-1106.0 -1041.0 -967.0 -1061.0 -1351.0 -1190.0
-858.0 -1190.0 -1170.0 -1055.0 -1143.0 -1163.0
-895.0 -1010.0 -1203.0 -1171.0 -1111.0 -1085.0
-970.0 -1155.0 -1008.0 -1121.0 -1231.0 -1063.0
-903.0 -913.0 -1163.0 -1175.0 -1121.0 -1157.0
-963.0 -1162.0 -1043.0 -1101.0 -1208.0 -1048.0
-927.0 -1096.0 -1068.0 -1029.0 -1268.0 -1237.0
-1050.0 -1108.0 -1038.0 -1166.0 -1255.0 -1097.0
-784.0 -1198.0 -1164.0 -971.0 -1118.0 -1049.0
-898.0 -999.0 -1161.0 -1188.0 -1119.0 -1180.0
-964.0 -1170.0 -1043.0 -1098.0 -1246.0 -1075.0
-1051.0 -1089.0 -1028.0 -1022.0 -1260.0 -1255.0
-868.0 -1206.0 -1153.0 -993.0 -1136.0 -1084.0
-841.0 -1105.0 -1263.0 -969.0 -1162.0 -1114.0
-914.0 -945.0 -1263.0 -1126.0 -1210.0 -1118.0
-1002.0 -974.0 -1018.0 -1115.0 -1198.0 -1286.0
-889.0 -1171.0 -961.0 -1092.0 -1105.0 -1008.0
-909.0 -1000.0 -1149.0 -1079.0 -1242.0 -1275.0
-1049.0 -1092.0 -1029.0 -1171.0 -1259.0 -1073.0
-878.0 -1181.0 -1072.0 -1086.0 -1133.0 -981.0
-1060.0 -1082.0 -918.0 -1177.0 -1231.0 -1100.0
-1066.0 -1081.0 -1053.0 -1045.0 -1279.0 -1264.0
-1118.0 -1116.0 -1009.0 -1093.0 -1299.0 -1139.0
-1007.0 -1070.0 -1071.0 -1032.0 -1199.0 -1264.0
-1032.0 -1061.0 -1153.0 -1062.0 -1243.0 -1158.0
-828.0 -1007.0 -1268.0 -1058.0 -1201.0 -1096.0
-740.0 -1077.0 -1271.0 -949.0 -1090.0 -1111.0
-865.0 -1196.0 -1117.0 -1000.0 -1185.0 -1133.0
-1039.0 -1061.0 -1146.0 -1104.0 -1158.0 -1211.0
-1004.0 -918.0 -1124.0 -1098.0 -1312.0 -1158.0
-1018.0 -1107.0 -1173.0 -1045.0 -1218.0 -1208.0
-1050.0 -1107.0 -1144.0 -1030.0 -1221.0 -1098.0
-956.0 -1079.0 -1051.0 -1190.0 -1244.0 -1079.0
-1062.0 -896.0 -901.0 -1223.0 -1228.0 -1104.0
-1009.0 -945.0 -1005.0 -1230.0 -1178.0 -1201.0
-1002.0 -973.0 -1193.0 -1121.0 -1241.0 -1159.0
-823.0 -1066.0 -1286.0 -1007.0 -1130.0 -1176.0
-998.0 -1001.0 -1195.0 -1085.0 -1202.0 -1260.0
-879.0 -1189.0 -1072.0 -1083.0 -1171.0 -1008.0
-984.0 -1010.0 -1114.0 -1096.0 -1315.0 -1167.0
-837.0 -997.0 -1283.0 -1056.0 -1189.0 -1168.0
-822.0 -1058.0 -1286.0 -1010.0 -1092.0 -1149.0
-971.0 -1191.0 -1036.0 -1068.0 -1237.0 -1154.0
-882.0 -1193.0 -1004.0 -1061.0 -1188.0 -990.0
-882.0 -1194.0 -1122.0 -1058.0 -1174.0 -1092.0
-1062.0 -1005.0 -1141.0 -1119.0 -1171.0 -1233.0
-851.0 -1208.0 -1148.0 -935.0 -1147.0 -1125.0
-1120.0 -1085.0 -1031.0 -1121.0 -1296.0 -1132.0
-1078.0 -992.0 -1123.0 -1115.0 -1246.0 -1198.0
-997.0 -1032.0 -1211.0 -1070.0 -1170.0 -1239.0
-750.0 -1051.0 -1288.0 -991.0 -1142.0 -1119.0
-992.0 -1000.0 -1138.0 -1104.0 -1222.0 -1283.0
-780.0 -1215.0 -1146.0 -985.0 -1110.0 -1066.0
-1041.0 -1168.0 -1029.0 -1023.0 -1278.0 -1189.0
-883.0 -1209.0 -1013.0 -1056.0 -1184.0 -1014.0
-1056.0 -1070.0 -986.0 -1202.0 -1176.0 -1091.0
-973.0 -1068.0 -1075.0 -1064.0 -1264.0 -1270.0
-1030.0 -1014.0 -1066.0 -1047.0 -1212.0 -1286.0
-975.0 -993.0 -1220.0 -1119.0 -1136.0 -1216.0
-892.0 -947.0 -1152.0 -1233.0 -1160.0 -1122.0
-1138.0 -1025.0 -970.0 -1209.0 -1260.0 -1173.0
-1085.0 -1013.0 -1116.0 -1085.0 -1237.0 -1277.0
-1099.0 -1067.0 -1085.0 -1090.0 -1294.0 -1167.0
-996.0 -1012.0 -1070.0 -1079.0 -1277.0 -1292.0
-951.0 -1101.0 -1241.0 -1017.0 -1167.0 -1199.0
-930.0 -1079.0 -1243.0 -1050.0 -1187.0 -1167.0
-922.0 -1127.0 -1246.0 -1019.0 -1151.0 -1185.0
-956.0 -1015.0 -1078.0 -1218.0 -1182.0 -1117.0
-920.0 -997.0 -1272.0 -1081.0 -1169.0 -1176.0
-1149.0 -1055.0 -954.0 -1123.0 -1283.0 -1170.0
-985.0 -985.0 -1001.0 -1220.0 -1169.0 -1155.0
-974.0 -1195.0 -968.0 -1046.0 -1254.0 -1136.0
-1120.0 -1021.0 -1058.0 -1149.0 -1234.0 -1170.0
-980.0 -975.0 -1082.0 -1228.0 -1191.0 -1163.0
-909.0 -1004.0 -1281.0 -1075.0 -1139.0 -1198.0
-918.0 -1202.0 -962.0 -941.0 -1205.0 -997.0
-891.0 -1206.0 -953.0 -988.0 -1214.0 -1071.0
-979.0 -959.0 -1073.0 -1233.0 -1195.0 -1139.0
-886.0 -1214.0 -1063.0 -1031.0 -1187.0 -1098.0
-1143.0 -1029.0 -1033.0 -1115.0 -1300.0 -1214.0
-884.0 -1027.0 -1284.0 -1081.0 -1076.0 -1161.0
-834.0 -961.0 -1298.0 -1043.0 -1173.0 -1137.0
-1149.0 -991.0 -981.0 -1151.0 -1221.0 -1208.0
-872.0 -1226.0 -1094.0 -966.0 -1149.0 -1090.0
-820.0 -1030.0 -1301.0 -994.0 -1114.0 -1145.0
-748.0 -1023.0 -1303.0 -975.0 -1164.0 -1115.0
-747.0 -1015.0 -1303.0 -978.0 -1126.0 -1088.0
-937.0 -1001.0 -1088.0 -1066.0 -1197.0 -1292.0
-1008.0 -929.0 -996.0 -1235.0 -1182.0 -1177.0
-801.0 -1233.0 -1092.0 -1016.0 -1112.0 -1031.0
