-999.0 -1257.0 -1197.0 -1028.0 -1014.0 -1131.0
-1031.0 -1248.0 -1196.0 -1021.0 -1060.0 -1037.0
-990.0 -1254.0 -1257.0 -1007.0 -1071.0 -1129.0
-1065.0 -1107.0 -1160.0 -939.0 -1057.0 -1021.0
-1059.0 -1299.0 -1136.0 -987.0 -964.0 -1038.0
-921.0 -1280.0 -1272.0 -1029.0 -1078.0 -1136.0
-1067.0 -1113.0 -1181.0 -944.0 -979.0 -1039.0
-1082.0 -1143.0 -1155.0 -867.0 -1014.0 -1029.0
-1057.0 -1271.0 -1181.0 -971.0 -995.0 -1118.0
-1102.0 -1135.0 -1132.0 -899.0 -1003.0 -1003.0
-1110.0 -1207.0 -1096.0 -868.0 -980.0 -968.0
-1123.0 -1137.0 -1094.0 -881.0 -1003.0 -937.0
