-977.0 -963.0 -1079.0 -1152.0 -1117.0 -1062.0
-888.0 -980.0 -1001.0 -1095.0 -1133.0 -1129.0
-991.0 -949.0 -1027.0 -1116.0 -1132.0 -1099.0
-907.0 -991.0 -1074.0 -1072.0 -1095.0 -1125.0
-981.0 -908.0 -1073.0 -1045.0 -1095.0 -1127.0
-947.0 -919.0 -927.0 -1043.0 -1118.0 -1160.0
-936.0 -887.0 -946.0 -1006.0 -1101.0 -1166.0
-930.0 -871.0 -914.0 -987.0 -1094.0 -1181.0
-1020.0 -928.0 -1093.0 -1133.0 -1149.0 -1058.0
-1046.0 -957.0 -1060.0 -1206.0 -1085.0 -971.0
-950.0 -956.0 -1088.0 -1053.0 -1127.0 -1121.0
-871.0 -945.0 -998.0 -1001.0 -1123.0 -1165.0
-866.0 -960.0 -1080.0 -1073.0 -1084.0 -1137.0
-847.0 -949.0 -1007.0 -1096.0 -1122.0 -1141.0
-949.0 -882.0 -987.0 -964.0 -1056.0 -1177.0
-948.0 -825.0 -979.0 -972.0 -1063.0 -1191.0
-929.0 -814.0 -906.0 -995.0 -1101.0 -1195.0
