-925.0 -1247.0 -1233.0 -1015.0 -1054.0 -1117.0
-1067.0 -1135.0 -1115.0 -955.0 -1026.0 -941.0
-1071.0 -1167.0 -1119.0 -891.0 -1030.0 -995.0
-962.0 -1274.0 -1211.0 -1043.0 -1067.0 -1044.0
-999.0 -1257.0 -1197.0 -1028.0 -1014.0 -1131.0
-992.0 -1237.0 -1134.0 -1047.0 -1068.0 -1117.0
-1011.0 -1285.0 -1134.0 -992.0 -1029.0 -1116.0
-1031.0 -1248.0 -1196.0 -1021.0 -1060.0 -1037.0
-1060.0 -1233.0 -1089.0 -916.0 -987.0 -1043.0
-1000.0 -1119.0 -1129.0 -1063.0 -994.0 -1035.0
-908.0 -1227.0 -1188.0 -1086.0 -1062.0 -1038.0
-954.0 -1214.0 -1193.0 -1082.0 -1050.0 -1146.0
-1021.0 -1231.0 -1117.0 -1046.0 -974.0 -1135.0
-1007.0 -1151.0 -1046.0 -1051.0 -927.0 -1079.0
-990.0 -1254.0 -1257.0 -1007.0 -1071.0 -1129.0
-1005.0 -1050.0 -1132.0 -1069.0 -1023.0 -975.0
-1065.0 -1107.0 -1160.0 -939.0 -1057.0 -1021.0
-1062.0 -1121.0 -1073.0 -979.0 -1002.0 -945.0
-1062.0 -1193.0 -1094.0 -873.0 -1045.0 -1046.0
-949.0 -1130.0 -1032.0 -1101.0 -926.0 -1137.0
-1052.0 -1279.0 -1073.0 -1006.0 -1018.0 -1024.0
-1075.0 -1123.0 -1092.0 -886.0 -1068.0 -1015.0
-940.0 -1173.0 -1104.0 -1110.0 -981.0 -1025.0
-1069.0 -1141.0 -1136.0 -960.0 -948.0 -959.0
-1075.0 -1185.0 -1145.0 -913.0 -956.0 -1004.0
-1091.0 -1159.0 -1096.0 -923.0 -1019.0 -969.0
-923.0 -1180.0 -1082.0 -1113.0 -899.0 -935.0
-912.0 -1165.0 -1064.0 -1114.0 -937.0 -966.0
-1103.0 -1187.0 -1033.0 -887.0 -1034.0 -954.0
-1059.0 -1299.0 -1136.0 -987.0 -964.0 -1038.0
-973.0 -1234.0 -1212.0 -1078.0 -1079.0 -1050.0
-1026.0 -1171.0 -1065.0 -1047.0 -956.0 -983.0
-921.0 -1280.0 -1272.0 -1029.0 -1078.0 -1136.0
-1007.0 -1190.0 -1028.0 -1074.0 -905.0 -1014.0
-996.0 -1175.0 -1010.0 -1075.0 -943.0 -1045.0
-1076.0 -1112.0 -1147.0 -949.0 -1068.0 -922.0
-1067.0 -1113.0 -1181.0 -944.0 -979.0 -1039.0
-1040.0 -1251.0 -1136.0 -1042.0 -1003.0 -1039.0
-1050.0 -1093.0 -1136.0 -1015.0 -987.0 -960.0
-1082.0 -1143.0 -1155.0 -867.0 -1014.0 -1029.0
-1053.0 -1102.0 -1088.0 -1010.0 -988.0 -943.0
-1055.0 -1119.0 -1032.0 -998.0 -998.0 -986.0
-995.0 -1208.0 -1132.0 -1096.0 -1039.0 -1054.0
-981.0 -1128.0 -1061.0 -1101.0 -992.0 -998.0
-1057.0 -1271.0 -1181.0 -971.0 -995.0 -1118.0
-1066.0 -1134.0 -1050.0 -997.0 -960.0 -955.0
-929.0 -1158.0 -1086.0 -1111.0 -1019.0 -1056.0
-1066.0 -1205.0 -1077.0 -975.0 -952.0 -987.0
-1072.0 -1139.0 -1077.0 -927.0 -990.0 -1065.0
-960.0 -1135.0 -1019.0 -1111.0 -937.0 -1038.0
-1085.0 -1115.0 -1087.0 -970.0 -1011.0 -924.0
-1087.0 -1097.0 -1030.0 -956.0 -982.0 -954.0
-1093.0 -1187.0 -1051.0 -939.0 -988.0 -889.0
-935.0 -1054.0 -938.0 -1120.0 -903.0 -1020.0
-1097.0 -1143.0 -1024.0 -934.0 -1026.0 -909.0
-908.0 -1165.0 -1044.0 -1121.0 -964.0 -1096.0
-1101.0 -1227.0 -1028.0 -930.0 -976.0 -951.0
-906.0 -1267.0 -1183.0 -1129.0 -1004.0 -1035.0
-886.0 -1113.0 -1128.0 -1130.0 -975.0 -1018.0
-882.0 -1195.0 -1076.0 -1136.0 -963.0 -1065.0
-1102.0 -1135.0 -1132.0 -899.0 -1003.0 -1003.0
-1104.0 -1163.0 -1087.0 -915.0 -972.0 -923.0
-1110.0 -1207.0 -1096.0 -868.0 -980.0 -968.0
-865.0 -1120.0 -1086.0 -1140.0 -920.0 -1058.0
-817.0 -1188.0 -1052.0 -1144.0 -946.0 -1053.0
-812.0 -1057.0 -1032.0 -1147.0 -881.0 -1018.0
-1123.0 -1137.0 -1094.0 -881.0 -1003.0 -937.0
