-1914.0 -1670.0 -2064.0 -1862.0 -1754.0
-1931.0 -1643.0 -2138.0 -1796.0 -1763.0
-1923.0 -1715.0 -2072.0 -1875.0 -1609.0
-1952.0 -1591.0 -2158.0 -1799.0 -1765.0
-1943.0 -1709.0 -2076.0 -1822.0 -1704.0
-1992.0 -1639.0 -2056.0 -1843.0 -1744.0
-1911.0 -1549.0 -2112.0 -1790.0 -1839.0
-1942.0 -1604.0 -2157.0 -1785.0 -1820.0
-1978.0 -1697.0 -2086.0 -1810.0 -1652.0
-1873.0 -1503.0 -2110.0 -1811.0 -1851.0
-2021.0 -1678.0 -2068.0 -1803.0 -1694.0
-1860.0 -1627.0 -2045.0 -1778.0 -1844.0
-1980.0 -1581.0 -2062.0 -1781.0 -1838.0
-1871.0 -1509.0 -2000.0 -1618.0 -1911.0
-1942.0 -1542.0 -2061.0 -1728.0 -1884.0
-1924.0 -1549.0 -1947.0 -1728.0 -1886.0
-1882.0 -1547.0 -2137.0 -1869.0 -1833.0
-1863.0 -1468.0 -2011.0 -1591.0 -1923.0
-1919.0 -1538.0 -1998.0 -1675.0 -1908.0
-1845.0 -1475.0 -1897.0 -1591.0 -1925.0
-1732.0 -1346.0 -1929.0 -1571.0 -1928.0
