-962.0 -1321.0 -1095.0 -1372.0 -935.0 -1219.0
-1057.0 -1173.0 -1114.0 -1402.0 -1039.0 -1198.0
-958.0 -1272.0 -1191.0 -1421.0 -986.0 -1254.0
-1028.0 -1248.0 -1200.0 -1502.0 -1000.0 -1257.0
-1073.0 -1253.0 -1201.0 -1493.0 -957.0 -1262.0
-1005.0 -1286.0 -1193.0 -1463.0 -967.0 -1194.0
-977.0 -1263.0 -1112.0 -1324.0 -1011.0 -1171.0
-984.0 -1286.0 -1250.0 -1459.0 -966.0 -1236.0
-999.0 -1292.0 -1240.0 -1499.0 -919.0 -1183.0
-1041.0 -1266.0 -1231.0 -1420.0 -945.0 -1273.0
-958.0 -1262.0 -1204.0 -1428.0 -1011.0 -1170.0
-946.0 -1295.0 -1259.0 -1475.0 -953.0 -1207.0
-1000.0 -1297.0 -1148.0 -1490.0 -916.0 -1212.0
-1139.0 -1154.0 -1270.0 -1527.0 -941.0 -1220.0
-1072.0 -1255.0 -1180.0 -1498.0 -948.0 -1280.0
-1036.0 -1285.0 -1210.0 -1488.0 -923.0 -1230.0
-980.0 -1204.0 -1272.0 -1497.0 -1004.0 -1207.0
-1036.0 -1261.0 -1171.0 -1455.0 -1011.0 -1235.0
-1057.0 -1252.0 -1213.0 -1509.0 -977.0 -1278.0
-994.0 -1232.0 -1174.0 -1438.0 -1036.0 -1220.0
-912.0 -1166.0 -1088.0 -1362.0 -1041.0 -1242.0
-1050.0 -1204.0 -1227.0 -1461.0 -1020.0 -1185.0
-917.0 -1207.0 -1121.0 -1330.0 -973.0 -1305.0
-937.0 -1156.0 -1111.0 -1355.0 -1048.0 -1211.0
-1026.0 -1123.0 -1062.0 -1389.0 -1039.0 -1237.0
-1094.0 -1263.0 -1212.0 -1444.0 -911.0 -1249.0
-1030.0 -1120.0 -1061.0 -1386.0 -1040.0 -1227.0
-1051.0 -1259.0 -1200.0 -1496.0 -987.0 -1287.0
-989.0 -1166.0 -1133.0 -1428.0 -1041.0 -1225.0
-953.0 -1176.0 -1212.0 -1441.0 -1039.0 -1184.0
-1056.0 -1155.0 -1072.0 -1383.0 -1050.0 -1177.0
-1004.0 -1235.0 -1211.0 -1461.0 -1031.0 -1263.0
-989.0 -1257.0 -1203.0 -1444.0 -1035.0 -1250.0
-982.0 -1178.0 -1167.0 -1420.0 -1042.0 -1211.0
-1078.0 -1284.0 -1070.0 -1376.0 -996.0 -1206.0
-968.0 -1206.0 -1163.0 -1368.0 -1048.0 -1172.0
-1016.0 -1208.0 -1222.0 -1421.0 -1036.0 -1187.0
-1018.0 -1208.0 -1053.0 -1328.0 -1037.0 -1191.0
-1088.0 -1270.0 -1199.0 -1431.0 -921.0 -1258.0
-905.0 -1174.0 -1153.0 -1388.0 -1051.0 -1169.0
-992.0 -1181.0 -1204.0 -1443.0 -1037.0 -1254.0
-1021.0 -1183.0 -1193.0 -1415.0 -1037.0 -1157.0
-1037.0 -1152.0 -1204.0 -1478.0 -958.0 -1304.0
-1013.0 -1233.0 -1082.0 -1334.0 -1036.0 -1221.0
-999.0 -1205.0 -1185.0 -1423.0 -945.0 -1318.0
-1020.0 -1164.0 -1029.0 -1290.0 -1056.0 -1176.0
-954.0 -1316.0 -1180.0 -1458.0 -919.0 -1224.0
-986.0 -1318.0 -1175.0 -1449.0 -933.0 -1166.0
-1051.0 -1180.0 -1101.0 -1389.0 -1049.0 -1207.0
-1022.0 -1121.0 -1119.0 -1370.0 -1059.0 -1188.0
-1010.0 -1067.0 -1112.0 -1352.0 -1065.0 -1179.0
-1017.0 -1146.0 -1148.0 -1376.0 -1058.0 -1218.0
-1027.0 -1284.0 -1281.0 -1455.0 -955.0 -1186.0
-968.0 -1285.0 -1262.0 -1475.0 -986.0 -1252.0
-1074.0 -1154.0 -1151.0 -1520.0 -966.0 -1299.0
-1040.0 -1280.0 -1289.0 -1545.0 -963.0 -1222.0
-1027.0 -1214.0 -1290.0 -1446.0 -1001.0 -1265.0
-1063.0 -1178.0 -1210.0 -1518.0 -1005.0 -1242.0
-1013.0 -1312.0 -1181.0 -1441.0 -974.0 -1301.0
-1058.0 -1203.0 -1239.0 -1524.0 -1004.0 -1272.0
-1021.0 -1148.0 -1091.0 -1395.0 -1038.0 -1267.0
-1069.0 -1171.0 -1223.0 -1531.0 -995.0 -1233.0
-972.0 -1324.0 -1132.0 -1395.0 -930.0 -1262.0
-1064.0 -1176.0 -1231.0 -1513.0 -1014.0 -1224.0
-1064.0 -1196.0 -1252.0 -1537.0 -994.0 -1263.0
-985.0 -1323.0 -1158.0 -1482.0 -852.0 -1155.0
-952.0 -1120.0 -1042.0 -1300.0 -1051.0 -1250.0
-1005.0 -1296.0 -1261.0 -1410.0 -920.0 -1223.0
-953.0 -1287.0 -1233.0 -1434.0 -1010.0 -1200.0
-1115.0 -1238.0 -1307.0 -1535.0 -910.0 -1179.0
-975.0 -1229.0 -1301.0 -1503.0 -1003.0 -1237.0
-1027.0 -1264.0 -1138.0 -1397.0 -1018.0 -1166.0
-1005.0 -1304.0 -1222.0 -1409.0 -897.0 -1118.0
-975.0 -1209.0 -1280.0 -1479.0 -1023.0 -1198.0
-1004.0 -1255.0 -1232.0 -1485.0 -1011.0 -1302.0
-1076.0 -1250.0 -1259.0 -1555.0 -988.0 -1272.0
-987.0 -1283.0 -1308.0 -1521.0 -997.0 -1246.0
-878.0 -1141.0 -1200.0 -1371.0 -988.0 -1313.0
-1003.0 -1289.0 -1123.0 -1394.0 -999.0 -1219.0
-999.0 -1260.0 -1240.0 -1467.0 -1030.0 -1293.0
-1003.0 -1309.0 -1144.0 -1418.0 -979.0 -1258.0
-954.0 -1324.0 -1141.0 -1457.0 -896.0 -1119.0
-1117.0 -1133.0 -1138.0 -1521.0 -973.0 -1288.0
-1026.0 -1311.0 -1207.0 -1528.0 -896.0 -1194.0
-929.0 -1261.0 -1128.0 -1348.0 -967.0 -1314.0
-1123.0 -1254.0 -1227.0 -1566.0 -964.0 -1257.0
-1138.0 -1153.0 -1136.0 -1476.0 -1022.0 -1190.0
-941.0 -1325.0 -1115.0 -1370.0 -974.0 -1226.0
-980.0 -1260.0 -1170.0 -1386.0 -1042.0 -1181.0
-973.0 -1160.0 -1061.0 -1279.0 -1080.0 -1191.0
-1051.0 -1204.0 -1145.0 -1452.0 -902.0 -1312.0
-990.0 -1148.0 -1236.0 -1467.0 -982.0 -1319.0
-1091.0 -1149.0 -1168.0 -1465.0 -1046.0 -1205.0
-1001.0 -1213.0 -1066.0 -1350.0 -1059.0 -1143.0
-1006.0 -1188.0 -1037.0 -1344.0 -1060.0 -1113.0
-1069.0 -1207.0 -1100.0 -1396.0 -1053.0 -1168.0
-1050.0 -1313.0 -1112.0 -1429.0 -955.0 -1243.0
-1016.0 -1188.0 -1201.0 -1397.0 -1056.0 -1148.0
-1057.0 -1153.0 -1093.0 -1378.0 -1059.0 -1159.0
-968.0 -1186.0 -1142.0 -1344.0 -1068.0 -1133.0
-1013.0 -1320.0 -1142.0 -1440.0 -951.0 -1196.0
-1016.0 -1097.0 -1131.0 -1381.0 -1062.0 -1123.0
-1042.0 -1147.0 -1196.0 -1496.0 -939.0 -1313.0
-983.0 -1116.0 -1093.0 -1375.0 -1064.0 -1242.0
-1004.0 -1200.0 -1177.0 -1441.0 -926.0 -1327.0
-941.0 -1178.0 -1103.0 -1312.0 -1083.0 -1149.0
-967.0 -1339.0 -1174.0 -1408.0 -954.0 -1208.0
-1051.0 -1160.0 -1080.0 -1365.0 -1069.0 -1168.0
-926.0 -1351.0 -1125.0 -1362.0 -910.0 -1169.0
-927.0 -1356.0 -1033.0 -1353.0 -907.0 -1198.0
-1068.0 -1234.0 -1339.0 -1524.0 -934.0 -1194.0
-959.0 -1358.0 -1028.0 -1344.0 -921.0 -1140.0
-1004.0 -1156.0 -1112.0 -1354.0 -1093.0 -1183.0
-940.0 -1058.0 -1014.0 -1204.0 -1094.0 -1077.0
-908.0 -1076.0 -1056.0 -1237.0 -1097.0 -1035.0
-900.0 -1362.0 -1027.0 -1361.0 -866.0 -1063.0
-998.0 -1207.0 -1164.0 -1428.0 -936.0 -1336.0
-903.0 -1083.0 -995.0 -1189.0 -1097.0 -1079.0
