-1960.0 -1640.0 -1507.0 -2263.0 -1997.0
-1924.0 -1679.0 -1513.0 -2263.0 -1989.0
-1982.0 -1633.0 -1541.0 -2266.0 -1932.0
-1878.0 -1697.0 -1489.0 -2304.0 -2012.0
-1963.0 -1589.0 -1594.0 -2183.0 -1918.0
-2024.0 -1585.0 -1488.0 -2301.0 -1984.0
-2018.0 -1594.0 -1535.0 -2266.0 -1940.0
-1925.0 -1628.0 -1525.0 -2259.0 -2009.0
-1954.0 -1620.0 -1545.0 -2270.0 -1919.0
-1935.0 -1608.0 -1496.0 -2308.0 -2016.0
-1961.0 -1589.0 -1519.0 -2259.0 -2017.0
-1947.0 -1573.0 -1564.0 -2250.0 -1988.0
-1874.0 -1582.0 -1590.0 -2206.0 -1999.0
-1936.0 -1651.0 -1517.0 -2307.0 -1955.0
-1974.0 -1488.0 -1565.0 -2244.0 -1994.0
-1999.0 -1761.0 -1400.0 -2281.0 -1968.0
-1952.0 -1620.0 -1470.0 -2346.0 -2018.0
-2026.0 -1677.0 -1461.0 -2248.0 -1990.0
-1885.0 -1605.0 -1582.0 -2254.0 -1945.0
-1982.0 -1801.0 -1321.0 -2352.0 -1888.0
-2042.0 -1719.0 -1369.0 -2307.0 -1943.0
-1930.0 -1531.0 -1624.0 -2154.0 -1912.0
-1910.0 -1530.0 -1612.0 -2161.0 -1973.0
-1939.0 -1843.0 -1352.0 -2326.0 -1913.0
-1941.0 -1597.0 -1478.0 -2298.0 -2072.0
-2029.0 -1540.0 -1583.0 -2221.0 -1883.0
-1993.0 -1579.0 -1589.0 -2221.0 -1875.0
-1927.0 -1628.0 -1600.0 -2183.0 -1910.0
-1848.0 -1562.0 -1630.0 -2165.0 -1930.0
-1836.0 -1496.0 -1653.0 -2144.0 -1840.0
-1868.0 -1563.0 -1642.0 -2158.0 -1869.0
-1900.0 -1500.0 -1654.0 -2069.0 -1846.0
-1894.0 -1666.0 -1442.0 -2343.0 -2075.0
-1770.0 -1546.0 -1658.0 -2082.0 -1863.0
-2041.0 -1638.0 -1447.0 -2345.0 -1947.0
-1925.0 -1704.0 -1409.0 -2379.0 -1996.0
-1837.0 -1539.0 -1638.0 -2117.0 -1984.0
-1955.0 -1552.0 -1610.0 -2215.0 -1911.0
-1961.0 -1554.0 -1616.0 -2207.0 -1835.0
-1857.0 -1540.0 -1650.0 -2110.0 -1923.0
-1828.0 -1498.0 -1651.0 -2152.0 -1858.0
-1828.0 -1500.0 -1686.0 -2085.0 -1806.0
-1586.0 -1470.0 -1691.0 -1929.0 -1680.0
-1658.0 -1396.0 -1695.0 -1918.0 -1620.0
