-1116.0 -1175.0 -1191.0 -1542.0 -971.0 -1218.0
-1111.0 -1200.0 -1220.0 -1548.0 -970.0 -1248.0
-1139.0 -1154.0 -1270.0 -1527.0 -941.0 -1220.0
-1139.0 -1134.0 -1249.0 -1503.0 -961.0 -1181.0
-994.0 -1232.0 -1174.0 -1438.0 -1036.0 -1220.0
-1050.0 -1204.0 -1227.0 -1461.0 -1020.0 -1185.0
-1138.0 -1173.0 -1157.0 -1500.0 -1002.0 -1229.0
-1125.0 -1252.0 -1161.0 -1522.0 -914.0 -1256.0
-1148.0 -1211.0 -1219.0 -1483.0 -904.0 -1219.0
-1179.0 -1155.0 -1243.0 -1461.0 -899.0 -1160.0
-1092.0 -1130.0 -1281.0 -1492.0 -985.0 -1196.0
-953.0 -1176.0 -1212.0 -1441.0 -1039.0 -1184.0
-1004.0 -1235.0 -1211.0 -1461.0 -1031.0 -1263.0
-1147.0 -1230.0 -1106.0 -1456.0 -965.0 -1228.0
-989.0 -1257.0 -1203.0 -1444.0 -1035.0 -1250.0
-1144.0 -1185.0 -1139.0 -1410.0 -980.0 -1164.0
-1016.0 -1208.0 -1222.0 -1421.0 -1036.0 -1187.0
-1184.0 -1130.0 -1214.0 -1455.0 -900.0 -1130.0
-992.0 -1181.0 -1204.0 -1443.0 -1037.0 -1254.0
-1159.0 -1104.0 -1191.0 -1378.0 -975.0 -1117.0
-1168.0 -1171.0 -1093.0 -1411.0 -965.0 -1126.0
-1051.0 -1180.0 -1101.0 -1389.0 -1049.0 -1207.0
-1022.0 -1121.0 -1119.0 -1370.0 -1059.0 -1188.0
-1017.0 -1146.0 -1148.0 -1376.0 -1058.0 -1218.0
-1144.0 -1129.0 -1241.0 -1521.0 -942.0 -1190.0
-1153.0 -1206.0 -1211.0 -1501.0 -885.0 -1228.0
-1063.0 -1178.0 -1210.0 -1518.0 -1005.0 -1242.0
-1156.0 -1196.0 -1185.0 -1500.0 -909.0 -1197.0
-1058.0 -1203.0 -1239.0 -1524.0 -1004.0 -1272.0
-1069.0 -1171.0 -1223.0 -1531.0 -995.0 -1233.0
-1064.0 -1176.0 -1231.0 -1513.0 -1014.0 -1224.0
-1144.0 -1205.0 -1282.0 -1468.0 -917.0 -1184.0
-1064.0 -1196.0 -1252.0 -1537.0 -994.0 -1263.0
-1132.0 -1210.0 -1231.0 -1499.0 -924.0 -1235.0
-1070.0 -1109.0 -1149.0 -1486.0 -1017.0 -1264.0
-1151.0 -1223.0 -1111.0 -1457.0 -959.0 -1232.0
-1004.0 -1255.0 -1232.0 -1485.0 -1011.0 -1302.0
-1076.0 -1250.0 -1259.0 -1555.0 -988.0 -1272.0
-987.0 -1283.0 -1308.0 -1521.0 -997.0 -1246.0
-999.0 -1260.0 -1240.0 -1467.0 -1030.0 -1293.0
-1117.0 -1133.0 -1138.0 -1521.0 -973.0 -1288.0
-1157.0 -1134.0 -1111.0 -1455.0 -931.0 -1228.0
-1140.0 -1126.0 -1105.0 -1417.0 -988.0 -1060.0
-1185.0 -1088.0 -1161.0 -1434.0 -902.0 -1200.0
-1123.0 -1254.0 -1227.0 -1566.0 -964.0 -1257.0
-1138.0 -1153.0 -1136.0 -1476.0 -1022.0 -1190.0
-1191.0 -1209.0 -1250.0 -1479.0 -893.0 -1169.0
-980.0 -1260.0 -1170.0 -1386.0 -1042.0 -1181.0
-1168.0 -1151.0 -1072.0 -1387.0 -985.0 -1087.0
-1193.0 -1207.0 -1184.0 -1435.0 -843.0 -1168.0
-1178.0 -1174.0 -1130.0 -1434.0 -960.0 -1169.0
-1091.0 -1149.0 -1168.0 -1465.0 -1046.0 -1205.0
-1181.0 -1141.0 -1108.0 -1409.0 -950.0 -1122.0
-1069.0 -1207.0 -1100.0 -1396.0 -1053.0 -1168.0
-1016.0 -1188.0 -1201.0 -1397.0 -1056.0 -1148.0
-1057.0 -1153.0 -1093.0 -1378.0 -1059.0 -1159.0
-1187.0 -1150.0 -1094.0 -1452.0 -944.0 -1084.0
-983.0 -1116.0 -1093.0 -1375.0 -1064.0 -1242.0
-1206.0 -1128.0 -1180.0 -1413.0 -931.0 -1141.0
-1051.0 -1160.0 -1080.0 -1365.0 -1069.0 -1168.0
-1004.0 -1156.0 -1112.0 -1354.0 -1093.0 -1183.0
-940.0 -1058.0 -1014.0 -1204.0 -1094.0 -1077.0
-908.0 -1076.0 -1056.0 -1237.0 -1097.0 -1035.0
-1215.0 -1185.0 -1129.0 -1369.0 -894.0 -1140.0
