-850.0 -1146.0 -1100.0 -1245.0 -1043.0 -1092.0
-950.0 -1022.0 -996.0 -1226.0 -945.0 -1148.0
-775.0 -1140.0 -1104.0 -1306.0 -1062.0 -1091.0
-896.0 -1066.0 -1094.0 -1357.0 -985.0 -1115.0
-958.0 -1010.0 -934.0 -1230.0 -978.0 -1135.0
-926.0 -1106.0 -1062.0 -1259.0 -1030.0 -1101.0
-960.0 -968.0 -917.0 -1260.0 -999.0 -1138.0
-971.0 -1008.0 -899.0 -1223.0 -937.0 -1134.0
-924.0 -1058.0 -1098.0 -1302.0 -1019.0 -1128.0
-943.0 -1003.0 -1032.0 -1321.0 -961.0 -1207.0
-849.0 -1052.0 -1102.0 -1363.0 -1038.0 -1127.0
-949.0 -966.0 -965.0 -1314.0 -945.0 -1169.0
-968.0 -1037.0 -1022.0 -1233.0 -931.0 -1055.0
-969.0 -900.0 -961.0 -1257.0 -926.0 -1160.0
-973.0 -966.0 -882.0 -1253.0 -958.0 -1137.0
-981.0 -1035.0 -987.0 -1226.0 -890.0 -1054.0
-982.0 -973.0 -824.0 -1171.0 -871.0 -1098.0
-989.0 -917.0 -890.0 -1155.0 -869.0 -1100.0
-991.0 -955.0 -847.0 -1170.0 -843.0 -1046.0
-1004.0 -953.0 -812.0 -1163.0 -802.0 -1045.0
