-8507.0 -8317.0 -6010.0 -7026.0 -7469.0
-8045.0 -6761.0 -7753.0 -7034.0 -6133.0
-8756.0 -7151.0 -6618.0 -7735.0 -6765.0
-9151.0 -7110.0 -6482.0 -7342.0 -7001.0
-8111.0 -7373.0 -7189.0 -7510.0 -6028.0
-9172.0 -7909.0 -5877.0 -7277.0 -7260.0
-8172.0 -7694.0 -6832.0 -7537.0 -6552.0
-8640.0 -7146.0 -6966.0 -6799.0 -6917.0
-8245.0 -7187.0 -7102.0 -7192.0 -6681.0
-9050.0 -8098.0 -6033.0 -7111.0 -6915.0
-9091.0 -7774.0 -5796.0 -7224.0 -7682.0
-9131.0 -7519.0 -5890.0 -7363.0 -7508.0
-8574.0 -7983.0 -6398.0 -7041.0 -7007.0
-8547.0 -8062.0 -6104.0 -7165.0 -7295.0
-8567.0 -7653.0 -6696.0 -7144.0 -6788.0
-8580.0 -7810.0 -6280.0 -6681.0 -7598.0
