-6762.0 -4935.0 -6994.0 -4873.0 -6090.0
-5924.0 -5817.0 -5995.0 -4166.0 -5309.0
-7298.0 -4859.0 -8380.0 -4397.0 -6122.0
-6141.0 -5272.0 -6604.0 -5667.0 -5991.0
-6445.0 -4454.0 -7640.0 -4765.0 -7138.0
-5497.0 -5115.0 -6536.0 -3636.0 -6724.0
-7666.0 -4899.0 -7593.0 -5337.0 -6171.0
-6465.0 -5011.0 -6590.0 -5765.0 -5800.0
-6198.0 -3735.0 -7953.0 -3835.0 -7566.0
-7967.0 -3953.0 -7370.0 -4770.0 -6293.0
-6115.0 -5783.0 -6531.0 -5005.0 -5120.0
-7067.0 -4786.0 -8583.0 -3904.0 -5400.0
-6295.0 -4135.0 -7247.0 -4198.0 -7204.0
-6542.0 -4854.0 -6934.0 -5128.0 -6776.0
-6783.0 -5564.0 -6340.0 -4850.0 -5687.0
-4815.0 -6005.0 -6094.0 -4433.0 -4907.0
-6006.0 -5289.0 -7993.0 -3761.0 -5594.0
-5841.0 -4057.0 -6408.0 -3950.0 -7229.0
-7107.0 -5303.0 -6326.0 -4948.0 -5496.0
-5188.0 -5609.0 -7308.0 -4014.0 -5908.0
-5902.0 -3658.0 -8305.0 -2700.0 -6914.0
-6866.0 -4593.0 -6920.0 -5226.0 -6585.0
-5818.0 -3997.0 -7373.0 -3946.0 -7291.0
-5948.0 -5990.0 -6357.0 -3902.0 -5409.0
-4995.0 -5457.0 -5961.0 -3514.0 -6331.0
-5650.0 -5579.0 -6077.0 -5381.0 -5185.0
-7175.0 -5206.0 -7066.0 -5051.0 -5365.0
-4747.0 -6102.0 -5354.0 -4330.0 -5038.0
-7363.0 -4863.0 -8231.0 -5039.0 -6052.0
-7565.0 -3516.0 -8077.0 -3639.0 -6562.0
-6103.0 -5689.0 -7287.0 -4124.0 -5232.0
-5776.0 -5480.0 -7563.0 -4090.0 -5013.0
-6044.0 -4872.0 -7310.0 -5304.0 -6353.0
-5554.0 -5053.0 -7228.0 -3903.0 -7006.0
-6227.0 -5867.0 -5962.0 -3922.0 -4951.0
-5619.0 -5057.0 -7079.0 -4545.0 -6936.0
-5458.0 -5498.0 -6662.0 -5480.0 -5597.0
-4394.0 -5866.0 -6814.0 -3972.0 -5460.0
-5595.0 -4884.0 -6717.0 -4809.0 -6836.0
-7707.0 -4333.0 -6640.0 -4977.0 -6209.0
-6851.0 -5467.0 -7080.0 -4953.0 -5556.0
-6483.0 -5427.0 -7867.0 -4013.0 -5507.0
-7039.0 -3475.0 -7673.0 -3586.0 -7190.0
-5806.0 -5369.0 -6079.0 -4559.0 -6279.0
-5846.0 -4341.0 -8630.0 -3332.0 -6367.0
-5989.0 -5821.0 -5846.0 -4808.0 -5239.0
-6884.0 -3757.0 -8067.0 -3385.0 -7031.0
-7206.0 -4972.0 -6644.0 -5307.0 -5364.0
-5582.0 -5676.0 -5337.0 -5278.0 -5316.0
-6386.0 -5027.0 -8573.0 -3650.0 -5869.0
-6095.0 -5226.0 -7581.0 -4005.0 -6458.0
-5679.0 -5080.0 -8269.0 -3727.0 -5375.0
-6629.0 -2966.0 -7570.0 -3577.0 -7269.0
-5433.0 -6124.0 -5468.0 -3880.0 -4503.0
-5515.0 -3961.0 -8011.0 -3648.0 -7172.0
-5120.0 -5706.0 -6568.0 -3911.0 -6039.0
-5876.0 -4207.0 -8071.0 -4402.0 -6610.0
-5697.0 -4490.0 -6510.0 -3674.0 -7030.0
-4915.0 -5967.0 -5924.0 -4410.0 -5684.0
-5090.0 -5458.0 -7449.0 -4540.0 -5548.0
-6218.0 -5162.0 -8003.0 -3570.0 -5223.0
-6918.0 -5121.0 -7800.0 -4508.0 -5847.0
-5595.0 -4487.0 -6275.0 -3543.0 -7044.0
-5838.0 -5236.0 -7242.0 -5369.0 -5872.0
-6165.0 -5445.0 -6966.0 -5403.0 -6091.0
-6237.0 -5176.0 -6453.0 -3992.0 -6532.0
-7720.0 -3234.0 -7683.0 -3840.0 -6721.0
-6983.0 -5125.0 -7651.0 -5150.0 -5777.0
-6381.0 -4764.0 -8469.0 -4354.0 -5935.0
-7330.0 -4924.0 -6672.0 -5252.0 -5524.0
-5618.0 -4436.0 -6062.0 -3646.0 -7201.0
-5632.0 -4486.0 -6659.0 -3032.0 -7100.0
-7744.0 -4332.0 -7024.0 -4466.0 -6265.0
-6754.0 -5067.0 -7786.0 -4590.0 -5918.0
-6172.0 -5172.0 -6602.0 -3350.0 -6602.0
-7339.0 -4690.0 -7869.0 -5303.0 -5952.0
-6278.0 -5003.0 -7967.0 -4435.0 -5566.0
-4983.0 -5870.0 -6664.0 -4513.0 -5553.0
-6432.0 -3866.0 -8610.0 -2966.0 -6779.0
-5756.0 -4322.0 -8134.0 -3468.0 -6951.0
-5562.0 -5119.0 -6387.0 -4278.0 -6654.0
-6759.0 -5391.0 -5978.0 -5114.0 -5587.0
-5073.0 -4548.0 -8192.0 -3281.0 -6557.0
-6879.0 -3494.0 -7963.0 -4089.0 -7097.0
-5161.0 -5537.0 -6057.0 -4817.0 -5869.0
-7034.0 -3571.0 -8172.0 -3192.0 -6481.0
-5700.0 -5005.0 -8459.0 -4100.0 -6404.0
-6203.0 -4416.0 -7795.0 -4436.0 -6829.0
-6068.0 -5045.0 -7672.0 -5040.0 -6453.0
-4814.0 -5341.0 -6594.0 -3449.0 -6330.0
-7160.0 -4973.0 -6308.0 -4575.0 -6372.0
-5320.0 -5267.0 -7879.0 -4211.0 -6129.0
-6915.0 -3523.0 -7645.0 -3641.0 -7030.0
-6744.0 -4123.0 -7840.0 -4693.0 -6721.0
-6689.0 -5063.0 -7935.0 -3948.0 -5988.0
-7110.0 -5202.0 -7215.0 -4409.0 -5435.0
-5096.0 -5533.0 -6206.0 -4175.0 -5939.0
-7286.0 -4194.0 -7360.0 -4516.0 -6762.0
-7430.0 -4145.0 -7954.0 -4243.0 -6186.0
-7419.0 -4180.0 -7906.0 -4407.0 -6599.0
-5797.0 -5405.0 -7753.0 -4463.0 -6042.0
-7126.0 -4213.0 -7650.0 -5019.0 -6669.0
-6557.0 -5196.0 -6350.0 -5372.0 -5735.0
-5289.0 -4788.0 -7364.0 -3460.0 -6722.0
-7383.0 -4594.0 -6654.0 -4879.0 -6400.0
-6040.0 -5196.0 -6359.0 -5006.0 -6383.0
-4993.0 -5058.0 -8155.0 -4177.0 -5910.0
-5821.0 -4326.0 -7985.0 -4110.0 -6881.0
-5417.0 -5667.0 -7173.0 -4574.0 -5767.0
-5773.0 -5232.0 -7391.0 -4727.0 -5942.0
-6524.0 -5258.0 -7356.0 -4919.0 -5337.0
-5741.0 -4836.0 -7948.0 -5006.0 -6234.0
-6003.0 -5041.0 -7821.0 -4398.0 -6523.0
-6978.0 -4254.0 -8497.0 -3824.0 -5934.0
-5768.0 -5017.0 -7857.0 -3971.0 -6239.0
-6121.0 -5144.0 -7739.0 -4561.0 -5851.0
-6144.0 -5520.0 -6776.0 -5030.0 -5062.0
-5372.0 -4866.0 -5929.0 -3239.0 -7016.0
-6100.0 -5441.0 -7115.0 -4761.0 -6161.0
-5250.0 -4396.0 -6849.0 -2706.0 -7152.0
-5694.0 -5644.0 -7251.0 -4544.0 -5673.0
-6882.0 -5233.0 -6658.0 -5209.0 -5555.0
-5660.0 -4491.0 -6126.0 -4185.0 -6974.0
-6489.0 -5184.0 -6952.0 -5501.0 -5900.0
-5848.0 -4507.0 -7894.0 -3075.0 -6886.0
-6858.0 -5060.0 -6296.0 -5473.0 -5455.0
-5417.0 -4700.0 -7520.0 -3642.0 -6633.0
-6338.0 -4326.0 -7976.0 -4476.0 -6233.0
-6297.0 -4495.0 -8487.0 -3570.0 -6403.0
-6227.0 -5508.0 -5359.0 -5020.0 -5726.0
-6735.0 -3902.0 -7972.0 -3264.0 -6898.0
-6473.0 -3697.0 -8099.0 -3872.0 -6609.0
-5526.0 -5779.0 -6681.0 -4464.0 -5027.0
-6352.0 -4376.0 -8573.0 -3862.0 -6132.0
-6035.0 -5786.0 -6547.0 -4021.0 -5363.0
-5376.0 -4584.0 -7554.0 -3579.0 -6676.0
-6959.0 -4952.0 -7289.0 -5414.0 -5677.0
-5806.0 -5728.0 -6682.0 -3461.0 -5504.0
-6016.0 -5023.0 -5997.0 -5270.0 -6283.0
-6171.0 -5611.0 -6703.0 -4206.0 -5437.0
-6353.0 -3812.0 -8162.0 -2938.0 -6950.0
-6415.0 -5524.0 -7127.0 -3910.0 -5638.0
-6408.0 -3693.0 -8248.0 -3230.0 -6679.0
-6718.0 -5560.0 -6489.0 -4208.0 -5757.0
-6272.0 -5729.0 -6343.0 -4000.0 -5218.0
-5532.0 -5140.0 -7889.0 -4020.0 -5758.0
-6807.0 -5166.0 -7853.0 -4111.0 -5316.0
-6514.0 -5193.0 -7445.0 -4269.0 -5506.0
-6676.0 -4116.0 -8302.0 -3247.0 -6404.0
-5975.0 -5192.0 -6508.0 -4364.0 -6453.0
-5489.0 -5398.0 -6660.0 -3163.0 -6208.0
-4986.0 -4752.0 -8002.0 -3162.0 -6603.0
-6151.0 -4543.0 -7256.0 -3373.0 -7005.0
-6216.0 -4547.0 -7107.0 -4015.0 -6935.0
-7484.0 -4712.0 -6294.0 -4673.0 -6181.0
-7063.0 -4573.0 -7014.0 -4212.0 -6734.0
-6437.0 -4081.0 -8144.0 -3722.0 -6482.0
-6816.0 -3854.0 -7327.0 -3282.0 -7162.0
-6001.0 -4059.0 -8236.0 -3533.0 -6526.0
-6442.0 -4344.0 -8248.0 -3018.0 -6416.0
-6621.0 -5160.0 -7195.0 -3845.0 -6119.0
-7441.0 -4296.0 -7662.0 -4168.0 -6146.0
-5967.0 -3662.0 -8156.0 -3342.0 -6844.0
-6827.0 -5294.0 -6718.0 -5217.0 -5456.0
-5869.0 -5136.0 -7240.0 -3052.0 -6483.0
-6375.0 -5403.0 -7261.0 -4798.0 -5204.0
-5194.0 -5079.0 -7174.0 -3338.0 -6605.0
-6686.0 -5164.0 -7046.0 -4487.0 -6049.0
-6983.0 -4158.0 -7998.0 -4218.0 -6643.0
-6223.0 -5122.0 -7881.0 -4143.0 -5837.0
-4406.0 -5453.0 -6111.0 -2973.0 -6238.0
-6687.0 -5048.0 -8003.0 -4015.0 -5125.0
-6786.0 -5463.0 -7229.0 -4311.0 -5626.0
-5020.0 -5744.0 -6738.0 -3934.0 -5262.0
-6982.0 -5012.0 -6324.0 -5418.0 -5615.0
-7006.0 -5185.0 -6686.0 -5154.0 -5715.0
-6305.0 -5079.0 -7193.0 -4095.0 -6401.0
-5219.0 -3884.0 -8363.0 -2513.0 -6520.0
-7083.0 -5130.0 -5964.0 -5212.0 -5396.0
-7151.0 -5033.0 -6704.0 -5315.0 -5265.0
-5292.0 -4848.0 -7355.0 -4511.0 -6717.0
-5517.0 -5672.0 -5486.0 -4636.0 -5386.0
-5541.0 -5845.0 -5848.0 -4372.0 -5486.0
-6679.0 -4585.0 -8297.0 -3896.0 -6351.0
-6999.0 -4883.0 -7843.0 -3801.0 -5531.0
-6240.0 -5075.0 -7342.0 -3453.0 -6471.0
-6071.0 -5053.0 -7219.0 -4269.0 -6358.0
-5063.0 -5360.0 -6701.0 -3617.0 -6200.0
-4882.0 -5244.0 -7334.0 -3552.0 -6199.0
-5676.0 -4832.0 -8097.0 -4364.0 -6304.0
-5878.0 -4792.0 -7214.0 -4001.0 -6815.0
-5565.0 -5018.0 -7276.0 -3739.0 -6593.0
-6138.0 -4412.0 -7944.0 -3794.0 -6899.0
-6320.0 -5522.0 -7175.0 -4506.0 -5475.0
-6359.0 -5525.0 -6533.0 -4119.0 -5172.0
-6800.0 -3906.0 -7823.0 -3906.0 -6828.0
-4326.0 -5963.0 -6074.0 -3869.0 -5591.0
-5853.0 -4722.0 -7428.0 -3831.0 -6589.0
-6418.0 -3816.0 -8013.0 -3580.0 -6880.0
-5262.0 -4982.0 -7914.0 -3441.0 -6474.0
-6427.0 -5428.0 -7273.0 -4222.0 -5041.0
-6136.0 -5057.0 -7070.0 -4911.0 -6288.0
-6424.0 -5180.0 -7101.0 -4859.0 -5970.0
-6889.0 -4438.0 -7909.0 -3986.0 -6294.0
-6760.0 -4537.0 -7652.0 -3914.0 -6615.0
-6952.0 -4646.0 -7136.0 -4399.0 -6370.0
-6904.0 -4881.0 -7891.0 -4397.0 -5368.0
-5851.0 -5590.0 -7063.0 -3539.0 -5771.0
-6076.0 -5617.0 -6036.0 -4927.0 -5193.0
-6300.0 -4816.0 -7089.0 -4799.0 -6467.0
-4635.0 -4525.0 -7647.0 -2622.0 -6627.0
-6824.0 -4434.0 -8058.0 -3344.0 -6364.0
-5361.0 -5098.0 -7368.0 -5117.0 -5959.0
-6459.0 -5254.0 -7505.0 -4277.0 -5407.0
-5670.0 -4038.0 -8220.0 -2751.0 -6556.0
-5943.0 -4796.0 -7065.0 -4643.0 -6745.0
-6277.0 -4589.0 -7070.0 -4685.0 -6492.0
-5483.0 -5786.0 -5903.0 -4278.0 -5474.0
-5832.0 -4291.0 -8033.0 -3946.0 -6468.0
-6149.0 -4377.0 -7992.0 -3630.0 -6486.0
-5491.0 -3788.0 -7649.0 -3912.0 -7072.0
-5609.0 -5748.0 -6588.0 -4475.0 -5355.0
-5441.0 -4588.0 -7405.0 -4221.0 -6606.0
-7099.0 -3575.0 -8023.0 -3834.0 -6411.0
-6833.0 -4655.0 -7926.0 -4773.0 -6187.0
-6644.0 -5261.0 -7161.0 -4604.0 -5284.0
-6214.0 -4381.0 -7843.0 -4272.0 -6416.0
-5616.0 -4587.0 -7341.0 -4609.0 -6526.0
-6235.0 -4812.0 -7238.0 -4157.0 -6537.0
-6638.0 -5145.0 -7473.0 -4214.0 -5666.0
-6699.0 -5142.0 -7247.0 -4896.0 -5013.0
-6765.0 -4752.0 -7186.0 -4670.0 -6318.0
-6011.0 -5613.0 -6185.0 -4285.0 -5263.0
-6318.0 -5124.0 -7833.0 -3547.0 -6000.0
-6600.0 -4531.0 -7849.0 -3868.0 -6522.0
-6988.0 -4373.0 -7532.0 -4974.0 -6346.0
-6665.0 -4535.0 -7700.0 -4510.0 -6452.0
-7039.0 -4442.0 -7326.0 -4518.0 -6324.0
-5767.0 -4287.0 -8182.0 -3304.0 -6538.0
-6736.0 -4406.0 -7964.0 -4220.0 -6205.0
-6018.0 -5383.0 -7237.0 -4642.0 -5482.0
-6655.0 -4412.0 -7935.0 -4160.0 -6251.0
-6624.0 -4555.0 -7075.0 -4897.0 -6276.0
-6641.0 -4362.0 -7338.0 -4774.0 -6352.0
-5778.0 -4438.0 -7890.0 -3229.0 -6498.0
