-8092.0 -6465.0 -6060.0 -6985.0 -6848.0
-8760.0 -5800.0 -6237.0 -6791.0 -6897.0
-7702.0 -6072.0 -7198.0 -5796.0 -7278.0
-8575.0 -6255.0 -6710.0 -6543.0 -6249.0
-8833.0 -5893.0 -5819.0 -7372.0 -6313.0
-7851.0 -6630.0 -6547.0 -6952.0 -5990.0
-8725.0 -5626.0 -5613.0 -7625.0 -6565.0
-8200.0 -6855.0 -6909.0 -5760.0 -6275.0
-8722.0 -5581.0 -5291.0 -7966.0 -6675.0
-8017.0 -6174.0 -6604.0 -6734.0 -7003.0
-8649.0 -5488.0 -5709.0 -7385.0 -7259.0
-8093.0 -6312.0 -6508.0 -6974.0 -6309.0
-7778.0 -6537.0 -6965.0 -6371.0 -6574.0
-8757.0 -5755.0 -5915.0 -7132.0 -7007.0
-7854.0 -6675.0 -6869.0 -6611.0 -5880.0
-8020.0 -6219.0 -6926.0 -6393.0 -6893.0
-6649.0 -6995.0 -6849.0 -4189.0 -5290.0
-8275.0 -5812.0 -5713.0 -7563.0 -7067.0
-8278.0 -5857.0 -6035.0 -7222.0 -6957.0
-8464.0 -5943.0 -6182.0 -7137.0 -6611.0
