-8380.0 -7384.0 -6931.0 -6523.0 -7050.0
-8507.0 -8317.0 -6010.0 -7026.0 -7469.0
-8045.0 -6761.0 -7753.0 -7034.0 -6133.0
-8756.0 -7151.0 -6618.0 -7735.0 -6765.0
-9005.0 -7571.0 -5768.0 -6769.0 -8294.0
-9151.0 -7110.0 -6482.0 -7342.0 -7001.0
-8111.0 -7373.0 -7189.0 -7510.0 -6028.0
-8366.0 -7827.0 -6320.0 -6289.0 -7755.0
-8288.0 -6566.0 -7338.0 -6632.0 -6395.0
-9172.0 -7909.0 -5877.0 -7277.0 -7260.0
-8156.0 -6914.0 -6909.0 -7658.0 -6212.0
-8421.0 -8114.0 -5982.0 -6571.0 -8081.0
-8506.0 -7332.0 -7053.0 -7117.0 -6264.0
-8172.0 -7694.0 -6832.0 -7537.0 -6552.0
-8406.0 -7572.0 -6414.0 -6428.0 -7581.0
-8640.0 -7146.0 -6966.0 -6799.0 -6917.0
-8492.0 -7775.0 -6442.0 -6883.0 -6969.0
-8245.0 -7187.0 -7102.0 -7192.0 -6681.0
-9050.0 -8098.0 -6033.0 -7111.0 -6915.0
-9091.0 -7774.0 -5796.0 -7224.0 -7682.0
-7759.0 -6793.0 -7561.0 -7343.0 -5506.0
-9131.0 -7519.0 -5890.0 -7363.0 -7508.0
-8626.0 -7589.0 -6355.0 -6565.0 -7622.0
-8936.0 -6889.0 -6167.0 -7214.0 -7318.0
-8574.0 -7983.0 -6398.0 -7041.0 -7007.0
-8025.0 -7170.0 -7161.0 -7055.0 -6640.0
-7956.0 -6488.0 -7560.0 -7500.0 -5664.0
-8090.0 -6302.0 -7473.0 -7182.0 -6317.0
-8547.0 -8062.0 -6104.0 -7165.0 -7295.0
-8486.0 -7741.0 -6461.0 -7138.0 -6771.0
-7985.0 -7425.0 -7067.0 -6916.0 -6814.0
-8706.0 -7758.0 -6402.0 -7275.0 -6812.0
-8443.0 -7451.0 -6967.0 -6642.0 -6759.0
-7830.0 -6540.0 -7438.0 -6906.0 -6450.0
-8420.0 -7129.0 -7025.0 -6662.0 -6876.0
-8567.0 -7653.0 -6696.0 -7144.0 -6788.0
-8580.0 -7810.0 -6280.0 -6681.0 -7598.0
-8551.0 -6873.0 -6773.0 -7265.0 -6448.0
-8360.0 -7793.0 -6339.0 -6544.0 -7557.0
