-8092.0 -6465.0 -6060.0 -6985.0 -6848.0
-7578.0 -6918.0 -6301.0 -5877.0 -5325.0
-7291.0 -6258.0 -7023.0 -6122.0 -6515.0
-7458.0 -5602.0 -5294.0 -7869.0 -6882.0
-8760.0 -5800.0 -6237.0 -6791.0 -6897.0
-7702.0 -6072.0 -7198.0 -5796.0 -7278.0
-7829.0 -5813.0 -5146.0 -7349.0 -7716.0
-8575.0 -6255.0 -6710.0 -6543.0 -6249.0
-7546.0 -7131.0 -6207.0 -4976.0 -5611.0
-7743.0 -6363.0 -6341.0 -7205.0 -6242.0
-8296.0 -5167.0 -5357.0 -7622.0 -7312.0
-8833.0 -5893.0 -5819.0 -7372.0 -6313.0
-7851.0 -6630.0 -6547.0 -6952.0 -5990.0
-8725.0 -5626.0 -5613.0 -7625.0 -6565.0
-6674.0 -5438.0 -5309.0 -6734.0 -7975.0
-8200.0 -6855.0 -6909.0 -5760.0 -6275.0
-8722.0 -5581.0 -5291.0 -7966.0 -6675.0
-7253.0 -6028.0 -6309.0 -5923.0 -8037.0
-8318.0 -6439.0 -5718.0 -5941.0 -6877.0
-7571.0 -6175.0 -6037.0 -6520.0 -7652.0
-7591.0 -5760.0 -6670.0 -6390.0 -7640.0
-7285.0 -5815.0 -6403.0 -6824.0 -7751.0
-8165.0 -6681.0 -6285.0 -6594.0 -5943.0
-7470.0 -6993.0 -6303.0 -4736.0 -6305.0
-8017.0 -6174.0 -6604.0 -6734.0 -7003.0
-8649.0 -5488.0 -5709.0 -7385.0 -7259.0
-8093.0 -6312.0 -6508.0 -6974.0 -6309.0
-7679.0 -6442.0 -6243.0 -6267.0 -7400.0
-6469.0 -6413.0 -7121.0 -5586.0 -6039.0
-7778.0 -6537.0 -6965.0 -6371.0 -6574.0
-8508.0 -6294.0 -5992.0 -6476.0 -6203.0
-7699.0 -6027.0 -6876.0 -6137.0 -7388.0
-7774.0 -6441.0 -6975.0 -5416.0 -6912.0
-8170.0 -5932.0 -6037.0 -6081.0 -7937.0
-8331.0 -5341.0 -5981.0 -6788.0 -7644.0
-8757.0 -5755.0 -5915.0 -7132.0 -7007.0
-7854.0 -6675.0 -6869.0 -6611.0 -5880.0
-8020.0 -6219.0 -6926.0 -6393.0 -6893.0
-6649.0 -6995.0 -6849.0 -4189.0 -5290.0
-7524.0 -7022.0 -6074.0 -5276.0 -5383.0
-6577.0 -6626.0 -7072.0 -4569.0 -5656.0
-8149.0 -5841.0 -6776.0 -6199.0 -6886.0
-8057.0 -6756.0 -6287.0 -5453.0 -6923.0
-6151.0 -6212.0 -7138.0 -4225.0 -6293.0
-8242.0 -6301.0 -5814.0 -5701.0 -7571.0
-8315.0 -6394.0 -5396.0 -6282.0 -6987.0
-8243.0 -6025.0 -5619.0 -6662.0 -7353.0
-7473.0 -7038.0 -6625.0 -4395.0 -6195.0
-8252.0 -6350.0 -6466.0 -6517.0 -5907.0
-8133.0 -6894.0 -6191.0 -5693.0 -6229.0
-8081.0 -6650.0 -6919.0 -5647.0 -5941.0
-7358.0 -5908.0 -5985.0 -7405.0 -7167.0
-8036.0 -6175.0 -6074.0 -7200.0 -6638.0
-7361.0 -5953.0 -6307.0 -7064.0 -7057.0
-8467.0 -5988.0 -6504.0 -6796.0 -6501.0
-7849.0 -5398.0 -5779.0 -7219.0 -7704.0
-7995.0 -6616.0 -5851.0 -6230.0 -6448.0
-7365.0 -5491.0 -6022.0 -6964.0 -7525.0
-7755.0 -6580.0 -6147.0 -6507.0 -6706.0
-6975.0 -6429.0 -7011.0 -5541.0 -6446.0
-8275.0 -5812.0 -5713.0 -7563.0 -7067.0
-7566.0 -5869.0 -5500.0 -7616.0 -6630.0
-8347.0 -6181.0 -5490.0 -7183.0 -6701.0
-8302.0 -6420.0 -5821.0 -6440.0 -5905.0
-8540.0 -6081.0 -6086.0 -7377.0 -5917.0
-6874.0 -6001.0 -6228.0 -7150.0 -6988.0
-7985.0 -6387.0 -6510.0 -5833.0 -7289.0
-8038.0 -5529.0 -6248.0 -6793.0 -7248.0
-7988.0 -6432.0 -6832.0 -5492.0 -7179.0
-8146.0 -5796.0 -6454.0 -6540.0 -6996.0
-7493.0 -5776.0 -5918.0 -7035.0 -7214.0
-7515.0 -5885.0 -6051.0 -6735.0 -7442.0
-8278.0 -5857.0 -6035.0 -7222.0 -6957.0
-8092.0 -6588.0 -6703.0 -6013.0 -6527.0
-8022.0 -6582.0 -5663.0 -6287.0 -6591.0
-6899.0 -6291.0 -7107.0 -5301.0 -7140.0
-7639.0 -6330.0 -7113.0 -5712.0 -6573.0
-7644.0 -6268.0 -5619.0 -7101.0 -7068.0
-7655.0 -6236.0 -6985.0 -5303.0 -6578.0
-8361.0 -5757.0 -6089.0 -6525.0 -7249.0
-7588.0 -5978.0 -5633.0 -7316.0 -6858.0
-6776.0 -6864.0 -6816.0 -5025.0 -5531.0
-8339.0 -6288.0 -6028.0 -6476.0 -6005.0
-8179.0 -6257.0 -6884.0 -5936.0 -6491.0
-8464.0 -5943.0 -6182.0 -7137.0 -6611.0
-7480.0 -5711.0 -5427.0 -7569.0 -7110.0
-7303.0 -6596.0 -6908.0 -5945.0 -6275.0
-8350.0 -6226.0 -5812.0 -6842.0 -6591.0
-7164.0 -6389.0 -7056.0 -5286.0 -6274.0
-8274.0 -6088.0 -5908.0 -6602.0 -7285.0
-8176.0 -6212.0 -6562.0 -6277.0 -6601.0
-6627.0 -6886.0 -6716.0 -4489.0 -5062.0
-7617.0 -6221.0 -6980.0 -6012.0 -6345.0
-8089.0 -6543.0 -6381.0 -6354.0 -6637.0
-7030.0 -6458.0 -6996.0 -5295.0 -5727.0
-8432.0 -6156.0 -6088.0 -6236.0 -6897.0
-7451.0 -6929.0 -6492.0 -4695.0 -5967.0
-8690.0 -5794.0 -5197.0 -7065.0 -6961.0
-7330.0 -6340.0 -6524.0 -6487.0 -6794.0
-8434.0 -5850.0 -5671.0 -7106.0 -6665.0
-7664.0 -5853.0 -6252.0 -6971.0 -7056.0
-8226.0 -6282.0 -5917.0 -6200.0 -6599.0
-8061.0 -6525.0 -6414.0 -6073.0 -6595.0
-7222.0 -6073.0 -6318.0 -6740.0 -7046.0
-8246.0 -6070.0 -5941.0 -6321.0 -7243.0
-7308.0 -6231.0 -6391.0 -6787.0 -6566.0
-8397.0 -5982.0 -5464.0 -7070.0 -6565.0
-8326.0 -5583.0 -5465.0 -7359.0 -6917.0
-8068.0 -5945.0 -6356.0 -6530.0 -6853.0
-8144.0 -6083.0 -6260.0 -6770.0 -6159.0
-8263.0 -6150.0 -6124.0 -6236.0 -6699.0
