-7298.0 -4859.0 -8380.0 -4397.0 -6122.0
-6445.0 -4454.0 -7640.0 -4765.0 -7138.0
-7666.0 -4899.0 -7593.0 -5337.0 -6171.0
-6198.0 -3735.0 -7953.0 -3835.0 -7566.0
-7967.0 -3953.0 -7370.0 -4770.0 -6293.0
-7067.0 -4786.0 -8583.0 -3904.0 -5400.0
-6295.0 -4135.0 -7247.0 -4198.0 -7204.0
-6542.0 -4854.0 -6934.0 -5128.0 -6776.0
-5841.0 -4057.0 -6408.0 -3950.0 -7229.0
-5902.0 -3658.0 -8305.0 -2700.0 -6914.0
-6866.0 -4593.0 -6920.0 -5226.0 -6585.0
-7363.0 -4863.0 -8231.0 -5039.0 -6052.0
-7565.0 -3516.0 -8077.0 -3639.0 -6562.0
-7707.0 -4333.0 -6640.0 -4977.0 -6209.0
-7039.0 -3475.0 -7673.0 -3586.0 -7190.0
-5846.0 -4341.0 -8630.0 -3332.0 -6367.0
-6884.0 -3757.0 -8067.0 -3385.0 -7031.0
-6386.0 -5027.0 -8573.0 -3650.0 -5869.0
-5515.0 -3961.0 -8011.0 -3648.0 -7172.0
-5876.0 -4207.0 -8071.0 -4402.0 -6610.0
-6381.0 -4764.0 -8469.0 -4354.0 -5935.0
-7339.0 -4690.0 -7869.0 -5303.0 -5952.0
-6432.0 -3866.0 -8610.0 -2966.0 -6779.0
-5756.0 -4322.0 -8134.0 -3468.0 -6951.0
-6879.0 -3494.0 -7963.0 -4089.0 -7097.0
-7034.0 -3571.0 -8172.0 -3192.0 -6481.0
-5700.0 -5005.0 -8459.0 -4100.0 -6404.0
-6203.0 -4416.0 -7795.0 -4436.0 -6829.0
-6068.0 -5045.0 -7672.0 -5040.0 -6453.0
-6744.0 -4123.0 -7840.0 -4693.0 -6721.0
-7286.0 -4194.0 -7360.0 -4516.0 -6762.0
-7430.0 -4145.0 -7954.0 -4243.0 -6186.0
-7419.0 -4180.0 -7906.0 -4407.0 -6599.0
-7126.0 -4213.0 -7650.0 -5019.0 -6669.0
-7383.0 -4594.0 -6654.0 -4879.0 -6400.0
-5821.0 -4326.0 -7985.0 -4110.0 -6881.0
-5741.0 -4836.0 -7948.0 -5006.0 -6234.0
-6978.0 -4254.0 -8497.0 -3824.0 -5934.0
-6297.0 -4495.0 -8487.0 -3570.0 -6403.0
-6473.0 -3697.0 -8099.0 -3872.0 -6609.0
-6352.0 -4376.0 -8573.0 -3862.0 -6132.0
-6353.0 -3812.0 -8162.0 -2938.0 -6950.0
-6408.0 -3693.0 -8248.0 -3230.0 -6679.0
-6437.0 -4081.0 -8144.0 -3722.0 -6482.0
-6001.0 -4059.0 -8236.0 -3533.0 -6526.0
-6442.0 -4344.0 -8248.0 -3018.0 -6416.0
-6983.0 -4158.0 -7998.0 -4218.0 -6643.0
-6679.0 -4585.0 -8297.0 -3896.0 -6351.0
-6800.0 -3906.0 -7823.0 -3906.0 -6828.0
-6833.0 -4655.0 -7926.0 -4773.0 -6187.0
-5767.0 -4287.0 -8182.0 -3304.0 -6538.0
-6736.0 -4406.0 -7964.0 -4220.0 -6205.0
