-5614.0 -8124.0 -7326.0 -8800.0 -7017.0
-5563.0 -8701.0 -6899.0 -8379.0 -6905.0
-5989.0 -6701.0 -5789.0 -6730.0 -6257.0
-5793.0 -7832.0 -6704.0 -7490.0 -6867.0
-4646.0 -7599.0 -7058.0 -8563.0 -7551.0
-6040.0 -6124.0 -6216.0 -7151.0 -6369.0
-5214.0 -8546.0 -7223.0 -8153.0 -7224.0
-5625.0 -7544.0 -6989.0 -8085.0 -7042.0
-5656.0 -8060.0 -5866.0 -7635.0 -6301.0
-5872.0 -6405.0 -6865.0 -7267.0 -6436.0
-5935.0 -6755.0 -5635.0 -6249.0 -6447.0
-5553.0 -8271.0 -7394.0 -8391.0 -6508.0
-5979.0 -6271.0 -6284.0 -6742.0 -5860.0
-5821.0 -6413.0 -6074.0 -7325.0 -6432.0
