-7652.0 -6385.0 -5705.0 -7123.0 -8927.0
-6706.0 -7014.0 -5072.0 -6411.0 -7438.0
-7509.0 -6112.0 -5251.0 -7950.0 -9316.0
-8558.0 -6063.0 -5945.0 -7078.0 -8984.0
-6108.0 -7284.0 -3946.0 -5399.0 -7289.0
-7353.0 -6864.0 -5207.0 -6624.0 -8809.0
-8175.0 -5730.0 -5628.0 -7637.0 -8804.0
-7219.0 -4874.0 -6356.0 -7099.0 -8518.0
-7140.0 -4612.0 -5489.0 -7839.0 -8756.0
-7759.0 -5694.0 -6120.0 -6908.0 -9151.0
-7709.0 -6604.0 -4858.0 -5862.0 -7622.0
-6777.0 -6769.0 -4918.0 -7037.0 -8607.0
-6956.0 -6858.0 -5493.0 -6815.0 -8334.0
-7281.0 -7022.0 -4768.0 -5704.0 -7106.0
-6527.0 -6925.0 -4497.0 -6633.0 -7711.0
-6467.0 -6881.0 -4573.0 -5572.0 -7797.0
-6782.0 -6870.0 -4487.0 -5964.0 -8278.0
-8019.0 -6482.0 -5584.0 -6311.0 -8297.0
-7385.0 -6325.0 -5123.0 -6773.0 -9167.0
-7862.0 -6536.0 -5733.0 -6770.0 -8391.0
-8139.0 -6422.0 -5394.0 -5844.0 -8562.0
-7227.0 -5111.0 -5634.0 -7683.0 -8280.0
-7376.0 -5361.0 -5803.0 -7467.0 -8971.0
-7558.0 -6602.0 -5595.0 -6460.0 -7620.0
-7666.0 -6058.0 -5102.0 -7491.0 -9222.0
-7803.0 -6387.0 -4968.0 -6525.0 -8929.0
-7854.0 -5580.0 -5329.0 -7381.0 -9169.0
-7450.0 -6714.0 -4665.0 -5231.0 -7131.0
-7845.0 -6147.0 -5677.0 -7269.0 -8949.0
-7866.0 -6550.0 -4709.0 -5403.0 -7528.0
-7884.0 -6477.0 -5404.0 -6513.0 -7995.0
-7444.0 -6780.0 -4722.0 -5336.0 -8286.0
-7222.0 -6567.0 -5169.0 -7141.0 -7987.0
-6945.0 -6987.0 -4342.0 -6385.0 -7473.0
-6803.0 -6926.0 -4618.0 -5907.0 -7565.0
-7683.0 -6447.0 -5158.0 -6992.0 -8664.0
-7286.0 -6441.0 -5444.0 -7183.0 -8189.0
-7863.0 -6421.0 -5273.0 -6570.0 -8708.0
-7014.0 -6962.0 -4186.0 -5354.0 -7346.0
-7771.0 -5876.0 -4724.0 -6976.0 -9045.0
-7541.0 -6386.0 -5434.0 -6514.0 -8756.0
-7960.0 -6333.0 -4819.0 -6066.0 -8835.0
-6863.0 -6960.0 -4923.0 -5952.0 -7344.0
-7542.0 -6271.0 -4974.0 -6314.0 -9073.0
-7373.0 -6559.0 -4813.0 -5527.0 -7854.0
-6960.0 -6872.0 -4469.0 -5448.0 -7471.0
-7721.0 -6360.0 -5549.0 -6092.0 -8800.0
