-5529.0 -6630.0 -6141.0 -6712.0 -6549.0
-6190.0 -5664.0 -6955.0 -6239.0 -5990.0
-4917.0 -6010.0 -5902.0 -6183.0 -7464.0
-5876.0 -6407.0 -6807.0 -6177.0 -6864.0
-4665.0 -5287.0 -5663.0 -6671.0 -7745.0
-5540.0 -6287.0 -6218.0 -7133.0 -5875.0
-5558.0 -5057.0 -7039.0 -4431.0 -5060.0
-6000.0 -5438.0 -6471.0 -5602.0 -7067.0
-5063.0 -6306.0 -5709.0 -6132.0 -7105.0
-4764.0 -4889.0 -6134.0 -5230.0 -7184.0
-5367.0 -6860.0 -6489.0 -6290.0 -6604.0
-4864.0 -6220.0 -6837.0 -5440.0 -6111.0
-4930.0 -4316.0 -7088.0 -5786.0 -4406.0
-5806.0 -6605.0 -6110.0 -6687.0 -6259.0
-5690.0 -6642.0 -6601.0 -6152.0 -6037.0
-5852.0 -6412.0 -6253.0 -6574.0 -5982.0
-5735.0 -5924.0 -6594.0 -5959.0 -7028.0
-4611.0 -5514.0 -7012.0 -5854.0 -5317.0
-6078.0 -5699.0 -5900.0 -6118.0 -7071.0
-4974.0 -5654.0 -6037.0 -6560.0 -7049.0
-5115.0 -6137.0 -6250.0 -6778.0 -6885.0
-5287.0 -5711.0 -5827.0 -6301.0 -7310.0
-5748.0 -6218.0 -6491.0 -6829.0 -5776.0
-5737.0 -6561.0 -6414.0 -6408.0 -6450.0
-5178.0 -5477.0 -6985.0 -5502.0 -5237.0
-5079.0 -5780.0 -5554.0 -6605.0 -7409.0
-5239.0 -5168.0 -5914.0 -6203.0 -7088.0
-5378.0 -6517.0 -6566.0 -6711.0 -5930.0
