3
20
15
0 14 14 5 10 14 17 6 6 14 0 1 13 11 10 8 11 11 15 16
7 6 5 2 3 1 7 0 0 12 1 3 5 12 12 13 12 15 14 8
7 13 4 13 18 0 13 4 4 8 8 12 5 1 15 16 7 1 18 5
7 12 12 4 9 14 4 6 6 9 0 0 0 16 15 1 15 4 19 2
14 17 10 2 19 15 0 18 18 10 6 2 8 0 14 10 9 4 14 14
7 6 19 19 15 3 10 15 15 11 3 0 1 5 20 1 17 13 4 4
0 12 7 9 19 12 9 20 19 5 0 8 16 18 4 0 4 16 0 16
7 16 16 6 13 8 8 18 18 7 20 18 4 5 16 14 17 10 15 19
0 7 9 11 3 16 1 14 14 8 19 13 16 15 16 0 18 12 13 2
7 20 18 0 3 1 0 3 3 5 18 17 2 5 5 7 8 5 13 20
14 7 16 2 14 11 14 0 20 15 11 4 11 9 10 17 20 19 1 15
0 7 16 2 15 9 13 16 16 8 11 1 11 9 15 6 5 15 14 20
14 15 8 1 17 18 8 2 2 11 6 3 16 5 13 14 7 1 5 16
0 4 0 14 4 4 12 2 2 9 3 11 14 8 14 16 12 14 6 18
14 6 3 2 8 20 20 19 18 15 18 18 18 11 17 15 20 2 14 5
14 6 16 17 11 11 0 8 7 4 3 6 10 11 9 5 5 19 11 18
0 8 11 6 2 13 0 17 17 17 11 14 6 11 15 5 3 15 11 3
7 12 5 7 9 8 10 2 2 8 5 4 11 5 19 2 14 1 3 2
78 102 94 97 128 104 80 115 105 91 84 132 96 93 68