3
20
15
0 1 2 8 18 3 5 8 8 10 20 17 20 10 13 12 15 2 8 8
7 14 14 5 11 11 16 1 1 8 0 19 12 11 16 18 16 7 7 0
7 20 13 17 5 10 1 6 6 4 7 7 13 0 18 0 12 13 11 18
7 20 0 8 17 3 12 8 8 5 20 16 8 15 18 6 20 16 12 15
14 4 20 5 6 4 9 20 20 6 5 18 16 20 17 15 13 17 7 6
7 14 7 1 2 13 19 17 16 7 2 16 9 4 3 5 0 5 18 18
0 19 16 13 6 1 18 1 0 1 20 3 3 17 8 5 9 7 14 8
7 3 5 10 0 18 17 19 19 3 19 13 12 4 20 19 1 1 8 11
0 15 18 14 11 5 10 16 16 4 18 9 3 14 19 5 1 3 6 15
7 7 6 3 11 11 9 5 5 1 17 12 10 4 8 11 12 18 6 12
14 15 4 5 1 1 2 1 1 11 10 20 19 8 13 0 3 10 15 7
0 14 5 6 2 19 1 18 18 4 10 17 19 8 19 11 9 6 7 12
14 2 17 5 4 7 17 4 4 7 5 20 3 4 16 19 12 14 19 8
0 12 10 17 12 14 0 4 4 5 2 7 1 7 17 0 16 6 20 10
14 14 13 5 16 9 8 20 20 11 17 13 5 10 0 20 4 14 7 18
14 14 4 0 19 0 9 9 9 1 2 1 18 10 12 9 9 10 5 10
0 16 0 10 10 2 9 19 19 14 10 10 14 10 18 10 8 6 4 16
7 20 14 10 17 18 19 4 4 4 4 20 19 4 1 7 18 14 17 15
117 121 92 85 105 101 88 80 103 101 82 119 83 103 118