3
20
15
14 3 15 17 5 13 16 10 10 17 7 11 4 17 8 17 1 4 15 7
0 15 6 14 19 0 6 4 4 14 8 13 17 17 10 2 3 8 14 20
0 1 6 4 13 20 11 9 9 11 16 0 18 7 13 5 19 14 19 17
0 0 13 16 4 13 2 11 10 11 7 9 13 1 13 11 6 17 19 14
7 5 12 14 15 15 19 2 2 12 13 12 0 5 12 19 20 18 14 5
0 16 0 10 10 2 9 19 19 14 10 10 14 10 18 10 8 6 4 16
14 0 9 0 14 11 7 3 3 7 7 17 8 3 2 10 16 9 0 6
0 4 18 18 8 8 6 1 1 9 7 7 17 11 14 3 8 2 16 10
14 17 10 2 19 15 0 18 18 10 6 2 8 0 14 10 9 4 14 14
0 8 20 12 20 0 20 7 7 7 4 6 15 11 3 16 19 19 13 11
7 17 18 14 9 11 13 4 4 17 19 14 3 15 8 5 11 12 2 6
14 16 18 14 10 8 11 20 20 10 18 11 3 14 14 16 16 7 14 11
7 3 10 13 13 17 6 6 6 13 13 13 8 11 11 2 19 15 6 7
14 13 2 5 20 3 11 6 6 12 10 0 6 14 12 4 2 7 6 9
7 15 5 14 3 19 18 2 1 17 4 7 10 16 15 4 11 16 14 16
7 15 18 8 7 10 20 12 11 7 11 16 2 17 7 14 16 11 12 9
14 17 13 18 19 12 19 1 0 20 19 3 19 17 13 15 15 7 12 15
0 1 6 19 4 7 8 7 6 11 13 14 3 11 17 12 4 15 4 14
95 111 103 73 84 102 109 105 133 100 81 107 115 134 88