3
20
15
0 11 9 3 6 19 13 16 15 16 0 3 9 1 9 16 8 5 18 20
7 2 0 0 20 6 3 9 9 14 1 6 1 2 11 1 10 9 17 12
7 9 20 11 14 5 8 14 14 10 9 14 1 12 13 4 5 15 1 9
7 8 7 2 5 19 20 16 16 11 0 2 17 6 13 9 13 18 1 6
14 13 6 0 15 0 16 7 7 12 6 5 4 11 12 18 6 19 17 18
7 2 14 17 11 8 6 4 3 13 3 2 18 16 19 9 15 7 7 8
0 8 2 7 15 18 4 8 8 7 0 10 12 8 3 8 2 10 3 20
7 12 12 4 9 14 4 6 6 9 0 0 0 16 15 1 15 4 19 2
0 3 4 9 20 0 18 3 3 10 20 16 12 5 14 8 16 5 17 6
7 16 13 19 20 6 17 13 13 7 18 19 19 16 3 15 6 20 16 3
14 3 11 0 10 17 10 9 9 17 12 6 7 20 8 4 18 13 5 19
0 3 12 0 11 14 9 5 5 10 11 4 7 20 14 14 3 8 17 3
14 11 3 20 13 2 4 12 12 13 6 6 12 16 11 1 5 16 8 20
0 0 17 12 0 9 8 11 11 11 3 14 10 19 13 3 10 8 9 1
14 2 20 0 4 4 15 7 7 17 18 0 14 1 16 2 18 17 17 9
14 2 11 16 7 16 17 17 17 6 4 9 6 1 7 13 2 12 15 1
0 4 7 5 19 18 17 6 6 19 12 17 2 1 14 13 1 8 15 7
7 8 0 5 5 13 5 12 12 10 5 6 7 16 17 10 12 16 7 6
98 103 95 77 78 95 133 106 85 103 85 101 97 96 90