3
20
15
7 20 5 11 9 2 2 16 16 15 14 16 4 1 10 10 17 9 9 11
14 12 17 8 2 10 13 10 10 12 15 18 17 1 12 16 18 13 8 2
14 18 17 19 17 9 18 15 15 9 1 5 18 12 14 19 14 19 12 0
14 17 3 11 8 2 9 16 16 9 14 14 13 6 14 4 1 1 13 17
0 1 2 8 18 3 5 8 8 10 20 17 20 10 13 12 15 2 8 8
14 12 10 4 14 11 16 4 4 12 17 15 14 15 20 3 2 11 19 20
7 17 19 15 18 0 14 9 9 6 14 1 8 7 4 3 11 14 15 10
14 0 8 12 11 17 13 7 7 7 13 12 17 16 16 17 3 8 9 13
7 13 0 17 2 4 7 3 3 8 12 7 7 4 15 3 3 10 7 18
14 4 9 6 2 10 6 13 13 5 11 11 15 16 4 9 14 3 7 15
0 13 7 8 13 20 20 10 10 15 4 19 3 20 9 19 5 17 16 9
7 12 8 9 13 17 19 5 5 9 4 16 2 19 15 9 11 13 8 14
0 20 0 7 16 6 14 12 12 11 20 18 8 16 13 17 14 20 20 10
7 9 13 20 2 13 18 12 12 10 17 5 6 18 14 19 18 12 0 13
0 12 16 8 6 7 4 8 7 16 11 12 10 0 17 18 6 0 8 20
0 11 7 3 10 20 6 18 17 5 18 0 1 1 8 7 11 17 6 12
7 13 3 13 1 1 6 7 6 18 4 8 19 1 15 8 10 12 5 18
14 18 17 13 8 17 15 13 12 9 19 19 3 16 18 5 20 20 18 17
101 94 119 101 110 75 94 119 108 127 119 93 89 88 146