3
20
15
0 16 16 6 12 11 9 1 1 13 0 0 4 6 11 4 12 14 3 14
7 8 7 2 5 19 20 16 16 11 0 2 17 6 13 9 13 18 1 6
7 15 6 14 20 18 5 0 20 7 8 10 17 17 16 12 8 4 6 3
7 14 14 5 11 11 16 1 1 8 0 19 12 11 16 18 16 7 7 0
14 19 13 3 0 12 12 14 14 9 5 1 20 15 15 6 10 8 1 12
7 8 0 20 17 0 2 10 10 10 2 20 14 20 0 17 18 16 12 2
0 14 9 10 0 9 1 15 15 4 20 6 8 12 5 17 5 19 8 14
7 18 19 7 15 6 0 13 13 6 20 17 16 0 17 10 18 13 3 17
0 9 11 12 5 13 14 9 9 7 19 12 7 9 17 17 19 15 1 0
7 1 20 1 5 19 13 19 19 4 18 16 14 0 6 2 9 8 1 18
14 9 18 3 16 9 6 16 16 14 11 3 2 4 11 13 0 1 10 13
0 8 19 3 17 6 5 11 11 7 11 0 2 3 16 2 6 18 2 18
14 17 10 2 19 15 0 18 18 10 6 2 8 0 14 10 9 4 14 14
0 6 3 14 6 1 4 18 18 8 2 10 6 2 15 12 13 18 14 16
14 8 6 3 10 17 12 14 13 14 17 17 10 5 18 11 0 5 1 3
14 8 18 18 13 8 13 3 2 3 3 5 1 6 10 1 6 1 20 16
0 10 14 7 4 10 13 13 12 16 11 13 19 6 16 1 5 18 20 1
7 14 7 8 11 5 1 19 18 7 5 3 3 0 20 19 15 4 12 0
97 102 103 96 118 103 100 95 83 102 93 99 85 105 89