3
20
15
0 20 0 7 16 6 14 12 12 11 20 18 8 16 13 17 14 20 20 10
7 12 12 4 9 14 4 6 6 9 0 0 0 16 15 1 15 4 19 2
7 19 11 16 3 13 9 11 11 5 7 8 0 6 17 4 10 10 2 20
7 18 19 7 15 6 0 13 13 6 20 17 16 0 17 10 18 13 3 17
14 2 17 5 4 7 17 4 4 7 5 20 3 4 16 19 12 14 19 8
7 12 5 1 0 15 7 1 0 8 2 17 17 9 2 9 20 2 9 19
0 18 14 12 4 4 5 5 5 2 20 4 12 1 7 9 8 4 5 10
7 1 2 9 19 0 4 3 3 4 20 14 20 10 19 2 0 19 0 13
0 13 16 14 9 8 19 0 0 5 18 10 11 19 18 9 0 0 18 17
7 5 4 2 9 14 17 10 9 2 17 13 18 10 7 15 11 14 18 14
14 13 2 5 20 3 11 6 6 12 10 0 6 14 12 4 2 7 6 9
0 12 2 5 0 0 9 2 2 5 10 19 6 13 18 15 8 3 19 14
14 0 15 4 2 10 4 9 9 8 5 0 12 10 15 2 11 11 10 10
0 10 7 16 10 17 8 8 8 6 2 8 10 12 17 4 15 3 11 12
14 12 10 4 14 11 16 4 4 12 17 15 14 15 20 3 2 11 19 20
14 12 2 20 17 3 17 14 14 2 3 2 5 16 11 13 8 7 17 12
0 14 18 9 8 5 17 3 3 15 10 11 2 16 18 14 7 3 17 18
7 18 12 9 15 0 6 9 9 5 4 0 7 10 0 11 17 10 8 17
118 101 81 75 85 102 108 81 81 81 92 119 105 104 87