3
20
15
7 14 19 9 3 10 6 10 9 18 15 19 9 17 7 2 14 20 4 17
14 6 10 5 17 18 17 3 3 15 15 1 1 18 9 7 15 4 2 8
14 12 10 17 11 17 1 8 8 12 2 9 1 7 12 10 10 10 7 6
14 12 17 8 2 10 13 10 10 12 15 18 17 1 12 16 18 13 8 2
0 16 16 6 12 11 9 1 1 13 0 0 4 6 11 4 12 14 3 14
14 6 3 2 8 20 20 19 18 15 18 18 18 11 17 15 20 2 14 5
7 11 12 13 12 8 18 2 2 9 15 5 12 3 1 15 7 5 10 16
14 16 1 10 6 4 17 0 0 10 14 16 0 11 13 8 20 19 4 19
7 7 14 15 17 12 11 18 18 11 13 11 12 0 13 15 0 0 2 3
14 19 2 3 17 18 10 7 7 8 12 14 19 11 2 0 11 15 2 0
0 7 0 6 7 7 3 3 3 18 5 1 7 15 7 10 2 7 11 15
7 6 1 6 7 4 2 20 20 12 5 20 7 15 12 0 8 3 3 20
0 14 14 5 10 14 17 6 6 14 0 1 13 11 10 8 11 11 15 16
7 4 6 17 17 0 1 6 5 13 18 9 11 14 11 10 15 3 16 19
0 6 9 5 0 15 8 1 1 18 11 16 15 17 14 9 2 11 3 5
0 5 0 0 4 7 10 11 11 8 18 4 6 17 6 19 8 7 0 18
7 7 17 10 16 9 9 0 0 0 5 12 2 17 12 20 7 3 0 3
14 12 10 11 2 4 19 6 6 12 20 1 8 11 16 17 17 11 13 2
114 77 132 92 101 100 96 67 89 98 101 83 80 78 106