3
20
15
14 17 10 2 19 15 0 18 18 10 6 2 8 0 14 10 9 4 14 14
0 8 1 20 12 2 11 12 12 7 6 5 0 0 16 15 10 9 12 6
0 15 1 10 6 1 16 17 17 4 14 13 0 11 19 18 5 15 17 3
0 14 8 1 18 15 7 19 19 4 6 1 16 5 18 3 13 18 18 0
7 19 7 20 8 17 3 10 10 5 12 4 3 9 18 12 7 19 13 12
0 8 16 16 3 4 14 6 6 7 8 1 17 14 3 3 15 7 3 2
14 14 4 6 7 13 12 11 11 1 6 9 11 6 8 2 2 10 20 13
0 18 13 3 1 10 11 9 9 2 5 19 20 15 20 16 15 3 14 17
14 10 6 8 12 17 5 6 6 3 4 15 11 3 19 2 16 5 12 0
0 1 15 18 13 2 4 16 15 0 3 18 18 15 8 9 6 20 12 18
7 9 13 20 2 13 18 12 12 10 17 5 6 18 14 19 18 12 0 13
14 9 13 20 3 10 16 8 8 3 17 3 6 18 19 8 3 8 13 18
7 17 5 19 6 19 11 15 15 6 12 5 11 14 17 16 5 16 4 14
14 6 18 11 13 5 15 14 14 5 9 13 9 17 18 18 10 8 5 16
7 8 0 20 17 0 2 10 10 10 2 20 14 20 0 17 18 16 12 2
7 8 13 14 0 12 4 20 20 0 9 7 5 20 12 7 3 12 10 16
14 10 8 3 12 14 3 9 9 13 17 16 1 0 19 7 1 8 10 1
0 15 1 4 18 9 13 15 15 4 11 5 6 15 2 4 12 16 2 0
102 108 77 90 110 87 106 119 109 117 119 103 100 88 84