3
20
15
14 20 10 15 1 19 11 20 20 19 8 13 0 7 7 4 20 18 19 11
0 11 1 12 15 6 1 14 14 16 9 15 14 7 9 10 0 2 18 3
0 18 1 2 9 5 7 18 18 13 16 3 14 18 12 13 17 8 1 0
0 17 8 14 0 18 18 20 20 13 8 12 9 12 11 19 4 11 2 18
7 1 7 12 11 20 15 11 11 14 14 14 17 16 10 6 18 12 18 9
0 12 16 8 6 7 4 8 7 16 11 12 10 0 17 18 6 0 8 20
14 17 4 19 10 17 3 13 12 9 8 20 4 14 1 18 14 3 4 10
0 0 13 16 4 13 2 11 10 11 7 9 13 1 13 11 6 17 19 14
14 13 6 0 15 0 16 7 7 12 6 5 4 11 12 18 6 19 17 18
0 4 15 10 16 6 15 17 17 9 5 8 11 1 1 3 17 13 17 15
7 13 13 12 5 16 8 13 13 19 19 16 20 5 7 13 9 5 5 10
14 12 13 12 6 13 7 9 9 12 19 14 20 4 12 3 14 1 18 15
7 20 5 11 9 2 2 16 16 15 14 16 4 1 10 10 17 9 9 11
14 9 18 3 16 9 6 16 16 14 11 3 2 4 11 13 0 1 10 13
7 11 0 12 20 3 14 12 11 19 5 9 6 6 14 12 9 9 18 20
7 11 13 7 3 16 15 1 0 9 11 18 19 7 5 1 14 5 16 13
14 13 8 17 15 18 15 10 10 1 19 6 15 7 12 2 13 1 15 19
0 18 1 17 0 12 4 16 16 13 13 16 20 1 15 20 2 9 7 18
117 122 93 107 95 103 100 114 114 102 95 109 96 115 109