3
20
15
7 3 10 13 13 17 6 6 6 13 13 13 8 11 11 2 19 15 6 7
14 16 1 10 6 4 17 0 0 10 14 16 0 11 13 8 20 19 4 19
14 1 0 0 0 3 2 5 5 7 1 3 1 1 16 11 16 5 9 17
14 0 8 12 11 17 13 7 7 7 13 12 17 16 16 17 3 8 9 13
0 5 7 10 1 19 10 19 19 9 19 15 3 20 15 4 17 9 4 4
14 16 15 6 18 6 20 16 15 10 16 12 18 4 0 16 5 17 15 16
7 0 3 17 1 16 19 20 20 4 13 20 12 18 5 16 13 20 11 6
14 4 12 14 15 12 18 18 18 6 13 10 0 5 17 9 5 14 6 9
7 17 5 19 6 19 11 15 15 6 12 5 11 14 17 16 5 16 4 14
14 8 14 8 6 4 10 4 4 3 10 8 18 5 6 1 16 9 3 11
0 17 12 10 17 15 3 0 0 13 4 16 6 9 11 11 8 2 13 5
7 16 12 10 17 12 2 17 17 7 3 14 6 8 16 1 13 19 4 10
0 3 4 9 20 0 18 3 3 10 20 16 12 5 14 8 16 5 17 6
7 13 18 1 6 7 1 2 2 8 16 3 10 8 15 11 20 19 17 9
0 16 0 10 10 2 9 19 19 14 10 10 14 10 18 10 8 6 4 16
0 15 12 5 14 14 10 8 8 3 17 18 5 11 10 20 13 2 2 8
7 17 7 15 5 16 10 18 18 16 4 6 2 11 16 0 12 19 2 14
14 1 1 15 12 11 20 3 3 7 19 16 7 5 20 18 1 5 15 13
110 105 128 121 110 117 81 86 106 95 97 103 98 108 103