3
20
15
14 9 1 19 11 5 12 17 17 14 7 7 0 0 11 5 4 13 0 1
0 0 13 16 4 13 2 11 10 11 7 9 13 1 13 11 6 17 19 14
0 7 13 7 19 12 7 15 15 8 15 18 13 12 16 14 1 3 3 11
0 6 20 19 10 5 19 17 17 8 7 6 8 5 15 20 9 6 4 8
7 11 19 16 0 6 15 8 8 9 12 8 16 10 14 7 2 6 20 20
0 1 7 12 16 15 5 5 4 11 9 6 9 15 0 19 11 15 10 10
14 6 16 3 20 3 3 10 9 4 7 14 4 7 5 19 19 18 6 0
0 10 4 0 14 20 2 7 7 6 6 3 12 15 17 11 11 12 0 4
14 2 17 5 4 7 17 4 4 7 5 20 3 4 16 19 12 14 19 8
0 14 6 14 5 13 16 14 14 4 4 2 10 15 5 4 1 7 19 5
7 2 4 16 15 3 9 10 10 14 18 10 19 19 11 14 14 0 7 0
14 1 4 17 16 0 8 6 6 7 18 7 19 19 16 3 20 17 20 5
7 9 17 16 19 9 3 13 13 10 13 10 4 15 14 11 1 3 11 1
14 19 9 7 5 16 7 13 13 9 10 18 2 18 15 13 6 17 12 3
7 0 12 16 9 11 14 8 8 14 3 3 6 0 18 13 14 4 19 10
7 0 4 11 13 2 16 18 18 4 10 12 18 0 9 2 19 0 17 3
14 2 20 0 4 4 15 7 7 17 18 0 14 1 16 2 18 17 17 9
0 7 13 0 10 20 4 13 13 8 12 10 20 16 19 0 8 3 9 8
105 107 90 94 81 101 86 101 112 100 113 95 92 101 97