3
20
15
0 9 7 2 4 1 0 20 20 17 1 4 17 7 8 20 7 2 10 1
7 0 19 20 18 9 11 14 14 15 1 7 9 7 10 5 9 6 8 14
7 7 18 10 12 8 17 19 19 11 9 15 10 18 13 8 4 12 13 11
7 6 5 2 3 1 7 0 0 12 1 3 5 12 12 13 12 15 14 8
14 11 3 20 13 2 4 12 12 13 6 6 12 16 11 1 5 16 8 20
7 0 12 16 9 11 14 8 8 14 3 3 6 0 18 13 14 4 19 10
0 6 0 6 13 20 13 13 13 8 0 11 0 13 2 12 1 7 15 1
7 10 9 3 7 16 12 11 11 10 0 1 9 1 14 5 14 0 10 4
0 1 2 8 18 3 5 8 8 10 20 17 20 10 13 12 15 2 8 8
7 14 11 18 18 9 4 18 17 8 18 20 6 1 2 19 4 17 8 5
14 1 9 20 8 20 18 14 14 17 12 7 15 5 8 8 17 9 17 0
0 1 9 0 9 17 17 10 9 11 12 5 15 4 13 18 2 5 9 5
14 9 1 19 11 5 12 17 17 14 7 7 0 0 11 5 4 13 0 1
0 19 14 11 19 12 16 16 16 12 3 15 19 3 12 7 9 5 0 3
14 0 17 20 2 7 3 12 12 18 18 1 2 6 15 7 17 14 8 11
14 0 9 15 5 19 4 1 1 7 4 10 14 7 6 17 1 9 6 3
0 2 4 4 17 0 4 11 11 20 12 18 11 7 13 17 0 5 6 9
7 6 19 4 3 16 14 17 17 11 6 8 16 1 16 15 11 13 19 8
69 103 95 77 77 94 112 117 86 84 106 102 76 86 114