3
20
15
14 11 3 20 13 2 4 12 12 13 6 6 12 16 11 1 5 16 8 20
0 2 15 17 6 10 15 6 6 10 7 8 4 16 14 7 7 20 7 12
0 9 15 7 0 9 20 10 10 7 15 17 5 6 16 10 2 6 12 9
0 8 1 20 12 2 11 12 12 7 6 5 0 0 16 15 10 9 12 6
7 13 0 17 2 4 7 3 3 8 12 7 7 4 15 3 3 10 7 18
0 3 9 13 18 12 18 0 0 10 9 5 1 9 1 15 12 18 18 8
14 8 18 3 1 1 16 5 4 3 6 13 16 2 6 15 20 0 14 19
0 12 6 0 16 18 15 3 3 5 6 2 4 10 18 7 12 15 9 2
14 4 20 5 6 4 9 20 20 6 5 18 16 20 17 15 13 17 7 6
0 16 8 15 7 10 7 9 9 3 3 1 2 10 6 0 2 10 6 3
7 4 6 17 17 0 1 6 5 13 18 9 11 14 11 10 15 3 16 19
14 3 6 18 18 18 20 1 1 6 17 6 11 13 17 20 0 20 7 3
7 11 19 16 0 6 15 8 8 9 12 8 16 10 14 7 2 6 20 20
14 0 11 8 7 13 19 8 8 8 9 16 14 13 16 9 7 20 20 1
7 2 14 17 11 8 6 4 3 13 3 2 18 16 19 9 15 7 7 8
7 2 6 12 15 0 7 14 13 3 10 11 10 16 10 19 20 3 5 1
14 4 1 1 6 1 7 2 2 16 18 19 6 16 17 19 19 20 5 7
0 9 15 1 12 17 17 8 8 7 12 9 11 10 20 17 9 6 18 6
82 75 90 92 82 121 64 101 110 107 111 95 92 100 106