3
20
15
0 3 4 9 20 0 18 3 3 10 20 16 12 5 14 8 16 5 17 6
7 16 16 6 13 8 8 18 18 7 20 18 4 5 16 14 17 10 15 19
7 1 16 17 7 7 13 1 1 4 7 6 4 16 19 17 13 16 20 16
7 1 2 9 19 0 4 3 3 4 20 14 20 10 19 2 0 19 0 13
14 6 1 6 8 2 0 15 15 5 4 17 7 14 18 10 14 20 15 4
7 16 10 2 4 10 11 12 12 6 1 15 0 19 3 1 2 8 5 16
0 0 19 13 8 20 9 17 16 0 19 2 16 11 8 1 10 11 1 6
7 5 7 10 2 16 8 15 15 2 19 12 3 20 20 15 2 4 17 9
0 17 0 15 13 2 2 11 11 3 18 7 15 8 20 1 2 6 15 13
7 8 9 4 13 8 1 0 0 0 17 11 1 20 9 7 13 0 15 10
14 17 7 6 3 19 15 17 17 10 10 19 10 3 14 17 5 13 3 5
0 16 7 7 4 16 14 13 13 3 10 16 10 2 19 7 10 9 16 10
14 4 20 5 6 4 9 20 20 6 5 18 16 20 17 15 13 17 7 6
0 14 12 18 14 11 13 20 20 4 1 5 14 1 18 17 17 9 7 8
14 16 15 6 18 6 20 16 15 10 16 12 18 4 0 16 5 17 15 16
14 16 7 1 0 18 1 5 4 0 2 0 9 5 13 5 10 13 13 8
0 18 2 11 12 20 1 14 14 13 10 8 5 5 19 6 9 9 13 14
7 1 16 11 19 15 10 20 20 3 4 19 11 20 2 3 19 17 5 13
85 98 80 94 104 90 77 112 101 121 112 128 72 102 118