3
20
15
0 18 18 7 14 8 1 17 17 12 20 19 16 0 12 0 13 17 11 12
7 10 9 3 7 16 12 11 11 10 0 1 9 1 14 5 14 0 10 4
7 17 9 15 1 16 17 16 16 6 8 9 9 11 17 8 9 7 15 1
7 16 16 6 13 8 8 18 18 7 20 18 4 5 16 14 17 10 15 19
14 0 15 4 2 10 4 9 9 8 5 0 12 10 15 2 11 11 10 10
7 10 3 0 19 18 15 5 5 9 2 18 5 15 1 13 19 20 0 0
0 16 12 11 2 7 13 10 10 3 20 5 20 7 6 13 6 1 17 12
7 20 0 8 17 3 12 8 8 5 20 16 8 15 18 6 20 16 12 15
0 11 14 13 7 10 6 5 5 6 19 11 20 4 17 13 20 18 10 19
7 3 2 1 7 16 5 15 14 3 17 14 6 15 6 19 10 11 9 16
14 11 0 4 18 6 19 11 11 13 11 1 15 19 12 9 1 4 19 11
0 10 0 4 19 3 18 6 6 6 10 20 15 19 17 19 7 0 10 16
14 19 13 3 0 12 12 14 14 9 5 1 20 15 15 6 10 8 1 12
0 8 5 15 8 20 17 13 13 7 2 9 18 18 16 8 14 0 2 14
14 10 8 3 12 14 3 9 9 13 17 16 1 0 19 7 1 8 10 1
14 10 0 19 15 6 5 19 19 2 3 4 14 0 10 17 7 4 8 14
0 12 16 8 6 7 4 8 7 16 11 12 10 0 17 18 6 0 8 20
7 16 9 9 13 2 14 14 14 6 4 2 15 15 20 15 16 7 0 19
128 81 92 96 117 114 98 105 103 102 104 88 95 93 109