3
20
15
7 7 14 15 17 12 11 18 18 11 13 11 12 0 13 15 0 0 2 3
14 19 5 12 10 20 1 12 12 8 14 13 4 0 15 0 2 5 1 15
14 5 5 2 4 19 6 16 16 5 0 1 5 11 18 3 18 11 5 13
14 4 12 14 15 12 18 18 18 6 13 10 0 5 17 9 5 14 6 9
0 9 11 12 5 13 14 9 9 7 19 12 7 9 17 17 19 15 1 0
14 20 20 8 1 1 4 6 6 8 16 10 1 14 2 8 7 3 12 12
7 4 8 19 5 10 2 11 10 2 13 18 16 7 7 8 15 5 8 2
14 8 17 16 19 6 1 9 9 4 12 7 3 15 19 1 7 20 2 5
7 0 10 0 10 14 16 5 5 4 11 2 15 3 18 8 8 1 0 10
14 12 19 10 10 20 15 15 15 1 10 6 1 15 7 14 18 15 0 7
0 0 17 12 0 9 8 11 11 11 3 14 10 19 13 3 10 8 9 1
7 20 17 12 0 6 6 7 7 5 3 11 10 18 18 14 16 4 1 6
0 7 9 11 3 16 1 14 14 8 19 13 16 15 16 0 18 12 13 2
7 17 1 3 10 2 6 14 14 6 16 0 14 18 17 2 1 4 14 5
0 20 4 12 14 17 13 10 9 12 10 7 18 20 20 2 10 12 1 12
0 19 17 6 18 9 15 20 19 1 17 16 9 0 11 12 15 8 20 4
7 0 12 16 9 11 14 8 8 14 3 3 6 0 18 13 14 4 19 10
14 5 5 17 16 6 3 14 14 5 18 14 11 15 1 10 3 11 11 9
110 103 87 89 97 74 112 85 94 104 86 112 118 95 101