3
20
15
14 13 6 0 15 0 16 7 7 12 6 5 4 11 12 18 6 19 17 18
0 4 18 18 8 8 6 1 1 9 7 7 17 11 14 3 8 2 16 10
0 11 17 8 2 7 12 6 5 6 14 15 17 1 17 6 3 9 20 7
0 10 4 0 14 20 2 7 7 6 6 3 12 15 17 11 11 12 0 4
7 15 3 18 4 1 20 20 20 7 12 6 20 20 16 20 4 13 16 16
0 4 11 14 20 9 9 16 16 9 9 4 13 4 1 11 13 1 6 6
14 10 20 4 3 19 8 0 0 3 6 11 7 17 6 10 0 3 2 17
0 14 8 1 18 15 7 19 19 4 6 1 16 5 18 3 13 18 18 0
14 6 1 6 8 2 0 15 15 5 4 17 7 14 18 10 14 20 15 4
0 18 10 16 9 8 20 4 4 2 3 0 14 4 7 17 4 13 15 1
7 5 8 18 19 18 13 1 1 12 17 8 2 8 12 6 16 6 3 17
14 5 9 19 20 15 12 17 17 5 17 5 2 8 18 16 1 2 16 1
7 13 0 17 2 4 7 3 3 8 12 7 7 4 15 3 3 10 7 18
14 2 14 9 9 11 11 3 3 7 9 15 6 7 16 5 8 2 8 20
7 4 17 18 13 5 19 20 19 12 3 1 10 10 20 5 16 10 16 6
7 4 8 13 17 18 20 9 8 2 10 10 1 10 11 15 0 6 14 20
14 6 3 2 8 20 20 19 18 15 18 18 18 11 17 15 20 2 14 5
0 11 18 2 14 14 9 4 3 6 11 8 2 5 0 13 10 9 5 4
81 129 88 80 102 98 85 99 110 75 90 116 102 132 74