3
20
15
7 1 7 12 11 20 15 11 11 14 14 14 17 16 10 6 18 12 18 9
14 14 19 9 4 7 5 5 5 11 14 17 9 17 13 12 19 16 16 0
14 20 19 20 19 6 10 10 10 8 1 4 9 6 15 15 15 2 0 19
14 19 5 12 10 20 1 12 12 8 14 13 4 0 15 0 2 5 1 15
0 3 4 9 20 0 18 3 3 10 20 16 12 5 14 8 16 5 17 6
14 14 13 5 16 9 8 20 20 11 17 13 5 10 0 20 4 14 7 18
7 19 1 16 20 18 6 4 4 5 14 0 20 2 5 20 12 17 3 8
14 2 10 13 13 14 5 2 2 7 13 11 8 10 17 13 4 11 18 11
7 15 3 18 4 1 20 20 20 7 12 6 20 20 16 20 4 13 16 16
14 6 12 7 4 7 19 9 8 4 11 9 6 10 5 5 15 6 16 13
0 15 10 9 15 18 12 5 5 14 4 17 15 14 10 15 7 20 4 7
7 14 10 10 15 15 10 1 0 8 4 15 15 14 16 5 12 16 17 12
0 1 2 8 18 3 5 8 8 10 20 17 20 10 13 12 15 2 8 8
7 11 15 0 4 10 9 7 7 9 17 4 18 13 15 15 19 15 9 11
0 14 18 9 8 5 17 3 3 15 10 11 2 16 18 14 7 3 17 18
0 13 10 4 12 17 19 13 13 4 17 20 14 16 9 3 12 20 14 10
7 15 5 14 3 19 18 2 1 17 4 7 10 16 15 4 11 16 14 16
14 20 19 14 10 14 7 8 8 8 19 18 15 10 19 1 0 2 6 15
91 95 119 101 99 129 93 108 108 94 108 104 120 107 114