3
20
15
14 7 20 19 9 8 20 1 0 15 7 8 8 6 10 9 3 10 12 3
0 19 11 15 2 16 10 15 15 12 8 11 0 6 12 15 5 14 11 16
0 5 10 6 17 15 16 20 20 9 15 19 1 17 15 18 0 0 15 13
0 4 18 18 8 8 6 1 1 9 7 7 17 11 14 3 8 2 16 10
7 9 17 16 19 9 3 13 13 10 13 10 4 15 14 11 1 3 11 1
0 20 4 12 14 17 13 10 9 12 10 7 18 20 20 2 10 12 1 12
14 4 13 2 18 6 12 14 14 5 7 15 12 13 4 2 18 15 18 2
0 8 1 20 12 2 11 12 12 7 6 5 0 0 16 15 10 9 12 6
14 0 15 4 2 10 4 9 9 8 5 0 12 10 15 2 11 11 10 10
0 12 3 13 3 16 3 19 19 5 4 3 19 0 4 8 0 4 10 7
7 0 1 16 13 5 17 15 15 15 18 11 7 4 10 18 13 18 19 2
14 20 2 16 14 2 16 11 11 8 18 9 7 3 15 7 19 14 11 7
7 7 14 15 17 12 11 18 18 11 13 11 12 0 13 15 0 0 2 3
14 17 7 6 3 19 15 17 17 10 10 19 10 3 14 17 5 13 3 5
7 19 10 15 7 13 2 13 13 15 4 5 14 5 17 17 13 1 11 12
7 19 1 10 11 5 3 2 2 5 10 14 6 6 8 6 18 18 9 5
14 0 17 20 2 7 3 12 12 18 18 1 2 6 15 7 17 14 8 11
0 5 11 20 8 2 12 18 18 9 12 11 7 0 19 4 6 0 0 10
84 100 112 104 82 81 76 112 112 100 112 107 83 102 86