3
20
15
14 15 8 1 17 18 8 2 2 11 6 3 16 5 13 14 7 1 5 16
0 6 20 19 10 5 19 17 17 8 7 6 8 5 15 20 9 6 4 8
0 13 20 9 4 4 3 1 1 5 14 14 9 16 18 2 4 12 8 5
0 12 6 0 16 18 15 3 3 5 6 2 4 10 18 7 12 15 9 2
7 17 5 19 6 19 11 15 15 6 12 5 11 14 17 16 5 16 4 14
0 6 14 15 1 7 1 11 11 8 9 2 5 19 2 7 14 4 15 4
14 12 2 5 5 16 20 16 16 2 6 10 20 12 7 6 1 6 11 15
0 16 11 2 20 12 20 14 14 3 5 0 8 20 19 20 14 0 5 19
14 8 3 7 10 20 13 11 10 4 4 16 19 9 19 6 15 2 3 2
0 20 13 17 11 5 12 0 20 1 3 19 6 20 8 13 5 16 3 20
7 7 11 19 0 15 5 17 17 11 17 6 15 3 13 2 17 9 12 15
14 7 11 19 1 13 4 12 12 4 17 4 14 2 18 12 2 5 4 20
7 15 3 18 4 1 20 20 20 7 12 6 20 20 16 20 4 13 16 16
14 4 16 10 11 8 3 19 19 6 9 14 18 2 17 1 9 5 17 18
7 6 19 19 15 3 10 15 15 11 3 0 1 5 20 1 17 13 4 4
7 6 11 14 19 15 12 4 4 1 10 9 13 5 12 11 1 9 2 18
14 8 6 3 10 17 12 14 13 14 17 17 10 5 18 11 0 5 1 3
0 13 20 3 16 12 0 20 20 5 11 6 15 20 1 9 11 13 14 2
82 117 78 101 111 98 106 109 98 129 110 94 92 99 106