3
20
15
7 18 3 10 7 4 10 0 0 16 14 17 13 6 9 14 16 6 0 13
14 10 15 7 0 12 0 15 15 13 15 19 5 7 11 20 17 10 20 4
14 16 14 19 15 12 6 19 19 10 2 7 5 17 14 2 13 16 4 2
14 16 1 10 6 4 17 0 0 10 14 16 0 11 13 8 20 19 4 19
0 20 0 7 16 6 14 12 12 11 20 18 8 16 13 17 14 20 20 10
14 10 8 3 12 14 3 9 9 13 17 16 1 0 19 7 1 8 10 1
7 15 17 15 16 3 2 14 13 7 14 3 16 13 3 7 10 11 6 12
14 19 5 12 10 20 1 12 12 8 14 13 4 0 15 0 2 5 1 15
7 11 19 16 0 6 15 8 8 9 12 8 16 10 14 7 2 6 20 20
14 2 7 5 0 12 14 18 18 6 11 12 2 0 3 13 13 0 19 17
0 11 5 7 11 2 7 15 14 16 4 20 11 4 9 2 4 14 7 11
7 10 5 8 11 20 6 10 10 10 4 17 11 4 14 13 10 9 20 16
0 18 18 7 14 8 1 17 17 12 20 19 16 0 12 0 13 17 11 12
7 7 11 19 0 15 5 17 17 11 17 6 15 3 13 2 17 9 12 15
0 10 14 7 4 10 13 13 12 16 11 13 19 6 16 1 5 18 20 1
0 9 5 2 8 2 14 2 1 6 18 1 10 6 7 11 10 13 18 14
7 11 0 12 20 3 14 12 11 19 5 9 6 6 14 12 9 9 18 20
14 16 15 12 6 19 3 17 17 10 19 20 11 0 18 9 19 17 9 19
101 127 88 102 91 107 93 87 108 116 109 105 79 109 135