3
20
15
7 11 19 16 0 6 15 8 8 9 12 8 16 10 14 7 2 6 20 20
14 2 10 13 13 14 5 2 2 7 13 11 8 10 17 13 4 11 18 11
14 9 10 4 8 14 11 7 7 3 0 19 8 0 19 16 20 17 2 9
14 8 17 16 19 6 1 9 9 4 12 7 3 15 19 1 7 20 2 5
0 13 16 14 9 8 19 0 0 5 18 10 11 19 18 9 0 0 18 17
14 3 3 10 5 16 8 17 17 6 15 7 5 3 4 0 9 9 8 8
7 8 12 0 9 5 7 1 1 0 12 15 20 17 9 0 17 12 4 19
14 12 1 18 2 1 6 20 20 2 12 5 7 4 0 13 9 5 20 1
7 4 14 2 14 8 20 16 16 2 11 0 19 14 20 0 10 7 18 6
14 16 2 11 14 14 19 6 5 20 9 3 5 4 9 6 20 1 17 3
0 4 0 14 4 4 12 2 2 9 3 11 14 8 14 16 12 14 6 18
7 3 1 14 4 1 11 18 18 3 2 9 14 7 20 5 18 10 18 2
0 11 14 13 7 10 6 5 5 6 19 11 20 4 17 13 20 18 10 19
7 0 6 4 14 17 10 4 4 4 15 19 18 7 19 15 4 10 10 1
0 3 9 13 18 12 18 0 0 10 9 5 1 9 1 15 12 18 18 8
0 2 0 8 1 4 19 10 10 20 16 14 13 10 13 4 17 14 16 0
7 4 17 18 13 5 19 20 19 12 3 1 10 10 20 5 16 10 16 6
14 9 10 18 20 0 7 5 5 3 18 11 15 4 2 2 6 18 8 5
97 102 84 88 86 104 99 84 93 114 94 90 96 116 90