3
20
15
7 5 12 14 15 15 19 2 2 12 13 12 0 5 12 19 20 18 14 5
14 17 3 11 8 2 9 16 16 9 14 14 13 6 14 4 1 1 13 17
14 3 3 1 2 1 14 0 0 6 1 2 13 17 17 7 17 8 18 15
14 2 10 13 13 14 5 2 2 7 13 11 8 10 17 13 4 11 18 11
0 7 9 11 3 16 1 14 14 8 19 13 16 15 16 0 18 12 13 2
14 18 17 7 20 3 12 11 10 9 16 11 9 20 1 12 6 0 3 14
7 2 5 18 3 13 11 16 15 3 13 19 3 12 6 12 14 2 20 4
14 6 15 15 17 9 10 13 13 5 13 8 12 20 18 5 6 17 15 7
7 19 7 20 8 17 3 10 10 5 12 4 3 9 18 12 7 19 13 12
14 10 16 9 8 2 2 20 20 2 10 7 10 20 7 18 17 12 12 9
0 19 14 11 19 12 16 16 16 12 3 15 19 3 12 7 9 5 0 3
7 18 15 11 19 9 15 12 12 6 3 12 19 3 17 18 14 1 13 8
0 5 7 10 1 19 10 19 19 9 19 15 3 20 15 4 17 9 4 4
7 15 20 2 8 5 14 19 19 7 16 2 1 2 16 7 0 1 5 7
0 18 2 11 12 20 1 14 14 13 10 8 5 5 19 6 9 9 13 14
0 17 14 5 16 12 2 3 3 2 17 17 18 5 11 16 14 5 11 6
7 19 10 15 7 13 2 13 13 15 4 5 14 5 17 17 13 1 11 12
14 3 3 16 14 8 11 19 19 6 18 15 19 20 0 14 2 8 2 11
99 104 107 99 119 108 113 106 116 105 87 102 97 107 111