3
20
15
7 9 17 16 19 9 3 13 13 10 13 10 4 15 14 11 1 3 11 1
14 0 8 12 11 17 13 7 7 7 13 12 17 16 16 17 3 8 9 13
14 7 7 3 6 16 19 11 11 4 0 20 17 6 19 20 19 14 14 11
14 6 15 15 17 9 10 13 13 5 13 8 12 20 18 5 6 17 15 7
0 11 14 13 7 10 6 5 5 6 19 11 20 4 17 13 20 18 10 19
14 1 1 9 3 19 17 1 1 7 16 9 13 9 3 4 8 6 0 10
7 6 10 20 7 7 15 6 6 1 13 16 7 1 8 4 16 9 17 0
14 10 19 17 0 3 14 4 4 3 12 6 16 9 20 18 8 2 11 3
7 2 12 1 12 11 7 0 0 3 11 1 7 19 19 4 9 4 9 8
14 14 0 11 12 17 6 10 10 0 10 5 14 9 8 10 19 19 9 5
0 2 19 13 2 7 20 7 7 10 3 13 2 13 13 20 11 11 18 20
7 1 19 13 2 4 19 2 2 4 3 10 2 13 19 10 17 7 10 4
0 9 11 12 5 13 14 9 9 7 19 12 7 9 17 17 19 15 1 0
7 19 4 3 12 20 18 9 9 5 16 20 5 12 18 19 3 7 2 3
0 1 7 12 16 15 5 5 4 11 9 6 9 15 0 19 11 15 10 10
0 0 19 7 20 6 6 15 14 0 16 15 1 15 12 8 16 11 7 2
7 2 14 17 11 8 6 4 3 13 3 2 18 16 19 9 15 7 7 8
14 7 8 18 18 3 16 10 9 4 18 13 2 9 1 6 4 15 20 7
119 114 76 88 97 73 101 106 84 103 106 90 95 95 101