3
20
15
0 7 4 1 2 4 9 4 4 18 1 6 5 12 7 3 6 19 1 3
7 19 16 19 16 12 20 19 19 16 2 8 18 12 9 9 8 3 0 16
7 5 16 9 10 11 4 3 3 12 9 16 18 2 12 12 3 9 4 13
7 4 2 1 1 4 16 5 4 13 1 4 13 17 12 17 11 12 5 10
14 9 1 19 11 5 12 17 17 14 7 7 0 0 11 5 4 13 0 1
7 19 10 15 7 13 2 13 13 15 4 5 14 5 17 17 13 1 11 12
0 4 19 6 11 2 0 18 18 9 1 12 8 19 1 17 0 4 7 3
7 8 7 2 5 19 20 16 16 11 0 2 17 6 13 9 13 18 1 6
0 20 0 7 16 6 14 12 12 11 20 18 8 16 13 17 14 20 20 10
7 12 9 17 16 12 12 1 1 9 19 1 15 6 2 2 3 14 20 7
14 20 7 19 6 1 6 19 19 18 12 9 3 10 7 12 16 6 8 2
0 20 7 20 7 19 4 14 14 12 12 6 3 9 12 1 1 2 0 7
14 7 20 19 9 8 20 1 0 15 7 8 8 6 10 9 3 10 12 3
0 17 12 10 17 15 3 0 0 13 4 16 6 9 11 11 8 2 13 5
14 19 15 19 0 9 11 17 17 19 19 2 11 12 14 11 16 10 0 13
14 19 7 14 3 1 12 6 5 8 4 11 2 12 5 0 0 6 18 5
0 0 2 3 15 3 12 16 15 0 12 19 19 12 12 0 20 2 18 11
7 4 16 3 1 19 1 1 0 12 6 9 3 6 16 19 10 10 10 10
80 84 107 80 98 127 93 107 85 95 86 124 76 96 82