3
20
15
14 5 17 18 7 10 8 5 5 16 7 9 17 11 9 13 2 7 3 5
0 17 8 14 0 18 18 20 20 13 8 12 9 12 11 19 4 11 2 18
0 3 8 5 15 18 3 4 4 10 15 20 9 2 14 1 20 17 6 15
0 2 15 17 6 10 15 6 6 10 7 8 4 16 14 7 7 20 7 12
7 7 14 15 17 12 11 18 18 11 13 11 12 0 13 15 0 0 2 3
0 18 2 11 12 20 1 14 14 13 10 8 5 5 19 6 9 9 13 14
14 2 11 1 16 9 20 19 19 6 7 16 0 18 3 6 17 12 9 4
0 6 20 19 10 5 19 17 17 8 7 6 8 5 15 20 9 6 4 8
14 19 13 3 0 12 12 14 14 9 5 1 20 15 15 6 10 8 1 12
0 10 1 13 1 19 11 3 2 6 4 4 6 5 4 12 20 1 1 9
7 19 20 15 11 8 4 20 20 16 18 12 15 9 9 1 12 15 10 4
14 18 20 15 12 5 3 16 15 9 18 10 15 9 14 12 18 10 2 9
7 5 12 14 15 15 19 2 2 12 13 12 0 5 12 19 20 18 14 5
14 15 4 5 1 1 2 1 1 11 10 20 19 8 13 0 3 10 15 7
7 17 7 15 5 16 10 18 18 16 4 6 2 11 16 0 12 19 2 14
7 17 20 9 9 8 11 7 7 6 11 15 14 11 8 10 17 14 0 7
14 19 15 19 0 9 11 17 17 19 19 2 11 12 14 11 16 10 0 13
0 3 8 20 6 4 0 2 2 10 12 13 16 6 18 8 5 18 12 12
95 100 102 105 105 102 66 123 122 111 80 108 104 124 88