3
20
15
14 1 13 16 3 16 3 15 15 18 8 12 13 1 7 0 0 0 7 9
0 13 4 13 17 3 14 9 9 15 8 14 5 2 10 6 2 5 5 1
0 20 3 3 11 2 19 13 13 12 16 2 5 13 12 9 18 11 10 19
0 19 11 15 2 16 10 15 15 12 8 11 0 6 12 15 5 14 11 16
7 3 10 13 13 17 6 6 6 13 13 13 8 11 11 2 19 15 6 7
0 14 18 9 8 5 17 3 3 15 10 11 2 16 18 14 7 3 17 18
14 19 6 20 12 14 16 8 8 8 8 19 17 8 2 14 15 6 13 8
0 2 15 17 6 10 15 6 6 10 7 8 4 16 14 7 7 20 7 12
14 15 8 1 17 18 8 2 2 11 6 3 16 5 13 14 7 1 5 16
0 6 17 11 18 3 7 12 12 8 5 7 2 16 2 20 18 16 5 13
7 15 15 13 7 13 0 9 8 18 19 15 11 20 7 9 10 8 14 8
14 14 16 13 8 11 20 4 4 11 19 12 11 20 13 20 15 4 6 13
7 1 7 12 11 20 15 11 11 14 14 14 17 16 10 6 18 12 18 9
14 11 0 4 18 6 19 11 11 13 11 1 15 19 12 9 1 4 19 11
7 13 3 13 1 1 6 7 6 18 4 8 19 1 15 8 10 12 5 18
7 13 15 7 5 13 7 17 16 8 11 17 10 1 6 18 15 8 3 11
14 15 10 17 17 15 7 6 5 0 19 4 7 2 13 19 14 4 3 17
0 20 4 18 2 10 16 11 11 12 13 15 12 16 16 16 3 12 16 16
107 100 104 118 95 91 99 113 124 122 105 88 104 104 120