3
20
15
7 16 0 9 5 7 19 5 5 17 14 18 0 12 8 18 15 3 12 15
14 8 12 6 19 15 9 20 19 14 15 20 13 12 10 3 16 7 11 6
14 14 12 18 13 14 14 3 3 11 2 8 14 2 13 6 11 13 16 4
14 14 19 9 4 7 5 5 5 11 14 17 9 17 13 12 19 16 16 0
0 18 18 7 14 8 1 17 17 12 20 19 16 0 12 0 13 17 11 12
14 8 6 3 10 17 12 14 13 14 17 17 10 5 18 11 0 5 1 3
7 13 15 14 14 5 10 19 18 8 14 4 4 18 2 11 8 8 18 14
14 17 3 11 8 2 9 16 16 9 14 14 13 6 14 4 1 1 13 17
7 9 17 16 19 9 3 13 13 10 13 10 4 15 14 11 1 3 11 1
14 0 5 4 19 15 1 2 2 7 11 13 11 6 3 17 12 18 10 19
0 9 3 7 9 5 16 19 19 17 5 0 20 10 8 6 3 11 20 13
7 8 3 7 9 2 14 15 15 11 4 19 20 9 13 17 9 6 11 18
0 16 16 6 12 11 9 1 1 13 0 0 4 6 11 4 12 14 3 14
7 5 8 18 19 18 13 1 1 12 17 8 2 8 12 6 16 6 3 17
0 8 11 6 2 13 0 17 17 17 11 14 6 11 15 5 3 15 11 3
0 7 3 1 6 4 1 7 6 7 18 2 19 12 7 15 9 10 9 16
7 9 19 11 18 6 1 16 16 20 5 11 15 12 13 16 8 6 9 1
14 14 12 11 4 1 11 1 1 11 20 0 20 6 17 13 18 14 1 0
113 116 99 112 101 100 95 100 109 77 99 93 80 110 95