3
20
15
0 13 11 4 8 17 5 11 11 15 0 2 0 17 9 12 9 8 6 18
7 4 2 1 1 4 16 5 4 13 1 4 13 17 12 17 11 12 5 10
7 11 2 12 16 3 0 9 9 9 8 13 13 7 14 20 6 18 9 7
7 10 9 3 7 16 12 11 11 10 0 1 9 1 14 5 14 0 10 4
14 15 8 1 17 18 8 2 2 11 6 3 16 5 13 14 7 1 5 16
7 4 17 18 13 5 19 20 19 12 3 1 10 10 20 5 16 10 16 6
0 10 5 8 17 15 17 4 3 6 0 9 4 2 4 4 3 13 12 18
7 14 14 5 11 11 16 1 1 8 0 19 12 11 16 18 16 7 7 0
0 5 7 10 1 19 10 19 19 9 19 15 3 20 15 4 17 9 4 4
7 18 16 20 1 4 9 8 8 6 18 18 10 11 4 11 7 2 4 1
14 5 14 1 12 14 2 4 4 16 11 5 19 15 9 0 19 16 13 17
0 5 14 1 13 11 0 0 0 9 11 2 19 14 15 10 4 12 5 1
14 13 6 0 15 0 16 7 7 12 6 5 4 11 12 18 6 19 17 18
0 2 19 13 2 7 20 7 7 10 3 13 2 13 13 20 11 11 18 20
14 4 1 1 6 1 7 2 2 16 18 19 6 16 17 19 19 20 5 7
14 4 14 17 9 14 9 12 12 5 4 7 18 17 8 9 4 15 3 20
0 6 9 5 0 15 8 1 1 18 11 16 15 17 14 9 2 11 3 5
7 10 2 6 7 10 18 7 7 9 5 5 20 11 18 6 13 19 15 4
77 91 116 77 97 105 92 105 73 103 106 100 108 83 100