-104.0 -194.0 -339.0 -328.0 -369.0
-254.0 -428.0 -122.0 -338.0 -141.0
-284.0 -113.0 -424.0 -252.0 -167.0
-90.0 -192.0 -404.0 -273.0 -231.0
-179.0 9.0 -399.0 -479.0 -348.0
-110.0 -207.0 -402.0 -230.0 -114.0
-194.0 -260.0 -334.0 -284.0 -295.0
-263.0 -371.0 -217.0 -330.0 -290.0
-289.0 -77.0 -442.0 -342.0 -211.0
-257.0 -309.0 -206.0 -325.0 -345.0
-345.0 -299.0 -142.0 -454.0 -196.0
-434.0 41.0 -437.0 -291.0 -280.0
-324.0 -260.0 -225.0 -333.0 -319.0
-281.0 -211.0 -135.0 -414.0 -340.0
-434.0 -16.0 -312.0 -431.0 -219.0
-241.0 -386.0 -178.0 -221.0 -199.0
-142.0 -217.0 -360.0 -331.0 -191.0
-339.0 69.0 -402.0 -413.0 -355.0
-289.0 -236.0 -161.0 -423.0 -315.0
-314.0 17.0 -384.0 -426.0 -314.0
-308.0 -133.0 -371.0 -413.0 -324.0
-236.0 -326.0 -179.0 -377.0 -298.0
-156.0 -202.0 -347.0 -275.0 -299.0
-90.0 -211.0 -378.0 -182.0 -297.0
-253.0 139.0 -413.0 -412.0 -361.0
-146.0 -197.0 -340.0 -349.0 -302.0
-232.0 -267.0 -329.0 -350.0 -296.0
-384.0 31.0 -385.0 -409.0 -320.0
-239.0 -172.0 -244.0 -430.0 -379.0
-334.0 -308.0 -102.0 -311.0 -297.0
-258.0 -314.0 -340.0 -376.0 -134.0
-280.0 94.0 -451.0 -365.0 -353.0
-130.0 -207.0 -349.0 -406.0 -190.0
-382.0 -46.0 -213.0 -347.0 -413.0
-385.0 -176.0 -415.0 -365.0 -4.0
-340.0 -245.0 -298.0 -358.0 -304.0
-262.0 -32.0 -404.0 -389.0 -219.0
-279.0 -391.0 -129.0 -304.0 -299.0
-352.0 8.0 -430.0 -364.0 -193.0
-299.0 -312.0 -207.0 -346.0 -278.0
-257.0 -275.0 -205.0 -377.0 -328.0
-399.0 -114.0 -179.0 -446.0 -318.0
-314.0 -193.0 -341.0 -348.0 -106.0
-341.0 -296.0 72.0 -283.0 -376.0
-339.0 -181.0 -143.0 -462.0 -350.0
-249.0 -201.0 -394.0 -354.0 -86.0
-267.0 -367.0 -223.0 -285.0 -222.0
-274.0 -380.0 -175.0 -282.0 -192.0
-241.0 -421.0 5.0 -314.0 -225.0
-214.0 -335.0 -310.0 -314.0 -102.0
-471.0 -1.0 -359.0 -319.0 -288.0
-225.0 -364.0 -222.0 -264.0 -289.0
-433.0 39.0 -410.0 -364.0 -126.0
-334.0 -274.0 -144.0 -419.0 -280.0
-177.0 7.0 -449.0 -340.0 -226.0
-145.0 -80.0 -415.0 -355.0 -309.0
-237.0 -354.0 -127.0 -335.0 -349.0
-181.0 -63.0 -424.0 -389.0 -286.0
-284.0 -43.0 -391.0 -331.0 -277.0
-173.0 -64.0 -389.0 -382.0 -310.0
-232.0 -396.0 -146.0 -288.0 -215.0
-276.0 -188.0 -387.0 -352.0 -268.0
-424.0 -62.0 -197.0 -433.0 -359.0
-398.0 -1.0 -307.0 -406.0 -303.0
-172.0 -244.0 -351.0 -375.0 -140.0
-130.0 -241.0 -350.0 -354.0 -207.0
-323.0 -154.0 -375.0 -403.0 -172.0
-271.0 -163.0 -258.0 -436.0 -362.0
-303.0 -143.0 -440.0 -290.0 -51.0
-240.0 53.0 -441.0 -426.0 -296.0
-143.0 -54.0 -378.0 -451.0 -407.0
-221.0 -280.0 -258.0 -391.0 -328.0
-309.0 -202.0 -336.0 -385.0 -89.0
-298.0 -208.0 -296.0 -389.0 -354.0
-249.0 -143.0 -349.0 -399.0 -276.0
-460.0 -6.0 -448.0 -317.0 -118.0
-138.0 -256.0 -350.0 -297.0 -136.0
-232.0 -281.0 -307.0 -292.0 -265.0
-225.0 -330.0 -221.0 -316.0 -272.0
-365.0 88.0 -285.0 -470.0 -393.0
-358.0 -27.0 -433.0 -253.0 -256.0
-152.0 -449.0 -107.0 -274.0 -279.0
-222.0 -63.0 -382.0 -412.0 -330.0
-292.0 -305.0 -101.0 -290.0 -364.0
-154.0 -265.0 -384.0 -274.0 -136.0
-408.0 31.0 -301.0 -405.0 -381.0
-338.0 -201.0 15.0 -370.0 -363.0
