-521.0 -425.0 -319.0 -504.0 -597.0
-342.0 -633.0 -400.0 -428.0 -494.0
-441.0 -689.0 -428.0 -83.0 -287.0
-542.0 -483.0 -252.0 -423.0 -460.0
-327.0 -658.0 -512.0 -250.0 -425.0
-505.0 -572.0 -450.0 -210.0 -299.0
-492.0 -562.0 -438.0 -324.0 -381.0
-524.0 -508.0 -429.0 -292.0 -285.0
-412.0 -570.0 -432.0 -410.0 -580.0
-491.0 -551.0 -478.0 -323.0 -409.0
-434.0 -677.0 -372.0 -286.0 -504.0
-527.0 -389.0 -449.0 -342.0 -486.0
-530.0 -377.0 -487.0 -338.0 -475.0
-514.0 -623.0 -429.0 -136.0 -267.0
-433.0 -404.0 -346.0 -607.0 -634.0
-612.0 -434.0 -310.0 -296.0 -408.0
-484.0 -639.0 -398.0 -192.0 -388.0
-216.0 -640.0 -538.0 -172.0 -298.0
-574.0 -410.0 -400.0 -353.0 -386.0
-508.0 -576.0 -372.0 -205.0 -443.0
-584.0 -380.0 -268.0 -388.0 -513.0
-203.0 -704.0 -504.0 -247.0 -313.0
-261.0 -616.0 -571.0 -186.0 -209.0
-544.0 -331.0 -264.0 -504.0 -579.0
-456.0 -525.0 -340.0 -491.0 -537.0
-533.0 -551.0 -466.0 -124.0 -302.0
-440.0 -640.0 -554.0 -7.0 -222.0
-614.0 -468.0 -418.0 -173.0 -336.0
-452.0 -695.0 -401.0 -323.0 -430.0
-568.0 -494.0 -517.0 43.0 -162.0
-538.0 -502.0 -518.0 -38.0 -339.0
-516.0 -556.0 -424.0 -256.0 -341.0
-569.0 -416.0 -392.0 -360.0 -407.0
-408.0 -638.0 -541.0 10.0 -262.0
-472.0 -654.0 -460.0 -172.0 -391.0
-517.0 -534.0 -450.0 -112.0 -360.0
-488.0 -506.0 -337.0 -443.0 -373.0
-370.0 -475.0 -398.0 -505.0 -579.0
-387.0 -720.0 -430.0 -178.0 -265.0
-626.0 -373.0 -261.0 -455.0 -507.0
-342.0 -689.0 -360.0 -346.0 -451.0
-507.0 -590.0 -470.0 -131.0 -285.0
-512.0 -571.0 -346.0 -333.0 -355.0
-418.0 -479.0 -434.0 -451.0 -612.0
-611.0 -455.0 -302.0 -404.0 -426.0
-587.0 -579.0 -406.0 -119.0 -278.0
-495.0 -641.0 -338.0 -243.0 -394.0
-426.0 -652.0 -464.0 -257.0 -385.0
-487.0 -459.0 -297.0 -392.0 -572.0
-550.0 -549.0 -372.0 -259.0 -384.0
-462.0 -578.0 -358.0 -332.0 -564.0
-571.0 -387.0 -345.0 -410.0 -481.0
-521.0 -669.0 -432.0 -52.0 -282.0
-469.0 -498.0 -320.0 -374.0 -568.0
-102.0 -662.0 -555.0 -166.0 -151.0
-543.0 -611.0 -293.0 -380.0 -385.0
-498.0 -471.0 -440.0 -365.0 -413.0
-498.0 -615.0 -456.0 -165.0 -408.0
-95.0 -645.0 -620.0 -163.0 -199.0
-419.0 -634.0 -410.0 -252.0 -579.0
-554.0 -519.0 -534.0 -50.0 -281.0
-183.0 -666.0 -593.0 -60.0 -162.0
-334.0 -670.0 -568.0 -47.0 -208.0
-618.0 -619.0 -353.0 -166.0 -308.0
-515.0 -545.0 -464.0 -255.0 -369.0
-463.0 -490.0 -372.0 -545.0 -578.0
-473.0 -655.0 -424.0 -146.0 -346.0
-440.0 -586.0 -374.0 -327.0 -536.0
-481.0 -653.0 -386.0 -304.0 -449.0
-462.0 -656.0 -388.0 -200.0 -507.0
-519.0 -635.0 -324.0 -175.0 -354.0
-153.0 -639.0 -500.0 -316.0 -415.0
-534.0 -529.0 -544.0 12.0 -221.0
-502.0 -584.0 -543.0 110.0 -166.0
-339.0 -665.0 -497.0 -245.0 -341.0
-529.0 -410.0 -286.0 -402.0 -497.0
-503.0 -506.0 -418.0 -293.0 -411.0
-526.0 -372.0 -426.0 -411.0 -473.0
-499.0 -512.0 -438.0 -204.0 -494.0
-529.0 -619.0 -418.0 -55.0 -291.0
-647.0 -386.0 -371.0 -295.0 -316.0
-590.0 -587.0 -307.0 -398.0 -330.0
-533.0 -605.0 -397.0 -198.0 -262.0
-564.0 -516.0 -387.0 -191.0 -321.0
-544.0 -535.0 -440.0 -170.0 -344.0
-488.0 -609.0 -560.0 17.0 -285.0
-377.0 -620.0 -538.0 -156.0 -309.0
-463.0 -572.0 -462.0 -409.0 -406.0
-503.0 -476.0 -313.0 -404.0 -514.0
-605.0 -546.0 -387.0 -145.0 -345.0
-524.0 -485.0 -470.0 -209.0 -344.0
-434.0 -49.0 -235.0 -619.0 -561.0
-592.0 -370.0 -413.0 -242.0 -310.0
-363.0 -567.0 -531.0 -239.0 -432.0
-159.0 -548.0 -502.0 -357.0 -447.0
-487.0 -562.0 -388.0 -345.0 -481.0
-508.0 -498.0 -342.0 -337.0 -500.0
-528.0 -308.0 -297.0 -434.0 -567.0
-425.0 -641.0 -504.0 -256.0 -413.0
-424.0 -582.0 -573.0 -18.0 -282.0
-478.0 -625.0 -466.0 -103.0 -348.0
