-401.0 -533.0 -572.0 -511.0 -353.0
-451.0 -541.0 -454.0 -723.0 -646.0
-585.0 -398.0 -533.0 -513.0 -571.0
-507.0 -312.0 -466.0 -784.0 -569.0
-373.0 -372.0 -644.0 -448.0 -469.0
-562.0 -354.0 -99.0 -758.0 -782.0
-375.0 -624.0 -191.0 -800.0 -555.0
-506.0 -445.0 -194.0 -785.0 -700.0
-535.0 -280.0 -415.0 -398.0 -747.0
-662.0 -331.0 -355.0 -454.0 -635.0
-531.0 -269.0 -473.0 -510.0 -663.0
-503.0 -392.0 -513.0 -616.0 -627.0
-428.0 -562.0 -519.0 -510.0 -473.0
-459.0 -528.0 -467.0 -599.0 -650.0
-418.0 -505.0 -403.0 -766.0 -650.0
-492.0 -623.0 -435.0 -528.0 -608.0
-437.0 -239.0 -581.0 -610.0 -684.0
-519.0 -259.0 -517.0 -748.0 -486.0
-372.0 -477.0 -387.0 -820.0 -639.0
-581.0 -495.0 -275.0 -637.0 -694.0
-356.0 -574.0 -525.0 -458.0 -542.0
-334.0 -681.0 -327.0 -508.0 -351.0
-413.0 -648.0 -522.0 -727.0 -436.0
-483.0 -484.0 -582.0 -677.0 -461.0
-510.0 -452.0 -458.0 -471.0 -687.0
-561.0 -341.0 -276.0 -557.0 -761.0
-369.0 -684.0 -113.0 -620.0 -524.0
-579.0 -243.0 -542.0 -545.0 -699.0
-547.0 -436.0 -273.0 -694.0 -734.0
-571.0 -551.0 -200.0 -475.0 -722.0
-495.0 -469.0 -400.0 -614.0 -757.0
-511.0 -258.0 -360.0 -705.0 -742.0
-454.0 -358.0 -526.0 -707.0 -665.0
-446.0 -406.0 -591.0 -494.0 -543.0
-523.0 -596.0 -563.0 -323.0 -405.0
-542.0 -239.0 -135.0 -610.0 -764.0
-345.0 -417.0 -646.0 -440.0 -494.0
-669.0 -469.0 -453.0 -317.0 -611.0
-421.0 -643.0 -353.0 -706.0 -481.0
-407.0 -642.0 -550.0 -448.0 -549.0
-586.0 -396.0 -423.0 -733.0 -579.0
-523.0 -529.0 -537.0 -468.0 -476.0
-503.0 -357.0 -253.0 -884.0 -588.0
-444.0 -516.0 -472.0 -611.0 -717.0
-414.0 -497.0 -589.0 -598.0 -657.0
-534.0 -545.0 -340.0 -596.0 -612.0
-551.0 -386.0 -245.0 -419.0 -778.0
-590.0 -288.0 -501.0 -434.0 -672.0
-535.0 -495.0 -540.0 -422.0 -699.0
-425.0 -425.0 -443.0 -863.0 -674.0
-556.0 -364.0 -161.0 -829.0 -671.0
-350.0 -506.0 -413.0 -729.0 -631.0
-516.0 -414.0 -597.0 -475.0 -593.0
-492.0 -585.0 -394.0 -746.0 -554.0
-499.0 -462.0 -494.0 -720.0 -537.0
-551.0 -534.0 -424.0 -724.0 -618.0
-545.0 -292.0 -530.0 -541.0 -542.0
-572.0 -539.0 -405.0 -547.0 -688.0
-446.0 -701.0 -340.0 -484.0 -437.0
-475.0 -662.0 -349.0 -541.0 -652.0
-447.0 -399.0 -148.0 -826.0 -760.0
-457.0 -404.0 -536.0 -666.0 -628.0
-356.0 -384.0 -640.0 -258.0 -566.0
-534.0 -291.0 -483.0 -667.0 -598.0
-436.0 -289.0 -539.0 -664.0 -565.0
-673.0 -396.0 -461.0 -675.0 -471.0
-408.0 -509.0 -558.0 -693.0 -561.0
-441.0 -494.0 -462.0 -454.0 -782.0
-456.0 -610.0 -259.0 -799.0 -660.0
-606.0 -478.0 -449.0 -539.0 -592.0
-466.0 -524.0 -533.0 -587.0 -540.0
-530.0 -451.0 -602.0 -473.0 -513.0
-343.0 -480.0 -327.0 -789.0 -577.0
-544.0 -469.0 -525.0 -712.0 -581.0
-568.0 -473.0 -191.0 -778.0 -728.0
-477.0 -366.0 -551.0 -760.0 -519.0
-496.0 -649.0 -191.0 -546.0 -568.0
-529.0 -588.0 -297.0 -610.0 -565.0
-480.0 -376.0 -447.0 -743.0 -638.0
-354.0 -519.0 -621.0 -367.0 -626.0
-431.0 -520.0 -280.0 -617.0 -788.0
-625.0 -396.0 -350.0 -690.0 -663.0
-370.0 -712.0 -370.0 -460.0 -424.0
-535.0 -249.0 -384.0 -760.0 -716.0
-589.0 -410.0 -576.0 -346.0 -659.0
-416.0 -511.0 -585.0 -355.0 -575.0
-557.0 -378.0 -337.0 -782.0 -634.0
-580.0 -580.0 -314.0 -667.0 -617.0
-523.0 -354.0 -172.0 -801.0 -698.0
-378.0 -494.0 -435.0 -730.0 -583.0
-548.0 -466.0 -179.0 -798.0 -629.0
-606.0 -380.0 -189.0 -422.0 -783.0
-562.0 -356.0 -503.0 -564.0 -627.0
-494.0 -644.0 -376.0 -518.0 -670.0
-351.0 -497.0 -611.0 -210.0 -691.0
-535.0 -282.0 -394.0 -822.0 -616.0
-443.0 -534.0 -519.0 -651.0 -582.0
-525.0 -571.0 -277.0 -773.0 -736.0
-392.0 -444.0 -542.0 -607.0 -636.0
-640.0 -458.0 -18.0 -800.0 -630.0
-518.0 -259.0 -305.0 -796.0 -661.0
-534.0 -580.0 -579.0 -452.0 -622.0
-500.0 -455.0 -256.0 -856.0 -589.0
-506.0 -430.0 -456.0 -711.0 -746.0
-618.0 -355.0 -424.0 -406.0 -648.0
-401.0 -534.0 -368.0 -818.0 -495.0
-527.0 -221.0 -531.0 -729.0 -649.0
-495.0 -487.0 -391.0 -774.0 -553.0
-549.0 -452.0 -394.0 -338.0 -758.0
-515.0 -596.0 -376.0 -662.0 -539.0
-463.0 -487.0 -359.0 -773.0 -643.0
-581.0 -475.0 -385.0 -591.0 -691.0
-647.0 -328.0 -467.0 -340.0 -649.0
-211.0 -450.0 -545.0 -761.0 -515.0
-520.0 -246.0 -341.0 -854.0 -583.0
-407.0 -620.0 -489.0 -624.0 -674.0
-555.0 -300.0 -617.0 -310.0 -676.0
-615.0 -472.0 -165.0 -574.0 -694.0
-491.0 -586.0 -158.0 -575.0 -709.0
-533.0 -336.0 -91.0 -793.0 -727.0
-532.0 -360.0 -495.0 -763.0 -524.0
-405.0 -509.0 -471.0 -764.0 -479.0
-344.0 -489.0 -583.0 -617.0 -607.0
-418.0 -707.0 -194.0 -528.0 -273.0
-411.0 -631.0 -105.0 -718.0 -711.0
-378.0 -559.0 -541.0 -536.0 -578.0
-565.0 -326.0 -387.0 -762.0 -659.0
-568.0 -275.0 -333.0 -389.0 -773.0
-658.0 -381.0 -199.0 -555.0 -643.0
-520.0 -334.0 -550.0 -643.0 -535.0
-582.0 -435.0 -127.0 -415.0 -784.0
-448.0 -436.0 -425.0 -779.0 -659.0
-551.0 -288.0 -574.0 -477.0 -588.0
-554.0 -519.0 -453.0 -508.0 -603.0
-538.0 -411.0 -174.0 -523.0 -759.0
-460.0 -445.0 -459.0 -570.0 -705.0
-488.0 -579.0 -551.0 -518.0 -276.0
-578.0 -217.0 -383.0 -643.0 -732.0
-437.0 -699.0 -170.0 -466.0 -490.0
-346.0 -354.0 -602.0 -508.0 -547.0
-407.0 -529.0 -616.0 -447.0 -399.0
-542.0 -438.0 -222.0 -484.0 -751.0
-542.0 -475.0 -458.0 -634.0 -607.0
-470.0 -444.0 -486.0 -755.0 -482.0
-419.0 -632.0 -370.0 -663.0 -635.0
-568.0 -498.0 -519.0 -306.0 -649.0
-350.0 -247.0 -621.0 -477.0 -553.0
-418.0 -571.0 -545.0 -537.0 -226.0
-529.0 -473.0 -264.0 -821.0 -644.0
-416.0 -362.0 -608.0 -489.0 -597.0
-463.0 -467.0 -469.0 -727.0 -640.0
-479.0 -621.0 -241.0 -715.0 -645.0
-569.0 -501.0 -448.0 -618.0 -628.0
-537.0 -567.0 -350.0 -753.0 -547.0
-384.0 -521.0 -141.0 -822.0 -631.0
-513.0 -510.0 -93.0 -797.0 -737.0
-396.0 -364.0 -495.0 -775.0 -578.0
-485.0 -677.0 -469.0 -698.0 -548.0
-473.0 -221.0 -387.0 -767.0 -688.0
-587.0 -437.0 -524.0 -595.0 -597.0
-595.0 -334.0 -333.0 -435.0 -694.0
-516.0 -644.0 -503.0 -475.0 -653.0
-479.0 -387.0 -492.0 -750.0 -581.0
-520.0 -480.0 26.0 -752.0 -755.0
-561.0 -439.0 -138.0 -788.0 -705.0
-284.0 -499.0 -194.0 -853.0 -525.0
-566.0 -241.0 -348.0 -732.0 -736.0
-533.0 -275.0 -456.0 -733.0 -601.0
-545.0 -279.0 -422.0 -510.0 -735.0
-508.0 -273.0 -562.0 -631.0 -625.0
-385.0 -414.0 -475.0 -827.0 -607.0
-347.0 -679.0 -243.0 -628.0 -484.0
-472.0 -624.0 -128.0 -612.0 -726.0
-334.0 -372.0 -531.0 -787.0 -629.0
-549.0 -134.0 -512.0 -327.0 -783.0
-469.0 -612.0 -453.0 -612.0 -623.0
-718.0 -548.0 -351.0 -582.0 -528.0
-462.0 -584.0 -33.0 -721.0 -751.0
-463.0 -543.0 -280.0 -780.0 -708.0
-609.0 -575.0 -531.0 -402.0 -603.0
-560.0 -439.0 -581.0 -344.0 -551.0
-511.0 -621.0 -273.0 -716.0 -555.0
-502.0 -543.0 -207.0 -737.0 -792.0
-544.0 -489.0 -415.0 -758.0 -584.0
-580.0 -319.0 -328.0 -263.0 -769.0
-491.0 -622.0 -366.0 -361.0 -735.0
-363.0 -342.0 -606.0 -698.0 -450.0
-430.0 -631.0 -471.0 -540.0 -659.0
-521.0 -553.0 -561.0 -509.0 -468.0
-372.0 -611.0 -288.0 -715.0 -624.0
-589.0 -457.0 -589.0 -309.0 -606.0
-542.0 -214.0 -472.0 -230.0 -759.0
-408.0 -549.0 -336.0 -777.0 -703.0
-536.0 -132.0 -318.0 -514.0 -820.0
-610.0 -505.0 -463.0 -369.0 -611.0
-476.0 -489.0 -553.0 -586.0 -606.0
-289.0 -487.0 -474.0 -746.0 -326.0
-470.0 -577.0 -333.0 -770.0 -731.0
-530.0 -501.0 -521.0 -661.0 -544.0
-536.0 -293.0 -238.0 -599.0 -768.0
-452.0 -542.0 -376.0 -755.0 -568.0
-622.0 -289.0 -411.0 -829.0 -498.0
-379.0 -452.0 -336.0 -823.0 -701.0
-489.0 -417.0 -530.0 -500.0 -600.0
-434.0 -639.0 -285.0 -708.0 -652.0
-478.0 -441.0 -465.0 -763.0 -516.0
-459.0 -588.0 -226.0 -383.0 -723.0
-485.0 -626.0 -322.0 -425.0 -689.0
-488.0 -648.0 -332.0 -582.0 -624.0
-363.0 -295.0 -593.0 -735.0 -503.0
-498.0 -478.0 -521.0 -498.0 -624.0
-661.0 -309.0 -228.0 -832.0 -585.0
-510.0 -511.0 -408.0 -554.0 -660.0
-618.0 -265.0 -471.0 -320.0 -660.0
-586.0 -313.0 -494.0 -483.0 -648.0
-577.0 -491.0 -418.0 -432.0 -647.0
-499.0 -671.0 -201.0 -703.0 -503.0
-541.0 -211.0 -523.0 -764.0 -622.0
-457.0 -603.0 -202.0 -600.0 -677.0
-521.0 -349.0 -605.0 -306.0 -519.0
-335.0 -591.0 -542.0 -653.0 -562.0
-412.0 -629.0 -225.0 -747.0 -505.0
-528.0 -360.0 -329.0 -817.0 -579.0
-523.0 -574.0 -502.0 -499.0 -530.0
-397.0 -583.0 -506.0 -641.0 -511.0
-494.0 -336.0 -164.0 -836.0 -643.0
-308.0 -470.0 -473.0 -699.0 -604.0
-551.0 -366.0 -355.0 -373.0 -775.0
-523.0 -527.0 -489.0 -536.0 -583.0
-457.0 -638.0 -516.0 -639.0 -560.0
-397.0 -390.0 -603.0 -509.0 -374.0
-586.0 -580.0 -291.0 -408.0 -615.0
-453.0 -588.0 -249.0 -642.0 -725.0
-595.0 -307.0 -210.0 -518.0 -750.0
-298.0 -442.0 -450.0 -775.0 -519.0
-578.0 -264.0 -396.0 -606.0 -679.0
-413.0 -634.0 -352.0 -548.0 -624.0
-398.0 -632.0 -371.0 -790.0 -496.0
-526.0 -512.0 -287.0 -610.0 -700.0
-527.0 -442.0 -481.0 -589.0 -646.0
-501.0 -370.0 -217.0 -826.0 -666.0
