-573.0 -100.0 -126.0 -686.0 -378.0
-568.0 -224.0 -242.0 -467.0 -357.0
-164.0 -140.0 -298.0 -540.0 -622.0
-236.0 -218.0 -91.0 -607.0 -527.0
-557.0 -54.0 -98.0 -739.0 -416.0
-344.0 -189.0 -291.0 -605.0 -435.0
-584.0 -223.0 -225.0 -527.0 -232.0
-489.0 -244.0 -297.0 -442.0 -318.0
-393.0 -64.0 -89.0 -673.0 -439.0
-491.0 -265.0 -246.0 -566.0 -261.0
-359.0 -283.0 -11.0 -710.0 -396.0
-491.0 -326.0 -210.0 -390.0 -374.0
-530.0 -171.0 -303.0 -465.0 -315.0
-424.0 -209.0 -30.0 -695.0 -402.0
-474.0 -446.0 -156.0 -588.0 -302.0
-412.0 -190.0 -154.0 -532.0 -502.0
-517.0 -186.0 -188.0 -563.0 -386.0
-648.0 -237.0 -38.0 -676.0 -202.0
-598.0 -215.0 -190.0 -535.0 -186.0
-622.0 -206.0 -151.0 -476.0 -388.0
-513.0 -194.0 -87.0 -685.0 -337.0
-584.0 -208.0 -228.0 -459.0 -428.0
-587.0 -374.0 -122.0 -529.0 -223.0
-629.0 -252.0 -142.0 -598.0 -115.0
-523.0 -279.0 -146.0 -491.0 -416.0
-574.0 -83.0 -118.0 -537.0 -453.0
-603.0 -242.0 -158.0 -408.0 -324.0
-491.0 -219.0 -271.0 -434.0 -434.0
-572.0 -121.0 -213.0 -607.0 -325.0
-588.0 -285.0 -158.0 -599.0 -266.0
-598.0 -238.0 -148.0 -562.0 -277.0
-406.0 -278.0 -333.0 -255.0 -406.0
-536.0 -260.0 -220.0 -518.0 -247.0
-605.0 -144.0 10.0 -649.0 -292.0
-326.0 -280.0 -255.0 -501.0 -473.0
-332.0 -117.0 -37.0 -750.0 -411.0
-520.0 -337.0 -85.0 -565.0 -377.0
-516.0 -338.0 -217.0 -305.0 -397.0
-330.0 -136.0 -47.0 -648.0 -462.0
-411.0 -199.0 -96.0 -681.0 -384.0
-497.0 -239.0 -294.0 -451.0 -313.0
-558.0 -146.0 -125.0 -680.0 -391.0
-481.0 -382.0 -194.0 -508.0 -276.0
-598.0 -161.0 -105.0 -564.0 -425.0
-510.0 -257.0 -173.0 -559.0 -356.0
-513.0 -208.0 -279.0 -400.0 -423.0
-366.0 -369.0 -282.0 -417.0 -377.0
-281.0 -236.0 -259.0 -598.0 -398.0
-562.0 -342.0 -192.0 -440.0 -212.0
-529.0 -316.0 -159.0 -517.0 -348.0
-664.0 -283.0 -66.0 -623.0 -164.0
-513.0 -270.0 -131.0 -570.0 -386.0
-568.0 -162.0 -200.0 -512.0 -466.0
-443.0 -205.0 -319.0 -540.0 -432.0
-555.0 -73.0 -108.0 -637.0 -467.0
-401.0 -251.0 -365.0 -382.0 -268.0
-349.0 -343.0 -122.0 -633.0 -458.0
-633.0 -246.0 -114.0 -560.0 -235.0
-372.0 -205.0 -370.0 -481.0 -427.0
-203.0 -402.0 -259.0 -216.0 -435.0
-355.0 -415.0 -233.0 -328.0 -475.0
-475.0 -214.0 -283.0 -527.0 -389.0
-546.0 -155.0 -289.0 -457.0 -386.0
-483.0 -195.0 -182.0 -633.0 -378.0
