-473.0 -426.0 -324.0 -347.0 -511.0
-521.0 -425.0 -319.0 -504.0 -597.0
-378.0 -371.0 -536.0 -326.0 -448.0
-472.0 -416.0 -321.0 -346.0 -527.0
-416.0 -524.0 -540.0 -147.0 -379.0
-508.0 -489.0 -394.0 -247.0 -408.0
-533.0 -229.0 -363.0 -460.0 -495.0
-342.0 -633.0 -400.0 -428.0 -494.0
-577.0 -425.0 -479.0 -50.0 -263.0
-353.0 -668.0 -455.0 -186.0 -324.0
-441.0 -689.0 -428.0 -83.0 -287.0
-542.0 -483.0 -252.0 -423.0 -460.0
-516.0 -366.0 -530.0 -229.0 -350.0
-352.0 -586.0 -308.0 -429.0 -568.0
-327.0 -658.0 -512.0 -250.0 -425.0
-505.0 -572.0 -450.0 -210.0 -299.0
-492.0 -562.0 -438.0 -324.0 -381.0
-389.0 -463.0 -538.0 -234.0 -316.0
-328.0 -495.0 -463.0 -300.0 -480.0
-290.0 -685.0 -453.0 -96.0 -241.0
-420.0 -596.0 -410.0 -188.0 -531.0
-436.0 -489.0 -496.0 -316.0 -430.0
-524.0 -508.0 -429.0 -292.0 -285.0
-553.0 -420.0 -375.0 -339.0 -317.0
-412.0 -570.0 -432.0 -410.0 -580.0
-491.0 -551.0 -478.0 -323.0 -409.0
-556.0 -379.0 -425.0 -257.0 -461.0
-464.0 -340.0 -345.0 -516.0 -436.0
-466.0 -392.0 -509.0 -223.0 -411.0
-543.0 -467.0 -346.0 -285.0 -451.0
-417.0 -442.0 -554.0 -148.0 -319.0
-434.0 -677.0 -372.0 -286.0 -504.0
-527.0 -389.0 -449.0 -342.0 -486.0
-507.0 -599.0 -402.0 -150.0 -283.0
-530.0 -377.0 -487.0 -338.0 -475.0
-335.0 -254.0 -451.0 -365.0 -569.0
-294.0 -625.0 -530.0 -164.0 -346.0
-507.0 -551.0 -224.0 -403.0 -394.0
-205.0 -514.0 -561.0 -265.0 -195.0
-449.0 -499.0 -533.0 -136.0 -337.0
-449.0 -437.0 -438.0 -370.0 -446.0
-514.0 -623.0 -429.0 -136.0 -267.0
-433.0 -404.0 -346.0 -607.0 -634.0
-612.0 -434.0 -310.0 -296.0 -408.0
-593.0 -488.0 -408.0 -160.0 -310.0
-396.0 -619.0 -246.0 -378.0 -468.0
-484.0 -639.0 -398.0 -192.0 -388.0
-216.0 -640.0 -538.0 -172.0 -298.0
-316.0 -369.0 -506.0 -361.0 -513.0
-574.0 -410.0 -400.0 -353.0 -386.0
-508.0 -576.0 -372.0 -205.0 -443.0
-600.0 -377.0 -321.0 -325.0 -456.0
-584.0 -380.0 -268.0 -388.0 -513.0
-203.0 -704.0 -504.0 -247.0 -313.0
-261.0 -616.0 -571.0 -186.0 -209.0
-183.0 -753.0 -398.0 -193.0 -234.0
-368.0 -439.0 -535.0 -324.0 -369.0
-544.0 -331.0 -264.0 -504.0 -579.0
-456.0 -525.0 -340.0 -491.0 -537.0
-458.0 -283.0 -470.0 -364.0 -539.0
-533.0 -551.0 -466.0 -124.0 -302.0
-440.0 -640.0 -554.0 -7.0 -222.0
-194.0 -566.0 -485.0 -300.0 -377.0
-489.0 -557.0 -307.0 -328.0 -401.0
-155.0 -570.0 -591.0 -212.0 -279.0
-614.0 -468.0 -418.0 -173.0 -336.0
-480.0 -457.0 -517.0 -98.0 -290.0
-391.0 -727.0 -402.0 -177.0 -403.0
-577.0 -382.0 -230.0 -379.0 -467.0
-452.0 -695.0 -401.0 -323.0 -430.0
-208.0 -534.0 -539.0 -185.0 -296.0
-568.0 -494.0 -517.0 43.0 -162.0
-541.0 -561.0 -322.0 -248.0 -330.0
-538.0 -502.0 -518.0 -38.0 -339.0
-516.0 -556.0 -424.0 -256.0 -341.0
-501.0 -389.0 -484.0 -22.0 -362.0
-219.0 -549.0 -474.0 -383.0 -411.0
-594.0 -293.0 -290.0 -410.0 -463.0
-344.0 -625.0 -414.0 -260.0 -420.0
-211.0 -493.0 -476.0 -413.0 -460.0
-530.0 -299.0 -381.0 -455.0 -414.0
-565.0 -580.0 -381.0 229.0 -157.0
-284.0 -605.0 -564.0 -116.0 -310.0
-315.0 -585.0 -569.0 -91.0 -231.0
-557.0 -435.0 -489.0 12.0 -203.0
-555.0 -416.0 -208.0 -514.0 -362.0
-307.0 -670.0 -472.0 -195.0 -253.0
-280.0 -199.0 -430.0 -485.0 -579.0
-411.0 -196.0 -438.0 -426.0 -591.0
-462.0 -583.0 -366.0 -355.0 -434.0
-456.0 -448.0 -427.0 -401.0 -471.0
-544.0 -465.0 -444.0 -250.0 -333.0
-154.0 -609.0 -448.0 -343.0 -400.0
-563.0 -437.0 -431.0 -81.0 -210.0
-569.0 -416.0 -392.0 -360.0 -407.0
-408.0 -638.0 -541.0 10.0 -262.0
-372.0 -287.0 -505.0 -411.0 -455.0
-421.0 -336.0 -392.0 -448.0 -470.0
-324.0 -502.0 -543.0 -170.0 -200.0
-472.0 -654.0 -460.0 -172.0 -391.0
-469.0 -680.0 -342.0 -250.0 -377.0
-517.0 -534.0 -450.0 -112.0 -360.0
-372.0 -531.0 -567.0 -15.0 -329.0
-453.0 -328.0 -436.0 -385.0 -572.0
-488.0 -506.0 -337.0 -443.0 -373.0
67.0 -552.0 -532.0 -213.0 -332.0
-406.0 -571.0 -484.0 -307.0 -398.0
-550.0 -444.0 -442.0 -211.0 -376.0
-435.0 -574.0 -483.0 -277.0 -292.0
-317.0 -637.0 -378.0 -296.0 -541.0
-370.0 -475.0 -398.0 -505.0 -579.0
-387.0 -720.0 -430.0 -178.0 -265.0
-626.0 -373.0 -261.0 -455.0 -507.0
-258.0 -683.0 -440.0 -79.0 -281.0
-446.0 -436.0 -556.0 -289.0 -463.0
-339.0 -620.0 -512.0 -152.0 -486.0
-342.0 -689.0 -360.0 -346.0 -451.0
-497.0 -206.0 -431.0 -376.0 -463.0
-527.0 -558.0 -340.0 -267.0 -438.0
-507.0 -590.0 -470.0 -131.0 -285.0
-197.0 -721.0 -452.0 -78.0 -153.0
-391.0 -482.0 -504.0 -389.0 -513.0
-512.0 -571.0 -346.0 -333.0 -355.0
-468.0 -489.0 -498.0 -226.0 -280.0
-458.0 -352.0 -556.0 -178.0 -375.0
-418.0 -479.0 -434.0 -451.0 -612.0
-539.0 -272.0 -475.0 -229.0 -332.0
56.0 -554.0 -480.0 -313.0 -438.0
-292.0 -446.0 -514.0 -384.0 -475.0
-491.0 -503.0 -507.0 -86.0 -250.0
-550.0 -601.0 -367.0 115.0 -266.0
-537.0 -488.0 -318.0 -252.0 -475.0
-306.0 -437.0 -554.0 -222.0 -407.0
-611.0 -455.0 -302.0 -404.0 -426.0
-587.0 -579.0 -406.0 -119.0 -278.0
-603.0 -315.0 -465.0 -45.0 -226.0
-525.0 -551.0 -428.0 -203.0 -253.0
-466.0 -511.0 -514.0 -210.0 -334.0
-505.0 -250.0 -347.0 -546.0 -492.0
-495.0 -641.0 -338.0 -243.0 -394.0
-372.0 -471.0 -516.0 -282.0 -527.0
-426.0 -652.0 -464.0 -257.0 -385.0
-487.0 -459.0 -297.0 -392.0 -572.0
-550.0 -549.0 -372.0 -259.0 -384.0
-324.0 -402.0 -538.0 -421.0 -426.0
-280.0 -598.0 -427.0 -295.0 -417.0
-506.0 -550.0 -528.0 -74.0 -218.0
-579.0 -350.0 -371.0 -264.0 -446.0
-493.0 -674.0 -328.0 -182.0 -337.0
-476.0 -573.0 -278.0 -356.0 -464.0
-307.0 -333.0 -498.0 -371.0 -645.0
-338.0 -574.0 -562.0 -21.0 -332.0
-370.0 -658.0 -250.0 -385.0 -451.0
-541.0 -481.0 -469.0 -199.0 -306.0
-318.0 -664.0 -418.0 -267.0 -403.0
-462.0 -578.0 -358.0 -332.0 -564.0
-100.0 -657.0 -530.0 -134.0 -193.0
-393.0 -322.0 -513.0 -417.0 -418.0
-571.0 -387.0 -345.0 -410.0 -481.0
-75.0 -678.0 -508.0 -144.0 -146.0
-549.0 -430.0 -336.0 -200.0 -461.0
-514.0 -457.0 -423.0 -323.0 -391.0
-572.0 -584.0 -377.0 123.0 -147.0
-521.0 -669.0 -432.0 -52.0 -282.0
-392.0 -595.0 -426.0 -334.0 -378.0
-432.0 -598.0 -498.0 -301.0 -304.0
-622.0 -400.0 -354.0 -207.0 -342.0
-469.0 -498.0 -320.0 -374.0 -568.0
-542.0 -459.0 -547.0 -63.0 -225.0
-518.0 -300.0 -515.0 -191.0 -343.0
-204.0 -725.0 -448.0 -184.0 -143.0
-102.0 -662.0 -555.0 -166.0 -151.0
-561.0 -283.0 -462.0 -67.0 -352.0
-419.0 -557.0 -473.0 -341.0 -420.0
-450.0 -577.0 -478.0 -162.0 -277.0
-543.0 -611.0 -293.0 -380.0 -385.0
-252.0 -619.0 -436.0 -315.0 -403.0
-541.0 -415.0 -412.0 -266.0 -491.0
-498.0 -471.0 -440.0 -365.0 -413.0
-463.0 -416.0 -428.0 -384.0 -473.0
-498.0 -615.0 -456.0 -165.0 -408.0
-486.0 -479.0 -447.0 -312.0 -430.0
-216.0 -742.0 -236.0 -26.0 -295.0
-207.0 -639.0 -580.0 38.0 -31.0
-486.0 -610.0 -350.0 -340.0 -338.0
-95.0 -645.0 -620.0 -163.0 -199.0
-294.0 -732.0 -234.0 -143.0 -442.0
-438.0 -523.0 -546.0 -84.0 -277.0
-419.0 -634.0 -410.0 -252.0 -579.0
-554.0 -519.0 -534.0 -50.0 -281.0
-183.0 -666.0 -593.0 -60.0 -162.0
-389.0 -444.0 -513.0 -182.0 -479.0
-334.0 -670.0 -568.0 -47.0 -208.0
-515.0 -482.0 -262.0 -365.0 -476.0
-565.0 -389.0 -197.0 -423.0 -442.0
-560.0 -465.0 -260.0 -442.0 -382.0
-618.0 -619.0 -353.0 -166.0 -308.0
-461.0 -423.0 -527.0 -164.0 -224.0
-40.0 -660.0 -525.0 -201.0 -216.0
-515.0 -545.0 -464.0 -255.0 -369.0
-559.0 -394.0 -420.0 -125.0 -254.0
-463.0 -490.0 -372.0 -545.0 -578.0
-473.0 -655.0 -424.0 -146.0 -346.0
-440.0 -586.0 -374.0 -327.0 -536.0
-482.0 -478.0 -512.0 -274.0 -315.0
-584.0 -353.0 -434.0 -100.0 -250.0
-531.0 -475.0 -573.0 -17.0 -183.0
-244.0 -714.0 -362.0 -319.0 -319.0
-462.0 -628.0 -413.0 -166.0 -405.0
-481.0 -653.0 -386.0 -304.0 -449.0
-462.0 -656.0 -388.0 -200.0 -507.0
-529.0 -422.0 -379.0 -310.0 -466.0
-515.0 -469.0 -423.0 -227.0 -405.0
-578.0 -412.0 -319.0 -259.0 -279.0
-519.0 -635.0 -324.0 -175.0 -354.0
-571.0 -473.0 -228.0 -338.0 -435.0
-561.0 -490.0 -521.0 149.0 -172.0
-153.0 -639.0 -500.0 -316.0 -415.0
-534.0 -529.0 -544.0 12.0 -221.0
-420.0 -437.0 -424.0 -411.0 -463.0
-502.0 -584.0 -543.0 110.0 -166.0
-531.0 -555.0 -426.0 -66.0 -207.0
-339.0 -665.0 -497.0 -245.0 -341.0
-469.0 -285.0 -410.0 -415.0 -545.0
-529.0 -410.0 -286.0 -402.0 -497.0
-503.0 -506.0 -418.0 -293.0 -411.0
-220.0 -698.0 -407.0 -158.0 -327.0
-268.0 -588.0 -548.0 -104.0 -368.0
-526.0 -372.0 -426.0 -411.0 -473.0
-242.0 -423.0 -576.0 -149.0 -178.0
-187.0 -527.0 -518.0 -271.0 -450.0
-448.0 -404.0 -473.0 -359.0 -442.0
-499.0 -512.0 -438.0 -204.0 -494.0
-252.0 -444.0 -436.0 -505.0 -460.0
-374.0 -467.0 -542.0 -352.0 -324.0
-436.0 -411.0 -440.0 -403.0 -417.0
-529.0 -619.0 -418.0 -55.0 -291.0
-416.0 -446.0 -510.0 -279.0 -436.0
-507.0 -438.0 -388.0 -313.0 -421.0
-647.0 -386.0 -371.0 -295.0 -316.0
-590.0 -587.0 -307.0 -398.0 -330.0
-591.0 -485.0 -285.0 -280.0 -242.0
-408.0 -599.0 -334.0 -413.0 -447.0
-547.0 -522.0 -467.0 34.0 -253.0
-179.0 -560.0 -560.0 -248.0 -235.0
-533.0 -605.0 -397.0 -198.0 -262.0
-564.0 -516.0 -387.0 -191.0 -321.0
-544.0 -535.0 -440.0 -170.0 -344.0
-488.0 -609.0 -560.0 17.0 -285.0
-377.0 -620.0 -538.0 -156.0 -309.0
-209.0 -669.0 -466.0 -206.0 -302.0
-463.0 -572.0 -462.0 -409.0 -406.0
-109.0 -451.0 -544.0 -330.0 -321.0
-206.0 -711.0 -261.0 -246.0 -479.0
-503.0 -476.0 -313.0 -404.0 -514.0
-484.0 -371.0 -515.0 -287.0 -418.0
-605.0 -546.0 -387.0 -145.0 -345.0
-524.0 -485.0 -470.0 -209.0 -344.0
-441.0 -306.0 -394.0 -501.0 -542.0
-512.0 -656.0 -296.0 -244.0 -332.0
-623.0 -433.0 -316.0 -169.0 -254.0
-501.0 -428.0 -474.0 -10.0 -400.0
-555.0 -374.0 -460.0 -26.0 -320.0
-563.0 -344.0 -491.0 -29.0 -235.0
-433.0 -357.0 -452.0 -371.0 -474.0
-394.0 -435.0 -475.0 -454.0 -420.0
-401.0 -557.0 -512.0 -169.0 -364.0
-348.0 -598.0 -362.0 -387.0 -483.0
-474.0 -548.0 -515.0 -57.0 -258.0
-434.0 -49.0 -235.0 -619.0 -561.0
-460.0 -344.0 -499.0 -326.0 -422.0
-592.0 -370.0 -413.0 -242.0 -310.0
-363.0 -567.0 -531.0 -239.0 -432.0
-300.0 -528.0 -552.0 -181.0 -375.0
-159.0 -548.0 -502.0 -357.0 -447.0
-509.0 -350.0 -537.0 -277.0 -465.0
-173.0 -705.0 -454.0 -123.0 -324.0
-615.0 -433.0 -499.0 28.0 -220.0
-487.0 -562.0 -388.0 -345.0 -481.0
-297.0 -600.0 -392.0 -384.0 -542.0
-486.0 -478.0 -407.0 -409.0 -388.0
-508.0 -498.0 -342.0 -337.0 -500.0
-394.0 -577.0 -532.0 -106.0 -293.0
-579.0 -321.0 -479.0 -113.0 -266.0
-564.0 -382.0 -404.0 -274.0 -328.0
-528.0 -308.0 -297.0 -434.0 -567.0
-425.0 -641.0 -504.0 -256.0 -413.0
-369.0 -605.0 -468.0 -271.0 -417.0
-426.0 -498.0 -418.0 -381.0 -467.0
-421.0 -275.0 -443.0 -469.0 -496.0
-344.0 -607.0 -448.0 -255.0 -456.0
-481.0 -612.0 -493.0 101.0 -257.0
-224.0 -624.0 -535.0 -185.0 -347.0
-366.0 -562.0 -514.0 -241.0 -495.0
-538.0 -451.0 -409.0 -255.0 -351.0
-424.0 -582.0 -573.0 -18.0 -282.0
-450.0 -341.0 -460.0 -412.0 -435.0
-478.0 -625.0 -466.0 -103.0 -348.0
-460.0 -483.0 -507.0 -182.0 -379.0
