-634.0 -753.0 -671.0 -464.0 -607.0
-642.0 -847.0 -712.0 -479.0 -453.0
-812.0 -760.0 -489.0 -559.0 -531.0
-728.0 -640.0 -642.0 -473.0 -663.0
-696.0 -884.0 -585.0 -596.0 -338.0
-494.0 -972.0 -470.0 -629.0 -461.0
-776.0 -555.0 -608.0 -195.0 -697.0
-783.0 -403.0 -603.0 -303.0 -701.0
-520.0 -947.0 -434.0 -647.0 -518.0
-427.0 -1074.0 -328.0 -620.0 -387.0
-615.0 -1001.0 -601.0 -592.0 -328.0
-718.0 -515.0 -648.0 -465.0 -703.0
-723.0 -555.0 -663.0 -452.0 -650.0
-663.0 -627.0 -717.0 -522.0 -625.0
-482.0 -1069.0 -430.0 -603.0 -280.0
-639.0 -673.0 -660.0 -536.0 -622.0
-775.0 -377.0 -676.0 -271.0 -675.0
-650.0 -803.0 -434.0 -641.0 -575.0
-746.0 -579.0 -620.0 -610.0 -594.0
-574.0 -1035.0 -555.0 -606.0 -207.0
-619.0 -739.0 -493.0 -689.0 -579.0
-644.0 -792.0 -484.0 -644.0 -550.0
-546.0 -928.0 -578.0 -602.0 -491.0
-701.0 -773.0 -511.0 -653.0 -581.0
-576.0 -783.0 -480.0 -694.0 -592.0
-600.0 -1010.0 -519.0 -624.0 -264.0
-632.0 -793.0 -664.0 -511.0 -595.0
-529.0 -1013.0 -432.0 -634.0 -306.0
