-533.0 -467.0 -506.0 -48.0 -245.0
-466.0 -325.0 -524.0 -465.0 -331.0
-680.0 -476.0 -415.0 -324.0 -86.0
-474.0 -22.0 -420.0 -557.0 -146.0
-603.0 -170.0 -375.0 -517.0 126.0
-433.0 -306.0 -373.0 -439.0 -332.0
-431.0 -386.0 -339.0 -82.0 -429.0
-310.0 -122.0 -401.0 -536.0 -384.0
-251.0 -274.0 -271.0 -432.0 -429.0
-339.0 62.0 -286.0 -559.0 -95.0
-341.0 79.0 -380.0 -600.0 4.0
-609.0 -196.0 -562.0 -461.0 -225.0
-299.0 -222.0 -345.0 -436.0 -396.0
-296.0 -333.0 -237.0 -431.0 -410.0
-375.0 -438.0 -495.0 -209.0 -360.0
-569.0 -313.0 -521.0 -289.0 -321.0
-515.0 -138.0 -437.0 -528.0 -164.0
-387.0 -281.0 -419.0 -282.0 -418.0
-467.0 -396.0 -362.0 -390.0 -354.0
-520.0 -283.0 -442.0 -298.0 -363.0
-444.0 -472.0 -416.0 -241.0 -325.0
-449.0 -156.0 -469.0 -483.0 -325.0
-517.0 -398.0 -553.0 -354.0 -102.0
-546.0 -255.0 -529.0 -413.0 -261.0
-593.0 -484.0 -473.0 -370.0 -67.0
-373.0 -287.0 -451.0 -425.0 -348.0
-521.0 -284.0 -601.0 -427.0 -115.0
-190.0 -242.0 -138.0 -369.0 -442.0
-477.0 -348.0 -256.0 -440.0 -351.0
-545.0 -446.0 -502.0 -212.0 -254.0
-384.0 -290.0 -289.0 -321.0 -427.0
-601.0 -185.0 -308.0 -544.0 54.0
-319.0 -383.0 -259.0 -76.0 -473.0
-401.0 -262.0 -336.0 -424.0 -386.0
-348.0 -74.0 -166.0 -539.0 -307.0
-618.0 -259.0 -506.0 -457.0 -236.0
-574.0 -492.0 -430.0 -177.0 -212.0
-573.0 -445.0 -515.0 -156.0 -153.0
-566.0 -430.0 -514.0 -340.0 -186.0
-703.0 -405.0 -450.0 -340.0 -117.0
-357.0 -165.0 -311.0 -464.0 -401.0
-565.0 -342.0 -408.0 -297.0 -344.0
-485.0 -235.0 -495.0 -486.0 -198.0
-591.0 -399.0 -469.0 -394.0 -305.0
-360.0 -262.0 -417.0 -146.0 -461.0
-327.0 -338.0 -247.0 -339.0 -469.0
-115.0 -138.0 -246.0 -416.0 -432.0
-269.0 -243.0 -243.0 -466.0 -396.0
-264.0 -361.0 -411.0 -350.0 -399.0
-521.0 -160.0 -446.0 -527.0 -300.0
-545.0 -419.0 -578.0 -210.0 -143.0
-421.0 -415.0 -311.0 -417.0 -385.0
-515.0 -398.0 -559.0 -303.0 -296.0
-600.0 -464.0 -517.0 -292.0 -110.0
-460.0 -397.0 -444.0 -233.0 -345.0
-527.0 41.0 -485.0 -564.0 -30.0
-602.0 -447.0 -611.0 -333.0 -11.0
-544.0 -269.0 -572.0 -481.0 -152.0
-479.0 -396.0 -389.0 -388.0 -349.0
-505.0 -147.0 -436.0 -537.0 -91.0
-316.0 15.0 -430.0 -538.0 -197.0
-278.0 -122.0 -186.0 -508.0 -393.0
-461.0 -444.0 -359.0 -254.0 -404.0
-578.0 -316.0 -527.0 -407.0 -90.0
-418.0 -500.0 -126.0 -336.0 -396.0
-522.0 -232.0 -407.0 -496.0 -215.0
-539.0 -197.0 -413.0 -471.0 -304.0
-501.0 -415.0 -361.0 -83.0 -376.0
-276.0 -180.0 -262.0 -438.0 -411.0
-579.0 -441.0 -534.0 -127.0 -155.0
-499.0 -210.0 -606.0 -482.0 -171.0
-453.0 -389.0 -336.0 9.0 -405.0
-435.0 -299.0 -364.0 -428.0 -364.0
-547.0 -227.0 -437.0 -474.0 -245.0
-538.0 -386.0 -114.0 -452.0 -343.0
-367.0 -320.0 -387.0 -271.0 -458.0
-395.0 -180.0 -379.0 -293.0 -429.0
-519.0 -402.0 -488.0 -407.0 -311.0
-480.0 -358.0 -330.0 -427.0 -345.0
-591.0 -314.0 -495.0 -412.0 -242.0
-400.0 -328.0 -436.0 -296.0 -372.0
-520.0 -340.0 -470.0 -359.0 -334.0
-408.0 -366.0 -262.0 -312.0 -404.0
-450.0 -203.0 -384.0 -504.0 -384.0
