-254.0 -428.0 -122.0 -338.0 -141.0
-263.0 -371.0 -217.0 -330.0 -290.0
-257.0 -309.0 -206.0 -325.0 -345.0
-345.0 -299.0 -142.0 -454.0 -196.0
-339.0 69.0 -402.0 -413.0 -355.0
-314.0 17.0 -384.0 -426.0 -314.0
-308.0 -133.0 -371.0 -413.0 -324.0
-232.0 -267.0 -329.0 -350.0 -296.0
-384.0 31.0 -385.0 -409.0 -320.0
-258.0 -314.0 -340.0 -376.0 -134.0
-340.0 -245.0 -298.0 -358.0 -304.0
-279.0 -391.0 -129.0 -304.0 -299.0
-299.0 -312.0 -207.0 -346.0 -278.0
-471.0 -1.0 -359.0 -319.0 -288.0
-232.0 -396.0 -146.0 -288.0 -215.0
-221.0 -280.0 -258.0 -391.0 -328.0
-298.0 -208.0 -296.0 -389.0 -354.0
-365.0 88.0 -285.0 -470.0 -393.0
-152.0 -449.0 -107.0 -274.0 -279.0
