-558.0 -401.0 -273.0 -553.0 -873.0
-725.0 -384.0 -271.0 -354.0 -735.0
-687.0 -345.0 -224.0 -484.0 -898.0
-579.0 -385.0 -302.0 -493.0 -866.0
-569.0 -555.0 -159.0 -499.0 -866.0
-746.0 -268.0 -243.0 -218.0 -553.0
-379.0 -578.0 -413.0 -447.0 -824.0
-492.0 -559.0 -322.0 -447.0 -855.0
-627.0 -432.0 -178.0 -544.0 -854.0
-618.0 -314.0 -319.0 -493.0 -917.0
-539.0 -527.0 -118.0 -664.0 -812.0
-430.0 -534.0 -266.0 -637.0 -780.0
-496.0 -600.0 -89.0 -550.0 -905.0
-732.0 -232.0 -153.0 -456.0 -816.0
-735.0 -169.0 -305.0 -258.0 -678.0
