-367.0 -160.0 -231.0 -271.0 -114.0
-323.0 -368.0 -46.0 -245.0 -227.0
-307.0 -293.0 -109.0 -298.0 -280.0
-243.0 -385.0 -8.0 -274.0 -280.0
-255.0 -292.0 -274.0 -129.0 -88.0
-255.0 -312.0 -84.0 -431.0 -122.0
-260.0 -252.0 -303.0 -186.0 -77.0
-192.0 -325.0 -286.0 -221.0 -59.0
-238.0 -465.0 74.0 -183.0 -281.0
-234.0 -415.0 -204.0 -45.0 -105.0
-302.0 -49.0 -252.0 -209.0 -227.0
-245.0 -122.0 -303.0 -51.0 -283.0
-213.0 -302.0 -188.0 -226.0 -271.0
-200.0 -359.0 -168.0 -308.0 -126.0
-266.0 -417.0 -279.0 82.0 -229.0
-147.0 -264.0 -362.0 -152.0 -62.0
-191.0 -465.0 -159.0 -56.0 -279.0
-236.0 -480.0 -118.0 -60.0 -304.0
-236.0 -206.0 -64.0 -440.0 -285.0
-243.0 -357.0 -152.0 -281.0 -303.0
-271.0 -454.0 -112.0 -185.0 -127.0
-175.0 -374.0 -319.0 -134.0 -84.0
-124.0 -397.0 -288.0 -15.0 -63.0
-166.0 -493.0 -204.0 -203.0 -113.0
-231.0 -408.0 -212.0 -85.0 -219.0
-124.0 -280.0 -304.0 28.0 -289.0
-88.0 -565.0 -37.0 -46.0 -223.0
-218.0 -336.0 21.0 -309.0 -339.0
-226.0 -501.0 57.0 -201.0 -109.0
-100.0 -442.0 -226.0 -190.0 -124.0
-184.0 -392.0 -303.0 -141.0 -51.0
-101.0 -570.0 -24.0 64.0 -292.0
-267.0 -486.0 -160.0 -111.0 -129.0
-200.0 -319.0 -281.0 -86.0 -37.0
-129.0 -459.0 -207.0 -229.0 -63.0
-194.0 -330.0 -282.0 -103.0 -80.0
-163.0 -418.0 -273.0 -120.0 -147.0
-319.0 -347.0 -168.0 -264.0 -260.0
-282.0 -309.0 -266.0 -153.0 -59.0
-300.0 -286.0 -196.0 -229.0 -336.0
-323.0 -458.0 -113.0 81.0 -343.0
-88.0 -520.0 -8.0 -149.0 -200.0
-101.0 -360.0 -273.0 -145.0 -251.0
-214.0 -321.0 -13.0 -361.0 -330.0
-260.0 -475.0 77.0 -159.0 -251.0
-231.0 -485.0 14.0 -214.0 -292.0
-239.0 -341.0 -80.0 -288.0 -299.0
-21.0 -354.0 -283.0 -4.0 -266.0
-155.0 -375.0 -322.0 -102.0 -112.0
-202.0 -509.0 -212.0 165.0 -128.0
-273.0 -195.0 -299.0 -131.0 -158.0
-302.0 -308.0 -263.0 -185.0 -31.0
-292.0 -268.0 -273.0 -244.0 -254.0
-141.0 -415.0 -214.0 -58.0 -245.0
-195.0 -380.0 -282.0 -17.0 -133.0
-206.0 -453.0 -123.0 -166.0 -239.0
-238.0 -469.0 -179.0 -72.0 -190.0
-110.0 -378.0 -257.0 -152.0 -218.0
-224.0 -89.0 -339.0 -92.0 -188.0
-150.0 -269.0 -336.0 -88.0 -3.0
-264.0 -439.0 -142.0 -266.0 -264.0
-192.0 -495.0 -72.0 -67.0 -264.0
-192.0 -276.0 -260.0 -195.0 -193.0
-84.0 -275.0 -344.0 -57.0 -268.0
-287.0 -497.0 -23.0 -29.0 -240.0
-326.0 -399.0 -129.0 -289.0 -117.0
-331.0 -422.0 -117.0 -128.0 -106.0
-247.0 -353.0 40.0 -348.0 -278.0
-301.0 -268.0 -227.0 -209.0 -235.0
-159.0 -439.0 -316.0 25.0 -82.0
-268.0 -407.0 -192.0 -175.0 -238.0
-140.0 -282.0 -302.0 -141.0 -186.0
-197.0 -511.0 -6.0 -256.0 -150.0
-230.0 -69.0 -203.0 -318.0 -277.0
-105.0 -538.0 24.0 -10.0 -290.0
-61.0 -498.0 40.0 -196.0 -271.0
-145.0 -330.0 -337.0 -19.0 -99.0
-196.0 -447.0 -204.0 -156.0 -24.0
-134.0 -418.0 -175.0 -362.0 -78.0
-367.0 -300.0 -82.0 -160.0 -254.0
-251.0 -218.0 -282.0 -211.0 -201.0
-188.0 -422.0 -180.0 -24.0 -303.0
-156.0 -268.0 -299.0 -143.0 -247.0
-191.0 -363.0 -194.0 -227.0 -296.0
-261.0 -465.0 -95.0 40.0 -311.0
-332.0 -360.0 -122.0 -259.0 -152.0
-383.0 -418.0 -55.0 4.0 -309.0
-128.0 -489.0 -18.0 -269.0 -171.0
-81.0 -361.0 -276.0 -113.0 -279.0
-358.0 -310.0 -217.0 -126.0 -256.0
-73.0 -180.0 -359.0 -60.0 -202.0
-231.0 -235.0 -322.0 -147.0 -138.0
-321.0 -449.0 -119.0 -39.0 -271.0
-383.0 -332.0 -202.0 3.0 -217.0
-178.0 -408.0 -246.0 39.0 -187.0
-378.0 -309.0 -214.0 -158.0 -228.0
-297.0 -165.0 -287.0 -131.0 -156.0
-290.0 -386.0 -34.0 -200.0 -278.0
-229.0 -526.0 -161.0 -39.0 -169.0
-210.0 -353.0 -61.0 -287.0 -332.0
-274.0 -512.0 -160.0 13.0 -223.0
-353.0 -296.0 -109.0 -127.0 -289.0
-291.0 -139.0 -160.0 -352.0 -273.0
14.0 -489.0 -63.0 -114.0 -313.0
-199.0 -441.0 -210.0 80.0 -282.0
-130.0 -491.0 37.0 -176.0 -259.0
-403.0 -417.0 -52.0 -28.0 -281.0
-132.0 -452.0 -168.0 -195.0 -168.0
-368.0 -477.0 -92.0 -127.0 -179.0
-136.0 -269.0 -302.0 -111.0 -275.0
-304.0 -254.0 -148.0 -303.0 -334.0
-251.0 -410.0 -175.0 -54.0 -182.0
-352.0 -403.0 -250.0 -179.0 -169.0
-258.0 -480.0 -42.0 10.0 -301.0
-227.0 -470.0 -20.0 -266.0 -283.0
-178.0 -181.0 -333.0 -183.0 -37.0
-299.0 -292.0 -257.0 -215.0 -111.0
-282.0 -224.0 -324.0 -262.0 -26.0
-316.0 -222.0 -281.0 -96.0 -127.0
-144.0 -280.0 -337.0 -105.0 -46.0
-343.0 -369.0 -254.0 -257.0 -126.0
-204.0 -429.0 -203.0 -207.0 -104.0
-223.0 -82.0 -225.0 -284.0 -300.0
-349.0 -169.0 -142.0 -106.0 -325.0
-345.0 -239.0 -262.0 -135.0 -66.0
-106.0 -309.0 -202.0 -225.0 -253.0
-116.0 -335.0 -368.0 -73.0 -78.0
-344.0 -262.0 -231.0 -298.0 -261.0
-124.0 -445.0 -90.0 -283.0 -190.0
-60.0 -328.0 -312.0 -154.0 -184.0
-190.0 -302.0 -315.0 14.0 -105.0
-336.0 -437.0 -83.0 -149.0 -231.0
-108.0 -485.0 -219.0 -89.0 -198.0
-286.0 -399.0 76.0 -245.0 -246.0
-227.0 -287.0 -293.0 -222.0 -7.0
-265.0 -121.0 -300.0 -83.0 -255.0
-104.0 -274.0 -341.0 -89.0 -240.0
-236.0 -228.0 -286.0 -239.0 -106.0
-223.0 -473.0 -106.0 -154.0 -313.0
-230.0 -447.0 -252.0 29.0 -107.0
-258.0 -447.0 -100.0 -279.0 -136.0
-290.0 -482.0 -76.0 1.0 -250.0
-239.0 -145.0 -202.0 -298.0 -266.0
-242.0 -218.0 -328.0 -246.0 -220.0
-277.0 -182.0 -327.0 -67.0 -93.0
-241.0 -280.0 -260.0 -86.0 -196.0
-330.0 -220.0 -247.0 -352.0 -173.0
-128.0 -439.0 -187.0 -224.0 -147.0
-183.0 -379.0 -170.0 -160.0 -294.0
-115.0 -281.0 -386.0 -108.0 -93.0
-290.0 -300.0 -181.0 -201.0 -186.0
-291.0 -181.0 -297.0 -265.0 -61.0
-186.0 -422.0 -213.0 -137.0 -165.0
-133.0 -447.0 -142.0 -144.0 -229.0
-200.0 -363.0 -148.0 -192.0 -277.0
-166.0 -385.0 -313.0 -71.0 -112.0
-239.0 -267.0 -22.0 -288.0 -359.0
-391.0 -252.0 -222.0 88.0 -215.0
-242.0 -433.0 122.0 -257.0 -279.0
-108.0 -135.0 -337.0 -103.0 -178.0
-123.0 -230.0 -304.0 -58.0 -236.0
-399.0 -392.0 -158.0 42.0 -344.0
-68.0 -566.0 -40.0 -14.0 -251.0
-289.0 -440.0 -156.0 -134.0 -333.0
-180.0 -272.0 -294.0 25.0 -257.0
-221.0 -374.0 -312.0 106.0 -124.0
-368.0 -391.0 -239.0 -128.0 -87.0
-355.0 -408.0 -224.0 -115.0 -110.0
-252.0 -463.0 -43.0 -99.0 -272.0
-324.0 -402.0 -182.0 -64.0 -285.0
-332.0 -274.0 -269.0 -260.0 -60.0
-193.0 -409.0 -191.0 -171.0 -142.0
-206.0 -318.0 -244.0 -141.0 -281.0
-295.0 -189.0 -317.0 -137.0 -32.0
-126.0 -495.0 -155.0 -109.0 -284.0
-144.0 -528.0 -200.0 -4.0 -231.0
-177.0 -409.0 -180.0 -270.0 -97.0
-285.0 -373.0 -188.0 -306.0 -118.0
-254.0 -479.0 -148.0 -205.0 -138.0
-277.0 -290.0 -267.0 4.0 -215.0
-305.0 -422.0 -160.0 -239.0 -76.0
-215.0 -417.0 -182.0 -83.0 -186.0
-351.0 -345.0 -138.0 -216.0 -146.0
-113.0 -292.0 -325.0 -96.0 -207.0
-318.0 -427.0 -147.0 -129.0 -145.0
-242.0 -150.0 -144.0 -339.0 -320.0
-294.0 -212.0 -286.0 -300.0 -227.0
-170.0 -230.0 -163.0 -255.0 -341.0
-336.0 -221.0 -278.0 -128.0 -99.0
-373.0 -149.0 -230.0 -254.0 -71.0
-126.0 -273.0 -347.0 -35.0 -107.0
-180.0 -472.0 -280.0 66.0 -177.0
-160.0 -498.0 -116.0 -16.0 -258.0
-318.0 -430.0 -93.0 -79.0 -292.0
-379.0 -450.0 -103.0 78.0 -311.0
-267.0 -353.0 -210.0 -210.0 -253.0
-165.0 -331.0 -331.0 -106.0 -127.0
-197.0 -530.0 53.0 -187.0 -284.0
-112.0 -453.0 -171.0 -163.0 -196.0
-220.0 -362.0 -145.0 -224.0 -249.0
-315.0 -427.0 -145.0 -57.0 -386.0
-56.0 -347.0 -306.0 -231.0 11.0
-189.0 -325.0 -284.0 -149.0 -300.0
-227.0 -355.0 -205.0 -229.0 -219.0
-178.0 -405.0 14.0 -265.0 -313.0
-372.0 -359.0 -191.0 -202.0 -85.0
-242.0 -309.0 -259.0 -116.0 -111.0
-209.0 -489.0 -261.0 27.0 -116.0
-200.0 -471.0 -277.0 34.0 -149.0
-184.0 -212.0 -106.0 -386.0 -278.0
-256.0 -479.0 -115.0 -92.0 -276.0
-305.0 -358.0 -279.0 -117.0 -76.0
-128.0 -461.0 -162.0 -276.0 -194.0
-50.0 -390.0 -293.0 -145.0 -105.0
-146.0 -520.0 -207.0 34.0 -264.0
-347.0 -301.0 -85.0 -128.0 -282.0
-218.0 -275.0 -269.0 -177.0 -56.0
