-2053.0 -1746.0 -2061.0 -1543.0 -2092.0
-2038.0 -1703.0 -2082.0 -1646.0 -2061.0
-2008.0 -1768.0 -2024.0 -1687.0 -2059.0
-2011.0 -1705.0 -2054.0 -1724.0 -1988.0
-1993.0 -1792.0 -2091.0 -1632.0 -2028.0
-2043.0 -1634.0 -2069.0 -1721.0 -2035.0
-2036.0 -1770.0 -2082.0 -1577.0 -2059.0
-2069.0 -1634.0 -2015.0 -1703.0 -2090.0
-1996.0 -1802.0 -2040.0 -1613.0 -2089.0
-1986.0 -1637.0 -2040.0 -1775.0 -1950.0
-1978.0 -1670.0 -2007.0 -1771.0 -1970.0
-1974.0 -1692.0 -2038.0 -1770.0 -1937.0
-2092.0 -1617.0 -2070.0 -1675.0 -2089.0
-1909.0 -1642.0 -1961.0 -1818.0 -1899.0
-1920.0 -1694.0 -1944.0 -1800.0 -1985.0
-2090.0 -1684.0 -2070.0 -1606.0 -2087.0
-1888.0 -1546.0 -1886.0 -1839.0 -1917.0
-1934.0 -1664.0 -1963.0 -1814.0 -1944.0
-1827.0 -1670.0 -1883.0 -1833.0 -1881.0
-1914.0 -1642.0 -1932.0 -1823.0 -1911.0
-1823.0 -1597.0 -1822.0 -1859.0 -1877.0
-2065.0 -1619.0 -2042.0 -1753.0 -2016.0
-2056.0 -1586.0 -2075.0 -1760.0 -2002.0
-2052.0 -1604.0 -2117.0 -1730.0 -1982.0
-2105.0 -1569.0 -2076.0 -1714.0 -2056.0
-1992.0 -1640.0 -2026.0 -1785.0 -1929.0
-1879.0 -1576.0 -1838.0 -1830.0 -1970.0
-1902.0 -1579.0 -1824.0 -1837.0 -1943.0
-1893.0 -1546.0 -1857.0 -1844.0 -1929.0
-1809.0 -1627.0 -1803.0 -1845.0 -1918.0
-1815.0 -1630.0 -1789.0 -1855.0 -1897.0
-1824.0 -1600.0 -1837.0 -1864.0 -1844.0
-1806.0 -1458.0 -1803.0 -1866.0 -1889.0
-1788.0 -1585.0 -1773.0 -1876.0 -1768.0
