-1926.0 -1658.0 -2044.0 -1887.0 -1728.0
-1881.0 -1724.0 -2001.0 -1897.0 -1666.0
-1914.0 -1670.0 -2064.0 -1862.0 -1754.0
-1914.0 -1669.0 -2068.0 -1819.0 -1772.0
-1903.0 -1709.0 -2045.0 -1873.0 -1697.0
-1931.0 -1643.0 -2138.0 -1796.0 -1763.0
-1852.0 -1725.0 -1977.0 -1916.0 -1710.0
-1856.0 -1723.0 -1992.0 -1923.0 -1663.0
-1950.0 -1600.0 -2067.0 -1851.0 -1792.0
-1924.0 -1705.0 -1983.0 -1890.0 -1708.0
-1845.0 -1762.0 -1973.0 -1934.0 -1606.0
-1938.0 -1733.0 -2005.0 -1877.0 -1646.0
-1940.0 -1713.0 -1995.0 -1885.0 -1667.0
-1870.0 -1778.0 -1943.0 -1921.0 -1602.0
-1923.0 -1552.0 -2146.0 -1839.0 -1815.0
-1803.0 -1755.0 -2009.0 -1916.0 -1676.0
-1992.0 -1639.0 -2056.0 -1843.0 -1744.0
-1933.0 -1588.0 -2061.0 -1910.0 -1751.0
-1809.0 -1803.0 -1904.0 -1934.0 -1582.0
-1813.0 -1742.0 -2010.0 -1930.0 -1621.0
-1863.0 -1671.0 -2035.0 -1892.0 -1774.0
-1802.0 -1781.0 -1991.0 -1941.0 -1564.0
-1792.0 -1808.0 -1955.0 -1897.0 -1630.0
-1942.0 -1604.0 -2157.0 -1785.0 -1820.0
-1873.0 -1721.0 -1915.0 -1933.0 -1721.0
-1760.0 -1819.0 -1936.0 -1929.0 -1571.0
-1766.0 -1822.0 -1922.0 -1941.0 -1540.0
-1872.0 -1793.0 -2005.0 -1863.0 -1614.0
-1716.0 -1835.0 -1732.0 -1953.0 -1479.0
-1726.0 -1839.0 -1868.0 -1945.0 -1508.0
-1932.0 -1559.0 -2238.0 -1710.0 -1761.0
-1882.0 -1547.0 -2137.0 -1869.0 -1833.0
