-877.0 -1099.0 -1096.0 -1300.0 -1005.0 -1064.0
-846.0 -1106.0 -1093.0 -1307.0 -1005.0 -1082.0
-803.0 -1187.0 -1098.0 -1243.0 -1029.0 -1028.0
-780.0 -1155.0 -1090.0 -1288.0 -1071.0 -992.0
-771.0 -1094.0 -1020.0 -1269.0 -1074.0 -1058.0
-781.0 -1008.0 -998.0 -1265.0 -1076.0 -1060.0
-802.0 -1087.0 -1023.0 -1262.0 -1074.0 -1040.0
-851.0 -1050.0 -999.0 -1245.0 -1072.0 -1029.0
-821.0 -1027.0 -864.0 -1239.0 -1082.0 -1039.0
-894.0 -1018.0 -1034.0 -1310.0 -859.0 -1171.0
-855.0 -1096.0 -1083.0 -1282.0 -1060.0 -1062.0
-859.0 -1094.0 -1068.0 -1319.0 -992.0 -1141.0
-902.0 -952.0 -973.0 -1320.0 -998.0 -1181.0
-822.0 -1154.0 -1096.0 -1300.0 -1009.0 -1079.0
-806.0 -1133.0 -1107.0 -1299.0 -1062.0 -1073.0
-850.0 -1146.0 -1100.0 -1245.0 -1043.0 -1092.0
-911.0 -934.0 -857.0 -1303.0 -977.0 -1192.0
-853.0 -1147.0 -1099.0 -1293.0 -1009.0 -1061.0
-857.0 -1144.0 -1047.0 -1239.0 -1071.0 -1035.0
-841.0 -1159.0 -1016.0 -1263.0 -1033.0 -1111.0
-750.0 -1015.0 -995.0 -1272.0 -1076.0 -1078.0
-878.0 -1131.0 -1042.0 -1301.0 -1026.0 -1085.0
-879.0 -1127.0 -1087.0 -1269.0 -944.0 -1111.0
-775.0 -1140.0 -1104.0 -1306.0 -1062.0 -1091.0
-817.0 -983.0 -927.0 -1345.0 -1054.0 -1112.0
-854.0 -1079.0 -1060.0 -1301.0 -1061.0 -1095.0
-812.0 -1080.0 -1076.0 -1325.0 -1045.0 -1153.0
-811.0 -1148.0 -1093.0 -1281.0 -1071.0 -974.0
-818.0 -1124.0 -1057.0 -1244.0 -1067.0 -1088.0
-781.0 -1184.0 -1085.0 -1225.0 -1084.0 -1026.0
-810.0 -1131.0 -1070.0 -1300.0 -1072.0 -1007.0
-779.0 -1138.0 -1067.0 -1307.0 -1072.0 -1025.0
-896.0 -1066.0 -1094.0 -1357.0 -985.0 -1115.0
-812.0 -1177.0 -1088.0 -1218.0 -1084.0 -1008.0
-820.0 -1172.0 -1021.0 -1201.0 -1078.0 -1061.0
-909.0 -1064.0 -1059.0 -1350.0 -944.0 -1114.0
-910.0 -1120.0 -1090.0 -1262.0 -944.0 -1093.0
-881.0 -1139.0 -1103.0 -1238.0 -1043.0 -1074.0
-873.0 -1038.0 -1001.0 -1368.0 -928.0 -1175.0
-889.0 -1134.0 -1036.0 -1221.0 -1037.0 -1127.0
-880.0 -1110.0 -1108.0 -1301.0 -1030.0 -1040.0
-858.0 -999.0 -890.0 -1277.0 -1075.0 -1013.0
-824.0 -1202.0 -1060.0 -1257.0 -1020.0 -1052.0
-821.0 -1125.0 -1101.0 -1363.0 -996.0 -1045.0
-852.0 -1194.0 -1064.0 -1202.0 -1054.0 -1065.0
-786.0 -1211.0 -1085.0 -1259.0 -947.0 -1113.0
-681.0 -1147.0 -1050.0 -1153.0 -1114.0 -937.0
-836.0 -1208.0 -1092.0 -1205.0 -968.0 -1057.0
-852.0 -1079.0 -994.0 -1182.0 -1085.0 -1063.0
-785.0 -1117.0 -1045.0 -1281.0 -1102.0 -1029.0
-926.0 -1106.0 -1062.0 -1259.0 -1030.0 -1101.0
-683.0 -1032.0 -1046.0 -1252.0 -1121.0 -967.0
-823.0 -1183.0 -1111.0 -1297.0 -940.0 -1087.0
-787.0 -1223.0 -1094.0 -1194.0 -866.0 -1021.0
-741.0 -1169.0 -1055.0 -1280.0 -1113.0 -941.0
-706.0 -1060.0 -1090.0 -1141.0 -1122.0 -975.0
-777.0 -1073.0 -998.0 -1243.0 -1104.0 -1062.0
-960.0 -968.0 -917.0 -1260.0 -999.0 -1138.0
-730.0 -1109.0 -1027.0 -1150.0 -1124.0 -955.0
-783.0 -1232.0 -1049.0 -1182.0 -1095.0 -999.0
-757.0 -1051.0 -1091.0 -1191.0 -1117.0 -1010.0
-781.0 -1071.0 -961.0 -1244.0 -1114.0 -996.0
-750.0 -1107.0 -1025.0 -1207.0 -1119.0 -1008.0
-737.0 -1053.0 -1093.0 -1134.0 -1122.0 -957.0
-699.0 -1116.0 -1024.0 -1157.0 -1124.0 -973.0
-684.0 -1113.0 -1073.0 -1192.0 -1124.0 -894.0
-737.0 -1118.0 -1096.0 -1079.0 -1114.0 -888.0
-732.0 -1059.0 -1026.0 -1194.0 -1123.0 -916.0
-686.0 -1132.0 -970.0 -1193.0 -1130.0 -873.0
-654.0 -1087.0 -1007.0 -1216.0 -1132.0 -958.0
-745.0 -1250.0 -1067.0 -1186.0 -867.0 -1002.0
-685.0 -1080.0 -1010.0 -1209.0 -1132.0 -940.0
-778.0 -1206.0 -1106.0 -1299.0 -1020.0 -991.0
-806.0 -1198.0 -1110.0 -1244.0 -1054.0 -1004.0
-653.0 -1120.0 -1070.0 -1199.0 -1124.0 -912.0
-790.0 -1176.0 -1115.0 -1166.0 -1093.0 -1001.0
-737.0 -1236.0 -1095.0 -1224.0 -1095.0 -938.0
-730.0 -1174.0 -1030.0 -1095.0 -1116.0 -886.0
-852.0 -1118.0 -1104.0 -1356.0 -996.0 -1027.0
-924.0 -1058.0 -1098.0 -1302.0 -1019.0 -1128.0
-887.0 -1086.0 -1072.0 -1264.0 -1026.0 -1154.0
-849.0 -1117.0 -1105.0 -1308.0 -1030.0 -1058.0
-915.0 -1011.0 -1028.0 -1376.0 -927.0 -1194.0
-638.0 -864.0 -840.0 -1082.0 -1146.0 -801.0
-846.0 -1035.0 -1013.0 -1263.0 -1063.0 -1128.0
-943.0 -1003.0 -1032.0 -1321.0 -961.0 -1207.0
-897.0 -1046.0 -953.0 -1203.0 -1072.0 -1090.0
-873.0 -1180.0 -1118.0 -1243.0 -961.0 -1031.0
-710.0 -1176.0 -1052.0 -1287.0 -1113.0 -959.0
-869.0 -984.0 -987.0 -1382.0 -965.0 -1164.0
-849.0 -1052.0 -1102.0 -1363.0 -1038.0 -1127.0
-736.0 -1233.0 -1079.0 -1291.0 -1021.0 -972.0
-860.0 -1074.0 -927.0 -1165.0 -1079.0 -1116.0
-711.0 -1060.0 -962.0 -1281.0 -1122.0 -931.0
-798.0 -990.0 -1015.0 -1230.0 -1080.0 -1094.0
-676.0 -1088.0 -980.0 -1268.0 -1123.0 -965.0
-731.0 -1192.0 -1114.0 -1305.0 -1073.0 -1003.0
-655.0 -1168.0 -1034.0 -1156.0 -1135.0 -885.0
-815.0 -1215.0 -1098.0 -1139.0 -900.0 -1034.0
-729.0 -1028.0 -1000.0 -1210.0 -1121.0 -1028.0
-634.0 -1044.0 -910.0 -1080.0 -1143.0 -805.0
-657.0 -1053.0 -1030.0 -1255.0 -1142.0 -915.0
-665.0 -1037.0 -913.0 -1073.0 -1143.0 -787.0
-725.0 -982.0 -916.0 -1173.0 -1133.0 -995.0
-594.0 -861.0 -909.0 -1034.0 -1145.0 -799.0
-770.0 -1011.0 -933.0 -1114.0 -1125.0 -1010.0
-746.0 -1253.0 -1083.0 -1119.0 -941.0 -968.0
-734.0 -1107.0 -990.0 -1151.0 -1134.0 -889.0
-704.0 -998.0 -897.0 -1152.0 -1143.0 -879.0
-705.0 -939.0 -819.0 -1037.0 -1144.0 -842.0
-684.0 -860.0 -794.0 -1040.0 -1146.0 -862.0
-603.0 -892.0 -858.0 -1069.0 -1147.0 -835.0
-631.0 -920.0 -774.0 -1098.0 -1148.0 -799.0
-640.0 -912.0 -804.0 -1039.0 -1157.0 -774.0
-859.0 -1138.0 -1130.0 -1186.0 -1052.0 -1067.0
