-822.0 -1154.0 -1096.0 -1300.0 -1009.0 -1079.0
-806.0 -1133.0 -1107.0 -1299.0 -1062.0 -1073.0
-850.0 -1146.0 -1100.0 -1245.0 -1043.0 -1092.0
-853.0 -1147.0 -1099.0 -1293.0 -1009.0 -1061.0
-775.0 -1140.0 -1104.0 -1306.0 -1062.0 -1091.0
-812.0 -1080.0 -1076.0 -1325.0 -1045.0 -1153.0
-896.0 -1066.0 -1094.0 -1357.0 -985.0 -1115.0
-909.0 -1064.0 -1059.0 -1350.0 -944.0 -1114.0
-881.0 -1139.0 -1103.0 -1238.0 -1043.0 -1074.0
-889.0 -1134.0 -1036.0 -1221.0 -1037.0 -1127.0
-880.0 -1110.0 -1108.0 -1301.0 -1030.0 -1040.0
-821.0 -1125.0 -1101.0 -1363.0 -996.0 -1045.0
-852.0 -1194.0 -1064.0 -1202.0 -1054.0 -1065.0
-778.0 -1206.0 -1106.0 -1299.0 -1020.0 -991.0
-806.0 -1198.0 -1110.0 -1244.0 -1054.0 -1004.0
-790.0 -1176.0 -1115.0 -1166.0 -1093.0 -1001.0
-737.0 -1236.0 -1095.0 -1224.0 -1095.0 -938.0
-852.0 -1118.0 -1104.0 -1356.0 -996.0 -1027.0
-924.0 -1058.0 -1098.0 -1302.0 -1019.0 -1128.0
-849.0 -1117.0 -1105.0 -1308.0 -1030.0 -1058.0
-915.0 -1011.0 -1028.0 -1376.0 -927.0 -1194.0
-943.0 -1003.0 -1032.0 -1321.0 -961.0 -1207.0
-849.0 -1052.0 -1102.0 -1363.0 -1038.0 -1127.0
-731.0 -1192.0 -1114.0 -1305.0 -1073.0 -1003.0
-859.0 -1138.0 -1130.0 -1186.0 -1052.0 -1067.0
