-962.0 -1274.0 -1211.0 -1043.0 -1067.0 -1044.0
-967.0 -1217.0 -1226.0 -1057.0 -981.0 -994.0
-999.0 -1257.0 -1197.0 -1028.0 -1014.0 -1131.0
-1033.0 -1276.0 -1151.0 -1037.0 -1029.0 -957.0
-992.0 -1282.0 -1212.0 -1023.0 -1040.0 -1049.0
-992.0 -1237.0 -1134.0 -1047.0 -1068.0 -1117.0
-956.0 -1212.0 -1239.0 -1047.0 -970.0 -1093.0
-1011.0 -1285.0 -1134.0 -992.0 -1029.0 -1116.0
-1031.0 -1248.0 -1196.0 -1021.0 -1060.0 -1037.0
-954.0 -1214.0 -1193.0 -1082.0 -1050.0 -1146.0
-1021.0 -1231.0 -1117.0 -1046.0 -974.0 -1135.0
-990.0 -1254.0 -1257.0 -1007.0 -1071.0 -1129.0
-868.0 -1270.0 -1147.0 -915.0 -1060.0 -1193.0
-973.0 -1234.0 -1212.0 -1078.0 -1079.0 -1050.0
-921.0 -1280.0 -1272.0 -1029.0 -1078.0 -1136.0
-883.0 -1204.0 -1108.0 -939.0 -1062.0 -1234.0
-1040.0 -1251.0 -1136.0 -1042.0 -1003.0 -1039.0
-860.0 -1166.0 -1287.0 -1065.0 -958.0 -1031.0
-995.0 -1208.0 -1132.0 -1096.0 -1039.0 -1054.0
-823.0 -1150.0 -1283.0 -932.0 -1027.0 -1046.0
-937.0 -1166.0 -1281.0 -955.0 -1070.0 -1102.0
-865.0 -1153.0 -1288.0 -969.0 -974.0 -1013.0
-796.0 -1179.0 -1303.0 -991.0 -981.0 -1020.0
-900.0 -1239.0 -1072.0 -967.0 -1011.0 -1263.0
