-989.0 -1281.0 -1242.0 -1477.0 -947.0 -1245.0
-1104.0 -1219.0 -1143.0 -1446.0 -983.0 -1247.0
-1100.0 -1226.0 -1138.0 -1445.0 -989.0 -1243.0
-1051.0 -1262.0 -1218.0 -1493.0 -901.0 -1144.0
-1168.0 -1181.0 -1161.0 -1358.0 -918.0 -1155.0
-1080.0 -1225.0 -1242.0 -1556.0 -926.0 -1207.0
-1066.0 -1256.0 -1160.0 -1539.0 -859.0 -1179.0
-1099.0 -1263.0 -1063.0 -1521.0 -870.0 -1150.0
-1043.0 -1283.0 -1131.0 -1492.0 -910.0 -1250.0
-1082.0 -1266.0 -1178.0 -1520.0 -920.0 -1218.0
-1005.0 -1286.0 -1193.0 -1463.0 -967.0 -1194.0
-1037.0 -1290.0 -1118.0 -1479.0 -920.0 -1259.0
-984.0 -1286.0 -1250.0 -1459.0 -966.0 -1236.0
-999.0 -1292.0 -1240.0 -1499.0 -919.0 -1183.0
-1053.0 -1257.0 -1134.0 -1452.0 -937.0 -1286.0
-1041.0 -1266.0 -1231.0 -1420.0 -945.0 -1273.0
-1132.0 -1213.0 -1249.0 -1496.0 -838.0 -1092.0
-1030.0 -1140.0 -1082.0 -1410.0 -1020.0 -1266.0
-1067.0 -1269.0 -1206.0 -1452.0 -870.0 -1114.0
-1042.0 -1278.0 -1223.0 -1501.0 -913.0 -1221.0
-946.0 -1295.0 -1259.0 -1475.0 -953.0 -1207.0
-1000.0 -1297.0 -1148.0 -1490.0 -916.0 -1212.0
-1094.0 -1266.0 -1230.0 -1441.0 -825.0 -1106.0
-1139.0 -1154.0 -1270.0 -1527.0 -941.0 -1220.0
-1112.0 -1256.0 -1153.0 -1432.0 -906.0 -1220.0
-1072.0 -1255.0 -1180.0 -1498.0 -948.0 -1280.0
-1036.0 -1285.0 -1210.0 -1488.0 -923.0 -1230.0
-1110.0 -1257.0 -1005.0 -1451.0 -937.0 -1212.0
-1036.0 -1261.0 -1171.0 -1455.0 -1011.0 -1235.0
-1150.0 -1221.0 -1201.0 -1433.0 -849.0 -1130.0
-927.0 -1297.0 -1213.0 -1429.0 -942.0 -1213.0
-1061.0 -1276.0 -1193.0 -1439.0 -880.0 -1123.0
-1057.0 -1252.0 -1213.0 -1509.0 -977.0 -1278.0
-1097.0 -1261.0 -997.0 -1361.0 -929.0 -1176.0
-1126.0 -1175.0 -1170.0 -1405.0 -1003.0 -1175.0
-1138.0 -1173.0 -1157.0 -1500.0 -1002.0 -1229.0
-1125.0 -1252.0 -1161.0 -1522.0 -914.0 -1256.0
-1148.0 -1211.0 -1219.0 -1483.0 -904.0 -1219.0
-1094.0 -1263.0 -1212.0 -1444.0 -911.0 -1249.0
-1051.0 -1259.0 -1200.0 -1496.0 -987.0 -1287.0
-1022.0 -1288.0 -1145.0 -1459.0 -958.0 -1216.0
-1146.0 -1239.0 -1093.0 -1289.0 -925.0 -1118.0
-1147.0 -1230.0 -1106.0 -1456.0 -965.0 -1228.0
-1048.0 -1290.0 -1205.0 -1411.0 -891.0 -1156.0
-1158.0 -1215.0 -1162.0 -1409.0 -893.0 -1128.0
-1078.0 -1284.0 -1070.0 -1376.0 -996.0 -1206.0
-1088.0 -1270.0 -1199.0 -1431.0 -921.0 -1258.0
-1042.0 -1297.0 -1192.0 -1398.0 -901.0 -1165.0
-1081.0 -1275.0 -1165.0 -1353.0 -880.0 -1108.0
-1159.0 -1104.0 -1191.0 -1378.0 -975.0 -1117.0
-1167.0 -1218.0 -1086.0 -1434.0 -799.0 -1062.0
-1169.0 -1212.0 -1122.0 -1336.0 -874.0 -1047.0
-954.0 -1316.0 -1180.0 -1458.0 -919.0 -1224.0
-986.0 -1318.0 -1175.0 -1449.0 -933.0 -1166.0
-951.0 -1342.0 -1108.0 -1313.0 -867.0 -1062.0
-1027.0 -1284.0 -1281.0 -1455.0 -955.0 -1186.0
-968.0 -1285.0 -1262.0 -1475.0 -986.0 -1252.0
-1074.0 -1154.0 -1151.0 -1520.0 -966.0 -1299.0
-1140.0 -1229.0 -1169.0 -1527.0 -892.0 -1170.0
-1144.0 -1129.0 -1241.0 -1521.0 -942.0 -1190.0
-1040.0 -1280.0 -1289.0 -1545.0 -963.0 -1222.0
-1153.0 -1206.0 -1211.0 -1501.0 -885.0 -1228.0
-1027.0 -1214.0 -1290.0 -1446.0 -1001.0 -1265.0
-1013.0 -1312.0 -1181.0 -1441.0 -974.0 -1301.0
-1148.0 -1180.0 -1265.0 -1469.0 -855.0 -1119.0
-901.0 -1181.0 -1285.0 -1433.0 -991.0 -1293.0
-1156.0 -1196.0 -1185.0 -1500.0 -909.0 -1197.0
-1058.0 -1203.0 -1239.0 -1524.0 -1004.0 -1272.0
-1021.0 -1148.0 -1091.0 -1395.0 -1038.0 -1267.0
-972.0 -1324.0 -1132.0 -1395.0 -930.0 -1262.0
-1144.0 -1205.0 -1282.0 -1468.0 -917.0 -1184.0
-1126.0 -1190.0 -1087.0 -1477.0 -936.0 -1287.0
-985.0 -1323.0 -1158.0 -1482.0 -852.0 -1155.0
-1132.0 -1210.0 -1231.0 -1499.0 -924.0 -1235.0
-1005.0 -1296.0 -1261.0 -1410.0 -920.0 -1223.0
-1070.0 -1109.0 -1149.0 -1486.0 -1017.0 -1264.0
-953.0 -1287.0 -1233.0 -1434.0 -1010.0 -1200.0
-1115.0 -1238.0 -1307.0 -1535.0 -910.0 -1179.0
-1151.0 -1223.0 -1111.0 -1457.0 -959.0 -1232.0
-1064.0 -1258.0 -1226.0 -1583.0 -909.0 -1180.0
-1131.0 -1264.0 -1143.0 -1432.0 -892.0 -1191.0
-1137.0 -1247.0 -1136.0 -1383.0 -863.0 -1113.0
-1004.0 -1255.0 -1232.0 -1485.0 -1011.0 -1302.0
-1118.0 -1268.0 -1135.0 -1342.0 -884.0 -1155.0
-1076.0 -1250.0 -1259.0 -1555.0 -988.0 -1272.0
-987.0 -1283.0 -1308.0 -1521.0 -997.0 -1246.0
-999.0 -1260.0 -1240.0 -1467.0 -1030.0 -1293.0
-1150.0 -1243.0 -1144.0 -1473.0 -871.0 -1149.0
-1090.0 -1276.0 -1094.0 -1386.0 -848.0 -1152.0
-954.0 -1324.0 -1141.0 -1457.0 -896.0 -1119.0
-1117.0 -1133.0 -1138.0 -1521.0 -973.0 -1288.0
-1157.0 -1134.0 -1111.0 -1455.0 -931.0 -1228.0
-1026.0 -1311.0 -1207.0 -1528.0 -896.0 -1194.0
-1185.0 -1088.0 -1161.0 -1434.0 -902.0 -1200.0
-1080.0 -1284.0 -1062.0 -1480.0 -891.0 -1192.0
-929.0 -1261.0 -1128.0 -1348.0 -967.0 -1314.0
-1075.0 -1285.0 -1126.0 -1483.0 -924.0 -1192.0
-1123.0 -1254.0 -1227.0 -1566.0 -964.0 -1257.0
-1177.0 -1228.0 -1042.0 -1367.0 -928.0 -1125.0
-1178.0 -1212.0 -1028.0 -1364.0 -866.0 -1124.0
-941.0 -1325.0 -1115.0 -1370.0 -974.0 -1226.0
-1069.0 -1292.0 -1113.0 -1470.0 -934.0 -1201.0
-1191.0 -1209.0 -1250.0 -1479.0 -893.0 -1169.0
-1056.0 -1306.0 -1125.0 -1442.0 -945.0 -1234.0
-1079.0 -1186.0 -1119.0 -1466.0 -960.0 -1302.0
-1193.0 -1207.0 -1184.0 -1435.0 -843.0 -1168.0
-1178.0 -1174.0 -1130.0 -1434.0 -960.0 -1169.0
-1091.0 -1149.0 -1168.0 -1465.0 -1046.0 -1205.0
-1181.0 -1141.0 -1108.0 -1409.0 -950.0 -1122.0
-1194.0 -1145.0 -1110.0 -1390.0 -865.0 -1199.0
-1050.0 -1313.0 -1112.0 -1429.0 -955.0 -1243.0
-1015.0 -1318.0 -1076.0 -1396.0 -901.0 -1195.0
-1013.0 -1320.0 -1142.0 -1440.0 -951.0 -1196.0
-1009.0 -1325.0 -1063.0 -1383.0 -911.0 -1204.0
-989.0 -1329.0 -978.0 -1395.0 -857.0 -1089.0
-978.0 -1336.0 -1114.0 -1305.0 -908.0 -1197.0
-1206.0 -1128.0 -1180.0 -1413.0 -931.0 -1141.0
-967.0 -1339.0 -1174.0 -1408.0 -954.0 -1208.0
-926.0 -1351.0 -1125.0 -1362.0 -910.0 -1169.0
-927.0 -1356.0 -1033.0 -1353.0 -907.0 -1198.0
-1068.0 -1234.0 -1339.0 -1524.0 -934.0 -1194.0
-959.0 -1358.0 -1028.0 -1344.0 -921.0 -1140.0
-900.0 -1362.0 -1027.0 -1361.0 -866.0 -1063.0
-1215.0 -1185.0 -1129.0 -1369.0 -894.0 -1140.0
