-924.0 -1096.0 -887.0 -1203.0 -960.0 -838.0
-1034.0 -1000.0 -860.0 -1301.0 -1011.0 -858.0
-1021.0 -1002.0 -887.0 -1293.0 -1001.0 -843.0
-867.0 -1143.0 -919.0 -1147.0 -903.0 -740.0
-975.0 -1060.0 -870.0 -1277.0 -1015.0 -844.0
-1074.0 -927.0 -770.0 -1366.0 -947.0 -945.0
-873.0 -1118.0 -925.0 -1216.0 -851.0 -818.0
-998.0 -1040.0 -852.0 -1327.0 -999.0 -836.0
-881.0 -1124.0 -912.0 -1114.0 -981.0 -688.0
-896.0 -1112.0 -925.0 -1146.0 -963.0 -750.0
-871.0 -1102.0 -883.0 -1182.0 -1005.0 -745.0
-964.0 -1068.0 -896.0 -1273.0 -1014.0 -791.0
-877.0 -1125.0 -928.0 -1189.0 -877.0 -717.0
-933.0 -1104.0 -929.0 -1221.0 -928.0 -735.0
-988.0 -1054.0 -840.0 -1340.0 -953.0 -930.0
-1005.0 -1058.0 -822.0 -1180.0 -1023.0 -774.0
-1016.0 -1003.0 -775.0 -1322.0 -875.0 -1006.0
-1005.0 -992.0 -800.0 -1347.0 -995.0 -904.0
-1044.0 -982.0 -869.0 -1343.0 -985.0 -835.0
-950.0 -1087.0 -903.0 -1306.0 -936.0 -843.0
-1067.0 -965.0 -747.0 -1349.0 -984.0 -918.0
-1003.0 -997.0 -775.0 -1320.0 -877.0 -1036.0
-954.0 -1102.0 -877.0 -1190.0 -1000.0 -803.0
-961.0 -1057.0 -862.0 -1220.0 -1022.0 -778.0
-1053.0 -913.0 -674.0 -1320.0 -974.0 -988.0
-1016.0 -1048.0 -750.0 -1364.0 -974.0 -894.0
-1048.0 -988.0 -805.0 -1366.0 -976.0 -912.0
-1030.0 -1004.0 -772.0 -1332.0 -922.0 -978.0
-1012.0 -1014.0 -855.0 -1319.0 -849.0 -995.0
-958.0 -1042.0 -864.0 -1189.0 -1032.0 -762.0
-1054.0 -959.0 -747.0 -1347.0 -986.0 -948.0
-1080.0 -898.0 -712.0 -1347.0 -957.0 -981.0
-1017.0 -1005.0 -764.0 -1371.0 -947.0 -958.0
-1018.0 -985.0 -797.0 -1300.0 -859.0 -1031.0
-1030.0 -1011.0 -764.0 -1373.0 -945.0 -928.0
-1069.0 -916.0 -760.0 -1325.0 -792.0 -1058.0
-1016.0 -1040.0 -835.0 -1328.0 -945.0 -940.0
-931.0 -1131.0 -877.0 -1172.0 -994.0 -665.0
-1059.0 -955.0 -696.0 -1363.0 -916.0 -1006.0
-1013.0 -979.0 -784.0 -1362.0 -851.0 -1013.0
-1082.0 -921.0 -734.0 -1274.0 -990.0 -942.0
-877.0 -1144.0 -905.0 -1225.0 -947.0 -763.0
-971.0 -1040.0 -837.0 -1197.0 -1042.0 -777.0
-1036.0 -1026.0 -790.0 -1332.0 -895.0 -972.0
-1032.0 -1058.0 -837.0 -1310.0 -980.0 -833.0
-1053.0 -984.0 -754.0 -1382.0 -906.0 -970.0
-1058.0 -990.0 -767.0 -1320.0 -914.0 -988.0
-1040.0 -978.0 -754.0 -1380.0 -908.0 -1000.0
-1044.0 -985.0 -765.0 -1299.0 -1000.0 -926.0
-1036.0 -1039.0 -842.0 -1277.0 -977.0 -890.0
-878.0 -1124.0 -938.0 -1154.0 -859.0 -836.0
-1024.0 -969.0 -742.0 -1330.0 -1003.0 -910.0
-1072.0 -979.0 -675.0 -1323.0 -1021.0 -890.0
-1061.0 -921.0 -770.0 -1364.0 -949.0 -975.0
-938.0 -1077.0 -880.0 -1170.0 -1038.0 -786.0
-1067.0 -971.0 -798.0 -1353.0 -878.0 -967.0
-1011.0 -963.0 -742.0 -1328.0 -1005.0 -940.0
-1001.0 -1052.0 -813.0 -1348.0 -963.0 -945.0
-1022.0 -1013.0 -919.0 -1251.0 -977.0 -819.0
-1004.0 -1051.0 -875.0 -1341.0 -877.0 -951.0
-1039.0 -1006.0 -873.0 -1239.0 -1019.0 -876.0
-1041.0 -1025.0 -902.0 -1303.0 -1021.0 -809.0
-994.0 -1002.0 -872.0 -1163.0 -1044.0 -784.0
-1008.0 -1077.0 -855.0 -1350.0 -973.0 -896.0
-1002.0 -1035.0 -833.0 -1307.0 -1031.0 -878.0
-1032.0 -1050.0 -922.0 -1274.0 -951.0 -879.0
-1105.0 -907.0 -788.0 -1376.0 -869.0 -964.0
-944.0 -1119.0 -902.0 -1213.0 -980.0 -804.0
-1025.0 -1015.0 -815.0 -1357.0 -1015.0 -870.0
-883.0 -1140.0 -954.0 -1148.0 -827.0 -761.0
-959.0 -1116.0 -805.0 -1164.0 -1037.0 -775.0
-920.0 -1075.0 -927.0 -1155.0 -1015.0 -675.0
-910.0 -1093.0 -918.0 -1113.0 -1041.0 -698.0
-925.0 -1089.0 -855.0 -1129.0 -1052.0 -647.0
-887.0 -1166.0 -934.0 -1157.0 -923.0 -706.0
-1027.0 -1044.0 -909.0 -1336.0 -943.0 -861.0
-931.0 -1120.0 -849.0 -1320.0 -966.0 -878.0
-1067.0 -897.0 -752.0 -1309.0 -791.0 -1106.0
-877.0 -1145.0 -871.0 -1160.0 -993.0 -785.0
-1066.0 -917.0 -719.0 -1380.0 -879.0 -1033.0
-1094.0 -950.0 -785.0 -1376.0 -967.0 -911.0
-987.0 -1050.0 -924.0 -1143.0 -1048.0 -716.0
-1086.0 -940.0 -734.0 -1390.0 -899.0 -999.0
-1036.0 -1071.0 -765.0 -1374.0 -994.0 -860.0
-1069.0 -1019.0 -812.0 -1327.0 -1042.0 -773.0
-1002.0 -1046.0 -861.0 -1159.0 -1059.0 -665.0
-1013.0 -1091.0 -783.0 -1324.0 -1010.0 -868.0
-966.0 -1071.0 -790.0 -1194.0 -1059.0 -750.0
-1011.0 -1034.0 -822.0 -1390.0 -937.0 -922.0
-1015.0 -1044.0 -834.0 -1167.0 -1069.0 -680.0
-929.0 -1078.0 -949.0 -1212.0 -832.0 -790.0
-1022.0 -996.0 -782.0 -1187.0 -1065.0 -748.0
-1031.0 -979.0 -765.0 -1297.0 -1002.0 -956.0
-1082.0 -960.0 -693.0 -1391.0 -906.0 -971.0
-854.0 -1151.0 -871.0 -1230.0 -881.0 -853.0
-1015.0 -1033.0 -806.0 -1315.0 -1041.0 -893.0
-1030.0 -1029.0 -743.0 -1331.0 -1052.0 -842.0
-864.0 -1173.0 -900.0 -1162.0 -857.0 -796.0
-948.0 -1060.0 -855.0 -1147.0 -1058.0 -785.0
-1046.0 -1039.0 -830.0 -1277.0 -1058.0 -781.0
-976.0 -1054.0 -765.0 -1171.0 -1079.0 -749.0
-992.0 -1064.0 -852.0 -1117.0 -1085.0 -688.0
