-1801.0 -1881.0 -1592.0 -2028.0 -1962.0
-1830.0 -1939.0 -1585.0 -1981.0 -1933.0
-1864.0 -1851.0 -1595.0 -2049.0 -1941.0
-1890.0 -1901.0 -1541.0 -2057.0 -1878.0
-1898.0 -1869.0 -1588.0 -2053.0 -1897.0
-1864.0 -1793.0 -1637.0 -2030.0 -1965.0
-1910.0 -1916.0 -1523.0 -2041.0 -1876.0
-1794.0 -1849.0 -1634.0 -2048.0 -1994.0
-1859.0 -1918.0 -1595.0 -2030.0 -1849.0
-1794.0 -1794.0 -1633.0 -2101.0 -1964.0
-1705.0 -1884.0 -1701.0 -2034.0 -1936.0
-1760.0 -1940.0 -1581.0 -2052.0 -1932.0
-1772.0 -1765.0 -1674.0 -2125.0 -1938.0
-1738.0 -2015.0 -1510.0 -1888.0 -1931.0
-1750.0 -2023.0 -1500.0 -1915.0 -1888.0
-1754.0 -1736.0 -1739.0 -2078.0 -1952.0
-1805.0 -2016.0 -1441.0 -1910.0 -1900.0
-1774.0 -2033.0 -1495.0 -1883.0 -1871.0
-1687.0 -2072.0 -1449.0 -1776.0 -1840.0
-1683.0 -2028.0 -1530.0 -1922.0 -1907.0
-1704.0 -2012.0 -1516.0 -1953.0 -1917.0
-1762.0 -2035.0 -1470.0 -1910.0 -1877.0
-1716.0 -2051.0 -1508.0 -1896.0 -1842.0
-1698.0 -2084.0 -1425.0 -1787.0 -1838.0
-1848.0 -1968.0 -1520.0 -2028.0 -1919.0
-1695.0 -2058.0 -1424.0 -1841.0 -1938.0
-1759.0 -2003.0 -1587.0 -2014.0 -1861.0
-1738.0 -2025.0 -1475.0 -1942.0 -1894.0
-1706.0 -2050.0 -1439.0 -1918.0 -1942.0
-1661.0 -2055.0 -1430.0 -1906.0 -1924.0
-1640.0 -2071.0 -1444.0 -1875.0 -1914.0
-1570.0 -2091.0 -1454.0 -1824.0 -1840.0
-1614.0 -2100.0 -1424.0 -1702.0 -1675.0
-1602.0 -2102.0 -1399.0 -1729.0 -1681.0
-1524.0 -2104.0 -1339.0 -1708.0 -1714.0
-1434.0 -2106.0 -1362.0 -1610.0 -1631.0
