-1756.0 -1963.0 -1706.0 -1494.0 -1811.0
-1784.0 -1947.0 -1697.0 -1497.0 -1809.0
-1717.0 -2015.0 -1720.0 -1536.0 -1781.0
-1763.0 -1998.0 -1660.0 -1551.0 -1800.0
-1769.0 -1954.0 -1755.0 -1502.0 -1760.0
-1760.0 -2027.0 -1659.0 -1552.0 -1773.0
-1714.0 -2067.0 -1630.0 -1534.0 -1798.0
-1679.0 -2054.0 -1607.0 -1580.0 -1827.0
-1795.0 -1880.0 -1754.0 -1475.0 -1806.0
-1820.0 -1891.0 -1750.0 -1427.0 -1806.0
-1717.0 -2019.0 -1727.0 -1483.0 -1816.0
-1816.0 -1823.0 -1790.0 -1422.0 -1809.0
-1753.0 -1965.0 -1774.0 -1465.0 -1784.0
-1711.0 -2004.0 -1778.0 -1460.0 -1776.0
-1564.0 -2085.0 -1493.0 -1660.0 -1633.0
-1732.0 -2016.0 -1737.0 -1519.0 -1775.0
-1745.0 -2034.0 -1717.0 -1557.0 -1724.0
-1476.0 -2083.0 -1467.0 -1678.0 -1724.0
-1690.0 -2097.0 -1532.0 -1614.0 -1797.0
-1730.0 -2037.0 -1707.0 -1521.0 -1765.0
-1644.0 -2057.0 -1708.0 -1563.0 -1762.0
-1546.0 -2083.0 -1564.0 -1661.0 -1699.0
-1749.0 -1897.0 -1814.0 -1460.0 -1787.0
-1648.0 -2034.0 -1663.0 -1604.0 -1793.0
-1522.0 -2080.0 -1521.0 -1686.0 -1620.0
-1690.0 -1989.0 -1658.0 -1610.0 -1795.0
-1741.0 -1935.0 -1758.0 -1481.0 -1817.0
-1637.0 -2099.0 -1612.0 -1574.0 -1825.0
-1777.0 -1879.0 -1811.0 -1411.0 -1814.0
-1756.0 -1936.0 -1775.0 -1464.0 -1811.0
-1735.0 -1924.0 -1816.0 -1405.0 -1812.0
-1633.0 -2037.0 -1653.0 -1568.0 -1834.0
-1701.0 -2032.0 -1583.0 -1644.0 -1765.0
-1607.0 -2127.0 -1543.0 -1614.0 -1808.0
-1676.0 -2106.0 -1517.0 -1578.0 -1844.0
-1476.0 -2118.0 -1488.0 -1653.0 -1642.0
-1458.0 -2072.0 -1445.0 -1718.0 -1662.0
