-1880.0 -1753.0 -1482.0 -2219.0 -1971.0
-1951.0 -1728.0 -1419.0 -2312.0 -1928.0
-1898.0 -1716.0 -1451.0 -2308.0 -1964.0
-1956.0 -1670.0 -1479.0 -2311.0 -1907.0
-1973.0 -1738.0 -1402.0 -2312.0 -1909.0
-1996.0 -1657.0 -1448.0 -2280.0 -1987.0
-1969.0 -1741.0 -1387.0 -2313.0 -1965.0
-1951.0 -1763.0 -1354.0 -2316.0 -1967.0
-1935.0 -1743.0 -1400.0 -2334.0 -1941.0
-1899.0 -1773.0 -1435.0 -2302.0 -1939.0
-1923.0 -1809.0 -1407.0 -2323.0 -1884.0
-1955.0 -1717.0 -1480.0 -2299.0 -1910.0
-1896.0 -1709.0 -1434.0 -2336.0 -1974.0
-1838.0 -1794.0 -1416.0 -2337.0 -1932.0
-1984.0 -1683.0 -1475.0 -2307.0 -1920.0
-1860.0 -1739.0 -1455.0 -2328.0 -1911.0
-1888.0 -1736.0 -1480.0 -2259.0 -1957.0
-1875.0 -1735.0 -1370.0 -2392.0 -1864.0
-1962.0 -1728.0 -1479.0 -2197.0 -1963.0
-1962.0 -1690.0 -1441.0 -2304.0 -1985.0
-1964.0 -1736.0 -1458.0 -2242.0 -1929.0
-1910.0 -1736.0 -1481.0 -2234.0 -1950.0
-1926.0 -1729.0 -1447.0 -2304.0 -1977.0
-1864.0 -1761.0 -1465.0 -2308.0 -1934.0
-1946.0 -1721.0 -1488.0 -2265.0 -1922.0
-1993.0 -1728.0 -1408.0 -2340.0 -1906.0
-1927.0 -1747.0 -1401.0 -2372.0 -1895.0
-2020.0 -1644.0 -1469.0 -2307.0 -1928.0
-1917.0 -1770.0 -1391.0 -2375.0 -1842.0
-1981.0 -1748.0 -1432.0 -2280.0 -1931.0
-1904.0 -1705.0 -1433.0 -2298.0 -2020.0
-1924.0 -1679.0 -1513.0 -2263.0 -1989.0
-1900.0 -1760.0 -1497.0 -2201.0 -1920.0
-1890.0 -1715.0 -1503.0 -2257.0 -1965.0
-1892.0 -1771.0 -1440.0 -2287.0 -1963.0
-1962.0 -1686.0 -1524.0 -2201.0 -1941.0
-1920.0 -1766.0 -1501.0 -2157.0 -1901.0
-1978.0 -1699.0 -1467.0 -2169.0 -1974.0
-1970.0 -1725.0 -1440.0 -2232.0 -1985.0
-1909.0 -1805.0 -1430.0 -2234.0 -1906.0
-2004.0 -1675.0 -1516.0 -2268.0 -1865.0
-1982.0 -1633.0 -1541.0 -2266.0 -1932.0
-1915.0 -1742.0 -1388.0 -2341.0 -2002.0
-1932.0 -1778.0 -1456.0 -2236.0 -1883.0
-1915.0 -1666.0 -1504.0 -2221.0 -2015.0
-1906.0 -1684.0 -1456.0 -2296.0 -2028.0
-2040.0 -1572.0 -1460.0 -2140.0 -1996.0
-1878.0 -1697.0 -1489.0 -2304.0 -2012.0
-1856.0 -1778.0 -1467.0 -2268.0 -1948.0
-1911.0 -1797.0 -1452.0 -2244.0 -1902.0
-1931.0 -1798.0 -1464.0 -2237.0 -1841.0
-1879.0 -1657.0 -1515.0 -2209.0 -2051.0
-1830.0 -1797.0 -1455.0 -2302.0 -1910.0
-1868.0 -1804.0 -1466.0 -2240.0 -1862.0
-1988.0 -1553.0 -1458.0 -2228.0 -2049.0
-1870.0 -1810.0 -1474.0 -2240.0 -1840.0
-1873.0 -1844.0 -1436.0 -2234.0 -1898.0
-1840.0 -1858.0 -1447.0 -2174.0 -1849.0
-2024.0 -1585.0 -1488.0 -2301.0 -1984.0
-2039.0 -1615.0 -1417.0 -2306.0 -1962.0
-1981.0 -1548.0 -1453.0 -2319.0 -2025.0
-2024.0 -1562.0 -1447.0 -2240.0 -2013.0
-1992.0 -1560.0 -1392.0 -2255.0 -2053.0
-1954.0 -1632.0 -1392.0 -2352.0 -2003.0
-1909.0 -1823.0 -1339.0 -2358.0 -1910.0
-1940.0 -1636.0 -1409.0 -2368.0 -1982.0
-1961.0 -1589.0 -1519.0 -2259.0 -2017.0
-2044.0 -1577.0 -1529.0 -2262.0 -1929.0
-1856.0 -1764.0 -1504.0 -2273.0 -1912.0
-1862.0 -1766.0 -1510.0 -2265.0 -1836.0
-2042.0 -1572.0 -1446.0 -2184.0 -2001.0
-2004.0 -1563.0 -1471.0 -2128.0 -2032.0
-2024.0 -1510.0 -1488.0 -2193.0 -2023.0
-1854.0 -1763.0 -1369.0 -2376.0 -1995.0
-1963.0 -1542.0 -1517.0 -2289.0 -2051.0
-2046.0 -1507.0 -1486.0 -2231.0 -1992.0
-1936.0 -1651.0 -1517.0 -2307.0 -1955.0
-1828.0 -1832.0 -1395.0 -2299.0 -1938.0
-1830.0 -1810.0 -1478.0 -2246.0 -1756.0
-1998.0 -1689.0 -1473.0 -2197.0 -1971.0
-1999.0 -1761.0 -1400.0 -2281.0 -1968.0
-1887.0 -1802.0 -1471.0 -2309.0 -1833.0
-1901.0 -1801.0 -1438.0 -2336.0 -1779.0
-1840.0 -1794.0 -1491.0 -2261.0 -1833.0
-2002.0 -1565.0 -1449.0 -2202.0 -2044.0
-1931.0 -1770.0 -1431.0 -2347.0 -1802.0
-1895.0 -1799.0 -1432.0 -2344.0 -1855.0
-1880.0 -1759.0 -1485.0 -2208.0 -1981.0
-2011.0 -1681.0 -1402.0 -2271.0 -2022.0
-1740.0 -1840.0 -1446.0 -2274.0 -1829.0
-1937.0 -1793.0 -1418.0 -2285.0 -1925.0
-1834.0 -1741.0 -1452.0 -2340.0 -1931.0
-1896.0 -1748.0 -1444.0 -2340.0 -1875.0
-1828.0 -1814.0 -1487.0 -2245.0 -1775.0
-1977.0 -1775.0 -1463.0 -2293.0 -1792.0
-1952.0 -1620.0 -1470.0 -2346.0 -2018.0
-2033.0 -1603.0 -1397.0 -2271.0 -2002.0
-2026.0 -1677.0 -1461.0 -2248.0 -1990.0
-1868.0 -1735.0 -1468.0 -2266.0 -2018.0
-1772.0 -1856.0 -1450.0 -2243.0 -1813.0
-1982.0 -1801.0 -1321.0 -2352.0 -1888.0
-1882.0 -1809.0 -1419.0 -2249.0 -1969.0
-1937.0 -1752.0 -1439.0 -2352.0 -1923.0
-1818.0 -1785.0 -1500.0 -2223.0 -1928.0
-1900.0 -1762.0 -1532.0 -2134.0 -1868.0
-2001.0 -1740.0 -1473.0 -2241.0 -1876.0
-1935.0 -1812.0 -1418.0 -2230.0 -1941.0
-1922.0 -1802.0 -1472.0 -2203.0 -1853.0
-2042.0 -1719.0 -1369.0 -2307.0 -1943.0
-1871.0 -1781.0 -1425.0 -2368.0 -1776.0
-1951.0 -1790.0 -1505.0 -2198.0 -1786.0
-1896.0 -1771.0 -1520.0 -2222.0 -1832.0
-1959.0 -1723.0 -1398.0 -2383.0 -1910.0
-1977.0 -1582.0 -1410.0 -2212.0 -2062.0
-1856.0 -1792.0 -1511.0 -2161.0 -1880.0
-1913.0 -1847.0 -1386.0 -2285.0 -1890.0
-1883.0 -1740.0 -1390.0 -2385.0 -1839.0
-2029.0 -1727.0 -1440.0 -2233.0 -1892.0
-1920.0 -1752.0 -1538.0 -2162.0 -1865.0
-1865.0 -1779.0 -1419.0 -2376.0 -1852.0
-1809.0 -1752.0 -1417.0 -2379.0 -1867.0
-1939.0 -1843.0 -1352.0 -2326.0 -1913.0
-1939.0 -1767.0 -1392.0 -2382.0 -1824.0
-1979.0 -1670.0 -1465.0 -2349.0 -1904.0
-2022.0 -1580.0 -1405.0 -2223.0 -2056.0
-2060.0 -1587.0 -1416.0 -2161.0 -2008.0
-1911.0 -1855.0 -1364.0 -2275.0 -1894.0
-1941.0 -1597.0 -1478.0 -2298.0 -2072.0
-1828.0 -1822.0 -1438.0 -2180.0 -1960.0
-2062.0 -1531.0 -1380.0 -2244.0 -2009.0
-1864.0 -1831.0 -1427.0 -2192.0 -1924.0
-2004.0 -1577.0 -1352.0 -2241.0 -2066.0
-2069.0 -1635.0 -1430.0 -2274.0 -1965.0
-1931.0 -1635.0 -1457.0 -2260.0 -2078.0
-1923.0 -1594.0 -1425.0 -2316.0 -2082.0
-1831.0 -1723.0 -1376.0 -2410.0 -1854.0
-1820.0 -1835.0 -1434.0 -2264.0 -1916.0
-2075.0 -1548.0 -1402.0 -2258.0 -1965.0
-1785.0 -1896.0 -1430.0 -2165.0 -1786.0
-1917.0 -1688.0 -1377.0 -2400.0 -1932.0
-1966.0 -1556.0 -1460.0 -2190.0 -2080.0
-1880.0 -1849.0 -1465.0 -2195.0 -1785.0
-2057.0 -1715.0 -1428.0 -2284.0 -1911.0
-1765.0 -1906.0 -1424.0 -2137.0 -1789.0
-1730.0 -1837.0 -1494.0 -2154.0 -1816.0
-1770.0 -1860.0 -1459.0 -2242.0 -1832.0
-1844.0 -1840.0 -1476.0 -2183.0 -1821.0
-1832.0 -1829.0 -1501.0 -2053.0 -1731.0
-1824.0 -1850.0 -1470.0 -2155.0 -1824.0
-1860.0 -1859.0 -1459.0 -2167.0 -1788.0
-1981.0 -1720.0 -1399.0 -2390.0 -1892.0
-1905.0 -1588.0 -1489.0 -2286.0 -2108.0
-1810.0 -1863.0 -1461.0 -2181.0 -1765.0
-1863.0 -1738.0 -1381.0 -2409.0 -1860.0
-1881.0 -1655.0 -1352.0 -2411.0 -1879.0
-1812.0 -1870.0 -1459.0 -2123.0 -1830.0
-1815.0 -1682.0 -1295.0 -2429.0 -1794.0
-1791.0 -1670.0 -1298.0 -2431.0 -1815.0
-1763.0 -1844.0 -1496.0 -2097.0 -1766.0
-1755.0 -1878.0 -1466.0 -2060.0 -1753.0
-1862.0 -1653.0 -1358.0 -2414.0 -1893.0
-1710.0 -1847.0 -1488.0 -2126.0 -1819.0
-1878.0 -1673.0 -1263.0 -2416.0 -1888.0
-1813.0 -1884.0 -1418.0 -2216.0 -1805.0
-1875.0 -1896.0 -1405.0 -2208.0 -1834.0
-1791.0 -1898.0 -1436.0 -2157.0 -1710.0
-1678.0 -1918.0 -1432.0 -2112.0 -1822.0
-1753.0 -1882.0 -1475.0 -2059.0 -1772.0
-1771.0 -1908.0 -1430.0 -2129.0 -1713.0
-1726.0 -1908.0 -1446.0 -2101.0 -1728.0
-1706.0 -1918.0 -1440.0 -2073.0 -1731.0
-1894.0 -1666.0 -1442.0 -2343.0 -2075.0
-1621.0 -1926.0 -1439.0 -2049.0 -1745.0
-2055.0 -1712.0 -1398.0 -2328.0 -1898.0
-2041.0 -1638.0 -1447.0 -2345.0 -1947.0
-1966.0 -1828.0 -1355.0 -2365.0 -1833.0
-2040.0 -1452.0 -1392.0 -2131.0 -2039.0
-2036.0 -1461.0 -1330.0 -2123.0 -2044.0
-2013.0 -1655.0 -1376.0 -2368.0 -1921.0
-2058.0 -1406.0 -1369.0 -2114.0 -2023.0
-1925.0 -1704.0 -1409.0 -2379.0 -1996.0
-2018.0 -1455.0 -1394.0 -2093.0 -2070.0
-1875.0 -1894.0 -1370.0 -2275.0 -1886.0
-2000.0 -1452.0 -1341.0 -2111.0 -2080.0
-1993.0 -1472.0 -1355.0 -2103.0 -2088.0
-1982.0 -1682.0 -1295.0 -2398.0 -1875.0
-1937.0 -1626.0 -1365.0 -2395.0 -1957.0
-1887.0 -1750.0 -1378.0 -2407.0 -1839.0
-1823.0 -1701.0 -1324.0 -2408.0 -1936.0
-1949.0 -1718.0 -1360.0 -2403.0 -1882.0
-1925.0 -1706.0 -1363.0 -2405.0 -1903.0
-1853.0 -1720.0 -1377.0 -2417.0 -1836.0
-1953.0 -1840.0 -1439.0 -2239.0 -1774.0
-1825.0 -1700.0 -1299.0 -2421.0 -1818.0
-1887.0 -1668.0 -1281.0 -2417.0 -1861.0
-1855.0 -1893.0 -1358.0 -2282.0 -1947.0
-1884.0 -1704.0 -1421.0 -2305.0 -2081.0
-1823.0 -1662.0 -1293.0 -2428.0 -1882.0
-1872.0 -1661.0 -1299.0 -2426.0 -1835.0
-1834.0 -1667.0 -1298.0 -2437.0 -1844.0
-1669.0 -1875.0 -1488.0 -1984.0 -1716.0
-1895.0 -1886.0 -1411.0 -2236.0 -1831.0
-1611.0 -1899.0 -1468.0 -2004.0 -1690.0
-1773.0 -1687.0 -1392.0 -2422.0 -1759.0
-1601.0 -1937.0 -1447.0 -1966.0 -1696.0
-1831.0 -1680.0 -1277.0 -2444.0 -1847.0
-1677.0 -1563.0 -1231.0 -2447.0 -1684.0
-1671.0 -1561.0 -1225.0 -2455.0 -1760.0
