-1888.0 -1789.0 -1884.0 -1867.0 -1695.0
-1920.0 -1769.0 -1886.0 -1888.0 -1662.0
-1925.0 -1784.0 -1867.0 -1882.0 -1665.0
-1986.0 -1852.0 -1860.0 -1874.0 -1564.0
-1949.0 -1857.0 -1877.0 -1859.0 -1594.0
-1883.0 -1805.0 -1924.0 -1881.0 -1660.0
-1915.0 -1785.0 -1926.0 -1902.0 -1627.0
-1925.0 -1827.0 -1915.0 -1878.0 -1576.0
-1874.0 -1762.0 -1885.0 -1930.0 -1674.0
-1953.0 -1885.0 -1917.0 -1807.0 -1570.0
-1903.0 -1850.0 -1876.0 -1901.0 -1606.0
-1995.0 -1828.0 -1877.0 -1906.0 -1462.0
-1862.0 -1672.0 -1869.0 -1871.0 -1768.0
-1952.0 -1819.0 -1945.0 -1863.0 -1519.0
-1871.0 -1820.0 -1879.0 -1801.0 -1735.0
-1954.0 -1872.0 -1858.0 -1853.0 -1597.0
-1956.0 -1823.0 -1876.0 -1939.0 -1503.0
-1862.0 -1808.0 -1879.0 -1867.0 -1724.0
-1863.0 -1676.0 -1830.0 -1867.0 -1781.0
-1904.0 -1787.0 -1822.0 -1868.0 -1729.0
-1896.0 -1880.0 -1830.0 -1824.0 -1691.0
-1889.0 -1764.0 -1862.0 -1799.0 -1764.0
-1767.0 -1651.0 -1884.0 -1830.0 -1804.0
-1867.0 -1792.0 -1839.0 -1853.0 -1759.0
-1830.0 -1642.0 -1825.0 -1819.0 -1810.0
-1836.0 -1677.0 -1823.0 -1890.0 -1789.0
-1846.0 -1704.0 -1779.0 -1837.0 -1799.0
-1805.0 -1677.0 -1837.0 -1786.0 -1813.0
-1718.0 -1612.0 -1798.0 -1745.0 -1851.0
-1792.0 -1679.0 -1819.0 -1790.0 -1830.0
-1780.0 -1680.0 -1739.0 -1799.0 -1834.0
-1786.0 -1612.0 -1771.0 -1809.0 -1841.0
-1768.0 -1605.0 -1781.0 -1782.0 -1846.0
-1609.0 -1479.0 -1740.0 -1733.0 -1893.0
-1661.0 -1470.0 -1767.0 -1717.0 -1891.0
-1996.0 -1894.0 -1849.0 -1850.0 -1513.0
-1702.0 -1597.0 -1815.0 -1840.0 -1843.0
-1843.0 -1798.0 -1853.0 -1776.0 -1777.0
-1691.0 -1557.0 -1796.0 -1820.0 -1868.0
-1639.0 -1498.0 -1744.0 -1771.0 -1886.0
-1603.0 -1447.0 -1742.0 -1749.0 -1899.0
-1687.0 -1385.0 -1715.0 -1688.0 -1900.0
-1698.0 -1594.0 -1774.0 -1690.0 -1880.0
-1617.0 -1394.0 -1706.0 -1685.0 -1902.0
-1544.0 -1437.0 -1619.0 -1566.0 -1903.0
