-1058.0 -1241.0 -1067.0 -1081.0 -1132.0 -1110.0
-1082.0 -1240.0 -1083.0 -1071.0 -1088.0 -1095.0
-1053.0 -1247.0 -1097.0 -1109.0 -1061.0 -1133.0
-1077.0 -1246.0 -1113.0 -1099.0 -1017.0 -1118.0
-1110.0 -1196.0 -1079.0 -1022.0 -1033.0 -1097.0
-1016.0 -1259.0 -1097.0 -1071.0 -1146.0 -1092.0
-1108.0 -1233.0 -1028.0 -1038.0 -1110.0 -1113.0
-1119.0 -1183.0 -932.0 -1070.0 -1066.0 -1124.0
-1150.0 -1207.0 -1005.0 -958.0 -962.0 -1076.0
-1136.0 -1165.0 -980.0 -1025.0 -1061.0 -1065.0
-1139.0 -1244.0 -1047.0 -991.0 -939.0 -1060.0
-1154.0 -1144.0 -1023.0 -923.0 -967.0 -1041.0
-1151.0 -1055.0 -879.0 -953.0 -1122.0 -1115.0
-1165.0 -1107.0 -981.0 -890.0 -990.0 -1057.0
-1170.0 -1112.0 -941.0 -891.0 -988.0 -1079.0
-1174.0 -1071.0 -874.0 -880.0 -984.0 -1031.0
