-1139.0 -1154.0 -1270.0 -1527.0 -941.0 -1220.0
-1148.0 -1211.0 -1219.0 -1483.0 -904.0 -1219.0
-1153.0 -1206.0 -1211.0 -1501.0 -885.0 -1228.0
-1144.0 -1205.0 -1282.0 -1468.0 -917.0 -1184.0
-1076.0 -1250.0 -1259.0 -1555.0 -988.0 -1272.0
-987.0 -1283.0 -1308.0 -1521.0 -997.0 -1246.0
-1123.0 -1254.0 -1227.0 -1566.0 -964.0 -1257.0
-1191.0 -1209.0 -1250.0 -1479.0 -893.0 -1169.0
-1193.0 -1207.0 -1184.0 -1435.0 -843.0 -1168.0
-1206.0 -1128.0 -1180.0 -1413.0 -931.0 -1141.0
-1215.0 -1185.0 -1129.0 -1369.0 -894.0 -1140.0
