-2024.0 -1562.0 -1447.0 -2240.0 -2013.0
-2046.0 -1507.0 -1486.0 -2231.0 -1992.0
-1887.0 -1802.0 -1471.0 -2309.0 -1833.0
-2002.0 -1565.0 -1449.0 -2202.0 -2044.0
-1895.0 -1799.0 -1432.0 -2344.0 -1855.0
-2011.0 -1681.0 -1402.0 -2271.0 -2022.0
-1952.0 -1620.0 -1470.0 -2346.0 -2018.0
-2033.0 -1603.0 -1397.0 -2271.0 -2002.0
-2026.0 -1677.0 -1461.0 -2248.0 -1990.0
-1937.0 -1752.0 -1439.0 -2352.0 -1923.0
-2022.0 -1580.0 -1405.0 -2223.0 -2056.0
-2069.0 -1635.0 -1430.0 -2274.0 -1965.0
-1981.0 -1720.0 -1399.0 -2390.0 -1892.0
-1894.0 -1666.0 -1442.0 -2343.0 -2075.0
-2041.0 -1638.0 -1447.0 -2345.0 -1947.0
-1966.0 -1828.0 -1355.0 -2365.0 -1833.0
-2040.0 -1452.0 -1392.0 -2131.0 -2039.0
-1925.0 -1704.0 -1409.0 -2379.0 -1996.0
-2018.0 -1455.0 -1394.0 -2093.0 -2070.0
