-861.0 -965.0 -1092.0 -1122.0 -1142.0 -1041.0
-965.0 -973.0 -1051.0 -1179.0 -1130.0 -968.0
-866.0 -932.0 -981.0 -1157.0 -1187.0 -875.0
-903.0 -895.0 -1036.0 -1083.0 -1194.0 -978.0
-1005.0 -964.0 -1121.0 -1143.0 -1080.0 -993.0
-972.0 -943.0 -1067.0 -1207.0 -1137.0 -949.0
-976.0 -913.0 -1121.0 -1214.0 -1117.0 -915.0
-986.0 -966.0 -1058.0 -1128.0 -1132.0 -1012.0
-795.0 -965.0 -937.0 -1207.0 -1157.0 -905.0
-982.0 -964.0 -1016.0 -1179.0 -1156.0 -959.0
-750.0 -930.0 -841.0 -1209.0 -1172.0 -888.0
-872.0 -976.0 -935.0 -1224.0 -1134.0 -1005.0
-907.0 -981.0 -1040.0 -1169.0 -1156.0 -941.0
-977.0 -963.0 -1079.0 -1152.0 -1117.0 -1062.0
-1053.0 -890.0 -1100.0 -1058.0 -1092.0 -1068.0
-988.0 -917.0 -1172.0 -1038.0 -1115.0 -1059.0
-978.0 -978.0 -979.0 -1193.0 -1140.0 -1008.0
-969.0 -906.0 -1099.0 -1061.0 -1153.0 -1063.0
-840.0 -869.0 -991.0 -1187.0 -1200.0 -839.0
-783.0 -951.0 -873.0 -1218.0 -1167.0 -837.0
-832.0 -913.0 -900.0 -1194.0 -1204.0 -922.0
-773.0 -930.0 -924.0 -1246.0 -1148.0 -827.0
-862.0 -980.0 -992.0 -1163.0 -1165.0 -987.0
-1005.0 -977.0 -1131.0 -1105.0 -1094.0 -1008.0
-877.0 -914.0 -948.0 -1200.0 -1195.0 -876.0
-867.0 -1000.0 -1004.0 -1108.0 -1145.0 -1100.0
-989.0 -882.0 -1163.0 -941.0 -1040.0 -1073.0
-984.0 -984.0 -1124.0 -1156.0 -1092.0 -964.0
-871.0 -949.0 -935.0 -1245.0 -1143.0 -919.0
-1026.0 -957.0 -1128.0 -1092.0 -1082.0 -1037.0
-911.0 -967.0 -1077.0 -1155.0 -1172.0 -892.0
-866.0 -966.0 -1029.0 -1149.0 -1181.0 -938.0
-991.0 -949.0 -1027.0 -1116.0 -1132.0 -1099.0
-881.0 -966.0 -1059.0 -1229.0 -1077.0 -991.0
-831.0 -857.0 -977.0 -1181.0 -1214.0 -837.0
-932.0 -1004.0 -956.0 -1163.0 -1141.0 -877.0
-952.0 -989.0 -1064.0 -1221.0 -1062.0 -1010.0
-866.0 -941.0 -1023.0 -1238.0 -1131.0 -946.0
-931.0 -1009.0 -1067.0 -1234.0 -1074.0 -981.0
-916.0 -984.0 -1031.0 -1243.0 -1128.0 -936.0
-913.0 -919.0 -958.0 -1129.0 -1211.0 -980.0
-907.0 -884.0 -1046.0 -1143.0 -1208.0 -921.0
-874.0 -863.0 -1014.0 -1134.0 -1213.0 -972.0
-748.0 -876.0 -869.0 -1242.0 -1194.0 -799.0
-939.0 -1023.0 -1042.0 -1242.0 -977.0 -933.0
-963.0 -1002.0 -1011.0 -1254.0 -1035.0 -966.0
-829.0 -1060.0 -967.0 -1198.0 -1005.0 -971.0
-912.0 -998.0 -994.0 -1257.0 -1112.0 -985.0
-910.0 -965.0 -1018.0 -1089.0 -1177.0 -1096.0
-935.0 -931.0 -1052.0 -1062.0 -1181.0 -1076.0
-954.0 -973.0 -1114.0 -1108.0 -1171.0 -1027.0
-1020.0 -928.0 -1093.0 -1133.0 -1149.0 -1058.0
-904.0 -930.0 -1106.0 -1103.0 -1174.0 -1037.0
-872.0 -1001.0 -941.0 -1135.0 -1184.0 -997.0
-944.0 -921.0 -1176.0 -1067.0 -1124.0 -1062.0
-906.0 -963.0 -1082.0 -1271.0 -1109.0 -926.0
-836.0 -865.0 -889.0 -1188.0 -1226.0 -810.0
-1046.0 -957.0 -1060.0 -1206.0 -1085.0 -971.0
-914.0 -951.0 -1055.0 -1075.0 -1193.0 -1047.0
-786.0 -865.0 -952.0 -1107.0 -1237.0 -890.0
-976.0 -924.0 -991.0 -1125.0 -1186.0 -1054.0
-842.0 -934.0 -849.0 -1166.0 -1223.0 -932.0
-951.0 -880.0 -1042.0 -1114.0 -1199.0 -918.0
-918.0 -859.0 -1010.0 -1105.0 -1204.0 -969.0
-926.0 -1039.0 -895.0 -1234.0 -923.0 -923.0
-917.0 -905.0 -995.0 -1115.0 -1227.0 -931.0
-795.0 -871.0 -1001.0 -1038.0 -1233.0 -954.0
-884.0 -884.0 -963.0 -1106.0 -1232.0 -982.0
-790.0 -851.0 -989.0 -1093.0 -1253.0 -841.0
-817.0 -866.0 -898.0 -1066.0 -1244.0 -929.0
-796.0 -886.0 -901.0 -1079.0 -1256.0 -900.0
-734.0 -770.0 -860.0 -1015.0 -1259.0 -723.0
