96.0 94.0 95.0 83.0
74.0 108.0 122.0 83.0
63.0 99.0 133.0 109.0
57.0 103.0 150.0 111.0
103.0 97.0 87.0 72.0
62.0 108.0 142.0 98.0
111.0 84.0 80.0 87.0
42.0 151.0 165.0 142.0
80.0 93.0 111.0 99.0
87.0 91.0 112.0 84.0
65.0 96.0 136.0 105.0
49.0 125.0 154.0 117.0
119.0 79.0 78.0 90.0
60.0 107.0 140.0 104.0
150.0 73.0 61.0 101.0
142.0 75.0 71.0 92.0
47.0 126.0 167.0 111.0
86.0 86.0 115.0 87.0
124.0 85.0 77.0 84.0
84.0 93.0 104.0 94.0
115.0 78.0 76.0 96.0
69.0 103.0 124.0 96.0
82.0 96.0 101.0 102.0
100.0 81.0 104.0 79.0
92.0 93.0 108.0 76.0
99.0 86.0 89.0 91.0
79.0 109.0 104.0 92.0
58.0 102.0 148.0 112.0
59.0 127.0 140.0 89.0
53.0 116.0 147.0 117.0
88.0 91.0 101.0 94.0
56.0 128.0 149.0 88.0
89.0 110.0 96.0 79.0
73.0 108.0 123.0 86.0
76.0 101.0 115.0 94.0
60.0 115.0 131.0 105.0
97.0 84.0 91.0 94.0
65.0 110.0 141.0 86.0
66.0 105.0 130.0 98.0
93.0 93.0 94.0 87.0
134.0 80.0 73.0 89.0
92.0 87.0 107.0 83.0
43.0 152.0 159.0 142.0
138.0 74.0 69.0 98.0
65.0 116.0 142.0 79.0
127.0 77.0 68.0 99.0
44.0 149.0 164.0 128.0
83.0 91.0 115.0 91.0
67.0 115.0 134.0 83.0
107.0 80.0 86.0 87.0
50.0 125.0 156.0 106.0
85.0 97.0 107.0 86.0
132.0 83.0 67.0 93.0
71.0 96.0 135.0 89.0
102.0 85.0 96.0 82.0
54.0 116.0 149.0 106.0
90.0 100.0 102.0 79.0
77.0 101.0 114.0 91.0
68.0 103.0 125.0 99.0
45.0 132.0 159.0 131.0
