111.0 117.0 75.0 85.0
146.0 53.0 121.0 130.0
139.0 79.0 78.0 91.0
111.0 98.0 119.0 71.0
88.0 154.0 125.0 64.0
127.0 85.0 59.0 127.0
141.0 96.0 68.0 86.0
102.0 81.0 153.0 83.0
159.0 55.0 84.0 130.0
150.0 48.0 111.0 151.0
92.0 105.0 147.0 73.0
115.0 131.0 78.0 70.0
159.0 75.0 57.0 113.0
105.0 99.0 107.0 82.0
121.0 62.0 113.0 120.0
126.0 73.0 130.0 84.0
130.0 151.0 54.0 98.0
161.0 48.0 133.0 133.0
157.0 73.0 64.0 108.0
113.0 165.0 70.0 75.0
130.0 129.0 59.0 92.0
83.0 122.0 130.0 78.0
143.0 67.0 91.0 99.0
178.0 43.0 123.0 156.0
88.0 107.0 115.0 89.0
133.0 89.0 75.0 87.0
107.0 105.0 95.0 79.0
117.0 98.0 100.0 76.0
133.0 133.0 72.0 63.0
177.0 98.0 42.0 123.0
71.0 163.0 175.0 68.0
147.0 55.0 100.0 131.0
169.0 50.0 86.0 149.0
153.0 87.0 57.0 106.0
166.0 70.0 58.0 124.0
106.0 112.0 74.0 93.0
112.0 84.0 108.0 85.0
130.0 73.0 112.0 89.0
118.0 87.0 82.0 91.0
163.0 53.0 88.0 123.0
87.0 177.0 101.0 74.0
195.0 42.0 106.0 189.0
143.0 117.0 64.0 74.0
135.0 75.0 78.0 103.0
167.0 128.0 47.0 92.0
139.0 98.0 51.0 122.0
85.0 103.0 177.0 80.0
148.0 117.0 52.0 97.0
170.0 63.0 58.0 134.0
133.0 67.0 114.0 93.0
133.0 67.0 101.0 102.0
163.0 59.0 78.0 117.0
111.0 109.0 93.0 76.0
168.0 59.0 81.0 102.0
142.0 107.0 56.0 98.0
105.0 124.0 83.0 78.0
169.0 54.0 73.0 137.0
89.0 127.0 101.0 80.0
158.0 54.0 99.0 125.0
127.0 119.0 66.0 86.0
147.0 71.0 87.0 89.0
132.0 125.0 64.0 79.0
134.0 130.0 53.0 101.0
71.0 149.0 148.0 75.0
145.0 69.0 86.0 93.0
125.0 86.0 95.0 78.0
173.0 46.0 85.0 174.0
140.0 132.0 57.0 89.0
140.0 61.0 122.0 108.0
152.0 70.0 70.0 105.0
165.0 45.0 111.0 151.0
94.0 117.0 99.0 83.0
88.0 124.0 117.0 75.0
114.0 130.0 78.0 75.0
124.0 95.0 76.0 90.0
146.0 80.0 65.0 103.0
106.0 79.0 135.0 92.0
151.0 63.0 85.0 110.0
115.0 101.0 86.0 81.0
112.0 95.0 110.0 76.0
110.0 85.0 107.0 90.0
105.0 108.0 73.0 105.0
147.0 92.0 46.0 147.0
144.0 76.0 67.0 112.0
76.0 114.0 140.0 89.0
75.0 148.0 147.0 72.0
103.0 99.0 94.0 93.0
169.0 63.0 66.0 115.0
115.0 82.0 117.0 86.0
156.0 73.0 73.0 90.0
80.0 131.0 129.0 75.0
126.0 68.0 106.0 104.0
91.0 96.0 137.0 86.0
114.0 72.0 144.0 95.0
83.0 116.0 127.0 83.0
106.0 104.0 81.0 91.0
135.0 148.0 56.0 90.0
87.0 147.0 130.0 66.0
124.0 100.0 76.0 83.0
144.0 103.0 52.0 114.0
128.0 64.0 127.0 107.0
170.0 56.0 69.0 142.0
165.0 78.0 47.0 124.0
101.0 109.0 124.0 69.0
121.0 94.0 90.0 80.0
89.0 147.0 110.0 69.0
156.0 153.0 39.0 145.0
80.0 140.0 133.0 72.0
137.0 136.0 57.0 89.0
130.0 60.0 160.0 112.0
159.0 72.0 56.0 126.0
126.0 88.0 93.0 72.0
147.0 51.0 87.0 157.0
82.0 115.0 148.0 79.0
147.0 107.0 49.0 113.0
142.0 76.0 85.0 91.0
160.0 46.0 132.0 142.0
136.0 131.0 67.0 67.0
150.0 58.0 81.0 124.0
91.0 109.0 161.0 73.0
92.0 121.0 87.0 92.0
87.0 139.0 102.0 81.0
109.0 86.0 117.0 84.0
79.0 120.0 118.0 85.0
150.0 65.0 74.0 120.0
78.0 126.0 130.0 80.0
179.0 109.0 40.0 123.0
126.0 136.0 64.0 82.0
158.0 88.0 59.0 95.0
124.0 90.0 92.0 80.0
107.0 92.0 108.0 86.0
169.0 69.0 53.0 125.0
87.0 91.0 164.0 88.0
107.0 95.0 100.0 88.0
80.0 150.0 131.0 71.0
139.0 74.0 81.0 96.0
156.0 57.0 109.0 102.0
112.0 154.0 68.0 80.0
143.0 84.0 52.0 132.0
155.0 63.0 63.0 132.0
160.0 69.0 64.0 109.0
89.0 100.0 128.0 89.0
113.0 126.0 69.0 86.0
148.0 83.0 65.0 98.0
162.0 61.0 57.0 179.0
142.0 97.0 64.0 93.0
158.0 61.0 70.0 115.0
91.0 135.0 109.0 68.0
131.0 68.0 84.0 116.0
113.0 80.0 107.0 95.0
75.0 178.0 156.0 63.0
88.0 164.0 106.0 73.0
133.0 103.0 65.0 96.0
96.0 117.0 99.0 81.0
181.0 54.0 66.0 145.0
140.0 71.0 84.0 97.0
82.0 118.0 122.0 85.0
154.0 51.0 120.0 133.0
177.0 100.0 42.0 118.0
156.0 66.0 62.0 132.0
128.0 75.0 107.0 88.0
119.0 81.0 110.0 87.0
117.0 123.0 70.0 84.0
167.0 56.0 72.0 133.0
123.0 66.0 94.0 118.0
96.0 110.0 111.0 82.0
102.0 100.0 83.0 100.0
86.0 111.0 147.0 77.0
100.0 108.0 89.0 88.0
131.0 89.0 65.0 101.0
115.0 91.0 112.0 75.0
96.0 144.0 114.0 62.0
131.0 143.0 56.0 95.0
105.0 150.0 85.0 70.0
85.0 115.0 121.0 84.0
75.0 121.0 141.0 83.0
71.0 131.0 166.0 80.0
150.0 63.0 78.0 112.0
157.0 156.0 43.0 116.0
104.0 105.0 93.0 87.0
128.0 75.0 96.0 94.0
126.0 79.0 118.0 77.0
101.0 114.0 103.0 76.0
131.0 78.0 88.0 90.0
93.0 150.0 94.0 72.0
173.0 60.0 63.0 122.0
130.0 84.0 85.0 84.0
99.0 156.0 81.0 76.0
156.0 52.0 120.0 126.0
172.0 69.0 55.0 119.0
96.0 100.0 160.0 71.0
147.0 56.0 111.0 119.0
148.0 63.0 87.0 109.0
107.0 113.0 120.0 63.0
142.0 82.0 67.0 105.0
93.0 149.0 98.0 73.0
150.0 68.0 65.0 123.0
191.0 43.0 92.0 183.0
136.0 72.0 101.0 90.0
139.0 134.0 58.0 80.0
167.0 72.0 60.0 109.0
119.0 61.0 127.0 126.0
112.0 123.0 72.0 88.0
173.0 90.0 43.0 136.0
160.0 63.0 89.0 95.0
133.0 81.0 89.0 79.0
165.0 52.0 100.0 130.0
140.0 99.0 48.0 132.0
129.0 94.0 86.0 75.0
179.0 117.0 37.0 147.0
136.0 64.0 84.0 122.0
139.0 93.0 53.0 126.0
132.0 101.0 56.0 115.0
88.0 176.0 124.0 62.0
118.0 67.0 148.0 104.0
112.0 81.0 117.0 90.0
85.0 136.0 129.0 69.0
137.0 106.0 56.0 106.0
155.0 73.0 59.0 116.0
121.0 87.0 112.0 75.0
119.0 81.0 86.0 100.0
167.0 67.0 51.0 147.0
168.0 120.0 41.0 129.0
122.0 141.0 72.0 68.0
138.0 111.0 66.0 81.0
136.0 135.0 56.0 91.0
130.0 65.0 88.0 119.0
135.0 65.0 125.0 95.0
147.0 52.0 116.0 136.0
118.0 114.0 93.0 68.0
62.0 163.0 160.0 78.0
105.0 118.0 95.0 73.0
134.0 64.0 102.0 108.0
73.0 133.0 151.0 80.0
173.0 71.0 57.0 115.0
152.0 96.0 48.0 126.0
151.0 86.0 64.0 99.0
76.0 155.0 141.0 71.0
93.0 142.0 98.0 74.0
104.0 102.0 128.0 70.0
128.0 72.0 114.0 93.0
86.0 106.0 120.0 91.0
72.0 139.0 144.0 76.0
86.0 119.0 129.0 78.0
145.0 112.0 55.0 97.0
99.0 139.0 86.0 79.0
183.0 103.0 40.0 129.0
124.0 102.0 69.0 94.0
153.0 144.0 40.0 142.0
94.0 89.0 136.0 86.0
117.0 160.0 65.0 79.0
104.0 105.0 115.0 75.0
137.0 72.0 86.0 98.0
92.0 101.0 138.0 80.0
125.0 97.0 95.0 72.0
103.0 107.0 82.0 91.0
138.0 127.0 54.0 99.0
139.0 83.0 64.0 113.0
184.0 93.0 40.0 133.0
130.0 123.0 58.0 97.0
78.0 125.0 176.0 76.0
110.0 106.0 75.0 93.0
100.0 93.0 132.0 80.0
158.0 53.0 84.0 144.0
113.0 87.0 119.0 77.0
120.0 110.0 63.0 103.0
140.0 81.0 61.0 115.0
138.0 66.0 83.0 114.0
97.0 109.0 108.0 82.0
170.0 73.0 49.0 129.0
108.0 130.0 66.0 98.0
124.0 64.0 133.0 110.0
62.0 156.0 153.0 82.0
139.0 146.0 57.0 83.0
144.0 50.0 105.0 153.0
126.0 102.0 66.0 101.0
106.0 99.0 101.0 85.0
127.0 79.0 95.0 89.0
141.0 84.0 64.0 110.0
166.0 97.0 47.0 118.0
127.0 91.0 87.0 77.0
117.0 95.0 97.0 79.0
126.0 135.0 62.0 87.0
113.0 95.0 88.0 87.0
150.0 62.0 85.0 112.0
148.0 80.0 75.0 89.0
130.0 142.0 66.0 72.0
162.0 75.0 67.0 95.0
108.0 102.0 114.0 74.0
92.0 132.0 100.0 79.0
102.0 111.0 111.0 75.0
168.0 70.0 59.0 113.0
86.0 130.0 126.0 72.0
168.0 48.0 101.0 142.0
125.0 71.0 105.0 98.0
84.0 156.0 103.0 79.0
104.0 117.0 72.0 100.0
147.0 99.0 62.0 86.0
149.0 83.0 52.0 132.0
153.0 132.0 46.0 111.0
177.0 59.0 59.0 146.0
120.0 73.0 127.0 94.0
73.0 155.0 155.0 71.0
105.0 116.0 79.0 85.0
150.0 57.0 103.0 116.0
93.0 104.0 122.0 85.0
66.0 155.0 169.0 75.0
147.0 89.0 54.0 109.0
65.0 165.0 173.0 74.0
133.0 131.0 60.0 84.0
112.0 101.0 84.0 89.0
88.0 127.0 104.0 80.0
138.0 86.0 75.0 90.0
130.0 95.0 69.0 99.0
154.0 62.0 74.0 117.0
177.0 66.0 47.0 144.0
82.0 171.0 156.0 58.0
84.0 134.0 107.0 78.0
137.0 133.0 48.0 116.0
102.0 108.0 137.0 67.0
94.0 162.0 99.0 69.0
100.0 108.0 137.0 69.0
95.0 98.0 129.0 80.0
152.0 57.0 81.0 125.0
64.0 173.0 168.0 72.0
98.0 98.0 132.0 76.0
106.0 92.0 122.0 79.0
162.0 99.0 46.0 124.0
157.0 50.0 104.0 142.0
145.0 92.0 58.0 103.0
132.0 86.0 90.0 75.0
120.0 96.0 92.0 79.0
122.0 105.0 76.0 77.0
148.0 82.0 55.0 118.0
142.0 58.0 132.0 110.0
155.0 152.0 40.0 137.0
104.0 138.0 106.0 60.0
108.0 91.0 114.0 80.0
165.0 50.0 92.0 144.0
143.0 52.0 129.0 133.0
147.0 136.0 55.0 82.0
130.0 71.0 98.0 98.0
170.0 45.0 100.0 153.0
143.0 75.0 68.0 105.0
98.0 88.0 129.0 87.0
99.0 80.0 160.0 90.0
161.0 76.0 56.0 111.0
118.0 82.0 105.0 88.0
182.0 44.0 97.0 183.0
128.0 76.0 88.0 100.0
139.0 112.0 49.0 115.0
130.0 63.0 108.0 111.0
182.0 44.0 96.0 189.0
155.0 69.0 74.0 97.0
150.0 121.0 41.0 141.0
126.0 85.0 102.0 77.0
132.0 76.0 103.0 85.0
112.0 101.0 94.0 82.0
163.0 96.0 47.0 123.0
76.0 138.0 145.0 75.0
112.0 74.0 133.0 93.0
123.0 98.0 85.0 78.0
152.0 46.0 129.0 157.0
135.0 58.0 148.0 113.0
152.0 53.0 127.0 116.0
116.0 102.0 100.0 71.0
156.0 163.0 39.0 143.0
97.0 115.0 90.0 84.0
132.0 94.0 76.0 83.0
112.0 100.0 82.0 91.0
104.0 103.0 94.0 88.0
99.0 101.0 116.0 81.0
162.0 65.0 75.0 99.0
84.0 130.0 126.0 74.0
146.0 58.0 92.0 119.0
179.0 96.0 41.0 130.0
124.0 74.0 105.0 97.0
97.0 85.0 155.0 82.0
135.0 110.0 58.0 100.0
88.0 117.0 155.0 71.0
162.0 69.0 60.0 118.0
158.0 54.0 95.0 126.0
128.0 83.0 101.0 78.0
106.0 100.0 71.0 111.0
147.0 119.0 55.0 87.0
146.0 140.0 53.0 84.0
110.0 75.0 144.0 89.0
110.0 145.0 69.0 85.0
158.0 55.0 102.0 119.0
109.0 119.0 79.0 80.0
150.0 86.0 51.0 120.0
115.0 99.0 68.0 105.0
125.0 77.0 96.0 92.0
173.0 51.0 70.0 144.0
137.0 67.0 89.0 110.0
100.0 110.0 96.0 83.0
135.0 147.0 61.0 76.0
174.0 120.0 38.0 144.0
123.0 115.0 72.0 83.0
121.0 82.0 100.0 87.0
140.0 96.0 53.0 122.0
112.0 125.0 68.0 95.0
72.0 136.0 137.0 81.0
181.0 129.0 40.0 120.0
123.0 128.0 70.0 75.0
165.0 44.0 145.0 152.0
88.0 165.0 102.0 72.0
187.0 65.0 52.0 134.0
168.0 59.0 66.0 127.0
118.0 109.0 73.0 91.0
116.0 86.0 100.0 83.0
155.0 114.0 47.0 110.0
86.0 108.0 136.0 84.0
136.0 86.0 67.0 105.0
97.0 99.0 111.0 88.0
157.0 66.0 68.0 116.0
103.0 93.0 135.0 76.0
122.0 72.0 130.0 93.0
173.0 51.0 84.0 132.0
123.0 111.0 60.0 110.0
163.0 61.0 66.0 126.0
133.0 61.0 148.0 101.0
171.0 60.0 65.0 119.0
165.0 52.0 115.0 119.0
127.0 98.0 84.0 76.0
173.0 68.0 49.0 145.0
142.0 144.0 57.0 83.0
92.0 148.0 87.0 83.0
174.0 56.0 59.0 166.0
134.0 86.0 66.0 110.0
124.0 63.0 95.0 124.0
114.0 147.0 77.0 67.0
98.0 127.0 90.0 74.0
149.0 63.0 93.0 104.0
172.0 105.0 44.0 118.0
84.0 115.0 121.0 85.0
121.0 73.0 138.0 87.0
129.0 82.0 79.0 94.0
164.0 52.0 74.0 150.0
144.0 67.0 76.0 109.0
78.0 160.0 155.0 64.0
183.0 116.0 39.0 122.0
153.0 82.0 73.0 82.0
165.0 137.0 39.0 138.0
118.0 82.0 120.0 82.0
169.0 92.0 45.0 129.0
159.0 74.0 78.0 86.0
80.0 170.0 154.0 61.0
127.0 84.0 92.0 82.0
139.0 101.0 54.0 115.0
164.0 61.0 68.0 122.0
142.0 68.0 86.0 100.0
125.0 78.0 107.0 84.0
123.0 67.0 124.0 100.0
83.0 119.0 111.0 86.0
145.0 61.0 91.0 113.0
132.0 75.0 88.0 100.0
168.0 62.0 69.0 114.0
138.0 95.0 60.0 105.0
149.0 142.0 46.0 112.0
114.0 105.0 101.0 69.0
70.0 137.0 159.0 76.0
86.0 149.0 92.0 82.0
159.0 77.0 56.0 112.0
112.0 105.0 82.0 83.0
110.0 102.0 87.0 83.0
138.0 83.0 87.0 72.0
158.0 48.0 110.0 147.0
123.0 101.0 65.0 107.0
161.0 66.0 68.0 112.0
131.0 158.0 58.0 83.0
95.0 95.0 148.0 79.0
73.0 168.0 158.0 67.0
71.0 132.0 174.0 75.0
149.0 55.0 95.0 130.0
124.0 95.0 64.0 115.0
114.0 92.0 111.0 78.0
174.0 64.0 53.0 133.0
159.0 52.0 125.0 121.0
132.0 70.0 99.0 99.0
144.0 152.0 54.0 82.0
81.0 107.0 144.0 87.0
129.0 70.0 125.0 92.0
88.0 104.0 159.0 79.0
158.0 53.0 85.0 138.0
89.0 97.0 146.0 87.0
143.0 95.0 63.0 98.0
96.0 90.0 118.0 94.0
142.0 127.0 57.0 88.0
127.0 99.0 73.0 85.0
116.0 115.0 61.0 106.0
112.0 81.0 130.0 86.0
136.0 87.0 53.0 131.0
110.0 68.0 151.0 106.0
136.0 110.0 52.0 111.0
111.0 116.0 79.0 79.0
137.0 70.0 106.0 88.0
145.0 77.0 66.0 108.0
143.0 65.0 111.0 93.0
90.0 115.0 138.0 76.0
66.0 136.0 154.0 82.0
150.0 132.0 43.0 128.0
168.0 72.0 57.0 113.0
158.0 57.0 80.0 124.0
78.0 167.0 163.0 61.0
114.0 94.0 92.0 86.0
91.0 117.0 89.0 93.0
120.0 121.0 65.0 88.0
129.0 73.0 90.0 102.0
131.0 69.0 103.0 96.0
181.0 59.0 60.0 138.0
126.0 74.0 97.0 98.0
73.0 122.0 117.0 94.0
168.0 55.0 86.0 116.0
154.0 75.0 62.0 114.0
88.0 138.0 94.0 83.0
168.0 68.0 69.0 101.0
147.0 136.0 57.0 79.0
151.0 76.0 65.0 109.0
113.0 136.0 63.0 97.0
150.0 61.0 98.0 102.0
88.0 121.0 178.0 67.0
155.0 151.0 37.0 156.0
157.0 69.0 79.0 89.0
163.0 47.0 88.0 173.0
83.0 179.0 111.0 74.0
159.0 45.0 98.0 169.0
148.0 61.0 107.0 103.0
96.0 104.0 113.0 84.0
111.0 113.0 76.0 82.0
134.0 67.0 90.0 110.0
129.0 66.0 93.0 119.0
165.0 50.0 76.0 168.0
125.0 114.0 59.0 107.0
92.0 147.0 114.0 65.0
137.0 64.0 140.0 96.0
158.0 70.0 85.0 85.0
102.0 128.0 81.0 78.0
153.0 55.0 76.0 147.0
111.0 77.0 140.0 88.0
172.0 71.0 45.0 139.0
165.0 59.0 65.0 134.0
137.0 106.0 54.0 109.0
140.0 108.0 52.0 112.0
154.0 95.0 49.0 113.0
84.0 110.0 168.0 78.0
120.0 97.0 72.0 102.0
121.0 119.0 62.0 99.0
151.0 96.0 59.0 93.0
148.0 60.0 92.0 113.0
176.0 50.0 81.0 152.0
152.0 67.0 81.0 96.0
151.0 49.0 130.0 138.0
185.0 81.0 43.0 139.0
172.0 142.0 38.0 131.0
106.0 84.0 137.0 85.0
120.0 87.0 79.0 99.0
78.0 130.0 111.0 84.0
98.0 109.0 143.0 67.0
65.0 127.0 170.0 86.0
92.0 118.0 130.0 71.0
135.0 59.0 130.0 114.0
142.0 62.0 86.0 119.0
98.0 118.0 101.0 76.0
85.0 152.0 104.0 79.0
158.0 56.0 83.0 121.0
163.0 74.0 53.0 119.0
139.0 112.0 51.0 112.0
156.0 69.0 84.0 89.0
79.0 135.0 148.0 74.0
112.0 95.0 80.0 97.0
82.0 115.0 118.0 88.0
118.0 104.0 99.0 70.0
177.0 56.0 74.0 120.0
68.0 140.0 181.0 77.0
119.0 96.0 112.0 66.0
99.0 139.0 95.0 71.0
127.0 73.0 92.0 98.0
125.0 63.0 151.0 105.0
99.0 99.0 145.0 74.0
180.0 86.0 41.0 134.0
153.0 50.0 126.0 135.0
141.0 100.0 56.0 110.0
80.0 111.0 174.0 77.0
157.0 55.0 84.0 132.0
126.0 125.0 59.0 98.0
106.0 83.0 115.0 92.0
129.0 140.0 62.0 81.0
143.0 74.0 65.0 119.0
98.0 104.0 97.0 93.0
145.0 55.0 106.0 125.0
124.0 79.0 102.0 85.0
96.0 87.0 150.0 84.0
82.0 123.0 108.0 86.0
146.0 80.0 59.0 119.0
103.0 133.0 77.0 82.0
154.0 61.0 87.0 107.0
90.0 122.0 96.0 87.0
139.0 159.0 53.0 89.0
101.0 127.0 83.0 81.0
131.0 68.0 110.0 98.0
116.0 70.0 148.0 94.0
122.0 76.0 126.0 82.0
148.0 68.0 85.0 98.0
118.0 144.0 71.0 70.0
139.0 50.0 113.0 156.0
143.0 56.0 117.0 122.0
102.0 104.0 111.0 79.0
153.0 145.0 43.0 123.0
78.0 122.0 146.0 79.0
110.0 123.0 85.0 76.0
74.0 146.0 135.0 77.0
154.0 52.0 101.0 135.0
182.0 65.0 55.0 124.0
111.0 98.0 115.0 72.0
96.0 83.0 138.0 94.0
158.0 101.0 47.0 115.0
181.0 44.0 105.0 160.0
110.0 110.0 82.0 77.0
125.0 90.0 59.0 121.0
147.0 125.0 54.0 95.0
146.0 121.0 46.0 122.0
100.0 112.0 118.0 73.0
112.0 88.0 122.0 77.0
88.0 122.0 94.0 91.0
93.0 100.0 128.0 85.0
188.0 45.0 95.0 158.0
106.0 153.0 91.0 64.0
170.0 74.0 52.0 117.0
96.0 104.0 141.0 73.0
156.0 68.0 64.0 121.0
115.0 69.0 127.0 104.0
159.0 68.0 71.0 109.0
126.0 107.0 67.0 90.0
140.0 106.0 53.0 113.0
80.0 153.0 130.0 68.0
155.0 163.0 42.0 124.0
88.0 93.0 173.0 85.0
153.0 62.0 88.0 103.0
103.0 95.0 109.0 87.0
181.0 105.0 41.0 122.0
136.0 85.0 70.0 94.0
160.0 48.0 107.0 146.0
91.0 162.0 95.0 73.0
168.0 58.0 74.0 119.0
95.0 139.0 103.0 72.0
118.0 148.0 62.0 86.0
153.0 60.0 75.0 122.0
153.0 54.0 84.0 139.0
166.0 156.0 36.0 153.0
122.0 77.0 87.0 105.0
63.0 143.0 167.0 81.0
166.0 46.0 126.0 144.0
130.0 71.0 109.0 92.0
168.0 72.0 58.0 112.0
155.0 82.0 54.0 116.0
111.0 130.0 87.0 66.0
89.0 101.0 135.0 84.0
138.0 105.0 65.0 85.0
145.0 88.0 61.0 106.0
81.0 141.0 97.0 88.0
91.0 112.0 116.0 84.0
137.0 79.0 81.0 83.0
118.0 79.0 139.0 78.0
166.0 72.0 64.0 102.0
148.0 169.0 46.0 112.0
145.0 74.0 68.0 104.0
100.0 124.0 89.0 76.0
181.0 58.0 61.0 131.0
63.0 183.0 172.0 71.0
108.0 93.0 90.0 95.0
174.0 49.0 71.0 168.0
103.0 171.0 107.0 56.0
120.0 75.0 141.0 82.0
85.0 104.0 156.0 83.0
139.0 62.0 130.0 99.0
160.0 57.0 98.0 107.0
110.0 95.0 110.0 78.0
69.0 176.0 155.0 71.0
89.0 126.0 126.0 72.0
112.0 136.0 70.0 80.0
124.0 90.0 82.0 84.0
142.0 79.0 79.0 84.0
175.0 44.0 112.0 160.0
151.0 72.0 71.0 101.0
123.0 72.0 134.0 88.0
147.0 69.0 93.0 90.0
145.0 71.0 82.0 97.0
156.0 75.0 63.0 111.0
76.0 146.0 151.0 71.0
107.0 114.0 73.0 97.0
120.0 119.0 68.0 88.0
81.0 141.0 120.0 77.0
73.0 152.0 128.0 78.0
146.0 84.0 58.0 110.0
164.0 136.0 40.0 132.0
149.0 53.0 122.0 126.0
99.0 95.0 154.0 73.0
117.0 103.0 78.0 84.0
118.0 90.0 119.0 69.0
132.0 142.0 64.0 74.0
163.0 76.0 61.0 103.0
135.0 81.0 71.0 103.0
101.0 98.0 104.0 89.0
119.0 98.0 78.0 90.0
136.0 61.0 115.0 114.0
145.0 72.0 83.0 93.0
113.0 93.0 101.0 79.0
106.0 122.0 88.0 76.0
163.0 65.0 85.0 91.0
145.0 56.0 120.0 117.0
75.0 118.0 126.0 91.0
129.0 63.0 122.0 107.0
98.0 159.0 99.0 66.0
71.0 160.0 146.0 72.0
113.0 80.0 118.0 89.0
84.0 91.0 161.0 92.0
131.0 109.0 65.0 90.0
120.0 95.0 100.0 75.0
118.0 98.0 109.0 71.0
131.0 151.0 55.0 92.0
163.0 49.0 88.0 156.0
151.0 89.0 52.0 118.0
125.0 139.0 67.0 72.0
149.0 89.0 64.0 95.0
66.0 141.0 143.0 85.0
146.0 81.0 70.0 97.0
132.0 76.0 79.0 102.0
131.0 61.0 143.0 109.0
159.0 64.0 63.0 120.0
162.0 45.0 132.0 152.0
137.0 157.0 55.0 85.0
144.0 88.0 62.0 106.0
104.0 85.0 126.0 84.0
153.0 74.0 64.0 111.0
134.0 78.0 81.0 90.0
114.0 96.0 112.0 71.0
90.0 113.0 152.0 70.0
110.0 125.0 70.0 90.0
103.0 118.0 101.0 71.0
119.0 137.0 59.0 97.0
179.0 118.0 41.0 119.0
124.0 69.0 135.0 94.0
128.0 154.0 57.0 88.0
118.0 74.0 129.0 92.0
86.0 150.0 117.0 68.0
92.0 105.0 130.0 80.0
102.0 100.0 112.0 82.0
164.0 49.0 95.0 139.0
152.0 59.0 97.0 105.0
86.0 148.0 96.0 83.0
152.0 67.0 73.0 112.0
147.0 83.0 69.0 94.0
167.0 65.0 65.0 111.0
156.0 53.0 116.0 121.0
101.0 102.0 125.0 74.0
124.0 128.0 63.0 92.0
107.0 102.0 85.0 90.0
112.0 119.0 71.0 89.0
80.0 126.0 130.0 78.0
184.0 44.0 103.0 169.0
114.0 91.0 101.0 81.0
127.0 103.0 72.0 88.0
126.0 55.0 121.0 140.0
90.0 114.0 111.0 84.0
68.0 137.0 156.0 79.0
111.0 118.0 72.0 90.0
104.0 75.0 154.0 94.0
102.0 99.0 96.0 93.0
144.0 105.0 52.0 110.0
97.0 161.0 79.0 83.0
148.0 111.0 48.0 120.0
133.0 90.0 71.0 91.0
122.0 98.0 71.0 96.0
179.0 55.0 65.0 136.0
98.0 108.0 136.0 72.0
96.0 139.0 91.0 75.0
114.0 75.0 131.0 95.0
146.0 78.0 65.0 110.0
175.0 153.0 36.0 153.0
185.0 45.0 86.0 185.0
105.0 104.0 137.0 67.0
175.0 58.0 68.0 129.0
149.0 78.0 60.0 114.0
69.0 131.0 163.0 83.0
87.0 126.0 113.0 80.0
138.0 141.0 61.0 76.0
169.0 46.0 96.0 169.0
129.0 104.0 57.0 107.0
150.0 46.0 110.0 167.0
137.0 85.0 84.0 79.0
92.0 111.0 108.0 86.0
164.0 44.0 159.0 149.0
139.0 96.0 63.0 101.0
96.0 105.0 123.0 81.0
135.0 106.0 62.0 97.0
163.0 67.0 56.0 133.0
105.0 109.0 106.0 75.0
116.0 72.0 149.0 87.0
133.0 173.0 51.0 99.0
179.0 62.0 53.0 134.0
78.0 143.0 140.0 70.0
86.0 101.0 152.0 85.0
121.0 141.0 63.0 86.0
149.0 60.0 88.0 115.0
96.0 132.0 77.0 92.0
175.0 68.0 59.0 114.0
127.0 130.0 61.0 88.0
147.0 84.0 73.0 86.0
142.0 74.0 87.0 91.0
93.0 103.0 147.0 77.0
98.0 101.0 119.0 81.0
164.0 65.0 72.0 107.0
83.0 176.0 121.0 69.0
122.0 70.0 138.0 89.0
145.0 73.0 65.0 118.0
151.0 79.0 51.0 132.0
169.0 49.0 93.0 137.0
122.0 100.0 75.0 88.0
176.0 52.0 67.0 163.0
142.0 88.0 70.0 87.0
171.0 148.0 43.0 103.0
92.0 126.0 136.0 65.0
158.0 49.0 91.0 153.0
162.0 77.0 51.0 124.0
70.0 142.0 178.0 74.0
158.0 57.0 75.0 129.0
105.0 119.0 73.0 91.0
83.0 156.0 107.0 78.0
158.0 60.0 78.0 107.0
161.0 74.0 57.0 112.0
177.0 57.0 68.0 128.0
81.0 125.0 137.0 77.0
71.0 149.0 136.0 79.0
81.0 146.0 120.0 76.0
119.0 77.0 104.0 92.0
151.0 80.0 63.0 103.0
150.0 69.0 70.0 111.0
144.0 120.0 49.0 102.0
127.0 94.0 90.0 74.0
111.0 153.0 66.0 84.0
133.0 97.0 57.0 115.0
186.0 48.0 77.0 178.0
128.0 115.0 70.0 79.0
76.0 127.0 119.0 85.0
178.0 88.0 45.0 124.0
109.0 81.0 138.0 84.0
171.0 100.0 45.0 114.0
167.0 53.0 80.0 137.0
96.0 112.0 102.0 85.0
148.0 55.0 115.0 119.0
86.0 122.0 115.0 82.0
127.0 70.0 116.0 95.0
115.0 84.0 102.0 89.0
116.0 133.0 74.0 73.0
82.0 120.0 121.0 81.0
107.0 82.0 121.0 86.0
111.0 92.0 77.0 99.0
135.0 63.0 97.0 108.0
138.0 91.0 73.0 80.0
136.0 135.0 54.0 94.0
73.0 148.0 147.0 74.0
166.0 72.0 61.0 104.0
162.0 80.0 54.0 111.0
88.0 147.0 122.0 66.0
96.0 159.0 88.0 75.0
168.0 133.0 38.0 141.0
152.0 64.0 73.0 120.0
164.0 111.0 42.0 128.0
151.0 77.0 65.0 107.0
97.0 137.0 104.0 70.0
159.0 78.0 63.0 102.0
79.0 121.0 178.0 76.0
146.0 84.0 65.0 99.0
100.0 113.0 114.0 73.0
153.0 63.0 94.0 98.0
139.0 104.0 61.0 96.0
138.0 143.0 53.0 91.0
133.0 73.0 110.0 88.0
98.0 123.0 90.0 81.0
125.0 68.0 104.0 109.0
81.0 150.0 133.0 69.0
105.0 86.0 140.0 80.0
148.0 114.0 44.0 127.0
137.0 75.0 86.0 97.0
124.0 155.0 61.0 81.0
96.0 98.0 153.0 76.0
103.0 132.0 80.0 77.0
155.0 53.0 112.0 124.0
174.0 81.0 44.0 142.0
150.0 88.0 63.0 96.0
87.0 151.0 106.0 76.0
119.0 77.0 115.0 86.0
138.0 98.0 60.0 104.0
100.0 93.0 166.0 74.0
171.0 135.0 46.0 91.0
153.0 47.0 92.0 171.0
83.0 121.0 134.0 79.0
88.0 110.0 139.0 80.0
141.0 70.0 89.0 96.0
116.0 108.0 79.0 80.0
179.0 43.0 111.0 171.0
86.0 135.0 125.0 69.0
72.0 126.0 181.0 79.0
156.0 57.0 95.0 114.0
170.0 55.0 81.0 123.0
126.0 77.0 87.0 101.0
104.0 117.0 89.0 80.0
144.0 62.0 97.0 110.0
87.0 115.0 124.0 81.0
128.0 120.0 62.0 91.0
129.0 83.0 75.0 105.0
74.0 118.0 153.0 82.0
120.0 101.0 75.0 89.0
133.0 82.0 71.0 104.0
157.0 58.0 72.0 135.0
173.0 93.0 43.0 119.0
166.0 117.0 44.0 107.0
94.0 104.0 141.0 75.0
96.0 171.0 85.0 76.0
149.0 67.0 66.0 121.0
85.0 131.0 113.0 74.0
161.0 77.0 61.0 104.0
88.0 164.0 103.0 74.0
161.0 118.0 42.0 128.0
133.0 123.0 59.0 92.0
82.0 131.0 132.0 72.0
153.0 57.0 104.0 112.0
154.0 104.0 47.0 116.0
101.0 156.0 122.0 52.0
148.0 52.0 88.0 153.0
152.0 77.0 75.0 91.0
140.0 60.0 124.0 107.0
105.0 105.0 112.0 75.0
85.0 124.0 114.0 79.0
159.0 55.0 79.0 139.0
109.0 81.0 114.0 94.0
94.0 111.0 115.0 82.0
83.0 117.0 143.0 78.0
170.0 85.0 50.0 113.0
105.0 167.0 78.0 75.0
99.0 97.0 122.0 81.0
138.0 74.0 112.0 77.0
144.0 64.0 92.0 105.0
158.0 48.0 154.0 135.0
135.0 69.0 96.0 100.0
194.0 45.0 91.0 163.0
76.0 135.0 152.0 76.0
101.0 142.0 81.0 77.0
65.0 146.0 158.0 81.0
160.0 68.0 69.0 109.0
132.0 87.0 58.0 122.0
128.0 104.0 63.0 96.0
143.0 134.0 40.0 155.0
180.0 89.0 44.0 121.0
153.0 79.0 70.0 91.0
73.0 160.0 137.0 72.0
147.0 72.0 97.0 81.0
93.0 95.0 148.0 81.0
150.0 73.0 69.0 104.0
167.0 141.0 44.0 104.0
122.0 99.0 81.0 83.0
120.0 130.0 75.0 71.0
171.0 81.0 45.0 135.0
148.0 94.0 47.0 140.0
178.0 127.0 37.0 143.0
95.0 91.0 146.0 83.0
169.0 43.0 140.0 153.0
167.0 78.0 52.0 116.0
164.0 50.0 114.0 128.0
85.0 150.0 128.0 67.0
104.0 101.0 94.0 90.0
81.0 111.0 128.0 87.0
166.0 70.0 62.0 105.0
123.0 128.0 62.0 95.0
163.0 79.0 52.0 119.0
79.0 126.0 113.0 88.0
111.0 82.0 110.0 91.0
144.0 67.0 73.0 120.0
137.0 65.0 130.0 87.0
106.0 84.0 145.0 78.0
134.0 167.0 47.0 119.0
149.0 151.0 48.0 98.0
142.0 164.0 56.0 77.0
164.0 130.0 45.0 105.0
153.0 64.0 81.0 108.0
142.0 54.0 82.0 155.0
84.0 161.0 93.0 83.0
94.0 133.0 89.0 80.0
163.0 49.0 89.0 150.0
64.0 152.0 178.0 75.0
129.0 102.0 61.0 107.0
83.0 126.0 147.0 71.0
80.0 127.0 112.0 86.0
138.0 72.0 93.0 96.0
135.0 65.0 95.0 108.0
115.0 124.0 77.0 77.0
167.0 65.0 51.0 171.0
140.0 86.0 63.0 113.0
108.0 99.0 81.0 97.0
126.0 102.0 79.0 77.0
108.0 78.0 133.0 94.0
161.0 150.0 38.0 141.0
130.0 84.0 76.0 91.0
159.0 136.0 47.0 99.0
160.0 101.0 52.0 99.0
155.0 79.0 54.0 119.0
99.0 113.0 101.0 80.0
139.0 68.0 93.0 100.0
85.0 110.0 136.0 84.0
137.0 77.0 81.0 91.0
159.0 55.0 70.0 142.0
101.0 102.0 98.0 89.0
128.0 77.0 88.0 97.0
113.0 81.0 136.0 82.0
126.0 110.0 71.0 85.0
93.0 166.0 133.0 54.0
148.0 85.0 56.0 117.0
157.0 63.0 77.0 106.0
152.0 119.0 43.0 131.0
127.0 66.0 111.0 101.0
129.0 82.0 76.0 97.0
116.0 77.0 125.0 88.0
137.0 87.0 68.0 98.0
152.0 64.0 69.0 126.0
146.0 58.0 106.0 107.0
99.0 107.0 121.0 76.0
131.0 137.0 58.0 87.0
98.0 158.0 104.0 64.0
125.0 96.0 61.0 116.0
101.0 146.0 88.0 74.0
156.0 124.0 47.0 106.0
96.0 124.0 85.0 85.0
135.0 115.0 58.0 93.0
134.0 56.0 127.0 125.0
101.0 114.0 140.0 64.0
134.0 64.0 142.0 98.0
169.0 59.0 63.0 134.0
150.0 75.0 89.0 79.0
141.0 65.0 119.0 92.0
154.0 50.0 127.0 128.0
152.0 59.0 85.0 114.0
154.0 126.0 54.0 84.0
115.0 109.0 72.0 95.0
141.0 59.0 105.0 115.0
112.0 102.0 96.0 80.0
139.0 172.0 50.0 101.0
162.0 57.0 64.0 153.0
140.0 133.0 58.0 80.0
140.0 60.0 146.0 106.0
87.0 115.0 167.0 71.0
149.0 153.0 42.0 134.0
80.0 144.0 136.0 71.0
91.0 145.0 89.0 82.0
126.0 76.0 91.0 92.0
150.0 58.0 95.0 112.0
80.0 120.0 142.0 81.0
86.0 115.0 170.0 71.0
196.0 47.0 83.0 181.0
134.0 66.0 96.0 102.0
110.0 107.0 91.0 82.0
113.0 96.0 83.0 92.0
187.0 43.0 103.0 178.0
142.0 77.0 57.0 128.0
130.0 93.0 68.0 100.0
158.0 70.0 69.0 104.0
125.0 92.0 70.0 103.0
91.0 114.0 97.0 91.0
110.0 89.0 126.0 77.0
116.0 80.0 113.0 88.0
117.0 62.0 145.0 120.0
167.0 56.0 75.0 124.0
87.0 185.0 131.0 60.0
92.0 115.0 143.0 71.0
164.0 76.0 76.0 79.0
172.0 74.0 50.0 123.0
159.0 49.0 106.0 137.0
107.0 96.0 107.0 83.0
133.0 82.0 85.0 83.0
108.0 79.0 150.0 86.0
152.0 115.0 48.0 110.0
135.0 69.0 97.0 98.0
149.0 138.0 51.0 86.0
98.0 127.0 79.0 85.0
94.0 118.0 94.0 86.0
72.0 158.0 159.0 69.0
179.0 58.0 58.0 148.0
74.0 141.0 152.0 73.0
81.0 164.0 126.0 70.0
131.0 99.0 57.0 113.0
129.0 126.0 58.0 94.0
154.0 91.0 62.0 88.0
140.0 84.0 64.0 111.0
162.0 110.0 45.0 108.0
105.0 91.0 126.0 81.0
152.0 67.0 72.0 113.0
68.0 132.0 157.0 83.0
158.0 64.0 83.0 102.0
99.0 133.0 97.0 71.0
163.0 157.0 35.0 155.0
128.0 80.0 87.0 90.0
89.0 122.0 137.0 71.0
108.0 159.0 73.0 76.0
140.0 75.0 77.0 104.0
167.0 52.0 80.0 138.0
117.0 109.0 93.0 70.0
82.0 146.0 108.0 79.0
150.0 86.0 49.0 123.0
90.0 96.0 164.0 77.0
162.0 69.0 69.0 101.0
177.0 69.0 50.0 131.0
128.0 142.0 52.0 103.0
85.0 137.0 146.0 66.0
61.0 158.0 155.0 82.0
81.0 117.0 164.0 75.0
148.0 117.0 50.0 100.0
100.0 82.0 148.0 88.0
122.0 145.0 66.0 79.0
152.0 53.0 86.0 139.0
123.0 111.0 71.0 84.0
140.0 66.0 87.0 109.0
121.0 106.0 65.0 101.0
101.0 144.0 80.0 75.0
68.0 146.0 160.0 76.0
86.0 122.0 101.0 87.0
151.0 76.0 70.0 96.0
136.0 107.0 62.0 91.0
113.0 127.0 77.0 78.0
168.0 54.0 79.0 133.0
85.0 165.0 138.0 58.0
131.0 113.0 65.0 83.0
81.0 105.0 181.0 81.0
134.0 86.0 69.0 104.0
96.0 91.0 155.0 81.0
149.0 78.0 64.0 111.0
140.0 68.0 80.0 111.0
90.0 157.0 109.0 68.0
141.0 70.0 95.0 93.0
128.0 88.0 73.0 98.0
92.0 92.0 151.0 84.0
98.0 114.0 100.0 83.0
141.0 54.0 107.0 138.0
95.0 123.0 117.0 69.0
95.0 120.0 104.0 77.0
186.0 145.0 37.0 133.0
169.0 60.0 62.0 136.0
140.0 108.0 50.0 115.0
72.0 150.0 142.0 73.0
144.0 65.0 104.0 94.0
97.0 89.0 139.0 82.0
165.0 47.0 113.0 141.0
114.0 78.0 136.0 84.0
114.0 76.0 147.0 83.0
167.0 48.0 83.0 190.0
140.0 82.0 57.0 122.0
123.0 70.0 131.0 95.0
165.0 50.0 75.0 174.0
169.0 51.0 95.0 127.0
121.0 106.0 67.0 98.0
139.0 65.0 78.0 116.0
166.0 130.0 46.0 100.0
88.0 142.0 99.0 78.0
144.0 105.0 54.0 107.0
94.0 95.0 130.0 88.0
112.0 71.0 150.0 97.0
162.0 108.0 44.0 117.0
179.0 65.0 56.0 121.0
140.0 106.0 51.0 116.0
101.0 79.0 149.0 94.0
86.0 149.0 118.0 70.0
128.0 102.0 67.0 96.0
76.0 127.0 136.0 78.0
123.0 85.0 99.0 81.0
146.0 80.0 60.0 116.0
93.0 164.0 90.0 77.0
96.0 122.0 92.0 84.0
169.0 47.0 102.0 146.0
164.0 47.0 94.0 155.0
134.0 62.0 101.0 116.0
140.0 77.0 76.0 96.0
88.0 188.0 129.0 59.0
76.0 171.0 123.0 76.0
193.0 43.0 102.0 173.0
79.0 129.0 169.0 72.0
108.0 79.0 122.0 92.0
166.0 97.0 45.0 121.0
95.0 120.0 108.0 76.0
149.0 138.0 53.0 83.0
108.0 80.0 147.0 82.0
120.0 135.0 65.0 86.0
96.0 135.0 87.0 80.0
153.0 136.0 41.0 137.0
116.0 151.0 69.0 78.0
133.0 160.0 54.0 87.0
91.0 94.0 168.0 82.0
80.0 144.0 122.0 76.0
86.0 173.0 144.0 55.0
188.0 42.0 110.0 179.0
158.0 51.0 89.0 141.0
155.0 104.0 50.0 104.0
140.0 74.0 67.0 121.0
146.0 79.0 64.0 112.0
134.0 150.0 50.0 108.0
119.0 100.0 89.0 79.0
118.0 106.0 92.0 73.0
156.0 52.0 124.0 125.0
133.0 88.0 55.0 132.0
157.0 54.0 108.0 121.0
98.0 96.0 133.0 80.0
74.0 136.0 153.0 77.0
132.0 75.0 106.0 88.0
81.0 161.0 136.0 65.0
157.0 113.0 43.0 132.0
153.0 126.0 51.0 89.0
117.0 104.0 74.0 88.0
158.0 140.0 45.0 108.0
129.0 76.0 111.0 83.0
124.0 118.0 69.0 81.0
147.0 56.0 81.0 137.0
117.0 140.0 65.0 87.0
67.0 150.0 185.0 76.0
121.0 66.0 154.0 101.0
105.0 94.0 119.0 78.0
143.0 82.0 81.0 76.0
132.0 83.0 76.0 90.0
96.0 117.0 148.0 64.0
127.0 79.0 91.0 90.0
129.0 69.0 114.0 95.0
140.0 56.0 105.0 128.0
102.0 156.0 85.0 72.0
129.0 98.0 74.0 85.0
135.0 66.0 82.0 118.0
163.0 70.0 68.0 103.0
113.0 80.0 131.0 86.0
149.0 62.0 94.0 106.0
120.0 74.0 116.0 92.0
122.0 131.0 74.0 73.0
152.0 85.0 59.0 102.0
110.0 89.0 122.0 78.0
107.0 110.0 80.0 85.0
67.0 130.0 161.0 86.0
154.0 58.0 79.0 131.0
134.0 71.0 120.0 82.0
178.0 57.0 61.0 158.0
158.0 66.0 66.0 118.0
129.0 112.0 66.0 89.0
92.0 123.0 94.0 80.0
80.0 122.0 149.0 76.0
76.0 183.0 128.0 73.0
121.0 75.0 123.0 89.0
143.0 87.0 75.0 82.0
102.0 121.0 80.0 85.0
148.0 51.0 108.0 142.0
167.0 63.0 57.0 144.0
107.0 82.0 142.0 84.0
126.0 153.0 50.0 115.0
169.0 83.0 46.0 128.0
66.0 170.0 163.0 72.0
135.0 115.0 56.0 96.0
82.0 114.0 165.0 77.0
164.0 51.0 104.0 130.0
142.0 102.0 55.0 109.0
78.0 147.0 139.0 70.0
119.0 69.0 146.0 97.0
150.0 76.0 76.0 93.0
115.0 98.0 100.0 78.0
126.0 118.0 67.0 87.0
128.0 88.0 62.0 122.0
129.0 73.0 128.0 82.0
181.0 42.0 118.0 158.0
154.0 61.0 81.0 110.0
150.0 70.0 73.0 97.0
104.0 77.0 155.0 87.0
128.0 98.0 65.0 103.0
146.0 120.0 48.0 112.0
138.0 81.0 79.0 87.0
80.0 146.0 120.0 77.0
149.0 60.0 102.0 103.0
159.0 72.0 54.0 129.0
164.0 52.0 75.0 144.0
63.0 162.0 182.0 74.0
163.0 66.0 73.0 104.0
145.0 71.0 71.0 111.0
61.0 166.0 164.0 76.0
133.0 99.0 67.0 92.0
176.0 60.0 61.0 130.0
89.0 116.0 108.0 83.0
182.0 147.0 37.0 134.0
131.0 68.0 133.0 90.0
117.0 76.0 119.0 94.0
94.0 89.0 170.0 80.0
147.0 64.0 86.0 106.0
172.0 71.0 47.0 136.0
141.0 68.0 122.0 82.0
159.0 56.0 95.0 116.0
153.0 70.0 83.0 91.0
153.0 119.0 48.0 107.0
138.0 161.0 42.0 144.0
145.0 70.0 78.0 101.0
156.0 109.0 43.0 135.0
132.0 117.0 63.0 89.0
116.0 80.0 100.0 97.0
157.0 51.0 109.0 132.0
102.0 112.0 108.0 74.0
135.0 87.0 56.0 129.0
132.0 87.0 66.0 111.0
78.0 107.0 140.0 93.0
157.0 50.0 99.0 144.0
92.0 136.0 122.0 66.0
72.0 136.0 150.0 80.0
169.0 51.0 81.0 139.0
162.0 68.0 55.0 139.0
173.0 93.0 45.0 116.0
158.0 74.0 63.0 110.0
109.0 129.0 75.0 83.0
108.0 101.0 105.0 75.0
156.0 131.0 42.0 130.0
146.0 93.0 57.0 108.0
99.0 100.0 141.0 73.0
161.0 162.0 41.0 126.0
139.0 98.0 53.0 119.0
125.0 125.0 60.0 95.0
116.0 115.0 73.0 87.0
134.0 100.0 58.0 108.0
157.0 59.0 79.0 118.0
159.0 49.0 123.0 134.0
90.0 108.0 106.0 91.0
79.0 113.0 135.0 88.0
130.0 79.0 101.0 85.0
152.0 71.0 66.0 112.0
109.0 78.0 144.0 87.0
148.0 67.0 61.0 131.0
156.0 44.0 116.0 165.0
93.0 82.0 163.0 87.0
98.0 109.0 116.0 78.0
155.0 93.0 52.0 112.0
105.0 141.0 74.0 78.0
75.0 171.0 149.0 67.0
97.0 149.0 90.0 74.0
132.0 62.0 130.0 106.0
88.0 109.0 174.0 75.0
83.0 123.0 105.0 86.0
94.0 108.0 122.0 79.0
111.0 101.0 128.0 64.0
96.0 140.0 99.0 71.0
79.0 117.0 137.0 84.0
99.0 94.0 138.0 78.0
140.0 132.0 55.0 92.0
167.0 78.0 54.0 113.0
165.0 78.0 49.0 121.0
136.0 63.0 116.0 104.0
156.0 104.0 55.0 92.0
107.0 98.0 91.0 90.0
156.0 78.0 67.0 96.0
99.0 159.0 85.0 74.0
134.0 144.0 60.0 78.0
137.0 78.0 77.0 95.0
141.0 82.0 60.0 117.0
127.0 107.0 61.0 101.0
142.0 54.0 124.0 121.0
169.0 64.0 57.0 122.0
100.0 99.0 114.0 84.0
144.0 120.0 51.0 99.0
127.0 130.0 63.0 85.0
87.0 143.0 137.0 64.0
141.0 127.0 43.0 141.0
86.0 131.0 106.0 80.0
166.0 63.0 60.0 137.0
125.0 70.0 136.0 87.0
162.0 49.0 105.0 139.0
113.0 104.0 68.0 99.0
169.0 69.0 51.0 128.0
119.0 150.0 66.0 77.0
157.0 83.0 53.0 123.0
119.0 89.0 80.0 95.0
93.0 132.0 108.0 70.0
77.0 117.0 137.0 86.0
119.0 149.0 64.0 82.0
140.0 76.0 86.0 92.0
174.0 47.0 90.0 157.0
164.0 52.0 89.0 132.0
97.0 105.0 109.0 85.0
100.0 140.0 82.0 79.0
135.0 140.0 55.0 93.0
60.0 176.0 168.0 75.0
94.0 111.0 111.0 83.0
159.0 53.0 101.0 123.0
158.0 54.0 108.0 120.0
146.0 77.0 62.0 116.0
101.0 117.0 86.0 84.0
152.0 55.0 90.0 128.0
182.0 55.0 80.0 114.0
163.0 57.0 83.0 109.0
144.0 110.0 54.0 99.0
147.0 87.0 61.0 105.0
78.0 111.0 125.0 91.0
144.0 85.0 58.0 111.0
118.0 93.0 85.0 87.0
170.0 68.0 74.0 93.0
98.0 96.0 147.0 78.0
87.0 109.0 177.0 75.0
164.0 59.0 77.0 122.0
147.0 60.0 76.0 123.0
133.0 129.0 62.0 84.0
152.0 52.0 105.0 133.0
137.0 137.0 62.0 74.0
172.0 48.0 84.0 150.0
162.0 99.0 47.0 114.0
159.0 60.0 71.0 127.0
126.0 96.0 79.0 80.0
153.0 56.0 80.0 136.0
144.0 64.0 106.0 93.0
64.0 133.0 163.0 82.0
163.0 130.0 42.0 124.0
133.0 81.0 69.0 111.0
102.0 108.0 109.0 78.0
120.0 71.0 119.0 100.0
154.0 50.0 126.0 134.0
172.0 52.0 69.0 157.0
152.0 51.0 122.0 131.0
158.0 54.0 109.0 114.0
92.0 130.0 124.0 67.0
77.0 128.0 164.0 75.0
168.0 48.0 95.0 145.0
175.0 110.0 38.0 148.0
126.0 72.0 118.0 94.0
129.0 71.0 94.0 103.0
94.0 107.0 166.0 70.0
82.0 110.0 118.0 92.0
60.0 153.0 162.0 82.0
142.0 69.0 78.0 108.0
95.0 130.0 86.0 84.0
106.0 86.0 114.0 89.0
180.0 86.0 43.0 131.0
157.0 66.0 71.0 113.0
85.0 162.0 116.0 70.0
126.0 145.0 62.0 79.0
139.0 134.0 52.0 98.0
131.0 62.0 103.0 113.0
139.0 83.0 60.0 118.0
172.0 74.0 48.0 126.0
141.0 93.0 51.0 128.0
158.0 101.0 45.0 118.0
133.0 78.0 71.0 106.0
152.0 87.0 46.0 143.0
75.0 124.0 156.0 80.0
103.0 152.0 87.0 71.0
128.0 120.0 60.0 94.0
142.0 55.0 103.0 131.0
135.0 112.0 60.0 96.0
99.0 120.0 89.0 83.0
109.0 138.0 75.0 76.0
113.0 91.0 77.0 98.0
103.0 99.0 98.0 89.0
116.0 88.0 107.0 78.0
137.0 61.0 137.0 106.0
152.0 71.0 91.0 83.0
126.0 97.0 69.0 100.0
125.0 87.0 64.0 122.0
103.0 136.0 95.0 68.0
158.0 90.0 48.0 126.0
157.0 49.0 82.0 175.0
153.0 54.0 77.0 149.0
