65.0 117.0 120.0 116.0
67.0 125.0 118.0 101.0
118.0 87.0 82.0 91.0
61.0 120.0 124.0 117.0
96.0 106.0 97.0 90.0
156.0 73.0 73.0 90.0
59.0 135.0 118.0 111.0
106.0 104.0 81.0 91.0
126.0 88.0 93.0 72.0
79.0 120.0 118.0 85.0
69.0 127.0 107.0 108.0
102.0 100.0 83.0 100.0
100.0 108.0 89.0 88.0
42.0 145.0 140.0 144.0
51.0 127.0 133.0 127.0
103.0 107.0 82.0 91.0
86.0 123.0 86.0 101.0
47.0 149.0 131.0 126.0
162.0 76.0 71.0 87.0
122.0 105.0 76.0 77.0
97.0 115.0 90.0 84.0
73.0 115.0 103.0 115.0
71.0 124.0 111.0 102.0
153.0 82.0 73.0 82.0
48.0 139.0 125.0 135.0
138.0 83.0 87.0 72.0
43.0 157.0 141.0 125.0
91.0 117.0 89.0 93.0
93.0 109.0 89.0 98.0
73.0 122.0 117.0 94.0
52.0 134.0 127.0 120.0
70.0 132.0 110.0 97.0
82.0 124.0 93.0 100.0
82.0 123.0 108.0 86.0
45.0 120.0 150.0 144.0
110.0 110.0 82.0 77.0
161.0 71.0 82.0 82.0
77.0 125.0 104.0 95.0
39.0 150.0 151.0 146.0
137.0 79.0 81.0 83.0
124.0 90.0 82.0 84.0
44.0 147.0 140.0 130.0
47.0 143.0 138.0 125.0
117.0 103.0 78.0 84.0
36.0 151.0 175.0 146.0
49.0 121.0 139.0 135.0
45.0 143.0 137.0 134.0
40.0 146.0 148.0 150.0
87.0 111.0 88.0 107.0
105.0 106.0 82.0 90.0
57.0 132.0 127.0 111.0
76.0 122.0 95.0 111.0
111.0 92.0 77.0 99.0
46.0 133.0 131.0 143.0
40.0 123.0 161.0 160.0
85.0 116.0 96.0 100.0
89.0 113.0 90.0 100.0
41.0 155.0 148.0 134.0
56.0 130.0 126.0 118.0
66.0 123.0 117.0 108.0
81.0 110.0 95.0 114.0
65.0 132.0 117.0 104.0
58.0 133.0 117.0 118.0
130.0 84.0 76.0 91.0
75.0 125.0 93.0 114.0
163.0 71.0 87.0 74.0
81.0 117.0 103.0 99.0
164.0 76.0 76.0 79.0
65.0 125.0 103.0 125.0
86.0 122.0 101.0 87.0
96.0 102.0 82.0 109.0
38.0 160.0 152.0 141.0
143.0 82.0 81.0 76.0
132.0 83.0 76.0 90.0
107.0 110.0 80.0 85.0
92.0 123.0 94.0 80.0
41.0 157.0 156.0 124.0
79.0 113.0 104.0 106.0
35.0 161.0 176.0 141.0
62.0 127.0 118.0 110.0
54.0 137.0 118.0 120.0
83.0 115.0 89.0 109.0
47.0 126.0 144.0 136.0
80.0 122.0 106.0 92.0
102.0 108.0 82.0 93.0
113.0 91.0 77.0 98.0
