107.0 102.0 69.0 119.0
85.0 92.0 92.0 119.0
108.0 80.0 75.0 126.0
95.0 72.0 102.0 115.0
75.0 89.0 117.0 106.0
92.0 63.0 126.0 107.0
113.0 95.0 64.0 131.0
78.0 89.0 107.0 112.0
111.0 121.0 56.0 130.0
123.0 140.0 45.0 129.0
91.0 89.0 85.0 119.0
89.0 72.0 110.0 112.0
94.0 84.0 93.0 116.0
108.0 127.0 54.0 128.0
97.0 67.0 147.0 89.0
90.0 64.0 131.0 104.0
106.0 120.0 57.0 128.0
83.0 91.0 91.0 123.0
95.0 72.0 158.0 85.0
126.0 115.0 53.0 129.0
110.0 94.0 71.0 121.0
74.0 97.0 97.0 117.0
98.0 87.0 79.0 124.0
92.0 81.0 105.0 108.0
143.0 143.0 39.0 131.0
118.0 113.0 59.0 122.0
96.0 72.0 141.0 88.0
89.0 69.0 108.0 118.0
127.0 123.0 50.0 126.0
148.0 136.0 37.0 147.0
100.0 110.0 66.0 127.0
74.0 94.0 95.0 123.0
83.0 66.0 144.0 105.0
105.0 138.0 49.0 139.0
94.0 81.0 91.0 122.0
144.0 145.0 40.0 126.0
78.0 80.0 114.0 113.0
109.0 104.0 71.0 112.0
118.0 117.0 59.0 118.0
91.0 88.0 99.0 108.0
139.0 128.0 42.0 140.0
101.0 135.0 51.0 136.0
85.0 73.0 117.0 112.0
121.0 130.0 47.0 137.0
88.0 86.0 107.0 105.0
90.0 97.0 72.0 135.0
84.0 82.0 118.0 102.0
113.0 112.0 60.0 120.0
110.0 76.0 92.0 110.0
96.0 68.0 120.0 101.0
87.0 75.0 119.0 105.0
107.0 87.0 81.0 114.0
98.0 85.0 95.0 108.0
103.0 131.0 63.0 109.0
120.0 87.0 67.0 123.0
111.0 125.0 56.0 126.0
115.0 147.0 43.0 139.0
122.0 138.0 44.0 134.0
91.0 86.0 83.0 125.0
106.0 99.0 70.0 122.0
95.0 69.0 100.0 121.0
130.0 132.0 48.0 121.0
93.0 103.0 73.0 123.0
