90.0 91.0 91.0 97.0
91.0 88.0 80.0 111.0
102.0 96.0 61.0 124.0
97.0 89.0 74.0 111.0
93.0 78.0 112.0 90.0
81.0 82.0 119.0 97.0
124.0 99.0 54.0 122.0
87.0 77.0 121.0 93.0
109.0 93.0 64.0 115.0
140.0 125.0 45.0 144.0
78.0 74.0 119.0 108.0
98.0 89.0 86.0 92.0
94.0 75.0 111.0 94.0
97.0 116.0 57.0 120.0
95.0 96.0 63.0 127.0
122.0 98.0 58.0 112.0
107.0 84.0 95.0 81.0
96.0 94.0 71.0 113.0
124.0 118.0 47.0 143.0
112.0 88.0 59.0 126.0
99.0 96.0 68.0 116.0
98.0 94.0 79.0 99.0
94.0 102.0 78.0 99.0
89.0 83.0 134.0 82.0
93.0 89.0 93.0 95.0
95.0 87.0 73.0 119.0
94.0 89.0 82.0 104.0
93.0 102.0 66.0 118.0
141.0 135.0 44.0 139.0
102.0 102.0 54.0 141.0
97.0 81.0 102.0 90.0
95.0 82.0 100.0 92.0
87.0 77.0 125.0 91.0
96.0 77.0 99.0 97.0
106.0 104.0 70.0 99.0
101.0 79.0 105.0 85.0
99.0 78.0 120.0 81.0
88.0 80.0 119.0 92.0
91.0 95.0 94.0 89.0
139.0 130.0 46.0 134.0
121.0 116.0 49.0 131.0
109.0 109.0 51.0 132.0
116.0 101.0 50.0 144.0
107.0 108.0 55.0 122.0
91.0 94.0 85.0 101.0
84.0 97.0 91.0 97.0
99.0 117.0 53.0 130.0
