109.0 49.0 115.0 134.0
126.0 44.0 111.0 144.0
139.0 41.0 115.0 150.0
89.0 63.0 111.0 122.0
94.0 81.0 104.0 98.0
87.0 98.0 100.0 86.0
101.0 73.0 114.0 93.0
114.0 70.0 91.0 108.0
93.0 75.0 116.0 93.0
98.0 66.0 116.0 105.0
156.0 40.0 119.0 134.0
110.0 84.0 105.0 80.0
100.0 53.0 99.0 150.0
77.0 141.0 92.0 68.0
121.0 43.0 117.0 150.0
83.0 81.0 98.0 115.0
110.0 52.0 102.0 138.0
113.0 48.0 96.0 155.0
86.0 116.0 96.0 73.0
107.0 62.0 107.0 114.0
87.0 69.0 131.0 99.0
151.0 39.0 125.0 140.0
94.0 86.0 92.0 100.0
66.0 121.0 97.0 87.0
97.0 102.0 98.0 73.0
78.0 134.0 95.0 71.0
127.0 48.0 111.0 126.0
113.0 46.0 106.0 152.0
180.0 37.0 142.0 143.0
99.0 84.0 99.0 97.0
79.0 99.0 92.0 101.0
102.0 93.0 99.0 78.0
95.0 55.0 100.0 148.0
108.0 55.0 102.0 133.0
110.0 57.0 107.0 118.0
66.0 162.0 87.0 79.0
120.0 47.0 103.0 144.0
62.0 164.0 89.0 78.0
74.0 109.0 94.0 94.0
136.0 42.0 116.0 143.0
82.0 117.0 100.0 71.0
83.0 138.0 82.0 77.0
87.0 108.0 101.0 76.0
101.0 51.0 117.0 134.0
68.0 159.0 88.0 77.0
72.0 157.0 97.0 66.0
112.0 85.0 88.0 92.0
102.0 54.0 104.0 138.0
72.0 111.0 100.0 87.0
96.0 91.0 106.0 81.0
105.0 86.0 98.0 83.0
128.0 56.0 103.0 110.0
102.0 59.0 109.0 118.0
66.0 159.0 95.0 72.0
89.0 94.0 92.0 96.0
80.0 126.0 93.0 73.0
81.0 108.0 97.0 86.0
90.0 99.0 98.0 84.0
81.0 155.0 85.0 70.0
151.0 38.0 130.0 156.0
120.0 45.0 113.0 141.0
94.0 80.0 105.0 100.0
