89.0 72.0 95.0 134.0
71.0 71.0 98.0 177.0
129.0 126.0 104.0 59.0
163.0 160.0 161.0 41.0
127.0 140.0 135.0 49.0
81.0 92.0 92.0 112.0
74.0 114.0 74.0 160.0
88.0 65.0 111.0 122.0
65.0 120.0 77.0 175.0
75.0 64.0 102.0 170.0
116.0 102.0 139.0 60.0
89.0 58.0 99.0 161.0
79.0 82.0 85.0 151.0
95.0 61.0 121.0 113.0
60.0 134.0 86.0 145.0
103.0 126.0 98.0 74.0
92.0 49.0 137.0 128.0
80.0 122.0 81.0 119.0
84.0 53.0 120.0 145.0
85.0 84.0 96.0 113.0
63.0 145.0 76.0 158.0
108.0 49.0 138.0 114.0
90.0 87.0 87.0 115.0
73.0 128.0 80.0 134.0
110.0 117.0 100.0 74.0
76.0 116.0 69.0 161.0
139.0 57.0 185.0 77.0
148.0 72.0 158.0 65.0
112.0 115.0 86.0 83.0
92.0 61.0 147.0 95.0
108.0 69.0 138.0 80.0
90.0 50.0 130.0 141.0
87.0 137.0 79.0 107.0
100.0 76.0 125.0 86.0
91.0 144.0 75.0 104.0
102.0 53.0 125.0 120.0
75.0 103.0 73.0 176.0
67.0 165.0 93.0 108.0
96.0 127.0 89.0 88.0
92.0 52.0 146.0 113.0
96.0 96.0 92.0 99.0
87.0 50.0 122.0 164.0
79.0 104.0 82.0 130.0
70.0 121.0 86.0 130.0
100.0 79.0 120.0 88.0
85.0 83.0 80.0 147.0
96.0 101.0 135.0 71.0
84.0 74.0 91.0 144.0
131.0 109.0 122.0 55.0
86.0 82.0 84.0 135.0
112.0 43.0 155.0 130.0
78.0 120.0 90.0 107.0
96.0 84.0 126.0 80.0
131.0 42.0 148.0 127.0
95.0 62.0 134.0 101.0
104.0 101.0 152.0 61.0
94.0 74.0 89.0 135.0
70.0 117.0 74.0 164.0
86.0 76.0 107.0 112.0
70.0 121.0 83.0 139.0
83.0 90.0 90.0 120.0
108.0 59.0 140.0 91.0
88.0 64.0 111.0 123.0
73.0 103.0 85.0 134.0
126.0 77.0 140.0 68.0
149.0 58.0 181.0 75.0
85.0 64.0 119.0 116.0
77.0 87.0 85.0 150.0
87.0 59.0 124.0 124.0
130.0 92.0 162.0 54.0
147.0 77.0 151.0 63.0
135.0 83.0 145.0 62.0
90.0 107.0 112.0 85.0
127.0 72.0 154.0 69.0
79.0 55.0 117.0 159.0
101.0 77.0 118.0 90.0
84.0 102.0 88.0 109.0
98.0 93.0 106.0 88.0
124.0 144.0 100.0 60.0
77.0 80.0 87.0 161.0
87.0 75.0 92.0 134.0
96.0 57.0 122.0 122.0
95.0 150.0 100.0 78.0
87.0 76.0 90.0 138.0
80.0 101.0 73.0 156.0
151.0 91.0 164.0 52.0
117.0 45.0 130.0 127.0
145.0 71.0 160.0 66.0
93.0 74.0 99.0 117.0
85.0 129.0 82.0 104.0
84.0 82.0 95.0 120.0
77.0 85.0 86.0 144.0
107.0 96.0 158.0 58.0
135.0 45.0 158.0 109.0
124.0 58.0 162.0 80.0
154.0 150.0 147.0 43.0
110.0 47.0 119.0 138.0
123.0 40.0 136.0 146.0
71.0 107.0 78.0 165.0
114.0 71.0 147.0 74.0
145.0 75.0 165.0 63.0
155.0 62.0 166.0 70.0
73.0 148.0 67.0 154.0
148.0 77.0 170.0 60.0
95.0 68.0 114.0 102.0
114.0 118.0 107.0 70.0
87.0 88.0 80.0 134.0
75.0 105.0 86.0 128.0
79.0 143.0 68.0 135.0
137.0 93.0 158.0 53.0
118.0 62.0 153.0 80.0
131.0 71.0 151.0 69.0
71.0 132.0 79.0 136.0
90.0 78.0 94.0 124.0
197.0 154.0 174.0 40.0
73.0 105.0 84.0 140.0
73.0 109.0 74.0 170.0
130.0 131.0 129.0 50.0
108.0 50.0 147.0 96.0
100.0 50.0 122.0 139.0
83.0 103.0 82.0 122.0
124.0 62.0 159.0 77.0
81.0 69.0 98.0 151.0
132.0 106.0 124.0 58.0
82.0 73.0 88.0 150.0
106.0 53.0 124.0 118.0
98.0 46.0 136.0 139.0
83.0 144.0 63.0 143.0
92.0 51.0 122.0 132.0
71.0 58.0 114.0 163.0
73.0 79.0 85.0 177.0
109.0 89.0 137.0 68.0
79.0 62.0 106.0 150.0
84.0 140.0 84.0 101.0
88.0 62.0 100.0 146.0
79.0 66.0 96.0 157.0
138.0 54.0 173.0 80.0
89.0 58.0 124.0 125.0
90.0 73.0 104.0 116.0
104.0 94.0 113.0 81.0
68.0 120.0 72.0 191.0
113.0 78.0 125.0 77.0
108.0 130.0 105.0 70.0
120.0 139.0 131.0 52.0
80.0 116.0 80.0 125.0
103.0 45.0 138.0 129.0
111.0 51.0 135.0 108.0
80.0 92.0 74.0 170.0
118.0 60.0 144.0 84.0
82.0 57.0 104.0 169.0
103.0 117.0 101.0 79.0
97.0 96.0 89.0 101.0
78.0 120.0 85.0 117.0
118.0 48.0 140.0 111.0
88.0 153.0 77.0 104.0
153.0 169.0 134.0 43.0
69.0 120.0 77.0 156.0
116.0 45.0 154.0 113.0
92.0 78.0 83.0 138.0
162.0 92.0 172.0 51.0
86.0 83.0 113.0 99.0
75.0 105.0 80.0 146.0
103.0 56.0 131.0 109.0
77.0 116.0 80.0 131.0
110.0 63.0 146.0 83.0
106.0 115.0 93.0 80.0
113.0 63.0 138.0 87.0
113.0 42.0 150.0 136.0
111.0 55.0 146.0 93.0
121.0 120.0 97.0 70.0
77.0 117.0 91.0 111.0
94.0 65.0 93.0 136.0
75.0 154.0 81.0 119.0
142.0 112.0 149.0 49.0
119.0 43.0 149.0 118.0
82.0 138.0 78.0 113.0
66.0 129.0 77.0 154.0
61.0 163.0 77.0 161.0
88.0 76.0 86.0 139.0
125.0 64.0 164.0 75.0
141.0 66.0 161.0 69.0
156.0 107.0 140.0 48.0
83.0 141.0 67.0 132.0
111.0 63.0 141.0 84.0
106.0 112.0 108.0 75.0
85.0 147.0 93.0 91.0
67.0 146.0 71.0 166.0
71.0 145.0 89.0 111.0
168.0 42.0 160.0 126.0
122.0 116.0 107.0 63.0
125.0 76.0 142.0 70.0
76.0 124.0 72.0 150.0
111.0 80.0 152.0 66.0
85.0 87.0 103.0 103.0
107.0 67.0 125.0 93.0
106.0 104.0 119.0 71.0
97.0 52.0 109.0 155.0
194.0 157.0 157.0 41.0
102.0 125.0 99.0 79.0
136.0 139.0 138.0 47.0
123.0 101.0 130.0 62.0
86.0 66.0 94.0 146.0
78.0 94.0 91.0 119.0
99.0 48.0 125.0 147.0
69.0 119.0 89.0 129.0
114.0 65.0 154.0 75.0
79.0 112.0 76.0 136.0
85.0 99.0 81.0 128.0
87.0 66.0 98.0 144.0
93.0 103.0 107.0 87.0
86.0 113.0 74.0 127.0
102.0 52.0 139.0 112.0
158.0 134.0 137.0 45.0
124.0 151.0 133.0 50.0
65.0 145.0 73.0 172.0
93.0 67.0 113.0 111.0
88.0 95.0 96.0 102.0
102.0 51.0 142.0 114.0
90.0 59.0 133.0 103.0
89.0 60.0 113.0 127.0
133.0 83.0 168.0 60.0
74.0 86.0 84.0 159.0
83.0 134.0 74.0 121.0
91.0 72.0 119.0 98.0
99.0 55.0 143.0 105.0
88.0 50.0 131.0 143.0
100.0 76.0 129.0 84.0
75.0 90.0 78.0 180.0
105.0 155.0 102.0 68.0
100.0 58.0 134.0 99.0
99.0 64.0 97.0 127.0
134.0 53.0 178.0 82.0
93.0 54.0 134.0 118.0
95.0 74.0 91.0 124.0
78.0 135.0 70.0 141.0
83.0 79.0 85.0 148.0
144.0 83.0 158.0 59.0
101.0 124.0 92.0 86.0
76.0 98.0 80.0 151.0
81.0 51.0 126.0 162.0
130.0 53.0 167.0 84.0
118.0 123.0 107.0 63.0
94.0 92.0 77.0 123.0
89.0 58.0 125.0 118.0
138.0 79.0 150.0 61.0
97.0 79.0 116.0 90.0
75.0 118.0 87.0 120.0
113.0 91.0 128.0 67.0
95.0 53.0 146.0 107.0
75.0 106.0 73.0 172.0
86.0 54.0 126.0 138.0
91.0 88.0 98.0 101.0
119.0 55.0 164.0 85.0
74.0 141.0 74.0 137.0
75.0 114.0 74.0 158.0
97.0 129.0 99.0 79.0
83.0 59.0 109.0 147.0
104.0 120.0 87.0 87.0
123.0 55.0 177.0 83.0
72.0 123.0 77.0 142.0
119.0 45.0 162.0 111.0
127.0 52.0 182.0 84.0
75.0 108.0 80.0 144.0
111.0 109.0 111.0 71.0
74.0 154.0 85.0 110.0
84.0 55.0 122.0 137.0
119.0 124.0 90.0 76.0
75.0 146.0 78.0 123.0
84.0 55.0 123.0 130.0
78.0 106.0 71.0 168.0
61.0 127.0 79.0 165.0
94.0 95.0 95.0 97.0
104.0 45.0 126.0 146.0
76.0 117.0 67.0 180.0
61.0 138.0 77.0 183.0
88.0 98.0 101.0 95.0
88.0 102.0 112.0 89.0
88.0 93.0 98.0 102.0
99.0 127.0 92.0 80.0
94.0 49.0 137.0 126.0
121.0 58.0 151.0 83.0
87.0 80.0 100.0 113.0
82.0 88.0 82.0 141.0
79.0 71.0 93.0 154.0
125.0 79.0 140.0 69.0
83.0 96.0 85.0 120.0
89.0 50.0 117.0 165.0
99.0 63.0 139.0 92.0
83.0 148.0 92.0 91.0
93.0 115.0 93.0 92.0
65.0 136.0 77.0 158.0
80.0 97.0 78.0 139.0
138.0 58.0 164.0 78.0
111.0 67.0 147.0 76.0
96.0 58.0 127.0 112.0
128.0 114.0 116.0 58.0
77.0 93.0 79.0 161.0
86.0 125.0 78.0 112.0
161.0 66.0 174.0 68.0
102.0 108.0 99.0 85.0
87.0 104.0 91.0 96.0
77.0 141.0 77.0 123.0
80.0 60.0 106.0 147.0
124.0 122.0 113.0 59.0
70.0 122.0 71.0 177.0
95.0 78.0 110.0 101.0
121.0 160.0 135.0 50.0
87.0 72.0 112.0 111.0
73.0 106.0 74.0 185.0
87.0 89.0 86.0 122.0
80.0 129.0 90.0 100.0
149.0 133.0 131.0 47.0
91.0 86.0 99.0 103.0
80.0 99.0 77.0 145.0
96.0 66.0 115.0 107.0
92.0 96.0 95.0 100.0
98.0 65.0 127.0 96.0
121.0 71.0 142.0 73.0
95.0 69.0 134.0 88.0
80.0 86.0 79.0 156.0
139.0 56.0 171.0 80.0
82.0 139.0 82.0 106.0
85.0 77.0 95.0 133.0
78.0 163.0 88.0 102.0
122.0 57.0 148.0 88.0
88.0 152.0 93.0 86.0
92.0 70.0 92.0 140.0
79.0 99.0 72.0 181.0
146.0 47.0 171.0 95.0
117.0 81.0 148.0 65.0
78.0 81.0 84.0 160.0
108.0 72.0 147.0 77.0
88.0 83.0 93.0 119.0
115.0 56.0 152.0 91.0
75.0 129.0 86.0 116.0
80.0 75.0 101.0 132.0
99.0 131.0 83.0 90.0
91.0 83.0 111.0 95.0
168.0 57.0 170.0 75.0
78.0 61.0 107.0 156.0
100.0 148.0 109.0 68.0
103.0 44.0 147.0 129.0
93.0 68.0 114.0 110.0
120.0 115.0 118.0 60.0
142.0 96.0 157.0 50.0
118.0 149.0 109.0 57.0
118.0 54.0 152.0 92.0
124.0 54.0 166.0 85.0
157.0 49.0 163.0 88.0
92.0 82.0 97.0 110.0
78.0 135.0 81.0 119.0
85.0 93.0 72.0 154.0
79.0 71.0 100.0 140.0
107.0 80.0 122.0 83.0
80.0 100.0 70.0 176.0
114.0 75.0 132.0 76.0
133.0 74.0 159.0 67.0
95.0 49.0 130.0 132.0
76.0 106.0 81.0 137.0
97.0 66.0 119.0 105.0
90.0 123.0 77.0 109.0
117.0 52.0 154.0 92.0
105.0 84.0 137.0 73.0
135.0 105.0 123.0 58.0
79.0 137.0 79.0 119.0
151.0 43.0 151.0 116.0
95.0 67.0 126.0 99.0
82.0 85.0 78.0 159.0
87.0 101.0 79.0 122.0
92.0 72.0 116.0 105.0
112.0 60.0 146.0 87.0
83.0 88.0 91.0 114.0
129.0 99.0 127.0 62.0
89.0 75.0 85.0 144.0
100.0 98.0 106.0 85.0
75.0 98.0 73.0 190.0
73.0 121.0 70.0 165.0
114.0 114.0 111.0 67.0
86.0 86.0 92.0 107.0
163.0 61.0 174.0 70.0
148.0 164.0 146.0 43.0
91.0 73.0 120.0 94.0
82.0 71.0 100.0 138.0
121.0 132.0 105.0 60.0
162.0 114.0 163.0 46.0
96.0 57.0 123.0 117.0
80.0 130.0 80.0 119.0
149.0 91.0 146.0 54.0
90.0 77.0 80.0 144.0
76.0 83.0 101.0 124.0
106.0 113.0 120.0 70.0
94.0 59.0 121.0 117.0
100.0 161.0 89.0 80.0
98.0 105.0 97.0 87.0
101.0 97.0 131.0 73.0
103.0 107.0 84.0 93.0
114.0 56.0 143.0 92.0
81.0 109.0 92.0 107.0
92.0 60.0 109.0 128.0
86.0 78.0 99.0 115.0
64.0 117.0 90.0 140.0
125.0 93.0 138.0 60.0
104.0 55.0 127.0 110.0
126.0 126.0 119.0 56.0
78.0 148.0 72.0 129.0
84.0 150.0 89.0 94.0
105.0 47.0 122.0 148.0
78.0 123.0 81.0 123.0
110.0 126.0 101.0 71.0
72.0 170.0 85.0 115.0
105.0 80.0 126.0 79.0
96.0 79.0 111.0 98.0
144.0 88.0 158.0 55.0
131.0 99.0 134.0 56.0
75.0 151.0 74.0 128.0
74.0 73.0 92.0 166.0
73.0 155.0 81.0 119.0
139.0 154.0 132.0 45.0
101.0 100.0 107.0 82.0
91.0 114.0 76.0 112.0
120.0 160.0 104.0 59.0
100.0 49.0 128.0 130.0
108.0 60.0 128.0 96.0
107.0 81.0 127.0 78.0
111.0 115.0 101.0 72.0
126.0 102.0 126.0 63.0
106.0 46.0 161.0 112.0
88.0 64.0 98.0 141.0
122.0 103.0 108.0 71.0
92.0 70.0 113.0 109.0
107.0 85.0 132.0 71.0
77.0 61.0 101.0 161.0
124.0 64.0 149.0 78.0
94.0 101.0 80.0 110.0
96.0 97.0 124.0 77.0
78.0 142.0 63.0 150.0
88.0 56.0 128.0 124.0
78.0 58.0 111.0 156.0
115.0 95.0 114.0 75.0
113.0 123.0 108.0 66.0
123.0 73.0 157.0 68.0
82.0 71.0 119.0 107.0
94.0 51.0 111.0 182.0
98.0 44.0 149.0 131.0
127.0 75.0 150.0 66.0
85.0 146.0 88.0 95.0
82.0 110.0 91.0 101.0
82.0 111.0 67.0 163.0
75.0 139.0 80.0 123.0
88.0 65.0 126.0 110.0
76.0 140.0 72.0 138.0
131.0 154.0 136.0 48.0
117.0 122.0 110.0 62.0
102.0 101.0 102.0 86.0
126.0 61.0 150.0 80.0
127.0 107.0 131.0 57.0
71.0 139.0 80.0 132.0
147.0 41.0 150.0 136.0
104.0 107.0 111.0 74.0
101.0 61.0 129.0 97.0
71.0 118.0 79.0 149.0
74.0 123.0 83.0 127.0
73.0 72.0 95.0 167.0
78.0 149.0 76.0 122.0
71.0 125.0 82.0 138.0
147.0 91.0 159.0 53.0
93.0 112.0 84.0 97.0
71.0 85.0 87.0 172.0
186.0 154.0 166.0 41.0
138.0 90.0 141.0 56.0
94.0 53.0 106.0 155.0
72.0 76.0 93.0 175.0
109.0 149.0 102.0 66.0
125.0 116.0 122.0 55.0
90.0 103.0 92.0 100.0
126.0 51.0 158.0 89.0
72.0 165.0 64.0 165.0
97.0 72.0 131.0 87.0
152.0 53.0 176.0 81.0
100.0 126.0 93.0 81.0
111.0 155.0 112.0 60.0
77.0 110.0 85.0 124.0
74.0 57.0 117.0 163.0
155.0 78.0 170.0 59.0
93.0 82.0 85.0 126.0
115.0 76.0 153.0 69.0
108.0 101.0 119.0 75.0
139.0 101.0 142.0 51.0
92.0 74.0 114.0 103.0
167.0 61.0 179.0 69.0
121.0 135.0 94.0 63.0
110.0 98.0 129.0 70.0
86.0 74.0 91.0 143.0
127.0 103.0 135.0 57.0
123.0 66.0 154.0 74.0
138.0 108.0 141.0 52.0
109.0 126.0 135.0 57.0
93.0 127.0 79.0 101.0
86.0 105.0 85.0 109.0
106.0 104.0 111.0 78.0
145.0 137.0 124.0 49.0
115.0 58.0 154.0 85.0
128.0 88.0 144.0 57.0
88.0 94.0 95.0 106.0
73.0 169.0 89.0 106.0
80.0 136.0 82.0 114.0
93.0 56.0 113.0 136.0
95.0 55.0 107.0 143.0
66.0 126.0 74.0 186.0
74.0 105.0 78.0 157.0
165.0 53.0 188.0 80.0
94.0 79.0 104.0 103.0
104.0 147.0 100.0 71.0
86.0 56.0 104.0 165.0
75.0 114.0 75.0 154.0
82.0 96.0 82.0 129.0
93.0 112.0 90.0 95.0
81.0 82.0 80.0 169.0
153.0 52.0 167.0 82.0
71.0 122.0 72.0 157.0
75.0 109.0 77.0 150.0
144.0 85.0 146.0 57.0
95.0 52.0 110.0 157.0
115.0 138.0 99.0 66.0
89.0 74.0 108.0 105.0
92.0 121.0 75.0 110.0
84.0 56.0 120.0 141.0
104.0 84.0 143.0 72.0
95.0 111.0 102.0 84.0
83.0 128.0 65.0 144.0
127.0 44.0 153.0 114.0
99.0 85.0 113.0 90.0
130.0 70.0 161.0 68.0
88.0 135.0 85.0 98.0
107.0 125.0 89.0 82.0
92.0 57.0 125.0 123.0
67.0 155.0 83.0 127.0
87.0 57.0 105.0 156.0
77.0 102.0 73.0 174.0
82.0 77.0 84.0 160.0
86.0 82.0 114.0 99.0
103.0 50.0 112.0 144.0
102.0 90.0 122.0 76.0
90.0 62.0 101.0 141.0
114.0 146.0 131.0 52.0
95.0 116.0 111.0 77.0
81.0 113.0 82.0 122.0
71.0 113.0 86.0 134.0
83.0 53.0 127.0 139.0
162.0 179.0 148.0 41.0
84.0 68.0 98.0 141.0
114.0 59.0 147.0 86.0
68.0 110.0 85.0 144.0
84.0 83.0 99.0 117.0
81.0 111.0 64.0 184.0
102.0 66.0 122.0 99.0
110.0 113.0 111.0 71.0
90.0 63.0 123.0 112.0
81.0 95.0 77.0 144.0
113.0 52.0 154.0 93.0
95.0 46.0 141.0 131.0
75.0 138.0 72.0 140.0
136.0 97.0 162.0 52.0
147.0 172.0 139.0 44.0
132.0 84.0 145.0 60.0
114.0 45.0 135.0 119.0
127.0 97.0 143.0 57.0
112.0 148.0 101.0 66.0
111.0 65.0 138.0 85.0
94.0 59.0 106.0 137.0
106.0 150.0 92.0 71.0
80.0 81.0 84.0 155.0
134.0 94.0 140.0 53.0
145.0 46.0 152.0 101.0
83.0 95.0 88.0 116.0
173.0 131.0 163.0 42.0
85.0 76.0 103.0 121.0
93.0 83.0 98.0 107.0
159.0 78.0 175.0 58.0
124.0 62.0 153.0 78.0
125.0 64.0 163.0 76.0
82.0 126.0 72.0 131.0
97.0 136.0 82.0 89.0
85.0 94.0 100.0 105.0
75.0 111.0 71.0 168.0
105.0 52.0 141.0 99.0
74.0 110.0 73.0 167.0
79.0 94.0 78.0 148.0
106.0 47.0 132.0 130.0
96.0 44.0 149.0 133.0
83.0 114.0 81.0 118.0
135.0 141.0 111.0 54.0
76.0 128.0 83.0 122.0
95.0 51.0 117.0 140.0
135.0 51.0 179.0 84.0
90.0 60.0 104.0 141.0
71.0 90.0 81.0 196.0
78.0 57.0 119.0 148.0
93.0 69.0 102.0 113.0
99.0 90.0 121.0 81.0
78.0 107.0 72.0 159.0
90.0 104.0 80.0 113.0
74.0 115.0 69.0 187.0
90.0 129.0 75.0 110.0
147.0 59.0 178.0 72.0
90.0 121.0 80.0 106.0
72.0 116.0 72.0 172.0
144.0 82.0 180.0 56.0
85.0 84.0 80.0 144.0
82.0 98.0 88.0 118.0
130.0 81.0 152.0 63.0
95.0 65.0 122.0 105.0
118.0 88.0 146.0 63.0
96.0 49.0 126.0 143.0
89.0 79.0 80.0 147.0
111.0 113.0 91.0 82.0
59.0 133.0 81.0 160.0
126.0 96.0 136.0 59.0
92.0 53.0 127.0 126.0
133.0 78.0 150.0 65.0
102.0 125.0 103.0 74.0
99.0 152.0 91.0 79.0
106.0 48.0 155.0 100.0
68.0 135.0 79.0 143.0
84.0 69.0 92.0 154.0
80.0 147.0 89.0 98.0
107.0 57.0 142.0 91.0
159.0 132.0 143.0 45.0
137.0 64.0 168.0 72.0
86.0 81.0 107.0 109.0
97.0 58.0 124.0 114.0
97.0 77.0 91.0 118.0
92.0 101.0 89.0 102.0
134.0 99.0 156.0 51.0
100.0 80.0 140.0 74.0
140.0 73.0 161.0 65.0
111.0 154.0 99.0 66.0
85.0 167.0 93.0 87.0
94.0 113.0 83.0 93.0
100.0 58.0 105.0 133.0
86.0 94.0 86.0 113.0
163.0 106.0 169.0 48.0
87.0 83.0 108.0 102.0
119.0 49.0 139.0 104.0
86.0 54.0 135.0 119.0
98.0 97.0 90.0 98.0
80.0 86.0 77.0 174.0
89.0 84.0 99.0 106.0
101.0 50.0 133.0 115.0
138.0 54.0 172.0 83.0
77.0 121.0 84.0 120.0
85.0 93.0 87.0 120.0
73.0 96.0 79.0 173.0
135.0 158.0 125.0 47.0
70.0 130.0 72.0 162.0
74.0 130.0 84.0 123.0
96.0 84.0 121.0 87.0
103.0 55.0 137.0 106.0
106.0 136.0 89.0 79.0
78.0 103.0 75.0 152.0
72.0 113.0 79.0 153.0
119.0 58.0 161.0 81.0
113.0 102.0 154.0 54.0
81.0 75.0 88.0 153.0
85.0 60.0 112.0 135.0
97.0 67.0 120.0 101.0
71.0 122.0 83.0 132.0
76.0 128.0 77.0 134.0
95.0 57.0 131.0 115.0
134.0 156.0 120.0 51.0
86.0 81.0 80.0 144.0
99.0 84.0 138.0 77.0
168.0 67.0 174.0 67.0
95.0 80.0 104.0 101.0
90.0 73.0 103.0 117.0
77.0 137.0 65.0 157.0
90.0 146.0 93.0 83.0
114.0 44.0 146.0 127.0
86.0 75.0 106.0 116.0
83.0 78.0 85.0 151.0
84.0 77.0 92.0 135.0
133.0 50.0 166.0 85.0
94.0 70.0 129.0 90.0
127.0 68.0 163.0 71.0
92.0 130.0 84.0 96.0
106.0 54.0 139.0 99.0
94.0 82.0 91.0 112.0
116.0 45.0 122.0 142.0
103.0 48.0 130.0 123.0
124.0 153.0 132.0 51.0
122.0 113.0 118.0 60.0
116.0 132.0 97.0 67.0
76.0 81.0 92.0 139.0
96.0 92.0 119.0 86.0
114.0 108.0 110.0 73.0
72.0 108.0 91.0 123.0
99.0 87.0 130.0 79.0
67.0 130.0 82.0 139.0
92.0 71.0 117.0 101.0
96.0 122.0 79.0 98.0
83.0 87.0 85.0 126.0
160.0 41.0 155.0 131.0
109.0 132.0 98.0 71.0
105.0 69.0 132.0 82.0
110.0 71.0 139.0 79.0
72.0 119.0 79.0 141.0
105.0 46.0 138.0 123.0
92.0 49.0 121.0 167.0
89.0 85.0 102.0 102.0
76.0 114.0 83.0 128.0
138.0 120.0 144.0 49.0
77.0 150.0 72.0 131.0
82.0 64.0 103.0 149.0
125.0 69.0 159.0 69.0
71.0 121.0 80.0 140.0
62.0 147.0 81.0 143.0
94.0 73.0 126.0 92.0
91.0 61.0 131.0 103.0
87.0 69.0 132.0 100.0
88.0 62.0 108.0 138.0
107.0 144.0 102.0 70.0
101.0 62.0 114.0 109.0
142.0 132.0 144.0 46.0
101.0 67.0 149.0 82.0
134.0 124.0 116.0 53.0
130.0 146.0 138.0 47.0
83.0 104.0 69.0 159.0
79.0 112.0 66.0 176.0
87.0 131.0 73.0 116.0
161.0 41.0 147.0 133.0
72.0 130.0 86.0 123.0
100.0 108.0 105.0 80.0
83.0 84.0 83.0 142.0
114.0 76.0 139.0 71.0
135.0 105.0 129.0 53.0
81.0 157.0 72.0 120.0
106.0 96.0 107.0 83.0
78.0 57.0 120.0 141.0
83.0 101.0 89.0 112.0
82.0 86.0 89.0 131.0
98.0 57.0 139.0 101.0
81.0 95.0 86.0 122.0
112.0 104.0 119.0 69.0
86.0 74.0 99.0 132.0
111.0 75.0 128.0 78.0
115.0 93.0 122.0 73.0
157.0 115.0 151.0 45.0
95.0 93.0 121.0 84.0
91.0 59.0 122.0 118.0
84.0 85.0 84.0 133.0
149.0 48.0 157.0 92.0
130.0 64.0 158.0 76.0
140.0 118.0 131.0 52.0
121.0 60.0 160.0 79.0
75.0 106.0 81.0 138.0
79.0 151.0 79.0 116.0
133.0 113.0 127.0 53.0
79.0 79.0 93.0 132.0
137.0 102.0 157.0 49.0
145.0 51.0 187.0 83.0
97.0 105.0 91.0 93.0
80.0 72.0 94.0 145.0
76.0 106.0 80.0 138.0
66.0 121.0 76.0 169.0
120.0 82.0 135.0 67.0
106.0 48.0 153.0 108.0
85.0 60.0 114.0 134.0
102.0 94.0 113.0 84.0
91.0 93.0 120.0 85.0
83.0 124.0 83.0 108.0
122.0 92.0 149.0 59.0
95.0 69.0 124.0 100.0
103.0 105.0 104.0 83.0
129.0 59.0 157.0 79.0
96.0 46.0 128.0 156.0
129.0 109.0 143.0 52.0
65.0 128.0 74.0 173.0
142.0 78.0 164.0 62.0
106.0 95.0 102.0 84.0
84.0 80.0 86.0 139.0
74.0 70.0 95.0 181.0
130.0 85.0 144.0 61.0
83.0 70.0 98.0 144.0
95.0 120.0 122.0 71.0
101.0 151.0 92.0 79.0
122.0 61.0 154.0 80.0
128.0 48.0 152.0 97.0
78.0 72.0 91.0 165.0
67.0 166.0 77.0 137.0
78.0 104.0 82.0 131.0
96.0 98.0 103.0 90.0
127.0 95.0 132.0 61.0
117.0 73.0 143.0 72.0
107.0 43.0 134.0 146.0
107.0 99.0 123.0 73.0
80.0 55.0 121.0 145.0
94.0 70.0 133.0 88.0
157.0 183.0 135.0 42.0
72.0 127.0 83.0 129.0
99.0 83.0 119.0 85.0
81.0 111.0 84.0 118.0
106.0 57.0 150.0 89.0
104.0 103.0 124.0 73.0
112.0 65.0 139.0 83.0
93.0 82.0 117.0 94.0
101.0 56.0 125.0 117.0
77.0 155.0 88.0 103.0
94.0 50.0 139.0 121.0
95.0 51.0 136.0 117.0
132.0 142.0 112.0 54.0
95.0 66.0 125.0 100.0
83.0 89.0 78.0 150.0
89.0 60.0 114.0 120.0
151.0 77.0 156.0 62.0
143.0 86.0 175.0 56.0
139.0 172.0 126.0 46.0
112.0 67.0 161.0 74.0
76.0 101.0 86.0 127.0
120.0 71.0 144.0 72.0
103.0 144.0 93.0 78.0
86.0 59.0 111.0 143.0
82.0 77.0 103.0 121.0
77.0 79.0 92.0 147.0
92.0 104.0 98.0 92.0
83.0 58.0 114.0 147.0
74.0 157.0 86.0 109.0
93.0 58.0 143.0 98.0
145.0 74.0 151.0 66.0
110.0 107.0 148.0 57.0
108.0 120.0 125.0 61.0
151.0 62.0 161.0 71.0
102.0 137.0 108.0 70.0
122.0 165.0 109.0 56.0
95.0 94.0 96.0 93.0
102.0 67.0 141.0 84.0
109.0 46.0 133.0 127.0
142.0 128.0 128.0 51.0
87.0 63.0 131.0 105.0
91.0 84.0 114.0 91.0
109.0 52.0 145.0 96.0
79.0 87.0 77.0 166.0
104.0 48.0 148.0 113.0
95.0 83.0 92.0 109.0
105.0 155.0 88.0 76.0
87.0 83.0 85.0 126.0
128.0 110.0 123.0 55.0
144.0 77.0 165.0 61.0
92.0 77.0 102.0 108.0
125.0 164.0 111.0 54.0
136.0 76.0 157.0 64.0
88.0 77.0 111.0 104.0
146.0 46.0 144.0 103.0
133.0 140.0 139.0 47.0
78.0 115.0 67.0 169.0
71.0 138.0 98.0 102.0
123.0 87.0 144.0 61.0
124.0 134.0 104.0 58.0
81.0 92.0 77.0 146.0
115.0 46.0 142.0 116.0
82.0 95.0 71.0 161.0
116.0 86.0 134.0 64.0
73.0 149.0 68.0 147.0
88.0 85.0 104.0 96.0
141.0 71.0 155.0 67.0
75.0 58.0 116.0 148.0
75.0 126.0 85.0 120.0
126.0 53.0 167.0 85.0
100.0 121.0 102.0 79.0
79.0 90.0 79.0 157.0
88.0 55.0 127.0 128.0
84.0 98.0 73.0 147.0
118.0 64.0 152.0 80.0
89.0 65.0 125.0 110.0
88.0 68.0 102.0 131.0
118.0 56.0 163.0 81.0
81.0 112.0 85.0 116.0
129.0 148.0 111.0 54.0
98.0 68.0 109.0 110.0
103.0 43.0 135.0 150.0
90.0 92.0 107.0 94.0
138.0 106.0 148.0 50.0
75.0 123.0 67.0 165.0
150.0 78.0 163.0 60.0
69.0 120.0 78.0 154.0
105.0 68.0 131.0 86.0
95.0 59.0 113.0 129.0
91.0 84.0 105.0 100.0
112.0 89.0 118.0 76.0
174.0 44.0 153.0 113.0
76.0 67.0 94.0 172.0
97.0 89.0 132.0 78.0
93.0 49.0 130.0 134.0
177.0 111.0 166.0 46.0
96.0 48.0 133.0 130.0
63.0 146.0 85.0 134.0
127.0 83.0 145.0 64.0
74.0 119.0 81.0 133.0
125.0 103.0 126.0 59.0
80.0 173.0 94.0 91.0
118.0 121.0 145.0 52.0
82.0 99.0 68.0 184.0
129.0 165.0 125.0 47.0
109.0 85.0 126.0 74.0
97.0 60.0 133.0 102.0
109.0 144.0 85.0 79.0
93.0 58.0 134.0 107.0
95.0 107.0 93.0 92.0
85.0 162.0 73.0 113.0
124.0 64.0 143.0 81.0
75.0 79.0 85.0 172.0
79.0 90.0 82.0 148.0
102.0 85.0 131.0 76.0
129.0 65.0 160.0 72.0
111.0 77.0 124.0 83.0
112.0 110.0 115.0 67.0
103.0 53.0 129.0 110.0
85.0 63.0 108.0 135.0
78.0 78.0 92.0 141.0
112.0 67.0 139.0 78.0
93.0 95.0 84.0 104.0
91.0 94.0 76.0 130.0
126.0 172.0 122.0 50.0
84.0 70.0 131.0 96.0
133.0 138.0 114.0 54.0
108.0 52.0 136.0 107.0
71.0 125.0 70.0 175.0
74.0 57.0 118.0 156.0
88.0 132.0 86.0 94.0
140.0 56.0 172.0 78.0
68.0 154.0 80.0 129.0
78.0 78.0 87.0 157.0
91.0 111.0 80.0 106.0
104.0 104.0 113.0 78.0
158.0 56.0 174.0 77.0
97.0 166.0 91.0 82.0
64.0 127.0 78.0 164.0
80.0 118.0 83.0 118.0
95.0 57.0 129.0 116.0
101.0 51.0 127.0 120.0
114.0 121.0 100.0 69.0
109.0 64.0 126.0 90.0
106.0 155.0 100.0 70.0
102.0 72.0 130.0 84.0
81.0 149.0 86.0 101.0
130.0 128.0 109.0 55.0
106.0 69.0 120.0 93.0
108.0 80.0 122.0 81.0
114.0 104.0 121.0 66.0
106.0 52.0 137.0 111.0
131.0 112.0 142.0 50.0
88.0 51.0 120.0 147.0
67.0 146.0 84.0 129.0
80.0 83.0 87.0 137.0
136.0 90.0 161.0 54.0
81.0 76.0 88.0 150.0
93.0 52.0 111.0 162.0
90.0 65.0 105.0 124.0
86.0 120.0 80.0 113.0
71.0 114.0 83.0 142.0
123.0 68.0 158.0 72.0
140.0 153.0 139.0 46.0
85.0 117.0 76.0 122.0
116.0 97.0 130.0 65.0
98.0 54.0 141.0 108.0
99.0 64.0 128.0 96.0
73.0 102.0 84.0 142.0
81.0 149.0 80.0 110.0
127.0 133.0 103.0 58.0
81.0 87.0 84.0 141.0
73.0 114.0 69.0 195.0
78.0 94.0 76.0 153.0
104.0 65.0 134.0 88.0
97.0 68.0 136.0 89.0
111.0 41.0 137.0 137.0
89.0 54.0 107.0 168.0
99.0 78.0 106.0 101.0
84.0 90.0 79.0 141.0
86.0 74.0 95.0 138.0
68.0 116.0 89.0 131.0
94.0 57.0 132.0 115.0
108.0 58.0 139.0 94.0
104.0 61.0 139.0 93.0
107.0 72.0 129.0 81.0
80.0 61.0 100.0 160.0
92.0 71.0 121.0 99.0
88.0 111.0 76.0 122.0
86.0 77.0 97.0 126.0
66.0 113.0 78.0 192.0
70.0 114.0 74.0 179.0
98.0 90.0 100.0 94.0
87.0 81.0 118.0 99.0
67.0 144.0 82.0 133.0
135.0 84.0 159.0 59.0
148.0 89.0 174.0 53.0
98.0 63.0 138.0 94.0
117.0 103.0 109.0 74.0
85.0 124.0 73.0 124.0
94.0 130.0 89.0 84.0
101.0 56.0 149.0 96.0
83.0 120.0 83.0 113.0
88.0 89.0 115.0 90.0
74.0 88.0 83.0 165.0
76.0 119.0 73.0 147.0
84.0 91.0 79.0 131.0
150.0 64.0 178.0 69.0
83.0 107.0 84.0 116.0
111.0 47.0 150.0 110.0
91.0 88.0 125.0 85.0
80.0 99.0 72.0 166.0
87.0 75.0 85.0 148.0
107.0 139.0 112.0 61.0
79.0 88.0 83.0 142.0
113.0 78.0 129.0 75.0
81.0 93.0 78.0 138.0
82.0 80.0 80.0 166.0
95.0 48.0 124.0 151.0
85.0 57.0 110.0 151.0
100.0 46.0 127.0 152.0
80.0 56.0 114.0 158.0
147.0 129.0 122.0 50.0
82.0 97.0 70.0 167.0
112.0 50.0 160.0 94.0
158.0 112.0 169.0 47.0
110.0 80.0 138.0 68.0
140.0 135.0 145.0 45.0
158.0 164.0 148.0 42.0
91.0 102.0 99.0 94.0
115.0 95.0 118.0 73.0
149.0 145.0 159.0 43.0
65.0 127.0 86.0 135.0
106.0 65.0 127.0 93.0
167.0 44.0 167.0 112.0
145.0 93.0 158.0 52.0
111.0 67.0 127.0 87.0
107.0 99.0 109.0 81.0
76.0 100.0 78.0 148.0
121.0 51.0 153.0 93.0
127.0 100.0 126.0 63.0
78.0 96.0 75.0 159.0
98.0 97.0 102.0 91.0
77.0 102.0 74.0 166.0
161.0 68.0 162.0 66.0
124.0 135.0 109.0 55.0
107.0 59.0 148.0 89.0
105.0 54.0 150.0 95.0
82.0 86.0 84.0 135.0
90.0 98.0 93.0 101.0
142.0 138.0 125.0 49.0
145.0 71.0 179.0 64.0
120.0 90.0 140.0 63.0
75.0 64.0 120.0 132.0
131.0 60.0 160.0 74.0
138.0 87.0 147.0 59.0
90.0 71.0 101.0 120.0
84.0 157.0 90.0 92.0
74.0 111.0 87.0 124.0
100.0 95.0 88.0 100.0
129.0 166.0 123.0 50.0
64.0 126.0 81.0 150.0
63.0 130.0 81.0 151.0
89.0 60.0 102.0 146.0
86.0 120.0 78.0 115.0
96.0 69.0 97.0 121.0
109.0 99.0 125.0 68.0
105.0 131.0 95.0 75.0
95.0 73.0 111.0 106.0
69.0 136.0 84.0 128.0
70.0 167.0 80.0 125.0
82.0 127.0 79.0 117.0
112.0 77.0 138.0 72.0
69.0 120.0 81.0 145.0
97.0 50.0 134.0 122.0
116.0 94.0 118.0 71.0
92.0 58.0 120.0 126.0
91.0 59.0 126.0 109.0
73.0 126.0 90.0 112.0
92.0 50.0 133.0 128.0
154.0 64.0 183.0 68.0
98.0 60.0 119.0 108.0
95.0 103.0 113.0 80.0
85.0 90.0 72.0 163.0
68.0 131.0 79.0 144.0
71.0 82.0 86.0 186.0
106.0 67.0 128.0 90.0
131.0 75.0 155.0 65.0
143.0 59.0 173.0 73.0
100.0 48.0 135.0 115.0
132.0 46.0 147.0 106.0
148.0 153.0 152.0 44.0
104.0 57.0 132.0 106.0
87.0 68.0 107.0 129.0
74.0 106.0 89.0 125.0
154.0 120.0 136.0 46.0
96.0 94.0 94.0 99.0
101.0 56.0 140.0 105.0
80.0 122.0 80.0 121.0
103.0 59.0 141.0 93.0
120.0 54.0 152.0 87.0
108.0 78.0 126.0 80.0
72.0 137.0 92.0 109.0
87.0 79.0 93.0 120.0
128.0 121.0 148.0 49.0
79.0 105.0 87.0 119.0
72.0 107.0 85.0 135.0
110.0 96.0 109.0 80.0
114.0 47.0 169.0 97.0
85.0 76.0 100.0 129.0
92.0 72.0 115.0 106.0
125.0 51.0 169.0 85.0
73.0 108.0 74.0 184.0
113.0 133.0 98.0 67.0
139.0 93.0 152.0 54.0
87.0 55.0 118.0 138.0
147.0 95.0 169.0 51.0
122.0 44.0 135.0 128.0
128.0 98.0 145.0 55.0
87.0 69.0 141.0 91.0
91.0 57.0 137.0 107.0
90.0 141.0 92.0 88.0
121.0 69.0 154.0 70.0
68.0 138.0 89.0 120.0
145.0 115.0 150.0 47.0
91.0 64.0 102.0 133.0
102.0 61.0 145.0 89.0
84.0 81.0 92.0 127.0
105.0 123.0 98.0 78.0
98.0 114.0 90.0 89.0
83.0 95.0 79.0 132.0
115.0 105.0 121.0 64.0
128.0 57.0 147.0 86.0
81.0 90.0 79.0 152.0
162.0 74.0 157.0 64.0
99.0 62.0 117.0 108.0
85.0 52.0 117.0 166.0
80.0 91.0 93.0 118.0
106.0 56.0 148.0 95.0
66.0 165.0 72.0 152.0
94.0 62.0 103.0 126.0
115.0 65.0 146.0 77.0
114.0 61.0 145.0 86.0
95.0 125.0 86.0 91.0
99.0 53.0 127.0 125.0
114.0 114.0 105.0 73.0
93.0 69.0 131.0 97.0
69.0 110.0 90.0 130.0
90.0 87.0 97.0 104.0
71.0 149.0 74.0 139.0
111.0 119.0 109.0 71.0
135.0 60.0 165.0 73.0
81.0 120.0 79.0 124.0
91.0 84.0 80.0 134.0
74.0 69.0 99.0 170.0
89.0 79.0 112.0 102.0
70.0 119.0 72.0 189.0
117.0 140.0 132.0 52.0
78.0 97.0 85.0 129.0
89.0 85.0 93.0 111.0
84.0 121.0 92.0 99.0
128.0 55.0 158.0 84.0
88.0 60.0 121.0 114.0
135.0 59.0 174.0 75.0
94.0 76.0 114.0 97.0
83.0 142.0 88.0 98.0
107.0 94.0 133.0 70.0
99.0 95.0 103.0 89.0
95.0 68.0 133.0 92.0
108.0 43.0 142.0 132.0
120.0 71.0 150.0 71.0
98.0 50.0 149.0 102.0
133.0 46.0 139.0 108.0
87.0 163.0 83.0 97.0
86.0 55.0 104.0 168.0
76.0 78.0 87.0 162.0
110.0 53.0 148.0 93.0
125.0 49.0 160.0 89.0
79.0 59.0 107.0 162.0
107.0 49.0 146.0 112.0
103.0 78.0 113.0 93.0
72.0 137.0 77.0 136.0
77.0 71.0 98.0 151.0
71.0 151.0 66.0 171.0
70.0 138.0 75.0 147.0
109.0 62.0 137.0 88.0
121.0 120.0 144.0 52.0
84.0 110.0 86.0 109.0
75.0 139.0 86.0 112.0
70.0 166.0 96.0 101.0
125.0 115.0 117.0 58.0
66.0 96.0 84.0 192.0
78.0 77.0 86.0 165.0
96.0 66.0 96.0 130.0
116.0 119.0 112.0 66.0
70.0 117.0 79.0 155.0
80.0 103.0 72.0 162.0
127.0 93.0 132.0 63.0
125.0 64.0 157.0 77.0
82.0 125.0 71.0 138.0
76.0 113.0 75.0 153.0
140.0 81.0 164.0 58.0
81.0 140.0 78.0 115.0
90.0 66.0 108.0 122.0
67.0 150.0 71.0 163.0
123.0 45.0 153.0 112.0
124.0 54.0 157.0 86.0
137.0 66.0 156.0 70.0
146.0 85.0 180.0 54.0
84.0 113.0 87.0 105.0
68.0 133.0 90.0 122.0
139.0 137.0 118.0 52.0
154.0 72.0 175.0 61.0
108.0 66.0 138.0 85.0
104.0 98.0 114.0 79.0
157.0 118.0 129.0 48.0
143.0 64.0 156.0 73.0
83.0 126.0 71.0 131.0
92.0 78.0 87.0 127.0
112.0 97.0 116.0 75.0
165.0 149.0 165.0 42.0
99.0 62.0 139.0 94.0
86.0 92.0 82.0 125.0
178.0 125.0 163.0 43.0
90.0 102.0 98.0 95.0
102.0 74.0 126.0 85.0
101.0 107.0 106.0 81.0
74.0 104.0 90.0 125.0
93.0 85.0 111.0 92.0
111.0 46.0 148.0 114.0
80.0 90.0 90.0 125.0
94.0 63.0 97.0 139.0
104.0 136.0 85.0 82.0
162.0 131.0 155.0 43.0
97.0 56.0 101.0 148.0
78.0 110.0 72.0 155.0
69.0 113.0 80.0 160.0
80.0 102.0 81.0 135.0
102.0 92.0 84.0 106.0
76.0 102.0 77.0 154.0
87.0 64.0 132.0 101.0
75.0 93.0 79.0 166.0
71.0 141.0 71.0 154.0
79.0 75.0 85.0 181.0
93.0 58.0 119.0 126.0
118.0 45.0 148.0 117.0
114.0 127.0 104.0 65.0
82.0 70.0 94.0 146.0
107.0 107.0 98.0 82.0
67.0 144.0 71.0 180.0
73.0 119.0 99.0 103.0
108.0 109.0 99.0 79.0
83.0 115.0 73.0 134.0
71.0 156.0 83.0 116.0
87.0 108.0 102.0 90.0
110.0 63.0 149.0 82.0
149.0 71.0 184.0 63.0
90.0 97.0 83.0 111.0
104.0 99.0 113.0 79.0
89.0 151.0 89.0 88.0
112.0 121.0 141.0 54.0
85.0 65.0 120.0 112.0
106.0 76.0 114.0 90.0
102.0 160.0 112.0 65.0
105.0 54.0 131.0 109.0
79.0 112.0 73.0 147.0
94.0 110.0 71.0 119.0
118.0 103.0 123.0 62.0
109.0 108.0 122.0 68.0
82.0 63.0 94.0 176.0
130.0 110.0 119.0 59.0
97.0 48.0 119.0 152.0
87.0 53.0 115.0 153.0
157.0 68.0 157.0 67.0
93.0 80.0 100.0 110.0
68.0 124.0 78.0 155.0
104.0 65.0 156.0 81.0
82.0 86.0 95.0 120.0
82.0 143.0 58.0 158.0
91.0 49.0 128.0 147.0
90.0 103.0 101.0 91.0
134.0 78.0 156.0 64.0
89.0 148.0 69.0 117.0
70.0 104.0 83.0 149.0
90.0 67.0 109.0 118.0
88.0 92.0 74.0 139.0
84.0 84.0 101.0 110.0
96.0 47.0 124.0 159.0
85.0 69.0 101.0 127.0
82.0 66.0 108.0 134.0
100.0 59.0 131.0 97.0
120.0 75.0 150.0 69.0
102.0 102.0 113.0 81.0
79.0 134.0 77.0 124.0
112.0 44.0 129.0 142.0
77.0 110.0 69.0 176.0
106.0 49.0 163.0 99.0
66.0 156.0 79.0 136.0
141.0 57.0 166.0 79.0
74.0 118.0 69.0 172.0
78.0 155.0 74.0 125.0
70.0 146.0 85.0 120.0
85.0 78.0 93.0 132.0
99.0 86.0 110.0 87.0
84.0 129.0 70.0 129.0
80.0 89.0 84.0 133.0
152.0 121.0 151.0 44.0
104.0 44.0 130.0 143.0
99.0 56.0 139.0 108.0
80.0 53.0 118.0 160.0
77.0 120.0 78.0 132.0
144.0 128.0 137.0 47.0
107.0 72.0 133.0 79.0
77.0 84.0 85.0 152.0
75.0 74.0 93.0 157.0
70.0 124.0 87.0 125.0
94.0 54.0 106.0 152.0
81.0 69.0 93.0 155.0
89.0 57.0 112.0 136.0
121.0 51.0 157.0 92.0
90.0 141.0 73.0 109.0
120.0 79.0 155.0 64.0
103.0 106.0 112.0 79.0
63.0 137.0 86.0 136.0
63.0 134.0 76.0 168.0
133.0 85.0 156.0 59.0
79.0 136.0 75.0 126.0
84.0 106.0 90.0 107.0
121.0 59.0 156.0 80.0
91.0 62.0 98.0 143.0
93.0 52.0 134.0 124.0
83.0 56.0 113.0 157.0
89.0 49.0 128.0 149.0
65.0 136.0 86.0 133.0
118.0 42.0 126.0 155.0
85.0 65.0 93.0 155.0
101.0 104.0 118.0 76.0
97.0 111.0 90.0 92.0
81.0 78.0 91.0 140.0
79.0 108.0 88.0 114.0
105.0 59.0 152.0 88.0
130.0 42.0 139.0 134.0
105.0 114.0 89.0 84.0
79.0 94.0 74.0 173.0
70.0 181.0 70.0 148.0
87.0 121.0 79.0 112.0
101.0 50.0 144.0 110.0
108.0 130.0 109.0 68.0
95.0 65.0 117.0 111.0
102.0 81.0 120.0 82.0
89.0 73.0 107.0 109.0
101.0 109.0 109.0 76.0
120.0 79.0 139.0 70.0
117.0 86.0 148.0 62.0
115.0 127.0 144.0 52.0
127.0 129.0 110.0 55.0
93.0 82.0 102.0 106.0
82.0 141.0 70.0 129.0
76.0 114.0 75.0 143.0
98.0 92.0 103.0 92.0
94.0 54.0 145.0 108.0
84.0 77.0 84.0 155.0
77.0 87.0 77.0 171.0
67.0 139.0 79.0 144.0
76.0 60.0 104.0 162.0
88.0 115.0 77.0 115.0
82.0 85.0 93.0 125.0
115.0 43.0 141.0 131.0
148.0 55.0 169.0 78.0
70.0 104.0 76.0 186.0
97.0 75.0 94.0 118.0
106.0 56.0 137.0 103.0
153.0 47.0 157.0 96.0
109.0 90.0 112.0 79.0
74.0 150.0 73.0 132.0
105.0 99.0 92.0 91.0
75.0 121.0 79.0 136.0
91.0 73.0 96.0 123.0
149.0 118.0 150.0 46.0
79.0 108.0 83.0 126.0
125.0 65.0 155.0 73.0
91.0 51.0 129.0 126.0
101.0 148.0 107.0 70.0
77.0 102.0 91.0 118.0
78.0 62.0 102.0 152.0
122.0 98.0 117.0 70.0
80.0 115.0 70.0 151.0
87.0 68.0 113.0 116.0
95.0 124.0 99.0 83.0
83.0 106.0 72.0 145.0
115.0 108.0 117.0 65.0
79.0 130.0 86.0 109.0
70.0 106.0 82.0 155.0
90.0 96.0 99.0 96.0
106.0 82.0 101.0 96.0
110.0 134.0 88.0 72.0
96.0 94.0 93.0 100.0
72.0 128.0 84.0 127.0
69.0 121.0 72.0 183.0
89.0 56.0 108.0 153.0
148.0 88.0 163.0 54.0
82.0 92.0 79.0 141.0
132.0 159.0 126.0 47.0
92.0 76.0 91.0 130.0
82.0 86.0 79.0 151.0
101.0 171.0 92.0 75.0
72.0 137.0 83.0 125.0
85.0 112.0 83.0 113.0
68.0 124.0 82.0 139.0
84.0 105.0 84.0 115.0
103.0 123.0 100.0 78.0
70.0 156.0 91.0 108.0
129.0 42.0 147.0 132.0
76.0 73.0 92.0 161.0
86.0 106.0 101.0 95.0
73.0 163.0 67.0 152.0
80.0 68.0 96.0 156.0
118.0 73.0 135.0 74.0
134.0 142.0 110.0 54.0
67.0 140.0 76.0 146.0
106.0 46.0 138.0 119.0
94.0 56.0 144.0 108.0
66.0 124.0 80.0 155.0
94.0 48.0 131.0 145.0
88.0 120.0 76.0 115.0
76.0 130.0 83.0 121.0
103.0 106.0 116.0 74.0
114.0 44.0 148.0 119.0
69.0 169.0 77.0 134.0
116.0 48.0 182.0 96.0
101.0 50.0 130.0 122.0
120.0 100.0 123.0 66.0
137.0 46.0 149.0 105.0
76.0 139.0 77.0 125.0
122.0 47.0 147.0 100.0
172.0 67.0 179.0 66.0
78.0 80.0 90.0 147.0
117.0 47.0 148.0 108.0
83.0 91.0 104.0 101.0
150.0 72.0 170.0 62.0
75.0 80.0 91.0 148.0
91.0 122.0 79.0 102.0
87.0 68.0 138.0 95.0
102.0 47.0 144.0 118.0
110.0 128.0 98.0 71.0
85.0 70.0 88.0 167.0
97.0 85.0 121.0 84.0
104.0 86.0 117.0 83.0
144.0 81.0 169.0 57.0
91.0 61.0 105.0 140.0
96.0 48.0 130.0 139.0
75.0 125.0 80.0 130.0
98.0 80.0 108.0 99.0
100.0 65.0 103.0 118.0
99.0 56.0 129.0 114.0
86.0 71.0 99.0 135.0
93.0 72.0 90.0 136.0
120.0 77.0 143.0 70.0
88.0 75.0 119.0 101.0
131.0 59.0 169.0 76.0
97.0 49.0 114.0 185.0
90.0 78.0 93.0 125.0
97.0 57.0 115.0 128.0
95.0 84.0 122.0 87.0
94.0 50.0 132.0 126.0
101.0 50.0 113.0 149.0
89.0 62.0 119.0 114.0
71.0 131.0 82.0 132.0
101.0 111.0 103.0 83.0
67.0 114.0 80.0 163.0
74.0 112.0 84.0 131.0
106.0 92.0 111.0 82.0
114.0 63.0 154.0 81.0
90.0 59.0 107.0 143.0
79.0 141.0 80.0 112.0
127.0 73.0 170.0 66.0
96.0 177.0 93.0 79.0
68.0 119.0 79.0 160.0
92.0 122.0 94.0 87.0
67.0 153.0 75.0 144.0
97.0 112.0 93.0 88.0
