147.0 83.0 65.0 80.0
48.0 96.0 127.0 118.0
37.0 139.0 150.0 143.0
42.0 126.0 126.0 131.0
52.0 113.0 106.0 103.0
88.0 88.0 78.0 95.0
40.0 127.0 128.0 146.0
113.0 84.0 72.0 87.0
77.0 76.0 88.0 108.0
60.0 106.0 100.0 97.0
95.0 88.0 79.0 91.0
82.0 72.0 86.0 107.0
62.0 106.0 89.0 100.0
61.0 70.0 104.0 125.0
118.0 86.0 75.0 78.0
97.0 74.0 92.0 91.0
160.0 87.0 59.0 80.0
140.0 85.0 72.0 72.0
73.0 94.0 84.0 100.0
121.0 66.0 77.0 93.0
99.0 96.0 76.0 82.0
39.0 132.0 134.0 147.0
101.0 80.0 84.0 85.0
47.0 109.0 107.0 126.0
65.0 81.0 94.0 116.0
49.0 115.0 110.0 111.0
45.0 120.0 121.0 112.0
117.0 73.0 81.0 87.0
71.0 70.0 92.0 119.0
43.0 124.0 122.0 121.0
41.0 132.0 127.0 132.0
51.0 118.0 98.0 116.0
55.0 105.0 99.0 106.0
108.0 80.0 85.0 81.0
67.0 78.0 92.0 112.0
126.0 76.0 78.0 77.0
44.0 110.0 120.0 131.0
58.0 117.0 96.0 91.0
38.0 136.0 144.0 141.0
66.0 94.0 94.0 102.0
