149.0 123.0 38.0 116.0
136.0 44.0 120.0 143.0
104.0 97.0 59.0 115.0
109.0 102.0 55.0 110.0
91.0 59.0 134.0 109.0
84.0 67.0 100.0 106.0
86.0 97.0 83.0 90.0
94.0 69.0 80.0 118.0
98.0 88.0 72.0 99.0
68.0 107.0 131.0 84.0
85.0 70.0 88.0 110.0
121.0 146.0 43.0 117.0
121.0 70.0 73.0 102.0
152.0 67.0 66.0 128.0
88.0 83.0 82.0 101.0
129.0 42.0 123.0 164.0
140.0 144.0 42.0 102.0
61.0 88.0 126.0 103.0
122.0 42.0 152.0 141.0
89.0 63.0 100.0 113.0
82.0 65.0 96.0 115.0
101.0 115.0 66.0 90.0
115.0 111.0 59.0 82.0
102.0 72.0 82.0 100.0
68.0 126.0 86.0 91.0
77.0 115.0 77.0 97.0
117.0 51.0 98.0 143.0
63.0 120.0 91.0 94.0
135.0 57.0 88.0 108.0
161.0 102.0 45.0 119.0
136.0 82.0 59.0 111.0
135.0 72.0 67.0 104.0
102.0 75.0 80.0 102.0
55.0 125.0 103.0 88.0
76.0 88.0 71.0 122.0
107.0 51.0 112.0 128.0
117.0 56.0 88.0 131.0
91.0 61.0 100.0 116.0
89.0 66.0 85.0 115.0
67.0 99.0 88.0 102.0
63.0 92.0 99.0 108.0
117.0 130.0 45.0 113.0
68.0 125.0 90.0 86.0
146.0 81.0 56.0 107.0
153.0 50.0 94.0 136.0
115.0 52.0 94.0 143.0
151.0 83.0 57.0 99.0
117.0 56.0 93.0 124.0
129.0 42.0 127.0 161.0
63.0 112.0 96.0 90.0
117.0 110.0 55.0 98.0
119.0 134.0 57.0 84.0
107.0 100.0 59.0 103.0
65.0 118.0 149.0 79.0
85.0 56.0 104.0 135.0
106.0 114.0 55.0 108.0
91.0 65.0 91.0 112.0
150.0 92.0 48.0 107.0
77.0 95.0 101.0 90.0
67.0 113.0 127.0 81.0
145.0 141.0 37.0 130.0
146.0 116.0 44.0 94.0
134.0 112.0 47.0 103.0
186.0 87.0 50.0 116.0
128.0 56.0 90.0 119.0
126.0 42.0 133.0 152.0
64.0 129.0 162.0 73.0
133.0 88.0 59.0 99.0
113.0 92.0 58.0 107.0
125.0 80.0 69.0 92.0
90.0 125.0 76.0 83.0
61.0 126.0 127.0 80.0
103.0 94.0 77.0 80.0
75.0 78.0 101.0 103.0
119.0 71.0 67.0 124.0
106.0 46.0 140.0 130.0
100.0 108.0 58.0 106.0
84.0 102.0 82.0 87.0
83.0 61.0 118.0 115.0
138.0 79.0 63.0 100.0
62.0 109.0 123.0 87.0
91.0 91.0 72.0 98.0
132.0 99.0 47.0 130.0
97.0 72.0 79.0 116.0
120.0 123.0 46.0 105.0
119.0 119.0 55.0 91.0
158.0 119.0 40.0 105.0
113.0 79.0 66.0 113.0
70.0 117.0 84.0 92.0
125.0 47.0 107.0 145.0
82.0 67.0 115.0 101.0
63.0 130.0 151.0 74.0
74.0 89.0 152.0 89.0
62.0 100.0 164.0 90.0
89.0 59.0 106.0 119.0
54.0 136.0 103.0 87.0
110.0 104.0 63.0 89.0
171.0 89.0 50.0 124.0
85.0 92.0 69.0 114.0
88.0 76.0 140.0 87.0
104.0 64.0 90.0 110.0
121.0 105.0 62.0 80.0
127.0 51.0 99.0 130.0
75.0 78.0 103.0 99.0
121.0 66.0 72.0 111.0
169.0 90.0 50.0 124.0
82.0 69.0 141.0 98.0
150.0 83.0 59.0 95.0
73.0 111.0 90.0 86.0
76.0 81.0 127.0 95.0
123.0 61.0 81.0 107.0
67.0 103.0 139.0 87.0
90.0 73.0 80.0 121.0
105.0 60.0 91.0 114.0
109.0 72.0 81.0 94.0
83.0 65.0 111.0 105.0
87.0 55.0 108.0 135.0
110.0 68.0 81.0 102.0
71.0 77.0 118.0 103.0
71.0 118.0 122.0 74.0
106.0 52.0 159.0 106.0
154.0 120.0 40.0 101.0
163.0 85.0 51.0 126.0
70.0 128.0 87.0 88.0
72.0 122.0 94.0 82.0
161.0 76.0 57.0 125.0
116.0 83.0 74.0 87.0
126.0 59.0 87.0 104.0
68.0 123.0 91.0 88.0
112.0 59.0 83.0 121.0
70.0 102.0 105.0 91.0
109.0 54.0 103.0 121.0
96.0 53.0 102.0 142.0
96.0 136.0 74.0 76.0
116.0 53.0 97.0 129.0
103.0 61.0 88.0 117.0
170.0 73.0 60.0 108.0
166.0 73.0 59.0 123.0
132.0 121.0 43.0 107.0
108.0 45.0 128.0 140.0
55.0 103.0 113.0 102.0
67.0 85.0 116.0 103.0
128.0 93.0 52.0 106.0
81.0 144.0 85.0 76.0
86.0 61.0 104.0 116.0
64.0 97.0 140.0 93.0
127.0 50.0 96.0 148.0
77.0 62.0 120.0 117.0
135.0 59.0 79.0 118.0
67.0 93.0 129.0 94.0
127.0 41.0 130.0 155.0
134.0 96.0 57.0 89.0
72.0 108.0 85.0 94.0
63.0 109.0 110.0 90.0
84.0 98.0 75.0 93.0
151.0 118.0 41.0 106.0
129.0 76.0 65.0 108.0
111.0 45.0 118.0 152.0
153.0 95.0 47.0 110.0
64.0 107.0 135.0 87.0
88.0 88.0 78.0 95.0
119.0 82.0 69.0 90.0
80.0 70.0 102.0 106.0
124.0 92.0 70.0 74.0
58.0 128.0 113.0 81.0
100.0 54.0 151.0 109.0
93.0 84.0 139.0 74.0
101.0 76.0 76.0 106.0
77.0 152.0 69.0 103.0
115.0 57.0 92.0 119.0
94.0 54.0 98.0 142.0
73.0 118.0 87.0 88.0
99.0 96.0 55.0 131.0
84.0 83.0 93.0 91.0
106.0 59.0 95.0 117.0
125.0 55.0 93.0 125.0
139.0 78.0 60.0 106.0
140.0 88.0 52.0 133.0
99.0 47.0 134.0 133.0
94.0 68.0 83.0 112.0
87.0 55.0 110.0 132.0
59.0 95.0 119.0 102.0
105.0 49.0 134.0 121.0
62.0 98.0 106.0 97.0
70.0 89.0 100.0 99.0
106.0 64.0 77.0 119.0
60.0 99.0 134.0 96.0
74.0 110.0 115.0 77.0
133.0 67.0 67.0 122.0
111.0 60.0 96.0 106.0
142.0 122.0 39.0 117.0
62.0 94.0 139.0 97.0
103.0 89.0 69.0 98.0
86.0 76.0 106.0 91.0
87.0 63.0 113.0 110.0
116.0 73.0 77.0 96.0
94.0 74.0 80.0 112.0
107.0 53.0 101.0 132.0
123.0 49.0 102.0 140.0
52.0 152.0 141.0 82.0
134.0 71.0 71.0 94.0
103.0 80.0 80.0 95.0
130.0 50.0 99.0 138.0
162.0 88.0 53.0 105.0
65.0 119.0 92.0 91.0
108.0 78.0 74.0 105.0
95.0 53.0 131.0 118.0
91.0 65.0 89.0 115.0
83.0 58.0 139.0 115.0
106.0 57.0 103.0 115.0
148.0 89.0 54.0 96.0
100.0 56.0 109.0 114.0
100.0 117.0 65.0 87.0
87.0 66.0 133.0 100.0
101.0 50.0 117.0 132.0
101.0 45.0 171.0 141.0
132.0 54.0 94.0 116.0
87.0 79.0 100.0 91.0
140.0 57.0 79.0 156.0
92.0 59.0 112.0 113.0
95.0 104.0 57.0 116.0
113.0 127.0 55.0 92.0
131.0 75.0 67.0 102.0
103.0 125.0 69.0 78.0
82.0 62.0 108.0 118.0
104.0 100.0 65.0 93.0
82.0 64.0 109.0 111.0
151.0 97.0 49.0 103.0
158.0 71.0 61.0 117.0
71.0 125.0 93.0 81.0
86.0 102.0 74.0 94.0
151.0 97.0 46.0 112.0
152.0 142.0 36.0 129.0
82.0 79.0 83.0 111.0
64.0 93.0 94.0 108.0
66.0 125.0 88.0 91.0
95.0 71.0 87.0 102.0
72.0 76.0 99.0 109.0
112.0 61.0 92.0 103.0
155.0 77.0 58.0 96.0
112.0 75.0 71.0 110.0
115.0 53.0 101.0 124.0
74.0 64.0 118.0 114.0
69.0 104.0 81.0 98.0
130.0 114.0 48.0 94.0
102.0 65.0 86.0 110.0
84.0 83.0 121.0 85.0
133.0 56.0 87.0 118.0
123.0 61.0 79.0 108.0
72.0 84.0 120.0 98.0
116.0 124.0 62.0 76.0
141.0 90.0 51.0 94.0
130.0 77.0 62.0 109.0
127.0 109.0 53.0 94.0
98.0 53.0 118.0 121.0
96.0 70.0 84.0 108.0
143.0 43.0 128.0 136.0
66.0 87.0 99.0 106.0
76.0 92.0 86.0 103.0
120.0 116.0 47.0 115.0
172.0 100.0 43.0 114.0
79.0 87.0 147.0 85.0
115.0 41.0 137.0 156.0
67.0 93.0 106.0 96.0
112.0 58.0 83.0 139.0
119.0 81.0 67.0 104.0
99.0 62.0 91.0 108.0
98.0 101.0 69.0 91.0
135.0 89.0 53.0 130.0
86.0 134.0 77.0 83.0
118.0 43.0 136.0 148.0
121.0 49.0 98.0 158.0
96.0 65.0 86.0 116.0
72.0 91.0 131.0 90.0
78.0 83.0 161.0 89.0
146.0 65.0 69.0 126.0
113.0 84.0 72.0 87.0
137.0 56.0 92.0 108.0
135.0 97.0 52.0 90.0
88.0 64.0 95.0 117.0
106.0 67.0 84.0 107.0
109.0 45.0 161.0 138.0
60.0 140.0 144.0 78.0
108.0 49.0 109.0 137.0
149.0 47.0 103.0 138.0
110.0 49.0 121.0 132.0
111.0 73.0 73.0 103.0
63.0 112.0 147.0 83.0
102.0 149.0 61.0 90.0
102.0 103.0 70.0 86.0
90.0 148.0 70.0 87.0
138.0 53.0 83.0 170.0
95.0 77.0 101.0 84.0
81.0 74.0 115.0 96.0
75.0 84.0 100.0 98.0
133.0 53.0 87.0 140.0
112.0 50.0 116.0 125.0
144.0 101.0 47.0 110.0
58.0 108.0 162.0 90.0
128.0 81.0 64.0 99.0
128.0 69.0 67.0 121.0
104.0 139.0 59.0 90.0
94.0 93.0 71.0 99.0
103.0 52.0 122.0 118.0
103.0 84.0 75.0 95.0
91.0 61.0 87.0 130.0
94.0 115.0 67.0 96.0
77.0 76.0 88.0 108.0
142.0 80.0 59.0 108.0
103.0 62.0 90.0 112.0
78.0 65.0 140.0 109.0
99.0 124.0 68.0 87.0
104.0 71.0 81.0 100.0
128.0 40.0 142.0 161.0
127.0 45.0 108.0 155.0
150.0 120.0 46.0 81.0
69.0 120.0 148.0 73.0
98.0 95.0 76.0 90.0
60.0 106.0 100.0 97.0
137.0 58.0 81.0 129.0
130.0 57.0 86.0 118.0
118.0 53.0 98.0 126.0
72.0 137.0 87.0 83.0
115.0 57.0 89.0 124.0
66.0 121.0 95.0 85.0
98.0 51.0 114.0 136.0
99.0 94.0 60.0 114.0
93.0 84.0 89.0 89.0
111.0 55.0 97.0 123.0
73.0 93.0 101.0 95.0
90.0 81.0 152.0 79.0
109.0 81.0 62.0 129.0
77.0 100.0 83.0 95.0
104.0 44.0 147.0 148.0
121.0 46.0 108.0 147.0
74.0 80.0 135.0 96.0
94.0 73.0 134.0 83.0
89.0 57.0 117.0 120.0
142.0 73.0 64.0 96.0
97.0 81.0 73.0 109.0
116.0 54.0 95.0 129.0
99.0 85.0 81.0 91.0
132.0 56.0 81.0 143.0
122.0 53.0 90.0 129.0
72.0 110.0 90.0 89.0
101.0 96.0 68.0 89.0
133.0 119.0 42.0 120.0
112.0 70.0 74.0 106.0
74.0 98.0 155.0 80.0
126.0 73.0 66.0 110.0
81.0 80.0 134.0 90.0
97.0 115.0 67.0 93.0
101.0 54.0 121.0 116.0
82.0 72.0 86.0 107.0
112.0 69.0 76.0 104.0
66.0 86.0 144.0 99.0
119.0 133.0 53.0 85.0
87.0 92.0 96.0 86.0
117.0 58.0 86.0 121.0
62.0 111.0 99.0 94.0
108.0 63.0 81.0 119.0
128.0 122.0 53.0 86.0
106.0 47.0 120.0 144.0
92.0 58.0 126.0 111.0
111.0 97.0 56.0 110.0
78.0 68.0 119.0 103.0
95.0 59.0 99.0 119.0
62.0 106.0 89.0 100.0
94.0 72.0 84.0 106.0
158.0 86.0 52.0 123.0
151.0 104.0 46.0 102.0
136.0 97.0 51.0 97.0
121.0 104.0 58.0 86.0
144.0 72.0 62.0 106.0
65.0 109.0 99.0 93.0
69.0 122.0 138.0 74.0
76.0 77.0 81.0 121.0
130.0 57.0 87.0 116.0
103.0 75.0 70.0 120.0
104.0 65.0 83.0 111.0
120.0 54.0 97.0 120.0
85.0 63.0 128.0 105.0
145.0 58.0 82.0 114.0
113.0 90.0 58.0 111.0
106.0 55.0 101.0 124.0
59.0 106.0 113.0 94.0
141.0 70.0 66.0 107.0
102.0 65.0 88.0 105.0
77.0 96.0 112.0 85.0
137.0 133.0 39.0 116.0
88.0 58.0 98.0 135.0
94.0 58.0 116.0 113.0
156.0 87.0 53.0 114.0
87.0 102.0 79.0 89.0
64.0 166.0 130.0 74.0
79.0 82.0 102.0 92.0
71.0 86.0 101.0 99.0
143.0 70.0 63.0 145.0
156.0 113.0 45.0 85.0
127.0 79.0 65.0 109.0
155.0 83.0 53.0 120.0
112.0 51.0 111.0 124.0
98.0 54.0 104.0 128.0
130.0 90.0 56.0 97.0
118.0 87.0 62.0 99.0
130.0 133.0 40.0 118.0
109.0 87.0 65.0 94.0
94.0 82.0 79.0 101.0
118.0 60.0 79.0 122.0
147.0 105.0 46.0 98.0
65.0 137.0 89.0 85.0
84.0 58.0 137.0 116.0
93.0 53.0 141.0 117.0
143.0 162.0 36.0 124.0
90.0 66.0 104.0 103.0
82.0 134.0 82.0 77.0
139.0 54.0 86.0 156.0
74.0 118.0 94.0 81.0
114.0 107.0 64.0 78.0
74.0 103.0 86.0 95.0
96.0 53.0 104.0 139.0
85.0 114.0 80.0 84.0
101.0 59.0 103.0 110.0
123.0 72.0 66.0 118.0
118.0 100.0 58.0 100.0
104.0 94.0 65.0 97.0
114.0 45.0 121.0 148.0
123.0 104.0 47.0 116.0
78.0 81.0 98.0 100.0
136.0 80.0 65.0 92.0
73.0 98.0 146.0 83.0
102.0 60.0 105.0 104.0
66.0 127.0 124.0 75.0
67.0 81.0 99.0 110.0
103.0 79.0 73.0 110.0
58.0 147.0 132.0 77.0
116.0 89.0 61.0 100.0
107.0 113.0 56.0 100.0
76.0 159.0 81.0 86.0
99.0 113.0 70.0 83.0
167.0 82.0 54.0 112.0
113.0 83.0 78.0 85.0
63.0 115.0 121.0 84.0
121.0 77.0 68.0 105.0
127.0 99.0 49.0 108.0
83.0 90.0 158.0 79.0
130.0 44.0 116.0 157.0
87.0 75.0 82.0 114.0
107.0 90.0 61.0 103.0
150.0 112.0 40.0 120.0
109.0 46.0 111.0 151.0
134.0 149.0 38.0 122.0
121.0 72.0 70.0 108.0
111.0 46.0 117.0 140.0
72.0 78.0 116.0 101.0
128.0 51.0 95.0 138.0
90.0 57.0 138.0 115.0
110.0 73.0 70.0 115.0
113.0 63.0 85.0 102.0
82.0 93.0 82.0 97.0
118.0 86.0 75.0 78.0
110.0 79.0 74.0 102.0
75.0 92.0 129.0 87.0
152.0 46.0 102.0 165.0
76.0 79.0 115.0 97.0
195.0 83.0 52.0 105.0
122.0 126.0 54.0 88.0
102.0 103.0 61.0 102.0
106.0 91.0 60.0 112.0
70.0 96.0 116.0 89.0
138.0 58.0 79.0 130.0
159.0 84.0 54.0 108.0
140.0 89.0 56.0 93.0
91.0 51.0 133.0 125.0
115.0 62.0 89.0 102.0
97.0 74.0 92.0 91.0
133.0 76.0 63.0 107.0
99.0 78.0 77.0 100.0
123.0 97.0 63.0 83.0
156.0 88.0 51.0 125.0
72.0 159.0 76.0 97.0
133.0 126.0 41.0 110.0
102.0 48.0 123.0 133.0
93.0 56.0 102.0 131.0
77.0 86.0 131.0 89.0
82.0 89.0 80.0 100.0
132.0 55.0 84.0 132.0
93.0 60.0 111.0 110.0
133.0 123.0 54.0 80.0
131.0 55.0 88.0 124.0
124.0 57.0 91.0 113.0
101.0 58.0 108.0 112.0
67.0 95.0 86.0 105.0
120.0 45.0 117.0 150.0
106.0 43.0 155.0 154.0
124.0 65.0 70.0 109.0
58.0 121.0 139.0 85.0
124.0 64.0 72.0 109.0
144.0 87.0 57.0 91.0
82.0 63.0 107.0 116.0
158.0 94.0 46.0 113.0
91.0 80.0 74.0 118.0
123.0 74.0 72.0 96.0
128.0 121.0 49.0 87.0
125.0 112.0 54.0 93.0
120.0 92.0 55.0 111.0
122.0 58.0 87.0 113.0
109.0 48.0 112.0 143.0
64.0 91.0 136.0 96.0
115.0 113.0 51.0 107.0
139.0 52.0 91.0 125.0
120.0 103.0 51.0 111.0
106.0 52.0 105.0 131.0
107.0 55.0 103.0 122.0
82.0 74.0 96.0 100.0
81.0 62.0 124.0 112.0
113.0 138.0 58.0 86.0
162.0 91.0 50.0 113.0
140.0 102.0 47.0 106.0
66.0 110.0 161.0 82.0
99.0 51.0 159.0 116.0
84.0 85.0 73.0 115.0
135.0 117.0 47.0 95.0
134.0 114.0 53.0 82.0
110.0 60.0 98.0 103.0
154.0 111.0 40.0 124.0
68.0 114.0 110.0 83.0
103.0 61.0 86.0 120.0
131.0 100.0 46.0 128.0
85.0 72.0 128.0 93.0
67.0 134.0 98.0 79.0
114.0 56.0 94.0 118.0
71.0 97.0 93.0 93.0
142.0 59.0 81.0 110.0
113.0 60.0 89.0 109.0
95.0 61.0 114.0 105.0
111.0 45.0 122.0 141.0
86.0 61.0 124.0 109.0
126.0 67.0 71.0 104.0
96.0 90.0 74.0 99.0
65.0 118.0 88.0 94.0
97.0 54.0 111.0 124.0
151.0 86.0 54.0 109.0
77.0 92.0 162.0 82.0
65.0 101.0 116.0 90.0
123.0 43.0 131.0 147.0
137.0 44.0 118.0 146.0
69.0 112.0 91.0 89.0
73.0 94.0 84.0 100.0
76.0 114.0 133.0 71.0
147.0 117.0 43.0 96.0
139.0 48.0 96.0 178.0
104.0 130.0 64.0 85.0
116.0 81.0 61.0 123.0
101.0 62.0 82.0 120.0
80.0 58.0 133.0 121.0
100.0 108.0 74.0 79.0
53.0 141.0 131.0 84.0
177.0 91.0 48.0 127.0
71.0 124.0 131.0 72.0
85.0 64.0 115.0 105.0
83.0 71.0 95.0 101.0
65.0 97.0 149.0 90.0
153.0 112.0 46.0 87.0
121.0 48.0 110.0 132.0
73.0 109.0 108.0 82.0
133.0 129.0 48.0 88.0
146.0 108.0 45.0 106.0
73.0 94.0 125.0 89.0
155.0 80.0 57.0 101.0
106.0 48.0 116.0 137.0
121.0 66.0 77.0 93.0
115.0 83.0 76.0 87.0
110.0 60.0 95.0 108.0
134.0 71.0 64.0 113.0
123.0 68.0 68.0 128.0
142.0 117.0 44.0 90.0
143.0 95.0 50.0 108.0
135.0 59.0 73.0 145.0
103.0 68.0 91.0 91.0
151.0 63.0 69.0 137.0
94.0 57.0 174.0 109.0
128.0 103.0 59.0 81.0
65.0 137.0 91.0 83.0
129.0 50.0 103.0 130.0
70.0 127.0 80.0 94.0
129.0 61.0 74.0 107.0
127.0 77.0 66.0 104.0
121.0 120.0 58.0 84.0
126.0 63.0 73.0 112.0
75.0 70.0 109.0 109.0
131.0 73.0 69.0 99.0
81.0 71.0 106.0 98.0
146.0 75.0 61.0 101.0
135.0 60.0 79.0 105.0
76.0 99.0 73.0 112.0
137.0 142.0 39.0 114.0
66.0 133.0 145.0 72.0
102.0 85.0 79.0 92.0
100.0 78.0 85.0 94.0
79.0 110.0 106.0 77.0
105.0 142.0 64.0 82.0
61.0 115.0 142.0 84.0
99.0 96.0 76.0 82.0
163.0 82.0 55.0 107.0
145.0 112.0 43.0 106.0
114.0 59.0 96.0 106.0
106.0 74.0 71.0 118.0
109.0 70.0 75.0 106.0
122.0 109.0 54.0 98.0
116.0 44.0 125.0 148.0
81.0 61.0 153.0 113.0
122.0 86.0 66.0 89.0
129.0 115.0 54.0 85.0
97.0 48.0 146.0 123.0
59.0 106.0 136.0 92.0
69.0 88.0 121.0 97.0
61.0 124.0 149.0 78.0
149.0 69.0 64.0 104.0
147.0 117.0 39.0 133.0
111.0 68.0 82.0 97.0
146.0 44.0 106.0 160.0
101.0 80.0 84.0 85.0
125.0 58.0 84.0 116.0
141.0 74.0 62.0 108.0
92.0 66.0 95.0 107.0
72.0 108.0 127.0 80.0
144.0 122.0 47.0 85.0
91.0 115.0 72.0 89.0
131.0 110.0 46.0 110.0
70.0 93.0 94.0 102.0
87.0 64.0 95.0 118.0
77.0 105.0 134.0 76.0
77.0 67.0 103.0 108.0
134.0 81.0 58.0 116.0
91.0 61.0 107.0 110.0
90.0 91.0 97.0 83.0
137.0 110.0 56.0 76.0
53.0 123.0 133.0 90.0
77.0 60.0 131.0 118.0
113.0 52.0 102.0 130.0
131.0 81.0 63.0 100.0
65.0 111.0 100.0 90.0
68.0 113.0 142.0 79.0
102.0 55.0 111.0 116.0
120.0 103.0 58.0 95.0
115.0 42.0 162.0 146.0
99.0 85.0 68.0 108.0
62.0 98.0 129.0 95.0
94.0 52.0 133.0 119.0
134.0 115.0 52.0 85.0
83.0 85.0 71.0 123.0
87.0 55.0 133.0 120.0
59.0 112.0 136.0 89.0
87.0 59.0 161.0 110.0
119.0 47.0 115.0 139.0
71.0 70.0 92.0 119.0
95.0 85.0 79.0 99.0
95.0 151.0 65.0 90.0
106.0 116.0 55.0 105.0
145.0 124.0 38.0 112.0
122.0 48.0 106.0 140.0
97.0 88.0 73.0 99.0
100.0 116.0 75.0 75.0
181.0 96.0 45.0 103.0
74.0 125.0 89.0 82.0
144.0 82.0 60.0 99.0
144.0 71.0 67.0 99.0
82.0 94.0 67.0 111.0
98.0 72.0 79.0 115.0
112.0 122.0 56.0 92.0
111.0 53.0 105.0 123.0
100.0 119.0 60.0 96.0
118.0 69.0 66.0 133.0
84.0 83.0 91.0 93.0
121.0 54.0 89.0 147.0
66.0 124.0 102.0 82.0
85.0 81.0 89.0 99.0
140.0 118.0 42.0 114.0
97.0 64.0 90.0 117.0
75.0 89.0 105.0 93.0
77.0 70.0 98.0 112.0
109.0 76.0 68.0 121.0
106.0 44.0 168.0 139.0
88.0 60.0 128.0 109.0
101.0 59.0 122.0 102.0
128.0 57.0 82.0 136.0
101.0 120.0 70.0 79.0
92.0 88.0 76.0 103.0
82.0 116.0 79.0 89.0
87.0 87.0 88.0 94.0
96.0 83.0 68.0 118.0
108.0 58.0 101.0 110.0
85.0 79.0 142.0 87.0
84.0 75.0 76.0 124.0
92.0 61.0 97.0 116.0
135.0 104.0 56.0 81.0
94.0 61.0 93.0 120.0
147.0 85.0 56.0 101.0
150.0 136.0 37.0 146.0
86.0 93.0 168.0 72.0
73.0 125.0 142.0 69.0
85.0 137.0 78.0 81.0
92.0 52.0 123.0 125.0
99.0 51.0 115.0 130.0
139.0 109.0 45.0 109.0
74.0 95.0 177.0 82.0
150.0 76.0 59.0 121.0
92.0 55.0 124.0 120.0
66.0 114.0 94.0 90.0
99.0 60.0 99.0 110.0
122.0 42.0 148.0 144.0
148.0 143.0 36.0 125.0
97.0 48.0 127.0 132.0
89.0 136.0 70.0 90.0
116.0 60.0 83.0 112.0
115.0 71.0 72.0 107.0
72.0 114.0 87.0 93.0
98.0 89.0 69.0 103.0
74.0 73.0 124.0 104.0
57.0 128.0 96.0 90.0
71.0 95.0 145.0 87.0
152.0 76.0 60.0 110.0
111.0 43.0 150.0 150.0
109.0 53.0 108.0 124.0
131.0 51.0 92.0 161.0
128.0 114.0 54.0 87.0
82.0 99.0 85.0 88.0
87.0 66.0 146.0 99.0
71.0 119.0 140.0 73.0
93.0 55.0 123.0 120.0
73.0 97.0 111.0 89.0
80.0 65.0 105.0 111.0
123.0 60.0 82.0 109.0
95.0 52.0 110.0 128.0
140.0 44.0 113.0 160.0
74.0 124.0 90.0 84.0
66.0 115.0 106.0 83.0
111.0 58.0 88.0 113.0
97.0 110.0 73.0 84.0
72.0 75.0 116.0 104.0
142.0 98.0 50.0 105.0
85.0 87.0 82.0 103.0
134.0 43.0 121.0 152.0
82.0 85.0 135.0 85.0
106.0 59.0 98.0 112.0
71.0 105.0 150.0 80.0
116.0 115.0 50.0 106.0
67.0 102.0 105.0 94.0
128.0 85.0 60.0 96.0
70.0 95.0 104.0 96.0
140.0 96.0 54.0 91.0
151.0 60.0 77.0 127.0
81.0 150.0 72.0 94.0
164.0 79.0 55.0 109.0
103.0 64.0 83.0 116.0
127.0 68.0 69.0 117.0
79.0 67.0 94.0 112.0
147.0 47.0 98.0 149.0
74.0 149.0 74.0 97.0
123.0 59.0 82.0 122.0
67.0 90.0 120.0 96.0
184.0 78.0 56.0 115.0
123.0 45.0 115.0 148.0
63.0 132.0 109.0 79.0
67.0 105.0 91.0 93.0
128.0 120.0 42.0 121.0
88.0 54.0 125.0 122.0
106.0 46.0 121.0 139.0
129.0 48.0 101.0 145.0
103.0 66.0 92.0 97.0
120.0 94.0 51.0 114.0
114.0 61.0 85.0 110.0
72.0 110.0 98.0 87.0
93.0 65.0 95.0 108.0
101.0 91.0 77.0 85.0
74.0 107.0 78.0 99.0
85.0 60.0 122.0 115.0
96.0 62.0 97.0 107.0
98.0 64.0 98.0 103.0
121.0 126.0 52.0 92.0
102.0 133.0 73.0 73.0
106.0 79.0 75.0 97.0
119.0 62.0 87.0 101.0
77.0 75.0 94.0 106.0
89.0 112.0 88.0 76.0
153.0 74.0 59.0 119.0
96.0 125.0 71.0 80.0
134.0 40.0 135.0 161.0
86.0 91.0 87.0 88.0
58.0 121.0 161.0 83.0
156.0 85.0 55.0 106.0
126.0 66.0 68.0 126.0
91.0 70.0 147.0 88.0
137.0 111.0 48.0 92.0
97.0 49.0 141.0 122.0
130.0 104.0 52.0 93.0
67.0 78.0 92.0 112.0
116.0 52.0 98.0 131.0
73.0 84.0 129.0 95.0
101.0 57.0 93.0 123.0
97.0 58.0 103.0 119.0
119.0 55.0 89.0 134.0
70.0 87.0 95.0 104.0
74.0 127.0 78.0 94.0
133.0 109.0 51.0 95.0
69.0 105.0 109.0 89.0
127.0 115.0 47.0 109.0
69.0 111.0 102.0 85.0
111.0 81.0 65.0 113.0
121.0 82.0 61.0 97.0
68.0 86.0 114.0 101.0
129.0 75.0 71.0 93.0
99.0 69.0 74.0 125.0
94.0 49.0 135.0 128.0
64.0 87.0 110.0 103.0
82.0 70.0 91.0 109.0
104.0 50.0 104.0 135.0
121.0 77.0 70.0 93.0
64.0 87.0 133.0 101.0
128.0 52.0 95.0 127.0
139.0 78.0 67.0 89.0
85.0 113.0 76.0 91.0
120.0 76.0 75.0 90.0
60.0 112.0 111.0 91.0
89.0 56.0 110.0 121.0
106.0 44.0 146.0 151.0
146.0 43.0 118.0 148.0
145.0 49.0 93.0 152.0
71.0 103.0 92.0 91.0
126.0 76.0 78.0 77.0
72.0 87.0 109.0 97.0
67.0 149.0 88.0 87.0
111.0 58.0 99.0 111.0
139.0 45.0 105.0 151.0
107.0 49.0 108.0 143.0
130.0 75.0 69.0 98.0
60.0 146.0 163.0 76.0
140.0 79.0 69.0 83.0
120.0 99.0 63.0 82.0
135.0 93.0 54.0 98.0
73.0 124.0 80.0 95.0
76.0 97.0 78.0 103.0
85.0 65.0 102.0 109.0
126.0 92.0 62.0 81.0
161.0 78.0 57.0 123.0
91.0 86.0 80.0 98.0
85.0 111.0 78.0 87.0
87.0 82.0 163.0 81.0
97.0 50.0 122.0 130.0
79.0 105.0 115.0 76.0
100.0 51.0 130.0 123.0
123.0 84.0 57.0 114.0
111.0 86.0 69.0 94.0
71.0 87.0 124.0 95.0
115.0 112.0 63.0 81.0
113.0 55.0 96.0 122.0
91.0 104.0 69.0 93.0
127.0 62.0 71.0 152.0
91.0 50.0 138.0 126.0
67.0 103.0 151.0 86.0
101.0 87.0 79.0 90.0
65.0 123.0 124.0 79.0
142.0 55.0 83.0 127.0
66.0 150.0 92.0 79.0
146.0 100.0 52.0 78.0
86.0 126.0 76.0 84.0
148.0 67.0 65.0 143.0
79.0 60.0 104.0 128.0
101.0 89.0 62.0 112.0
103.0 71.0 85.0 99.0
146.0 155.0 37.0 116.0
87.0 139.0 79.0 78.0
99.0 65.0 76.0 133.0
92.0 55.0 119.0 123.0
64.0 116.0 163.0 80.0
61.0 119.0 175.0 82.0
147.0 99.0 48.0 104.0
137.0 80.0 64.0 99.0
81.0 101.0 74.0 103.0
111.0 113.0 63.0 84.0
133.0 100.0 48.0 99.0
58.0 117.0 96.0 91.0
99.0 124.0 73.0 79.0
121.0 49.0 105.0 131.0
81.0 88.0 88.0 97.0
66.0 104.0 140.0 86.0
61.0 120.0 106.0 84.0
65.0 115.0 138.0 81.0
84.0 83.0 133.0 84.0
101.0 67.0 88.0 97.0
82.0 74.0 130.0 94.0
80.0 62.0 126.0 111.0
145.0 103.0 44.0 110.0
116.0 100.0 63.0 85.0
117.0 57.0 86.0 131.0
67.0 118.0 120.0 81.0
90.0 56.0 152.0 114.0
120.0 44.0 138.0 139.0
68.0 115.0 83.0 95.0
79.0 85.0 116.0 91.0
98.0 55.0 107.0 125.0
99.0 128.0 67.0 84.0
161.0 101.0 47.0 93.0
80.0 106.0 156.0 70.0
135.0 69.0 68.0 99.0
136.0 56.0 85.0 123.0
113.0 44.0 154.0 137.0
123.0 80.0 70.0 88.0
92.0 57.0 118.0 114.0
95.0 59.0 98.0 123.0
114.0 86.0 67.0 95.0
102.0 63.0 77.0 128.0
108.0 71.0 71.0 120.0
92.0 69.0 86.0 106.0
116.0 109.0 60.0 85.0
118.0 51.0 102.0 131.0
121.0 77.0 64.0 116.0
94.0 84.0 64.0 118.0
136.0 107.0 42.0 121.0
85.0 80.0 126.0 87.0
92.0 127.0 68.0 89.0
93.0 104.0 65.0 103.0
140.0 51.0 88.0 167.0
167.0 79.0 57.0 105.0
84.0 77.0 102.0 91.0
69.0 159.0 83.0 88.0
134.0 57.0 80.0 149.0
85.0 121.0 74.0 89.0
77.0 81.0 133.0 93.0
67.0 136.0 90.0 85.0
131.0 63.0 70.0 124.0
115.0 87.0 55.0 121.0
145.0 108.0 51.0 84.0
85.0 122.0 81.0 80.0
140.0 152.0 37.0 129.0
97.0 57.0 107.0 117.0
172.0 81.0 53.0 115.0
103.0 75.0 84.0 93.0
77.0 90.0 108.0 88.0
118.0 119.0 51.0 101.0
91.0 64.0 106.0 106.0
84.0 75.0 155.0 91.0
80.0 63.0 116.0 112.0
113.0 56.0 100.0 115.0
102.0 47.0 128.0 134.0
95.0 93.0 68.0 106.0
66.0 94.0 94.0 102.0
141.0 58.0 78.0 143.0
80.0 85.0 126.0 88.0
123.0 66.0 73.0 103.0
