98.0 93.0 72.0 131.0
134.0 120.0 47.0 179.0
95.0 68.0 114.0 102.0
94.0 104.0 68.0 137.0
144.0 144.0 42.0 193.0
137.0 172.0 40.0 213.0
129.0 109.0 51.0 167.0
109.0 116.0 59.0 139.0
94.0 92.0 77.0 123.0
95.0 103.0 82.0 104.0
135.0 102.0 51.0 168.0
140.0 156.0 41.0 205.0
95.0 112.0 62.0 148.0
83.0 88.0 91.0 114.0
86.0 86.0 92.0 107.0
91.0 73.0 120.0 94.0
125.0 102.0 52.0 165.0
82.0 71.0 119.0 107.0
103.0 100.0 64.0 144.0
134.0 144.0 43.0 190.0
89.0 74.0 108.0 105.0
112.0 122.0 50.0 176.0
98.0 110.0 63.0 141.0
90.0 96.0 77.0 123.0
93.0 69.0 102.0 113.0
93.0 101.0 74.0 122.0
94.0 70.0 129.0 90.0
88.0 94.0 90.0 107.0
92.0 71.0 117.0 101.0
90.0 113.0 61.0 156.0
94.0 114.0 56.0 164.0
90.0 115.0 64.0 142.0
128.0 127.0 47.0 178.0
88.0 85.0 104.0 96.0
93.0 113.0 65.0 135.0
93.0 95.0 84.0 104.0
84.0 70.0 131.0 96.0
97.0 102.0 69.0 130.0
97.0 96.0 79.0 112.0
135.0 141.0 44.0 182.0
94.0 107.0 66.0 138.0
109.0 113.0 55.0 153.0
87.0 69.0 141.0 91.0
95.0 111.0 72.0 116.0
124.0 120.0 48.0 176.0
109.0 91.0 76.0 112.0
90.0 97.0 83.0 111.0
94.0 110.0 71.0 119.0
84.0 84.0 101.0 110.0
129.0 132.0 46.0 180.0
125.0 141.0 45.0 179.0
94.0 97.0 72.0 131.0
105.0 106.0 57.0 159.0
94.0 117.0 60.0 150.0
108.0 131.0 49.0 175.0
109.0 113.0 53.0 164.0
