96.0 94.0 95.0 83.0
90.0 118.0 83.0 95.0
49.0 141.0 139.0 145.0
74.0 108.0 122.0 83.0
102.0 98.0 77.0 101.0
63.0 99.0 133.0 109.0
56.0 165.0 119.0 110.0
107.0 96.0 71.0 106.0
91.0 85.0 154.0 73.0
100.0 76.0 102.0 92.0
83.0 111.0 105.0 85.0
112.0 87.0 95.0 73.0
57.0 103.0 150.0 111.0
44.0 160.0 154.0 147.0
103.0 97.0 87.0 72.0
98.0 129.0 68.0 101.0
64.0 135.0 109.0 114.0
97.0 116.0 72.0 103.0
65.0 151.0 99.0 127.0
138.0 133.0 44.0 130.0
78.0 89.0 113.0 107.0
62.0 124.0 134.0 92.0
75.0 169.0 80.0 135.0
57.0 157.0 111.0 127.0
62.0 108.0 142.0 98.0
61.0 156.0 105.0 121.0
99.0 114.0 75.0 96.0
60.0 117.0 162.0 88.0
66.0 143.0 99.0 134.0
76.0 151.0 83.0 116.0
46.0 183.0 142.0 161.0
119.0 90.0 75.0 84.0
86.0 89.0 149.0 72.0
110.0 90.0 73.0 102.0
80.0 94.0 131.0 84.0
129.0 98.0 55.0 113.0
114.0 84.0 72.0 97.0
101.0 126.0 60.0 124.0
64.0 156.0 103.0 110.0
55.0 134.0 135.0 111.0
84.0 125.0 83.0 106.0
136.0 125.0 48.0 113.0
69.0 103.0 138.0 88.0
70.0 136.0 105.0 95.0
67.0 165.0 91.0 145.0
80.0 130.0 92.0 93.0
117.0 70.0 143.0 73.0
62.0 115.0 130.0 105.0
103.0 118.0 68.0 99.0
151.0 143.0 41.0 132.0
60.0 155.0 115.0 107.0
72.0 143.0 90.0 113.0
60.0 166.0 107.0 113.0
102.0 101.0 81.0 90.0
79.0 147.0 79.0 117.0
128.0 116.0 50.0 116.0
98.0 100.0 86.0 89.0
124.0 92.0 73.0 85.0
72.0 90.0 123.0 108.0
70.0 133.0 97.0 119.0
109.0 96.0 67.0 112.0
171.0 115.0 44.0 121.0
162.0 132.0 42.0 116.0
47.0 162.0 134.0 162.0
109.0 92.0 75.0 100.0
81.0 84.0 130.0 93.0
68.0 144.0 99.0 115.0
55.0 110.0 146.0 121.0
109.0 77.0 89.0 89.0
48.0 150.0 137.0 156.0
114.0 109.0 60.0 117.0
101.0 95.0 93.0 77.0
76.0 134.0 93.0 100.0
95.0 151.0 62.0 152.0
111.0 84.0 80.0 87.0
139.0 132.0 45.0 125.0
60.0 143.0 117.0 117.0
102.0 101.0 76.0 103.0
60.0 148.0 106.0 144.0
93.0 95.0 93.0 93.0
67.0 128.0 104.0 121.0
65.0 149.0 100.0 107.0
138.0 104.0 49.0 122.0
87.0 111.0 96.0 88.0
105.0 101.0 73.0 103.0
50.0 158.0 126.0 147.0
42.0 151.0 165.0 142.0
80.0 93.0 111.0 99.0
133.0 121.0 47.0 132.0
88.0 123.0 77.0 112.0
71.0 139.0 97.0 109.0
74.0 91.0 152.0 89.0
103.0 101.0 76.0 94.0
88.0 143.0 71.0 121.0
88.0 149.0 70.0 123.0
126.0 116.0 50.0 136.0
148.0 76.0 57.0 117.0
83.0 123.0 90.0 97.0
84.0 134.0 76.0 125.0
85.0 110.0 93.0 100.0
88.0 155.0 68.0 134.0
79.0 113.0 108.0 87.0
117.0 70.0 127.0 79.0
128.0 99.0 56.0 114.0
70.0 152.0 88.0 136.0
113.0 75.0 148.0 69.0
78.0 167.0 78.0 123.0
58.0 140.0 120.0 114.0
118.0 71.0 153.0 70.0
73.0 115.0 121.0 88.0
99.0 122.0 64.0 121.0
111.0 125.0 56.0 124.0
80.0 141.0 90.0 93.0
99.0 83.0 100.0 88.0
125.0 82.0 65.0 107.0
81.0 121.0 98.0 88.0
91.0 140.0 69.0 118.0
154.0 137.0 40.0 129.0
126.0 95.0 61.0 100.0
55.0 137.0 132.0 110.0
63.0 122.0 130.0 97.0
77.0 130.0 93.0 102.0
95.0 97.0 91.0 89.0
112.0 80.0 107.0 78.0
64.0 151.0 99.0 134.0
43.0 166.0 158.0 161.0
66.0 164.0 96.0 117.0
84.0 158.0 75.0 112.0
47.0 139.0 149.0 142.0
87.0 103.0 88.0 111.0
116.0 93.0 65.0 108.0
46.0 123.0 157.0 146.0
74.0 85.0 142.0 96.0
76.0 110.0 102.0 111.0
82.0 94.0 116.0 95.0
78.0 105.0 121.0 86.0
81.0 172.0 75.0 116.0
113.0 71.0 147.0 74.0
112.0 128.0 54.0 140.0
89.0 88.0 140.0 73.0
111.0 79.0 75.0 107.0
58.0 123.0 159.0 85.0
115.0 135.0 49.0 141.0
87.0 91.0 112.0 84.0
121.0 76.0 94.0 84.0
65.0 106.0 131.0 105.0
136.0 100.0 54.0 99.0
80.0 86.0 146.0 85.0
49.0 139.0 153.0 111.0
56.0 138.0 125.0 113.0
103.0 80.0 118.0 73.0
69.0 144.0 105.0 98.0
109.0 145.0 51.0 141.0
124.0 71.0 118.0 78.0
101.0 84.0 97.0 83.0
93.0 125.0 70.0 113.0
53.0 136.0 146.0 107.0
65.0 96.0 136.0 105.0
53.0 156.0 121.0 135.0
131.0 79.0 72.0 93.0
76.0 105.0 134.0 80.0
51.0 124.0 147.0 138.0
83.0 102.0 97.0 107.0
137.0 89.0 61.0 97.0
69.0 152.0 89.0 126.0
103.0 139.0 57.0 139.0
57.0 122.0 125.0 126.0
117.0 115.0 54.0 124.0
91.0 82.0 135.0 81.0
62.0 123.0 115.0 118.0
130.0 76.0 79.0 89.0
49.0 125.0 154.0 117.0
61.0 148.0 112.0 104.0
67.0 170.0 90.0 155.0
98.0 92.0 81.0 106.0
152.0 80.0 80.0 84.0
98.0 73.0 119.0 88.0
91.0 118.0 75.0 110.0
52.0 138.0 143.0 115.0
122.0 101.0 64.0 93.0
127.0 138.0 45.0 143.0
124.0 90.0 63.0 106.0
127.0 79.0 83.0 86.0
59.0 109.0 136.0 120.0
108.0 103.0 67.0 107.0
68.0 150.0 93.0 128.0
64.0 139.0 102.0 133.0
157.0 141.0 39.0 126.0
76.0 143.0 86.0 102.0
79.0 108.0 110.0 90.0
45.0 147.0 157.0 127.0
70.0 122.0 116.0 96.0
136.0 135.0 44.0 129.0
69.0 134.0 98.0 122.0
67.0 160.0 95.0 120.0
102.0 88.0 82.0 100.0
122.0 118.0 52.0 122.0
86.0 120.0 84.0 105.0
100.0 132.0 61.0 128.0
62.0 154.0 106.0 115.0
53.0 140.0 136.0 127.0
111.0 108.0 62.0 108.0
91.0 81.0 118.0 88.0
92.0 105.0 99.0 81.0
78.0 105.0 111.0 96.0
113.0 95.0 76.0 85.0
53.0 146.0 136.0 121.0
87.0 120.0 89.0 90.0
100.0 79.0 158.0 73.0
66.0 105.0 125.0 112.0
52.0 148.0 139.0 115.0
83.0 104.0 96.0 106.0
65.0 140.0 108.0 109.0
55.0 128.0 147.0 99.0
94.0 123.0 68.0 125.0
144.0 102.0 49.0 117.0
137.0 94.0 62.0 91.0
112.0 143.0 52.0 134.0
92.0 96.0 89.0 94.0
110.0 137.0 57.0 120.0
107.0 158.0 53.0 160.0
56.0 116.0 147.0 104.0
77.0 86.0 136.0 89.0
105.0 130.0 58.0 130.0
97.0 111.0 73.0 107.0
90.0 75.0 157.0 85.0
118.0 93.0 66.0 98.0
73.0 158.0 84.0 124.0
60.0 131.0 118.0 124.0
71.0 115.0 118.0 92.0
105.0 153.0 54.0 146.0
68.0 159.0 96.0 113.0
59.0 115.0 129.0 116.0
147.0 109.0 49.0 108.0
67.0 130.0 111.0 106.0
50.0 132.0 147.0 134.0
85.0 136.0 74.0 123.0
120.0 116.0 52.0 129.0
98.0 117.0 75.0 97.0
119.0 79.0 78.0 90.0
75.0 109.0 108.0 103.0
108.0 100.0 71.0 99.0
51.0 163.0 123.0 169.0
125.0 72.0 85.0 91.0
121.0 144.0 48.0 146.0
55.0 144.0 128.0 118.0
73.0 131.0 102.0 101.0
115.0 134.0 51.0 138.0
71.0 132.0 95.0 119.0
106.0 97.0 74.0 102.0
105.0 93.0 74.0 109.0
82.0 118.0 100.0 89.0
63.0 139.0 105.0 132.0
107.0 96.0 64.0 116.0
131.0 127.0 49.0 119.0
113.0 75.0 106.0 80.0
124.0 118.0 50.0 135.0
65.0 136.0 118.0 93.0
95.0 88.0 104.0 86.0
53.0 150.0 127.0 131.0
56.0 131.0 130.0 116.0
60.0 107.0 140.0 104.0
102.0 75.0 99.0 90.0
84.0 130.0 94.0 85.0
76.0 121.0 104.0 98.0
150.0 73.0 61.0 101.0
123.0 76.0 98.0 81.0
90.0 133.0 71.0 120.0
143.0 109.0 46.0 138.0
136.0 72.0 71.0 101.0
90.0 94.0 91.0 97.0
48.0 141.0 149.0 134.0
82.0 85.0 121.0 96.0
129.0 77.0 74.0 96.0
87.0 159.0 70.0 117.0
110.0 83.0 78.0 99.0
123.0 74.0 129.0 71.0
99.0 99.0 82.0 94.0
72.0 134.0 98.0 107.0
54.0 139.0 138.0 107.0
71.0 109.0 114.0 108.0
74.0 135.0 96.0 101.0
75.0 163.0 82.0 128.0
142.0 75.0 71.0 92.0
65.0 111.0 127.0 105.0
130.0 103.0 54.0 112.0
100.0 105.0 77.0 98.0
107.0 141.0 55.0 138.0
76.0 92.0 138.0 87.0
85.0 167.0 73.0 105.0
47.0 138.0 161.0 121.0
81.0 144.0 80.0 100.0
66.0 95.0 165.0 94.0
65.0 99.0 132.0 110.0
58.0 157.0 113.0 116.0
73.0 97.0 165.0 83.0
110.0 79.0 100.0 81.0
72.0 150.0 86.0 128.0
70.0 124.0 115.0 95.0
68.0 109.0 132.0 87.0
81.0 166.0 77.0 112.0
51.0 178.0 122.0 159.0
72.0 121.0 107.0 105.0
86.0 128.0 82.0 101.0
47.0 126.0 167.0 111.0
81.0 115.0 95.0 102.0
90.0 109.0 82.0 107.0
68.0 148.0 95.0 126.0
51.0 148.0 137.0 126.0
101.0 100.0 79.0 93.0
151.0 132.0 45.0 108.0
72.0 93.0 129.0 102.0
81.0 96.0 113.0 95.0
64.0 116.0 143.0 82.0
111.0 95.0 77.0 81.0
113.0 73.0 93.0 88.0
136.0 85.0 87.0 75.0
88.0 190.0 67.0 139.0
92.0 112.0 96.0 75.0
76.0 108.0 113.0 96.0
57.0 143.0 122.0 117.0
48.0 145.0 156.0 125.0
117.0 77.0 87.0 88.0
79.0 119.0 112.0 76.0
52.0 143.0 150.0 107.0
90.0 103.0 87.0 102.0
49.0 152.0 148.0 114.0
103.0 110.0 72.0 99.0
73.0 125.0 96.0 119.0
89.0 85.0 129.0 81.0
86.0 86.0 115.0 87.0
62.0 138.0 110.0 122.0
82.0 98.0 109.0 99.0
114.0 72.0 157.0 71.0
110.0 107.0 63.0 110.0
74.0 109.0 109.0 106.0
67.0 152.0 93.0 141.0
47.0 155.0 142.0 140.0
134.0 80.0 82.0 83.0
56.0 118.0 135.0 124.0
155.0 87.0 55.0 104.0
46.0 148.0 151.0 127.0
122.0 130.0 50.0 133.0
153.0 123.0 41.0 135.0
106.0 81.0 98.0 83.0
55.0 124.0 137.0 118.0
67.0 106.0 114.0 119.0
124.0 81.0 67.0 101.0
68.0 110.0 123.0 101.0
88.0 91.0 98.0 100.0
84.0 127.0 78.0 118.0
85.0 88.0 118.0 93.0
85.0 103.0 100.0 94.0
104.0 140.0 55.0 153.0
85.0 131.0 79.0 110.0
59.0 113.0 149.0 97.0
164.0 77.0 68.0 92.0
124.0 85.0 77.0 84.0
131.0 71.0 117.0 76.0
107.0 86.0 152.0 61.0
75.0 93.0 125.0 96.0
108.0 92.0 75.0 101.0
113.0 87.0 67.0 104.0
63.0 112.0 125.0 108.0
50.0 144.0 135.0 135.0
89.0 113.0 93.0 85.0
73.0 90.0 133.0 97.0
127.0 86.0 57.0 110.0
61.0 106.0 129.0 119.0
131.0 102.0 56.0 100.0
105.0 96.0 69.0 113.0
121.0 87.0 68.0 94.0
50.0 133.0 149.0 123.0
106.0 112.0 67.0 104.0
135.0 75.0 92.0 81.0
103.0 87.0 79.0 98.0
117.0 78.0 129.0 69.0
57.0 149.0 116.0 121.0
58.0 165.0 106.0 133.0
121.0 90.0 64.0 108.0
61.0 118.0 126.0 110.0
88.0 117.0 87.0 92.0
100.0 87.0 97.0 87.0
93.0 108.0 83.0 95.0
96.0 168.0 61.0 140.0
130.0 100.0 73.0 74.0
53.0 161.0 125.0 129.0
84.0 93.0 104.0 94.0
79.0 123.0 93.0 102.0
100.0 120.0 69.0 107.0
60.0 148.0 110.0 115.0
94.0 123.0 67.0 130.0
69.0 127.0 101.0 117.0
60.0 145.0 126.0 94.0
44.0 146.0 163.0 136.0
52.0 138.0 141.0 122.0
78.0 169.0 79.0 117.0
106.0 104.0 74.0 95.0
76.0 140.0 97.0 89.0
115.0 86.0 109.0 67.0
115.0 89.0 70.0 100.0
63.0 106.0 131.0 111.0
78.0 118.0 97.0 105.0
147.0 77.0 60.0 103.0
62.0 140.0 109.0 128.0
70.0 124.0 112.0 97.0
58.0 116.0 134.0 119.0
121.0 87.0 65.0 105.0
78.0 134.0 82.0 127.0
144.0 83.0 58.0 107.0
113.0 131.0 53.0 138.0
64.0 132.0 114.0 108.0
115.0 78.0 76.0 96.0
58.0 117.0 137.0 109.0
59.0 150.0 108.0 132.0
105.0 138.0 57.0 134.0
124.0 75.0 139.0 68.0
64.0 116.0 119.0 108.0
52.0 138.0 135.0 130.0
88.0 77.0 142.0 87.0
112.0 92.0 71.0 98.0
79.0 99.0 124.0 85.0
83.0 80.0 110.0 111.0
88.0 127.0 73.0 111.0
65.0 137.0 110.0 107.0
78.0 100.0 124.0 88.0
111.0 115.0 61.0 112.0
126.0 65.0 128.0 82.0
60.0 136.0 117.0 124.0
67.0 90.0 141.0 103.0
148.0 78.0 58.0 109.0
77.0 101.0 108.0 104.0
84.0 92.0 150.0 76.0
100.0 108.0 86.0 78.0
45.0 150.0 152.0 144.0
70.0 165.0 86.0 155.0
121.0 68.0 112.0 83.0
78.0 98.0 108.0 104.0
72.0 134.0 95.0 112.0
148.0 101.0 46.0 126.0
61.0 139.0 115.0 105.0
113.0 94.0 64.0 111.0
55.0 184.0 111.0 156.0
71.0 150.0 89.0 117.0
74.0 109.0 110.0 102.0
91.0 110.0 101.0 73.0
68.0 113.0 120.0 99.0
109.0 115.0 61.0 117.0
101.0 105.0 69.0 113.0
80.0 135.0 87.0 104.0
68.0 142.0 100.0 111.0
75.0 90.0 156.0 88.0
77.0 121.0 102.0 99.0
66.0 121.0 116.0 108.0
113.0 85.0 75.0 100.0
104.0 81.0 128.0 70.0
66.0 104.0 147.0 87.0
163.0 82.0 53.0 107.0
52.0 160.0 120.0 159.0
83.0 87.0 121.0 92.0
173.0 121.0 41.0 135.0
51.0 162.0 125.0 163.0
72.0 114.0 109.0 103.0
97.0 79.0 136.0 75.0
52.0 123.0 152.0 118.0
129.0 75.0 103.0 76.0
65.0 101.0 159.0 93.0
83.0 100.0 110.0 91.0
106.0 86.0 82.0 88.0
66.0 144.0 97.0 135.0
67.0 156.0 92.0 139.0
76.0 97.0 121.0 95.0
49.0 161.0 135.0 137.0
113.0 81.0 83.0 89.0
117.0 97.0 66.0 98.0
62.0 178.0 99.0 163.0
53.0 135.0 138.0 120.0
84.0 176.0 70.0 125.0
60.0 171.0 103.0 138.0
148.0 144.0 40.0 140.0
87.0 119.0 85.0 102.0
85.0 125.0 80.0 110.0
64.0 123.0 117.0 110.0
48.0 143.0 149.0 132.0
47.0 166.0 137.0 143.0
67.0 110.0 124.0 100.0
106.0 120.0 61.0 122.0
54.0 147.0 125.0 128.0
124.0 93.0 63.0 103.0
73.0 134.0 96.0 110.0
58.0 113.0 139.0 112.0
124.0 92.0 57.0 120.0
67.0 129.0 106.0 113.0
83.0 96.0 114.0 91.0
96.0 107.0 86.0 85.0
80.0 126.0 98.0 89.0
169.0 91.0 47.0 125.0
51.0 131.0 142.0 132.0
90.0 89.0 111.0 88.0
60.0 162.0 104.0 132.0
69.0 103.0 124.0 96.0
57.0 138.0 127.0 102.0
134.0 96.0 53.0 112.0
79.0 122.0 92.0 110.0
52.0 150.0 126.0 148.0
157.0 98.0 44.0 142.0
112.0 114.0 56.0 130.0
100.0 94.0 79.0 103.0
94.0 117.0 71.0 111.0
108.0 75.0 142.0 73.0
71.0 97.0 161.0 86.0
135.0 70.0 113.0 75.0
86.0 110.0 87.0 113.0
118.0 134.0 50.0 133.0
82.0 96.0 101.0 102.0
47.0 129.0 164.0 121.0
156.0 85.0 76.0 81.0
56.0 124.0 139.0 107.0
119.0 119.0 51.0 130.0
97.0 134.0 63.0 129.0
93.0 88.0 117.0 80.0
125.0 108.0 54.0 119.0
92.0 115.0 78.0 95.0
83.0 160.0 74.0 118.0
66.0 137.0 106.0 106.0
46.0 155.0 150.0 147.0
100.0 114.0 70.0 100.0
90.0 109.0 99.0 79.0
66.0 117.0 126.0 99.0
67.0 149.0 96.0 129.0
72.0 104.0 140.0 80.0
132.0 115.0 49.0 126.0
75.0 109.0 109.0 99.0
84.0 151.0 73.0 131.0
100.0 81.0 104.0 79.0
78.0 153.0 81.0 112.0
92.0 106.0 85.0 93.0
114.0 127.0 57.0 116.0
52.0 141.0 127.0 146.0
102.0 106.0 73.0 99.0
166.0 112.0 43.0 131.0
76.0 103.0 129.0 83.0
48.0 134.0 160.0 118.0
55.0 142.0 127.0 125.0
88.0 106.0 89.0 99.0
113.0 98.0 74.0 89.0
126.0 99.0 54.0 121.0
159.0 81.0 81.0 82.0
138.0 116.0 48.0 115.0
51.0 146.0 129.0 141.0
86.0 83.0 112.0 99.0
98.0 87.0 101.0 83.0
119.0 79.0 134.0 67.0
62.0 114.0 137.0 98.0
104.0 94.0 81.0 89.0
99.0 73.0 109.0 88.0
92.0 93.0 100.0 91.0
64.0 107.0 138.0 100.0
106.0 138.0 56.0 140.0
76.0 164.0 81.0 125.0
54.0 111.0 157.0 106.0
92.0 154.0 64.0 126.0
121.0 76.0 81.0 92.0
81.0 130.0 91.0 90.0
92.0 131.0 72.0 100.0
128.0 73.0 138.0 71.0
147.0 110.0 45.0 136.0
80.0 88.0 130.0 91.0
105.0 120.0 61.0 125.0
141.0 117.0 46.0 132.0
111.0 119.0 58.0 118.0
50.0 120.0 164.0 106.0
150.0 82.0 50.0 112.0
69.0 143.0 95.0 122.0
102.0 92.0 83.0 93.0
130.0 120.0 53.0 104.0
108.0 81.0 147.0 66.0
66.0 153.0 99.0 124.0
73.0 98.0 130.0 94.0
69.0 119.0 113.0 109.0
69.0 152.0 92.0 121.0
70.0 144.0 94.0 120.0
82.0 139.0 78.0 121.0
60.0 113.0 169.0 89.0
46.0 168.0 144.0 156.0
71.0 110.0 115.0 103.0
116.0 113.0 57.0 110.0
143.0 135.0 42.0 129.0
51.0 152.0 133.0 124.0
103.0 142.0 59.0 128.0
140.0 111.0 47.0 121.0
54.0 125.0 142.0 120.0
55.0 161.0 114.0 140.0
69.0 165.0 88.0 140.0
65.0 125.0 116.0 110.0
73.0 112.0 103.0 112.0
70.0 96.0 136.0 92.0
114.0 122.0 55.0 124.0
92.0 93.0 108.0 76.0
112.0 108.0 60.0 122.0
105.0 101.0 68.0 109.0
109.0 83.0 110.0 74.0
108.0 116.0 60.0 120.0
121.0 84.0 100.0 73.0
108.0 95.0 70.0 105.0
95.0 114.0 81.0 85.0
90.0 151.0 67.0 129.0
74.0 105.0 119.0 95.0
99.0 86.0 89.0 91.0
50.0 135.0 141.0 138.0
122.0 113.0 53.0 126.0
77.0 143.0 83.0 114.0
94.0 82.0 143.0 75.0
61.0 122.0 150.0 86.0
129.0 119.0 49.0 129.0
119.0 96.0 67.0 92.0
118.0 85.0 86.0 79.0
79.0 122.0 101.0 89.0
127.0 103.0 55.0 113.0
79.0 109.0 104.0 92.0
64.0 102.0 128.0 115.0
58.0 102.0 148.0 112.0
105.0 89.0 77.0 95.0
67.0 129.0 108.0 112.0
133.0 94.0 53.0 118.0
79.0 93.0 148.0 81.0
59.0 148.0 115.0 120.0
107.0 130.0 56.0 142.0
94.0 117.0 76.0 92.0
79.0 98.0 117.0 93.0
152.0 138.0 41.0 129.0
88.0 124.0 79.0 106.0
81.0 92.0 135.0 78.0
57.0 113.0 143.0 109.0
59.0 127.0 140.0 89.0
105.0 78.0 88.0 90.0
127.0 87.0 65.0 99.0
109.0 140.0 55.0 128.0
146.0 123.0 43.0 135.0
95.0 90.0 97.0 89.0
48.0 157.0 139.0 132.0
113.0 89.0 75.0 96.0
59.0 131.0 118.0 129.0
77.0 158.0 80.0 122.0
71.0 139.0 94.0 114.0
75.0 124.0 97.0 108.0
48.0 139.0 158.0 122.0
128.0 96.0 55.0 119.0
138.0 76.0 77.0 90.0
75.0 139.0 92.0 102.0
129.0 74.0 148.0 68.0
66.0 123.0 127.0 92.0
117.0 95.0 60.0 116.0
119.0 75.0 113.0 77.0
96.0 156.0 62.0 137.0
147.0 82.0 61.0 97.0
53.0 145.0 137.0 112.0
113.0 105.0 60.0 124.0
93.0 157.0 62.0 165.0
128.0 80.0 93.0 78.0
68.0 89.0 159.0 98.0
53.0 129.0 130.0 140.0
53.0 116.0 147.0 117.0
109.0 129.0 55.0 139.0
56.0 168.0 110.0 151.0
122.0 66.0 132.0 80.0
107.0 80.0 137.0 69.0
68.0 99.0 130.0 102.0
96.0 70.0 120.0 88.0
131.0 114.0 48.0 135.0
59.0 159.0 111.0 117.0
69.0 111.0 108.0 121.0
44.0 143.0 157.0 157.0
100.0 84.0 100.0 85.0
72.0 167.0 85.0 137.0
71.0 125.0 108.0 98.0
48.0 155.0 154.0 116.0
125.0 105.0 53.0 124.0
71.0 131.0 100.0 114.0
88.0 91.0 101.0 94.0
57.0 146.0 120.0 119.0
106.0 96.0 69.0 112.0
110.0 101.0 74.0 89.0
99.0 91.0 133.0 66.0
76.0 169.0 79.0 145.0
62.0 113.0 147.0 90.0
108.0 116.0 61.0 117.0
136.0 83.0 60.0 106.0
56.0 128.0 149.0 88.0
114.0 144.0 50.0 167.0
92.0 82.0 122.0 81.0
77.0 108.0 112.0 93.0
87.0 141.0 74.0 108.0
144.0 82.0 69.0 87.0
110.0 145.0 53.0 137.0
50.0 116.0 152.0 132.0
136.0 95.0 51.0 123.0
74.0 143.0 86.0 128.0
89.0 110.0 96.0 79.0
84.0 107.0 113.0 76.0
62.0 127.0 125.0 101.0
102.0 98.0 78.0 95.0
126.0 92.0 75.0 79.0
77.0 110.0 98.0 114.0
75.0 104.0 105.0 112.0
49.0 144.0 143.0 123.0
97.0 80.0 98.0 95.0
105.0 75.0 111.0 84.0
129.0 84.0 66.0 94.0
72.0 107.0 126.0 89.0
66.0 126.0 120.0 93.0
99.0 98.0 81.0 97.0
125.0 104.0 58.0 106.0
71.0 104.0 129.0 92.0
127.0 90.0 73.0 85.0
49.0 123.0 152.0 131.0
70.0 111.0 129.0 87.0
94.0 81.0 102.0 94.0
115.0 108.0 56.0 120.0
85.0 80.0 133.0 85.0
110.0 95.0 76.0 89.0
132.0 96.0 61.0 97.0
73.0 152.0 87.0 114.0
73.0 108.0 123.0 86.0
76.0 101.0 115.0 94.0
80.0 127.0 103.0 80.0
86.0 105.0 98.0 90.0
60.0 115.0 131.0 105.0
79.0 89.0 135.0 89.0
142.0 92.0 60.0 90.0
82.0 81.0 115.0 109.0
74.0 122.0 99.0 104.0
83.0 163.0 77.0 102.0
102.0 118.0 66.0 103.0
73.0 105.0 113.0 105.0
90.0 156.0 66.0 134.0
101.0 82.0 114.0 76.0
66.0 125.0 112.0 113.0
111.0 94.0 65.0 112.0
128.0 74.0 81.0 92.0
99.0 124.0 66.0 113.0
62.0 97.0 157.0 102.0
79.0 106.0 99.0 106.0
95.0 111.0 92.0 72.0
48.0 140.0 157.0 128.0
64.0 98.0 166.0 98.0
108.0 76.0 123.0 74.0
61.0 112.0 134.0 106.0
71.0 86.0 132.0 108.0
62.0 136.0 118.0 103.0
87.0 101.0 99.0 89.0
70.0 89.0 163.0 95.0
56.0 116.0 158.0 99.0
48.0 166.0 145.0 119.0
93.0 123.0 69.0 126.0
129.0 104.0 53.0 124.0
82.0 86.0 122.0 92.0
80.0 92.0 117.0 97.0
137.0 75.0 64.0 105.0
81.0 142.0 79.0 113.0
98.0 92.0 90.0 93.0
54.0 142.0 137.0 113.0
79.0 131.0 85.0 112.0
87.0 143.0 72.0 115.0
90.0 71.0 136.0 91.0
97.0 84.0 91.0 94.0
115.0 91.0 62.0 118.0
109.0 90.0 71.0 108.0
65.0 110.0 141.0 86.0
74.0 167.0 83.0 121.0
54.0 126.0 144.0 109.0
66.0 170.0 91.0 145.0
61.0 98.0 138.0 119.0
66.0 105.0 130.0 98.0
68.0 132.0 107.0 109.0
69.0 122.0 114.0 102.0
145.0 122.0 47.0 99.0
110.0 145.0 54.0 134.0
58.0 122.0 127.0 115.0
102.0 90.0 147.0 60.0
63.0 141.0 110.0 106.0
126.0 94.0 58.0 110.0
55.0 122.0 143.0 112.0
79.0 113.0 97.0 106.0
82.0 143.0 77.0 124.0
80.0 98.0 123.0 83.0
81.0 127.0 102.0 77.0
95.0 83.0 153.0 72.0
91.0 121.0 75.0 107.0
113.0 99.0 63.0 112.0
93.0 93.0 94.0 87.0
157.0 132.0 43.0 121.0
55.0 138.0 123.0 143.0
125.0 95.0 66.0 89.0
77.0 121.0 103.0 95.0
155.0 82.0 91.0 76.0
91.0 88.0 110.0 86.0
80.0 171.0 76.0 122.0
111.0 132.0 54.0 139.0
158.0 75.0 83.0 87.0
111.0 76.0 114.0 78.0
115.0 80.0 84.0 88.0
134.0 80.0 73.0 89.0
92.0 87.0 107.0 83.0
72.0 121.0 114.0 91.0
147.0 70.0 122.0 74.0
128.0 107.0 54.0 111.0
48.0 152.0 146.0 125.0
62.0 108.0 146.0 96.0
141.0 110.0 48.0 116.0
120.0 82.0 114.0 68.0
109.0 83.0 138.0 64.0
115.0 128.0 53.0 130.0
100.0 94.0 87.0 90.0
102.0 72.0 122.0 84.0
43.0 152.0 159.0 142.0
79.0 88.0 128.0 94.0
70.0 122.0 104.0 111.0
47.0 149.0 141.0 158.0
126.0 105.0 52.0 132.0
110.0 90.0 66.0 112.0
69.0 97.0 131.0 100.0
141.0 69.0 133.0 75.0
68.0 95.0 169.0 91.0
89.0 155.0 69.0 124.0
51.0 127.0 155.0 109.0
164.0 116.0 43.0 130.0
48.0 136.0 148.0 140.0
78.0 167.0 77.0 173.0
66.0 164.0 94.0 127.0
99.0 108.0 79.0 97.0
64.0 168.0 97.0 140.0
134.0 78.0 91.0 83.0
105.0 78.0 113.0 80.0
141.0 76.0 84.0 85.0
53.0 129.0 160.0 93.0
75.0 105.0 116.0 96.0
61.0 160.0 103.0 128.0
59.0 138.0 120.0 113.0
74.0 98.0 113.0 109.0
105.0 112.0 62.0 121.0
118.0 93.0 62.0 111.0
107.0 93.0 75.0 103.0
66.0 95.0 128.0 113.0
85.0 164.0 70.0 121.0
45.0 161.0 147.0 147.0
164.0 125.0 39.0 135.0
99.0 115.0 68.0 113.0
70.0 135.0 98.0 113.0
51.0 117.0 160.0 111.0
120.0 114.0 55.0 116.0
130.0 102.0 56.0 105.0
75.0 93.0 118.0 103.0
123.0 127.0 50.0 133.0
68.0 93.0 140.0 100.0
81.0 127.0 86.0 104.0
63.0 102.0 130.0 117.0
58.0 117.0 153.0 96.0
119.0 92.0 83.0 76.0
77.0 115.0 103.0 101.0
145.0 140.0 41.0 143.0
123.0 139.0 49.0 131.0
95.0 86.0 130.0 75.0
108.0 91.0 76.0 101.0
68.0 130.0 98.0 132.0
124.0 132.0 48.0 127.0
134.0 90.0 65.0 88.0
68.0 88.0 139.0 106.0
125.0 138.0 47.0 130.0
97.0 94.0 116.0 69.0
80.0 106.0 122.0 77.0
124.0 133.0 50.0 120.0
100.0 97.0 83.0 92.0
96.0 116.0 74.0 104.0
76.0 141.0 85.0 115.0
75.0 98.0 113.0 108.0
105.0 105.0 65.0 118.0
82.0 158.0 76.0 119.0
85.0 139.0 76.0 112.0
56.0 120.0 135.0 122.0
89.0 122.0 86.0 87.0
138.0 74.0 69.0 98.0
116.0 82.0 92.0 82.0
91.0 131.0 83.0 77.0
100.0 110.0 74.0 99.0
82.0 86.0 116.0 103.0
65.0 116.0 142.0 79.0
76.0 93.0 149.0 83.0
124.0 100.0 55.0 127.0
80.0 147.0 78.0 123.0
52.0 172.0 122.0 140.0
132.0 92.0 56.0 104.0
91.0 120.0 81.0 97.0
117.0 134.0 52.0 134.0
68.0 159.0 90.0 129.0
105.0 95.0 83.0 86.0
70.0 122.0 103.0 115.0
69.0 117.0 118.0 97.0
79.0 105.0 120.0 83.0
64.0 99.0 168.0 95.0
84.0 118.0 86.0 109.0
95.0 76.0 119.0 91.0
61.0 119.0 121.0 118.0
123.0 95.0 57.0 118.0
110.0 80.0 82.0 93.0
90.0 128.0 78.0 90.0
94.0 93.0 92.0 96.0
87.0 183.0 68.0 160.0
72.0 110.0 123.0 88.0
102.0 80.0 144.0 72.0
85.0 115.0 98.0 86.0
83.0 106.0 99.0 102.0
88.0 98.0 109.0 83.0
109.0 98.0 69.0 102.0
91.0 122.0 90.0 75.0
99.0 92.0 87.0 94.0
61.0 157.0 102.0 164.0
48.0 142.0 159.0 114.0
151.0 98.0 47.0 122.0
54.0 126.0 146.0 108.0
89.0 145.0 70.0 111.0
70.0 123.0 123.0 81.0
62.0 158.0 101.0 119.0
108.0 111.0 63.0 113.0
81.0 133.0 83.0 109.0
118.0 98.0 63.0 105.0
52.0 145.0 135.0 123.0
125.0 73.0 96.0 83.0
92.0 137.0 67.0 123.0
86.0 83.0 126.0 89.0
107.0 101.0 70.0 106.0
100.0 103.0 72.0 109.0
70.0 145.0 91.0 126.0
67.0 116.0 116.0 104.0
116.0 72.0 121.0 80.0
69.0 141.0 100.0 109.0
55.0 141.0 124.0 136.0
84.0 136.0 77.0 112.0
76.0 114.0 114.0 89.0
52.0 164.0 123.0 140.0
106.0 81.0 115.0 76.0
109.0 138.0 55.0 130.0
110.0 76.0 115.0 79.0
131.0 89.0 62.0 104.0
95.0 84.0 120.0 80.0
126.0 93.0 64.0 99.0
98.0 95.0 85.0 95.0
69.0 124.0 114.0 100.0
87.0 138.0 73.0 118.0
69.0 110.0 122.0 98.0
81.0 125.0 85.0 116.0
145.0 68.0 129.0 74.0
100.0 104.0 75.0 102.0
51.0 116.0 154.0 121.0
59.0 140.0 122.0 103.0
102.0 103.0 84.0 80.0
118.0 99.0 61.0 109.0
115.0 99.0 60.0 115.0
135.0 119.0 47.0 133.0
118.0 102.0 58.0 116.0
106.0 108.0 72.0 93.0
89.0 121.0 78.0 105.0
53.0 164.0 116.0 141.0
100.0 78.0 127.0 76.0
74.0 158.0 83.0 130.0
121.0 106.0 56.0 115.0
95.0 116.0 80.0 88.0
77.0 144.0 84.0 111.0
93.0 136.0 68.0 119.0
127.0 77.0 68.0 99.0
110.0 85.0 97.0 76.0
135.0 96.0 53.0 107.0
63.0 128.0 118.0 110.0
146.0 75.0 59.0 109.0
63.0 93.0 140.0 113.0
106.0 81.0 81.0 94.0
102.0 77.0 139.0 76.0
160.0 108.0 45.0 120.0
116.0 99.0 60.0 114.0
99.0 79.0 103.0 88.0
109.0 76.0 152.0 70.0
69.0 107.0 116.0 112.0
87.0 107.0 96.0 92.0
115.0 125.0 54.0 123.0
89.0 162.0 67.0 155.0
122.0 139.0 46.0 138.0
119.0 94.0 59.0 121.0
65.0 126.0 121.0 96.0
98.0 133.0 62.0 131.0
141.0 124.0 44.0 130.0
69.0 136.0 106.0 98.0
69.0 124.0 105.0 118.0
87.0 133.0 76.0 107.0
57.0 123.0 138.0 107.0
80.0 170.0 77.0 117.0
120.0 89.0 60.0 117.0
71.0 115.0 132.0 79.0
79.0 112.0 96.0 111.0
79.0 142.0 82.0 104.0
110.0 98.0 65.0 113.0
80.0 138.0 88.0 97.0
101.0 105.0 68.0 118.0
47.0 156.0 146.0 132.0
44.0 149.0 164.0 128.0
103.0 166.0 56.0 165.0
85.0 113.0 97.0 91.0
88.0 107.0 84.0 110.0
94.0 91.0 99.0 86.0
133.0 70.0 76.0 100.0
79.0 93.0 112.0 102.0
102.0 102.0 67.0 117.0
64.0 102.0 130.0 112.0
54.0 175.0 113.0 146.0
78.0 122.0 102.0 92.0
60.0 109.0 138.0 109.0
82.0 163.0 74.0 129.0
83.0 91.0 115.0 91.0
87.0 123.0 79.0 111.0
147.0 86.0 56.0 108.0
89.0 103.0 106.0 80.0
84.0 117.0 88.0 100.0
48.0 117.0 165.0 126.0
105.0 110.0 64.0 114.0
134.0 114.0 50.0 111.0
129.0 116.0 48.0 134.0
77.0 105.0 107.0 105.0
109.0 135.0 56.0 123.0
69.0 135.0 96.0 123.0
63.0 88.0 139.0 119.0
78.0 131.0 89.0 109.0
75.0 133.0 90.0 110.0
138.0 113.0 47.0 120.0
68.0 128.0 115.0 94.0
97.0 152.0 61.0 128.0
119.0 82.0 70.0 96.0
62.0 124.0 124.0 107.0
106.0 96.0 101.0 66.0
99.0 111.0 72.0 107.0
56.0 117.0 164.0 92.0
84.0 89.0 112.0 95.0
94.0 114.0 87.0 79.0
112.0 102.0 61.0 116.0
60.0 135.0 121.0 105.0
103.0 95.0 86.0 84.0
63.0 152.0 109.0 110.0
126.0 78.0 93.0 82.0
86.0 105.0 93.0 96.0
108.0 83.0 79.0 91.0
145.0 90.0 50.0 124.0
108.0 68.0 106.0 91.0
52.0 140.0 139.0 123.0
57.0 161.0 110.0 151.0
78.0 117.0 101.0 99.0
118.0 71.0 102.0 87.0
48.0 146.0 153.0 128.0
61.0 154.0 107.0 119.0
67.0 115.0 134.0 83.0
105.0 83.0 170.0 66.0
126.0 80.0 84.0 82.0
121.0 105.0 59.0 108.0
96.0 80.0 110.0 88.0
95.0 105.0 88.0 83.0
65.0 159.0 94.0 140.0
118.0 79.0 139.0 66.0
83.0 127.0 89.0 98.0
136.0 76.0 90.0 83.0
87.0 82.0 125.0 90.0
113.0 120.0 54.0 142.0
119.0 148.0 48.0 152.0
79.0 99.0 119.0 90.0
116.0 135.0 52.0 134.0
113.0 89.0 78.0 85.0
46.0 132.0 168.0 126.0
79.0 133.0 89.0 102.0
75.0 92.0 135.0 92.0
52.0 135.0 146.0 116.0
69.0 118.0 110.0 111.0
43.0 146.0 166.0 146.0
80.0 92.0 110.0 103.0
133.0 97.0 54.0 113.0
54.0 134.0 133.0 122.0
82.0 133.0 84.0 102.0
137.0 80.0 97.0 73.0
77.0 136.0 91.0 102.0
126.0 75.0 112.0 75.0
71.0 124.0 111.0 94.0
107.0 80.0 86.0 87.0
112.0 74.0 138.0 72.0
124.0 122.0 53.0 109.0
97.0 73.0 113.0 92.0
71.0 140.0 93.0 124.0
125.0 117.0 51.0 125.0
96.0 112.0 69.0 117.0
50.0 125.0 156.0 106.0
59.0 176.0 103.0 138.0
83.0 138.0 76.0 131.0
68.0 104.0 131.0 96.0
114.0 109.0 61.0 107.0
156.0 74.0 85.0 85.0
53.0 129.0 145.0 115.0
82.0 89.0 151.0 76.0
129.0 76.0 92.0 85.0
100.0 156.0 58.0 140.0
77.0 121.0 100.0 100.0
118.0 128.0 51.0 128.0
50.0 146.0 148.0 117.0
90.0 119.0 85.0 88.0
92.0 126.0 69.0 131.0
82.0 136.0 77.0 131.0
72.0 117.0 116.0 94.0
103.0 82.0 101.0 82.0
129.0 107.0 54.0 110.0
68.0 133.0 102.0 112.0
73.0 136.0 93.0 111.0
75.0 149.0 84.0 115.0
67.0 110.0 120.0 106.0
68.0 115.0 133.0 80.0
108.0 83.0 85.0 90.0
65.0 133.0 112.0 106.0
49.0 143.0 138.0 152.0
63.0 119.0 123.0 110.0
96.0 174.0 59.0 151.0
79.0 81.0 149.0 88.0
143.0 144.0 44.0 108.0
67.0 142.0 98.0 122.0
108.0 85.0 73.0 111.0
85.0 97.0 107.0 86.0
72.0 142.0 98.0 99.0
111.0 92.0 85.0 75.0
70.0 107.0 116.0 111.0
46.0 133.0 169.0 124.0
77.0 86.0 129.0 96.0
83.0 110.0 108.0 83.0
83.0 94.0 127.0 83.0
92.0 124.0 74.0 100.0
88.0 126.0 80.0 94.0
60.0 107.0 151.0 99.0
88.0 92.0 120.0 79.0
64.0 93.0 139.0 110.0
99.0 140.0 60.0 130.0
50.0 141.0 138.0 136.0
78.0 109.0 105.0 95.0
84.0 108.0 95.0 98.0
71.0 115.0 106.0 113.0
101.0 151.0 58.0 137.0
121.0 73.0 91.0 89.0
132.0 83.0 67.0 93.0
161.0 124.0 42.0 130.0
79.0 172.0 76.0 145.0
131.0 97.0 52.0 120.0
57.0 162.0 107.0 154.0
70.0 122.0 101.0 116.0
94.0 108.0 83.0 90.0
49.0 174.0 127.0 152.0
134.0 81.0 62.0 109.0
54.0 140.0 121.0 148.0
81.0 145.0 78.0 124.0
149.0 120.0 44.0 131.0
118.0 78.0 124.0 70.0
138.0 98.0 63.0 83.0
137.0 77.0 136.0 66.0
86.0 164.0 69.0 127.0
76.0 90.0 112.0 116.0
70.0 100.0 118.0 109.0
82.0 91.0 117.0 94.0
63.0 98.0 141.0 104.0
87.0 153.0 71.0 116.0
140.0 94.0 51.0 106.0
96.0 108.0 80.0 95.0
63.0 168.0 96.0 147.0
99.0 115.0 67.0 118.0
101.0 94.0 85.0 91.0
87.0 134.0 84.0 89.0
88.0 76.0 123.0 92.0
87.0 91.0 102.0 97.0
126.0 146.0 45.0 163.0
86.0 120.0 90.0 93.0
58.0 97.0 156.0 112.0
71.0 119.0 116.0 93.0
111.0 71.0 95.0 91.0
134.0 138.0 43.0 143.0
77.0 121.0 95.0 106.0
79.0 90.0 133.0 91.0
122.0 84.0 97.0 75.0
74.0 130.0 92.0 121.0
68.0 114.0 111.0 115.0
114.0 79.0 143.0 65.0
101.0 65.0 144.0 88.0
52.0 145.0 130.0 127.0
85.0 75.0 129.0 99.0
132.0 90.0 64.0 92.0
59.0 107.0 148.0 104.0
107.0 86.0 80.0 97.0
127.0 126.0 50.0 124.0
78.0 122.0 99.0 100.0
55.0 165.0 117.0 121.0
70.0 110.0 146.0 76.0
68.0 121.0 109.0 117.0
84.0 104.0 122.0 72.0
122.0 94.0 57.0 122.0
108.0 87.0 76.0 105.0
46.0 166.0 146.0 155.0
60.0 122.0 129.0 106.0
64.0 145.0 106.0 107.0
86.0 129.0 75.0 119.0
54.0 164.0 124.0 118.0
123.0 78.0 74.0 97.0
60.0 145.0 118.0 110.0
57.0 97.0 157.0 115.0
87.0 124.0 87.0 92.0
130.0 74.0 108.0 74.0
72.0 134.0 97.0 111.0
102.0 126.0 62.0 120.0
99.0 106.0 71.0 113.0
107.0 95.0 75.0 101.0
71.0 165.0 85.0 165.0
83.0 104.0 93.0 112.0
71.0 96.0 135.0 89.0
69.0 155.0 93.0 115.0
55.0 144.0 126.0 125.0
89.0 137.0 72.0 110.0
121.0 86.0 76.0 85.0
76.0 85.0 146.0 93.0
122.0 74.0 105.0 82.0
55.0 145.0 125.0 127.0
146.0 74.0 67.0 99.0
138.0 90.0 59.0 103.0
105.0 147.0 56.0 135.0
54.0 137.0 130.0 121.0
81.0 95.0 119.0 92.0
78.0 91.0 126.0 93.0
51.0 140.0 140.0 133.0
80.0 112.0 97.0 104.0
46.0 140.0 171.0 116.0
77.0 134.0 92.0 103.0
127.0 75.0 94.0 80.0
157.0 97.0 48.0 114.0
55.0 157.0 113.0 146.0
85.0 114.0 92.0 102.0
95.0 125.0 69.0 120.0
117.0 113.0 59.0 106.0
56.0 149.0 117.0 134.0
57.0 135.0 134.0 101.0
80.0 100.0 121.0 84.0
46.0 145.0 147.0 160.0
119.0 110.0 55.0 125.0
82.0 123.0 96.0 90.0
133.0 115.0 49.0 121.0
61.0 169.0 101.0 153.0
72.0 136.0 102.0 99.0
83.0 176.0 71.0 119.0
67.0 100.0 122.0 115.0
105.0 97.0 86.0 76.0
112.0 105.0 60.0 125.0
102.0 111.0 63.0 122.0
112.0 76.0 103.0 83.0
57.0 116.0 142.0 110.0
141.0 128.0 50.0 92.0
85.0 125.0 83.0 104.0
107.0 82.0 108.0 76.0
151.0 130.0 44.0 116.0
142.0 78.0 63.0 98.0
75.0 141.0 85.0 116.0
102.0 85.0 96.0 82.0
107.0 100.0 73.0 100.0
71.0 97.0 122.0 104.0
68.0 127.0 110.0 105.0
65.0 159.0 97.0 135.0
56.0 155.0 115.0 129.0
90.0 89.0 116.0 81.0
56.0 134.0 122.0 132.0
96.0 125.0 72.0 98.0
116.0 76.0 99.0 83.0
159.0 128.0 43.0 122.0
45.0 167.0 145.0 176.0
85.0 99.0 102.0 92.0
96.0 121.0 65.0 122.0
114.0 79.0 71.0 103.0
73.0 120.0 107.0 100.0
63.0 113.0 121.0 123.0
166.0 84.0 66.0 87.0
114.0 79.0 103.0 78.0
72.0 143.0 88.0 114.0
145.0 84.0 52.0 113.0
74.0 169.0 81.0 129.0
127.0 91.0 65.0 95.0
90.0 127.0 76.0 97.0
77.0 87.0 155.0 84.0
74.0 152.0 85.0 123.0
103.0 96.0 75.0 103.0
60.0 125.0 127.0 110.0
108.0 154.0 52.0 167.0
66.0 168.0 93.0 137.0
57.0 134.0 124.0 121.0
118.0 81.0 68.0 108.0
73.0 106.0 111.0 108.0
77.0 158.0 82.0 112.0
93.0 101.0 103.0 75.0
91.0 133.0 71.0 118.0
116.0 72.0 107.0 82.0
131.0 136.0 45.0 124.0
109.0 76.0 110.0 81.0
103.0 114.0 70.0 97.0
63.0 104.0 142.0 97.0
62.0 171.0 100.0 133.0
135.0 102.0 51.0 118.0
72.0 143.0 91.0 109.0
66.0 128.0 113.0 104.0
80.0 149.0 79.0 110.0
54.0 116.0 149.0 106.0
122.0 70.0 107.0 83.0
98.0 112.0 66.0 127.0
116.0 64.0 130.0 84.0
75.0 90.0 139.0 93.0
111.0 85.0 69.0 107.0
73.0 118.0 105.0 104.0
80.0 98.0 106.0 101.0
116.0 81.0 69.0 100.0
73.0 127.0 100.0 109.0
58.0 134.0 126.0 113.0
123.0 77.0 102.0 78.0
63.0 138.0 106.0 128.0
68.0 141.0 96.0 131.0
102.0 153.0 57.0 156.0
95.0 86.0 121.0 77.0
113.0 152.0 50.0 166.0
99.0 99.0 78.0 109.0
105.0 101.0 70.0 107.0
105.0 100.0 84.0 80.0
91.0 83.0 129.0 81.0
82.0 171.0 72.0 147.0
123.0 79.0 66.0 107.0
58.0 153.0 118.0 112.0
109.0 77.0 133.0 71.0
116.0 90.0 79.0 81.0
86.0 114.0 91.0 92.0
101.0 83.0 92.0 93.0
74.0 95.0 130.0 94.0
90.0 100.0 102.0 79.0
68.0 103.0 118.0 114.0
90.0 112.0 88.0 92.0
73.0 101.0 116.0 103.0
124.0 77.0 105.0 77.0
84.0 99.0 103.0 95.0
94.0 142.0 63.0 128.0
50.0 162.0 129.0 128.0
84.0 101.0 112.0 83.0
65.0 120.0 129.0 92.0
156.0 81.0 78.0 83.0
87.0 120.0 83.0 106.0
118.0 97.0 59.0 119.0
59.0 134.0 119.0 122.0
73.0 107.0 125.0 86.0
76.0 163.0 82.0 120.0
114.0 130.0 54.0 129.0
58.0 133.0 116.0 134.0
53.0 122.0 150.0 109.0
169.0 116.0 40.0 141.0
110.0 86.0 72.0 109.0
48.0 160.0 144.0 128.0
130.0 137.0 46.0 135.0
82.0 147.0 85.0 87.0
42.0 183.0 164.0 156.0
104.0 101.0 71.0 105.0
93.0 79.0 138.0 79.0
69.0 121.0 117.0 95.0
58.0 111.0 139.0 114.0
85.0 116.0 87.0 108.0
124.0 88.0 69.0 90.0
120.0 89.0 62.0 112.0
75.0 122.0 103.0 101.0
55.0 117.0 142.0 124.0
76.0 111.0 108.0 99.0
134.0 94.0 70.0 81.0
44.0 163.0 158.0 132.0
91.0 79.0 112.0 92.0
70.0 121.0 111.0 101.0
139.0 77.0 62.0 102.0
70.0 117.0 122.0 88.0
75.0 109.0 106.0 104.0
66.0 121.0 110.0 120.0
88.0 96.0 105.0 88.0
83.0 119.0 85.0 114.0
107.0 116.0 58.0 124.0
81.0 108.0 110.0 86.0
95.0 92.0 122.0 70.0
72.0 91.0 148.0 92.0
48.0 145.0 154.0 126.0
51.0 172.0 124.0 155.0
129.0 136.0 45.0 144.0
77.0 101.0 114.0 91.0
140.0 124.0 49.0 100.0
60.0 131.0 120.0 118.0
88.0 125.0 72.0 124.0
68.0 98.0 141.0 91.0
77.0 97.0 135.0 84.0
70.0 123.0 115.0 96.0
122.0 88.0 59.0 111.0
79.0 152.0 78.0 136.0
71.0 167.0 86.0 131.0
166.0 68.0 143.0 73.0
89.0 119.0 85.0 94.0
77.0 99.0 125.0 89.0
98.0 110.0 82.0 84.0
88.0 107.0 91.0 92.0
52.0 161.0 117.0 162.0
68.0 103.0 125.0 99.0
113.0 93.0 73.0 95.0
97.0 109.0 70.0 113.0
152.0 80.0 59.0 96.0
79.0 167.0 77.0 129.0
135.0 113.0 49.0 122.0
110.0 115.0 59.0 116.0
81.0 101.0 120.0 85.0
49.0 178.0 130.0 133.0
115.0 77.0 135.0 70.0
114.0 76.0 116.0 77.0
84.0 92.0 133.0 81.0
104.0 100.0 75.0 98.0
72.0 114.0 103.0 116.0
87.0 83.0 132.0 85.0
129.0 89.0 63.0 96.0
74.0 136.0 87.0 125.0
173.0 107.0 42.0 139.0
148.0 82.0 81.0 82.0
109.0 81.0 93.0 84.0
134.0 74.0 92.0 86.0
45.0 132.0 159.0 131.0
99.0 82.0 107.0 82.0
58.0 143.0 124.0 106.0
84.0 128.0 82.0 108.0
101.0 91.0 84.0 96.0
80.0 92.0 135.0 85.0
109.0 99.0 76.0 89.0
112.0 95.0 68.0 104.0
73.0 127.0 106.0 94.0
53.0 132.0 142.0 117.0
