101.0 90.0 101.0 80.0
105.0 76.0 96.0 92.0
91.0 87.0 85.0 106.0
105.0 78.0 76.0 111.0
124.0 98.0 109.0 59.0
122.0 88.0 107.0 66.0
79.0 80.0 94.0 117.0
118.0 93.0 116.0 62.0
81.0 75.0 108.0 105.0
96.0 92.0 114.0 76.0
91.0 70.0 88.0 120.0
146.0 118.0 130.0 38.0
132.0 96.0 95.0 63.0
139.0 108.0 114.0 50.0
144.0 161.0 171.0 35.0
79.0 76.0 91.0 122.0
102.0 81.0 104.0 85.0
146.0 131.0 123.0 37.0
81.0 73.0 85.0 129.0
89.0 82.0 101.0 98.0
106.0 83.0 100.0 84.0
151.0 111.0 122.0 40.0
120.0 102.0 98.0 65.0
126.0 117.0 133.0 44.0
147.0 132.0 138.0 36.0
124.0 108.0 122.0 51.0
94.0 72.0 95.0 108.0
123.0 94.0 103.0 65.0
112.0 104.0 112.0 61.0
107.0 85.0 97.0 84.0
126.0 107.0 120.0 52.0
103.0 81.0 82.0 104.0
123.0 108.0 110.0 54.0
155.0 130.0 132.0 36.0
130.0 120.0 129.0 41.0
107.0 73.0 90.0 99.0
113.0 84.0 98.0 78.0
90.0 87.0 107.0 87.0
116.0 84.0 108.0 71.0
93.0 84.0 79.0 113.0
151.0 124.0 115.0 39.0
110.0 94.0 110.0 68.0
99.0 68.0 88.0 115.0
111.0 114.0 113.0 56.0
95.0 79.0 93.0 101.0
131.0 110.0 125.0 46.0
104.0 90.0 111.0 73.0
125.0 117.0 121.0 47.0
93.0 67.0 82.0 127.0
129.0 101.0 114.0 53.0
108.0 77.0 96.0 90.0
94.0 89.0 103.0 86.0
93.0 90.0 121.0 75.0
142.0 111.0 108.0 50.0
93.0 82.0 99.0 94.0
