112.0 147.0 42.0 110.0
106.0 98.0 51.0 132.0
96.0 98.0 78.0 107.0
119.0 117.0 48.0 106.0
100.0 89.0 68.0 121.0
105.0 101.0 57.0 121.0
98.0 108.0 51.0 130.0
140.0 169.0 37.0 143.0
102.0 84.0 81.0 112.0
97.0 78.0 99.0 105.0
101.0 89.0 64.0 122.0
110.0 120.0 47.0 115.0
87.0 85.0 103.0 104.0
144.0 177.0 36.0 137.0
89.0 97.0 89.0 105.0
111.0 98.0 54.0 120.0
96.0 96.0 61.0 126.0
94.0 88.0 75.0 120.0
91.0 76.0 118.0 100.0
95.0 95.0 78.0 111.0
96.0 83.0 82.0 115.0
83.0 77.0 126.0 103.0
85.0 85.0 89.0 121.0
105.0 130.0 45.0 116.0
83.0 90.0 78.0 128.0
88.0 96.0 60.0 135.0
102.0 101.0 59.0 118.0
86.0 80.0 133.0 94.0
132.0 173.0 38.0 121.0
100.0 87.0 74.0 116.0
101.0 69.0 108.0 103.0
96.0 81.0 121.0 87.0
90.0 89.0 96.0 104.0
95.0 106.0 50.0 138.0
108.0 139.0 43.0 116.0
96.0 76.0 109.0 99.0
129.0 151.0 39.0 114.0
97.0 85.0 73.0 124.0
102.0 71.0 98.0 109.0
91.0 90.0 79.0 119.0
98.0 87.0 63.0 130.0
95.0 83.0 86.0 114.0
89.0 82.0 93.0 113.0
94.0 84.0 138.0 81.0
122.0 154.0 41.0 103.0
90.0 91.0 71.0 128.0
103.0 98.0 53.0 129.0
87.0 90.0 115.0 92.0
95.0 81.0 92.0 109.0
116.0 122.0 46.0 110.0
90.0 79.0 140.0 89.0
101.0 82.0 91.0 106.0
124.0 155.0 40.0 107.0
91.0 73.0 131.0 98.0
111.0 132.0 44.0 111.0
81.0 88.0 131.0 93.0
100.0 96.0 52.0 137.0
99.0 99.0 58.0 126.0
94.0 76.0 138.0 89.0
