100.0 137.0 117.0 66.0
79.0 178.0 66.0 122.0
100.0 91.0 95.0 102.0
78.0 136.0 91.0 106.0
153.0 51.0 148.0 102.0
94.0 111.0 120.0 76.0
128.0 70.0 131.0 84.0
118.0 88.0 156.0 67.0
96.0 76.0 116.0 102.0
160.0 48.0 180.0 105.0
100.0 123.0 131.0 64.0
81.0 97.0 101.0 111.0
107.0 59.0 96.0 139.0
147.0 59.0 140.0 91.0
88.0 97.0 123.0 89.0
84.0 143.0 125.0 69.0
93.0 83.0 98.0 113.0
74.0 86.0 110.0 117.0
80.0 131.0 88.0 108.0
103.0 122.0 110.0 74.0
102.0 68.0 112.0 104.0
94.0 69.0 117.0 110.0
122.0 46.0 121.0 130.0
126.0 51.0 134.0 106.0
110.0 104.0 118.0 75.0
126.0 81.0 147.0 71.0
107.0 54.0 97.0 152.0
76.0 114.0 87.0 115.0
142.0 58.0 164.0 89.0
84.0 150.0 78.0 107.0
69.0 157.0 73.0 130.0
85.0 135.0 104.0 87.0
85.0 162.0 104.0 79.0
109.0 160.0 124.0 55.0
84.0 110.0 137.0 75.0
101.0 107.0 120.0 77.0
91.0 167.0 111.0 70.0
81.0 111.0 98.0 104.0
65.0 134.0 83.0 125.0
131.0 97.0 174.0 58.0
95.0 82.0 89.0 122.0
107.0 105.0 119.0 75.0
152.0 48.0 125.0 110.0
104.0 91.0 127.0 79.0
88.0 68.0 107.0 127.0
121.0 55.0 99.0 127.0
136.0 101.0 182.0 56.0
79.0 162.0 76.0 111.0
113.0 62.0 150.0 91.0
71.0 148.0 69.0 132.0
108.0 80.0 75.0 126.0
94.0 115.0 99.0 91.0
90.0 119.0 117.0 80.0
120.0 56.0 157.0 96.0
103.0 145.0 141.0 55.0
81.0 99.0 113.0 99.0
96.0 135.0 130.0 64.0
114.0 77.0 101.0 99.0
94.0 129.0 108.0 78.0
85.0 124.0 106.0 90.0
95.0 114.0 109.0 83.0
157.0 106.0 174.0 54.0
95.0 72.0 102.0 115.0
105.0 85.0 79.0 121.0
81.0 128.0 94.0 100.0
78.0 132.0 96.0 102.0
71.0 161.0 95.0 99.0
108.0 97.0 125.0 75.0
131.0 76.0 165.0 72.0
115.0 69.0 125.0 91.0
106.0 56.0 102.0 142.0
73.0 94.0 90.0 133.0
85.0 113.0 82.0 116.0
121.0 87.0 129.0 73.0
127.0 121.0 155.0 53.0
146.0 54.0 168.0 94.0
118.0 157.0 134.0 48.0
111.0 137.0 133.0 56.0
75.0 89.0 117.0 106.0
76.0 170.0 98.0 92.0
91.0 85.0 97.0 114.0
85.0 69.0 101.0 142.0
112.0 64.0 104.0 112.0
75.0 116.0 115.0 92.0
89.0 130.0 109.0 82.0
106.0 75.0 110.0 99.0
100.0 101.0 146.0 68.0
125.0 94.0 169.0 61.0
70.0 125.0 84.0 124.0
126.0 49.0 148.0 109.0
109.0 78.0 92.0 110.0
124.0 121.0 168.0 50.0
121.0 70.0 146.0 81.0
109.0 59.0 117.0 111.0
87.0 100.0 94.0 109.0
80.0 103.0 101.0 108.0
87.0 106.0 96.0 102.0
113.0 115.0 137.0 61.0
90.0 142.0 80.0 101.0
86.0 81.0 114.0 107.0
73.0 181.0 79.0 111.0
103.0 64.0 154.0 90.0
170.0 50.0 193.0 100.0
98.0 99.0 103.0 95.0
80.0 168.0 76.0 108.0
112.0 58.0 120.0 110.0
87.0 124.0 113.0 83.0
85.0 121.0 114.0 84.0
96.0 111.0 156.0 61.0
96.0 114.0 115.0 79.0
97.0 66.0 115.0 109.0
97.0 133.0 137.0 61.0
114.0 111.0 121.0 69.0
77.0 139.0 96.0 96.0
105.0 98.0 102.0 90.0
183.0 68.0 165.0 75.0
155.0 60.0 171.0 85.0
105.0 147.0 113.0 65.0
92.0 63.0 126.0 107.0
75.0 150.0 75.0 119.0
95.0 63.0 116.0 113.0
132.0 147.0 167.0 43.0
97.0 93.0 123.0 86.0
106.0 51.0 112.0 138.0
123.0 94.0 152.0 64.0
116.0 97.0 125.0 71.0
83.0 79.0 93.0 140.0
93.0 65.0 97.0 146.0
93.0 84.0 131.0 90.0
98.0 89.0 144.0 74.0
148.0 72.0 158.0 72.0
112.0 131.0 155.0 52.0
86.0 182.0 105.0 78.0
98.0 144.0 128.0 60.0
105.0 61.0 113.0 117.0
115.0 124.0 139.0 57.0
131.0 130.0 165.0 48.0
125.0 86.0 160.0 66.0
100.0 111.0 143.0 64.0
79.0 151.0 126.0 69.0
106.0 67.0 132.0 95.0
85.0 91.0 123.0 93.0
88.0 102.0 137.0 78.0
78.0 104.0 81.0 139.0
146.0 47.0 122.0 114.0
177.0 83.0 184.0 63.0
94.0 127.0 126.0 67.0
110.0 106.0 105.0 81.0
74.0 92.0 91.0 141.0
90.0 77.0 92.0 139.0
89.0 101.0 115.0 90.0
71.0 114.0 99.0 110.0
108.0 74.0 153.0 79.0
88.0 96.0 116.0 94.0
77.0 156.0 100.0 89.0
71.0 113.0 103.0 106.0
110.0 88.0 129.0 78.0
120.0 53.0 134.0 108.0
82.0 143.0 81.0 107.0
75.0 149.0 83.0 108.0
91.0 93.0 112.0 96.0
98.0 68.0 88.0 154.0
104.0 99.0 113.0 83.0
83.0 75.0 95.0 150.0
111.0 106.0 165.0 59.0
80.0 100.0 81.0 140.0
113.0 53.0 108.0 127.0
127.0 56.0 101.0 116.0
78.0 89.0 107.0 112.0
99.0 99.0 154.0 67.0
105.0 66.0 156.0 83.0
82.0 69.0 98.0 164.0
112.0 82.0 157.0 71.0
93.0 72.0 113.0 109.0
112.0 120.0 138.0 59.0
100.0 68.0 123.0 98.0
75.0 131.0 87.0 113.0
178.0 105.0 180.0 54.0
101.0 86.0 130.0 83.0
82.0 113.0 85.0 116.0
74.0 122.0 71.0 149.0
75.0 171.0 69.0 123.0
102.0 49.0 121.0 129.0
124.0 105.0 155.0 58.0
105.0 67.0 110.0 108.0
99.0 65.0 106.0 118.0
71.0 134.0 102.0 101.0
76.0 103.0 97.0 111.0
101.0 128.0 115.0 71.0
91.0 137.0 121.0 69.0
86.0 119.0 134.0 71.0
70.0 108.0 99.0 113.0
102.0 130.0 151.0 56.0
87.0 78.0 94.0 138.0
109.0 120.0 116.0 69.0
106.0 126.0 106.0 74.0
109.0 120.0 129.0 63.0
105.0 91.0 123.0 83.0
91.0 82.0 97.0 117.0
85.0 108.0 102.0 100.0
109.0 66.0 123.0 96.0
119.0 65.0 135.0 90.0
89.0 137.0 101.0 86.0
86.0 169.0 107.0 77.0
95.0 77.0 110.0 107.0
71.0 143.0 83.0 121.0
90.0 140.0 99.0 86.0
97.0 88.0 107.0 98.0
121.0 110.0 157.0 56.0
78.0 77.0 112.0 119.0
68.0 110.0 82.0 148.0
101.0 65.0 103.0 124.0
98.0 130.0 101.0 80.0
109.0 98.0 123.0 76.0
112.0 83.0 121.0 86.0
87.0 76.0 96.0 138.0
122.0 108.0 157.0 55.0
146.0 57.0 148.0 91.0
134.0 48.0 149.0 109.0
91.0 131.0 161.0 56.0
79.0 114.0 103.0 100.0
84.0 104.0 97.0 105.0
82.0 108.0 117.0 90.0
90.0 111.0 108.0 89.0
70.0 126.0 74.0 139.0
81.0 161.0 76.0 110.0
95.0 84.0 91.0 120.0
97.0 111.0 129.0 72.0
63.0 112.0 86.0 144.0
167.0 58.0 164.0 87.0
110.0 128.0 139.0 57.0
119.0 97.0 169.0 61.0
89.0 81.0 87.0 132.0
85.0 146.0 110.0 78.0
109.0 62.0 106.0 119.0
89.0 83.0 111.0 106.0
76.0 123.0 75.0 135.0
166.0 53.0 169.0 95.0
135.0 71.0 149.0 76.0
115.0 57.0 107.0 120.0
76.0 140.0 79.0 120.0
111.0 63.0 128.0 99.0
102.0 92.0 121.0 82.0
122.0 51.0 152.0 105.0
90.0 76.0 98.0 124.0
125.0 50.0 129.0 110.0
102.0 114.0 76.0 105.0
99.0 109.0 112.0 83.0
86.0 109.0 110.0 92.0
110.0 151.0 149.0 49.0
87.0 122.0 125.0 76.0
149.0 50.0 149.0 103.0
159.0 52.0 162.0 98.0
82.0 127.0 109.0 87.0
86.0 180.0 108.0 76.0
158.0 83.0 168.0 65.0
72.0 93.0 95.0 132.0
89.0 136.0 132.0 64.0
72.0 108.0 107.0 107.0
102.0 100.0 107.0 86.0
108.0 91.0 114.0 85.0
108.0 56.0 108.0 131.0
94.0 74.0 95.0 132.0
96.0 139.0 60.0 117.0
65.0 104.0 104.0 118.0
107.0 56.0 116.0 122.0
144.0 70.0 153.0 77.0
83.0 96.0 92.0 118.0
151.0 95.0 156.0 59.0
73.0 155.0 64.0 156.0
80.0 145.0 82.0 108.0
76.0 123.0 100.0 102.0
93.0 92.0 77.0 136.0
103.0 129.0 152.0 56.0
103.0 131.0 132.0 61.0
110.0 153.0 126.0 56.0
99.0 74.0 110.0 105.0
85.0 102.0 92.0 112.0
89.0 135.0 84.0 99.0
86.0 141.0 106.0 84.0
88.0 117.0 120.0 80.0
110.0 64.0 122.0 98.0
101.0 74.0 153.0 80.0
109.0 63.0 147.0 92.0
68.0 169.0 81.0 115.0
90.0 77.0 90.0 142.0
82.0 129.0 104.0 93.0
102.0 90.0 98.0 101.0
89.0 76.0 90.0 146.0
109.0 112.0 165.0 57.0
96.0 80.0 124.0 91.0
87.0 100.0 87.0 115.0
118.0 82.0 132.0 77.0
97.0 114.0 142.0 63.0
95.0 102.0 102.0 96.0
75.0 140.0 80.0 120.0
75.0 133.0 87.0 112.0
91.0 89.0 85.0 119.0
169.0 55.0 165.0 93.0
116.0 131.0 137.0 54.0
120.0 57.0 82.0 143.0
67.0 124.0 75.0 153.0
75.0 125.0 93.0 109.0
109.0 68.0 96.0 117.0
141.0 113.0 155.0 53.0
99.0 92.0 142.0 74.0
78.0 164.0 75.0 112.0
121.0 75.0 162.0 75.0
76.0 132.0 81.0 121.0
82.0 122.0 103.0 94.0
69.0 137.0 88.0 119.0
125.0 58.0 164.0 92.0
121.0 130.0 156.0 50.0
90.0 145.0 76.0 105.0
102.0 115.0 102.0 82.0
89.0 72.0 110.0 112.0
83.0 96.0 78.0 144.0
78.0 145.0 96.0 93.0
81.0 138.0 100.0 91.0
103.0 130.0 85.0 88.0
75.0 138.0 93.0 104.0
75.0 157.0 105.0 87.0
100.0 74.0 91.0 125.0
120.0 62.0 152.0 88.0
99.0 105.0 99.0 93.0
66.0 126.0 77.0 151.0
129.0 106.0 140.0 61.0
88.0 138.0 79.0 105.0
98.0 88.0 103.0 102.0
72.0 94.0 109.0 114.0
97.0 97.0 118.0 86.0
106.0 102.0 151.0 63.0
123.0 54.0 134.0 102.0
84.0 123.0 98.0 95.0
100.0 126.0 89.0 88.0
83.0 158.0 86.0 99.0
130.0 124.0 173.0 47.0
104.0 78.0 129.0 89.0
76.0 74.0 114.0 128.0
87.0 110.0 104.0 93.0
85.0 98.0 92.0 116.0
104.0 79.0 135.0 82.0
72.0 105.0 79.0 143.0
89.0 112.0 96.0 96.0
84.0 164.0 108.0 78.0
84.0 89.0 76.0 153.0
132.0 95.0 138.0 63.0
134.0 54.0 147.0 95.0
105.0 88.0 133.0 80.0
170.0 78.0 171.0 67.0
99.0 81.0 150.0 78.0
146.0 92.0 172.0 61.0
108.0 118.0 110.0 75.0
74.0 117.0 75.0 138.0
89.0 132.0 124.0 71.0
94.0 84.0 93.0 116.0
139.0 139.0 162.0 44.0
134.0 89.0 175.0 62.0
98.0 100.0 145.0 70.0
96.0 131.0 104.0 79.0
119.0 100.0 170.0 59.0
85.0 132.0 102.0 90.0
96.0 118.0 155.0 58.0
101.0 58.0 94.0 149.0
110.0 93.0 136.0 73.0
95.0 126.0 108.0 81.0
118.0 60.0 94.0 121.0
108.0 145.0 112.0 62.0
77.0 77.0 107.0 129.0
87.0 110.0 97.0 101.0
97.0 110.0 121.0 76.0
103.0 136.0 125.0 63.0
132.0 167.0 153.0 44.0
90.0 85.0 139.0 86.0
84.0 106.0 116.0 88.0
100.0 112.0 111.0 80.0
106.0 84.0 128.0 84.0
98.0 71.0 105.0 113.0
82.0 80.0 118.0 110.0
126.0 50.0 122.0 113.0
78.0 86.0 105.0 118.0
123.0 72.0 157.0 77.0
81.0 108.0 105.0 101.0
105.0 126.0 124.0 65.0
100.0 121.0 116.0 75.0
119.0 175.0 148.0 46.0
99.0 111.0 106.0 82.0
90.0 95.0 112.0 97.0
96.0 116.0 115.0 77.0
92.0 140.0 94.0 87.0
106.0 73.0 115.0 97.0
90.0 126.0 114.0 78.0
72.0 125.0 81.0 126.0
97.0 67.0 147.0 89.0
98.0 105.0 123.0 78.0
69.0 158.0 77.0 119.0
111.0 89.0 124.0 79.0
81.0 122.0 73.0 125.0
121.0 57.0 127.0 101.0
97.0 79.0 90.0 127.0
70.0 146.0 81.0 121.0
97.0 114.0 138.0 67.0
115.0 119.0 103.0 74.0
106.0 51.0 132.0 110.0
124.0 156.0 164.0 44.0
145.0 76.0 167.0 70.0
126.0 85.0 151.0 67.0
82.0 98.0 97.0 111.0
131.0 69.0 144.0 81.0
108.0 83.0 128.0 81.0
90.0 64.0 131.0 104.0
94.0 113.0 148.0 64.0
142.0 73.0 145.0 74.0
83.0 117.0 124.0 81.0
87.0 147.0 103.0 83.0
142.0 87.0 165.0 63.0
127.0 103.0 145.0 61.0
147.0 109.0 167.0 53.0
106.0 119.0 96.0 84.0
108.0 125.0 103.0 75.0
86.0 101.0 77.0 130.0
96.0 68.0 108.0 119.0
93.0 157.0 59.0 116.0
86.0 103.0 107.0 95.0
74.0 103.0 85.0 141.0
71.0 147.0 75.0 129.0
130.0 156.0 159.0 42.0
128.0 80.0 158.0 72.0
123.0 132.0 178.0 46.0
81.0 164.0 76.0 108.0
137.0 98.0 131.0 64.0
105.0 141.0 158.0 51.0
85.0 131.0 106.0 86.0
85.0 109.0 93.0 106.0
121.0 95.0 115.0 77.0
102.0 62.0 145.0 95.0
95.0 59.0 112.0 134.0
100.0 94.0 149.0 72.0
103.0 62.0 121.0 106.0
87.0 137.0 121.0 73.0
119.0 60.0 129.0 99.0
108.0 64.0 101.0 115.0
91.0 101.0 89.0 110.0
94.0 119.0 112.0 81.0
101.0 106.0 115.0 79.0
70.0 115.0 84.0 135.0
116.0 169.0 129.0 51.0
85.0 94.0 94.0 115.0
82.0 101.0 113.0 98.0
100.0 58.0 149.0 99.0
127.0 140.0 137.0 50.0
66.0 124.0 105.0 105.0
110.0 170.0 137.0 48.0
94.0 102.0 106.0 91.0
82.0 130.0 88.0 105.0
91.0 144.0 120.0 66.0
119.0 117.0 145.0 55.0
104.0 111.0 154.0 58.0
131.0 127.0 130.0 55.0
118.0 71.0 131.0 86.0
95.0 77.0 79.0 160.0
69.0 147.0 87.0 115.0
114.0 61.0 129.0 99.0
110.0 88.0 102.0 92.0
64.0 125.0 110.0 103.0
102.0 93.0 149.0 69.0
93.0 101.0 125.0 79.0
91.0 97.0 109.0 97.0
108.0 66.0 102.0 113.0
87.0 133.0 98.0 89.0
87.0 121.0 90.0 103.0
98.0 130.0 119.0 70.0
90.0 66.0 89.0 166.0
67.0 139.0 73.0 154.0
87.0 129.0 109.0 84.0
79.0 126.0 105.0 94.0
85.0 93.0 101.0 110.0
78.0 149.0 88.0 102.0
64.0 101.0 97.0 134.0
96.0 96.0 88.0 111.0
83.0 171.0 93.0 89.0
80.0 95.0 78.0 161.0
114.0 116.0 140.0 60.0
83.0 110.0 105.0 97.0
71.0 135.0 68.0 159.0
123.0 49.0 110.0 119.0
99.0 72.0 113.0 106.0
94.0 99.0 99.0 100.0
135.0 84.0 159.0 66.0
114.0 121.0 151.0 54.0
70.0 92.0 91.0 147.0
95.0 59.0 114.0 133.0
87.0 125.0 108.0 85.0
137.0 89.0 153.0 65.0
130.0 52.0 141.0 102.0
103.0 127.0 131.0 62.0
91.0 72.0 88.0 148.0
90.0 85.0 88.0 124.0
87.0 103.0 94.0 108.0
84.0 120.0 97.0 96.0
73.0 105.0 84.0 133.0
125.0 83.0 166.0 67.0
84.0 136.0 126.0 72.0
82.0 144.0 87.0 102.0
110.0 48.0 106.0 139.0
83.0 91.0 91.0 123.0
87.0 63.0 104.0 139.0
119.0 116.0 152.0 56.0
76.0 153.0 94.0 99.0
87.0 145.0 135.0 59.0
94.0 66.0 93.0 158.0
97.0 105.0 106.0 88.0
116.0 58.0 105.0 112.0
101.0 130.0 96.0 83.0
83.0 125.0 107.0 90.0
101.0 83.0 86.0 119.0
132.0 51.0 125.0 109.0
97.0 85.0 95.0 111.0
78.0 173.0 80.0 107.0
126.0 99.0 136.0 63.0
161.0 115.0 185.0 49.0
86.0 91.0 81.0 137.0
86.0 79.0 85.0 154.0
136.0 65.0 142.0 84.0
132.0 114.0 189.0 51.0
110.0 93.0 143.0 68.0
106.0 134.0 106.0 70.0
84.0 85.0 90.0 131.0
98.0 112.0 122.0 75.0
121.0 52.0 134.0 106.0
110.0 57.0 147.0 99.0
113.0 110.0 143.0 62.0
90.0 79.0 100.0 118.0
104.0 96.0 98.0 95.0
106.0 96.0 126.0 77.0
129.0 69.0 144.0 82.0
105.0 75.0 129.0 89.0
160.0 48.0 153.0 106.0
90.0 114.0 100.0 93.0
69.0 120.0 77.0 144.0
61.0 139.0 86.0 130.0
70.0 148.0 81.0 120.0
93.0 84.0 104.0 107.0
106.0 56.0 96.0 154.0
103.0 92.0 113.0 90.0
90.0 163.0 128.0 60.0
141.0 50.0 150.0 105.0
90.0 144.0 62.0 119.0
88.0 130.0 109.0 83.0
85.0 126.0 99.0 94.0
92.0 132.0 119.0 72.0
123.0 59.0 140.0 93.0
118.0 52.0 111.0 123.0
122.0 66.0 156.0 80.0
84.0 92.0 99.0 112.0
88.0 75.0 116.0 108.0
94.0 101.0 96.0 100.0
123.0 146.0 147.0 48.0
92.0 120.0 100.0 87.0
78.0 113.0 70.0 143.0
79.0 137.0 77.0 121.0
112.0 46.0 108.0 149.0
107.0 72.0 119.0 92.0
178.0 74.0 160.0 71.0
96.0 62.0 97.0 148.0
95.0 65.0 91.0 160.0
140.0 59.0 148.0 90.0
77.0 93.0 112.0 105.0
109.0 46.0 121.0 147.0
110.0 85.0 109.0 92.0
123.0 77.0 137.0 77.0
93.0 70.0 108.0 117.0
83.0 80.0 87.0 143.0
176.0 104.0 179.0 55.0
86.0 126.0 80.0 110.0
93.0 137.0 109.0 77.0
109.0 81.0 147.0 74.0
77.0 140.0 82.0 114.0
87.0 88.0 95.0 121.0
103.0 53.0 105.0 163.0
84.0 89.0 122.0 94.0
98.0 86.0 117.0 92.0
85.0 94.0 87.0 121.0
91.0 102.0 114.0 88.0
74.0 143.0 83.0 111.0
71.0 118.0 91.0 119.0
108.0 51.0 113.0 136.0
155.0 43.0 127.0 135.0
86.0 107.0 144.0 74.0
86.0 109.0 89.0 110.0
145.0 43.0 151.0 127.0
72.0 171.0 94.0 97.0
99.0 150.0 133.0 57.0
75.0 142.0 90.0 107.0
156.0 82.0 171.0 66.0
99.0 57.0 93.0 153.0
84.0 147.0 82.0 103.0
87.0 102.0 119.0 87.0
80.0 108.0 98.0 108.0
86.0 128.0 96.0 94.0
84.0 145.0 108.0 81.0
88.0 128.0 120.0 75.0
101.0 68.0 109.0 112.0
154.0 53.0 148.0 96.0
85.0 131.0 105.0 87.0
87.0 137.0 106.0 80.0
109.0 96.0 136.0 70.0
158.0 134.0 177.0 45.0
114.0 51.0 122.0 117.0
83.0 80.0 106.0 122.0
85.0 87.0 77.0 161.0
128.0 112.0 146.0 57.0
141.0 43.0 108.0 150.0
143.0 51.0 136.0 103.0
94.0 66.0 107.0 120.0
76.0 119.0 99.0 104.0
93.0 78.0 114.0 101.0
94.0 93.0 114.0 91.0
73.0 133.0 83.0 122.0
88.0 110.0 121.0 83.0
88.0 105.0 91.0 108.0
116.0 154.0 152.0 47.0
101.0 76.0 101.0 110.0
98.0 143.0 92.0 84.0
106.0 128.0 152.0 54.0
90.0 131.0 114.0 77.0
126.0 161.0 186.0 41.0
102.0 114.0 128.0 69.0
86.0 89.0 116.0 98.0
90.0 114.0 111.0 87.0
80.0 177.0 98.0 87.0
101.0 88.0 123.0 84.0
116.0 117.0 136.0 59.0
112.0 122.0 151.0 55.0
78.0 88.0 88.0 143.0
87.0 111.0 77.0 119.0
107.0 53.0 99.0 164.0
107.0 124.0 139.0 59.0
94.0 111.0 135.0 70.0
102.0 89.0 128.0 82.0
115.0 117.0 163.0 54.0
93.0 90.0 123.0 91.0
119.0 57.0 127.0 104.0
109.0 119.0 164.0 54.0
121.0 103.0 142.0 62.0
99.0 79.0 120.0 94.0
108.0 62.0 129.0 101.0
179.0 57.0 178.0 88.0
93.0 82.0 88.0 128.0
76.0 146.0 101.0 91.0
103.0 52.0 106.0 143.0
96.0 94.0 120.0 86.0
82.0 96.0 92.0 120.0
103.0 100.0 146.0 66.0
65.0 124.0 82.0 139.0
114.0 68.0 135.0 88.0
92.0 95.0 96.0 106.0
91.0 70.0 90.0 148.0
131.0 114.0 144.0 56.0
81.0 97.0 105.0 107.0
134.0 143.0 152.0 47.0
98.0 67.0 121.0 106.0
117.0 123.0 164.0 51.0
91.0 135.0 94.0 88.0
71.0 110.0 101.0 112.0
95.0 136.0 106.0 78.0
76.0 111.0 85.0 121.0
92.0 78.0 100.0 116.0
69.0 172.0 81.0 114.0
77.0 136.0 85.0 110.0
77.0 141.0 90.0 104.0
119.0 55.0 133.0 102.0
92.0 149.0 111.0 73.0
91.0 149.0 100.0 82.0
99.0 161.0 120.0 60.0
84.0 89.0 97.0 118.0
114.0 60.0 127.0 102.0
81.0 104.0 105.0 103.0
92.0 87.0 111.0 100.0
69.0 117.0 109.0 103.0
82.0 93.0 90.0 126.0
86.0 148.0 110.0 76.0
148.0 118.0 168.0 49.0
93.0 59.0 107.0 142.0
134.0 84.0 153.0 67.0
132.0 102.0 148.0 61.0
105.0 125.0 84.0 92.0
150.0 51.0 192.0 99.0
122.0 132.0 148.0 51.0
110.0 59.0 89.0 147.0
77.0 181.0 85.0 102.0
139.0 82.0 156.0 67.0
97.0 126.0 137.0 63.0
77.0 80.0 109.0 123.0
140.0 49.0 152.0 105.0
70.0 157.0 84.0 115.0
76.0 139.0 96.0 99.0
145.0 53.0 143.0 98.0
123.0 62.0 163.0 85.0
121.0 141.0 170.0 45.0
84.0 93.0 86.0 130.0
90.0 104.0 88.0 110.0
114.0 85.0 87.0 103.0
81.0 119.0 71.0 131.0
82.0 145.0 98.0 90.0
69.0 130.0 95.0 111.0
96.0 119.0 121.0 75.0
121.0 65.0 135.0 87.0
96.0 124.0 105.0 82.0
72.0 116.0 75.0 153.0
101.0 70.0 124.0 97.0
76.0 150.0 100.0 92.0
125.0 129.0 118.0 59.0
84.0 171.0 113.0 75.0
97.0 78.0 101.0 113.0
187.0 56.0 187.0 88.0
99.0 60.0 127.0 103.0
130.0 46.0 110.0 137.0
120.0 179.0 152.0 43.0
130.0 46.0 143.0 118.0
109.0 113.0 153.0 57.0
103.0 85.0 138.0 75.0
96.0 63.0 129.0 104.0
132.0 46.0 157.0 117.0
87.0 143.0 93.0 92.0
79.0 131.0 99.0 95.0
84.0 143.0 107.0 83.0
137.0 94.0 172.0 58.0
86.0 105.0 102.0 101.0
85.0 160.0 109.0 79.0
74.0 97.0 97.0 117.0
103.0 130.0 90.0 86.0
97.0 60.0 105.0 131.0
177.0 54.0 174.0 93.0
98.0 87.0 79.0 124.0
95.0 82.0 117.0 94.0
120.0 53.0 155.0 101.0
109.0 76.0 142.0 80.0
100.0 97.0 101.0 96.0
71.0 125.0 76.0 136.0
78.0 113.0 103.0 103.0
82.0 111.0 95.0 108.0
110.0 61.0 154.0 89.0
92.0 81.0 105.0 108.0
88.0 72.0 105.0 128.0
117.0 71.0 123.0 88.0
161.0 59.0 165.0 88.0
75.0 114.0 82.0 125.0
96.0 97.0 124.0 83.0
136.0 63.0 141.0 85.0
84.0 122.0 83.0 113.0
88.0 87.0 101.0 112.0
104.0 107.0 118.0 76.0
93.0 64.0 104.0 128.0
98.0 118.0 102.0 85.0
131.0 103.0 159.0 58.0
101.0 55.0 95.0 163.0
86.0 163.0 139.0 56.0
78.0 138.0 78.0 120.0
126.0 47.0 112.0 129.0
101.0 86.0 128.0 85.0
69.0 155.0 77.0 121.0
93.0 120.0 109.0 82.0
112.0 64.0 128.0 95.0
83.0 134.0 94.0 94.0
119.0 57.0 112.0 113.0
101.0 108.0 123.0 74.0
119.0 45.0 143.0 123.0
99.0 81.0 133.0 87.0
109.0 50.0 134.0 117.0
110.0 80.0 116.0 88.0
131.0 65.0 152.0 83.0
92.0 150.0 54.0 128.0
145.0 47.0 156.0 110.0
98.0 62.0 95.0 148.0
83.0 155.0 87.0 98.0
99.0 114.0 110.0 80.0
87.0 129.0 144.0 62.0
80.0 125.0 86.0 112.0
65.0 101.0 102.0 124.0
117.0 97.0 121.0 72.0
110.0 129.0 128.0 60.0
80.0 149.0 74.0 117.0
96.0 84.0 145.0 78.0
118.0 54.0 133.0 106.0
143.0 126.0 155.0 49.0
136.0 77.0 159.0 71.0
60.0 133.0 99.0 116.0
145.0 78.0 142.0 70.0
108.0 67.0 132.0 92.0
65.0 118.0 105.0 108.0
88.0 143.0 100.0 86.0
89.0 67.0 94.0 160.0
137.0 123.0 176.0 48.0
96.0 72.0 141.0 88.0
109.0 51.0 101.0 174.0
86.0 144.0 102.0 85.0
107.0 105.0 102.0 84.0
91.0 104.0 147.0 68.0
98.0 137.0 118.0 67.0
109.0 78.0 112.0 93.0
77.0 156.0 93.0 97.0
89.0 69.0 108.0 118.0
111.0 79.0 91.0 109.0
104.0 84.0 146.0 74.0
74.0 166.0 120.0 77.0
115.0 138.0 157.0 50.0
145.0 96.0 147.0 59.0
64.0 104.0 99.0 128.0
71.0 126.0 79.0 129.0
134.0 138.0 149.0 48.0
111.0 104.0 146.0 62.0
95.0 141.0 111.0 70.0
90.0 92.0 97.0 109.0
113.0 47.0 117.0 133.0
103.0 93.0 124.0 79.0
97.0 102.0 135.0 75.0
129.0 45.0 119.0 131.0
135.0 64.0 150.0 84.0
65.0 123.0 93.0 121.0
179.0 63.0 173.0 80.0
93.0 69.0 128.0 100.0
90.0 118.0 98.0 94.0
79.0 107.0 77.0 141.0
94.0 139.0 161.0 52.0
96.0 112.0 127.0 72.0
163.0 69.0 164.0 74.0
157.0 81.0 154.0 67.0
116.0 50.0 149.0 109.0
97.0 94.0 85.0 112.0
107.0 89.0 143.0 70.0
95.0 111.0 100.0 92.0
74.0 89.0 112.0 111.0
85.0 87.0 108.0 107.0
97.0 57.0 138.0 110.0
88.0 87.0 121.0 96.0
138.0 57.0 151.0 93.0
90.0 76.0 86.0 159.0
104.0 138.0 131.0 58.0
119.0 103.0 160.0 59.0
118.0 102.0 150.0 62.0
97.0 141.0 105.0 76.0
86.0 95.0 73.0 160.0
90.0 115.0 109.0 87.0
92.0 154.0 110.0 72.0
111.0 120.0 159.0 54.0
136.0 88.0 131.0 69.0
69.0 119.0 84.0 127.0
99.0 139.0 99.0 79.0
111.0 78.0 106.0 98.0
85.0 153.0 82.0 100.0
82.0 147.0 74.0 115.0
82.0 89.0 86.0 141.0
156.0 45.0 170.0 117.0
74.0 137.0 107.0 93.0
137.0 50.0 133.0 107.0
73.0 140.0 93.0 106.0
74.0 94.0 95.0 123.0
97.0 120.0 109.0 77.0
92.0 75.0 98.0 122.0
83.0 103.0 101.0 105.0
100.0 116.0 132.0 67.0
93.0 99.0 117.0 84.0
75.0 96.0 102.0 117.0
97.0 93.0 83.0 118.0
80.0 144.0 121.0 74.0
141.0 50.0 137.0 106.0
97.0 115.0 99.0 89.0
102.0 114.0 145.0 62.0
126.0 65.0 121.0 94.0
70.0 137.0 70.0 157.0
70.0 156.0 68.0 136.0
73.0 141.0 65.0 155.0
88.0 156.0 99.0 81.0
78.0 190.0 106.0 82.0
123.0 125.0 179.0 49.0
93.0 162.0 114.0 68.0
104.0 67.0 122.0 96.0
75.0 138.0 80.0 121.0
92.0 121.0 126.0 73.0
112.0 93.0 160.0 65.0
91.0 165.0 114.0 68.0
97.0 115.0 116.0 78.0
73.0 97.0 92.0 127.0
93.0 74.0 90.0 144.0
105.0 47.0 123.0 139.0
83.0 96.0 104.0 106.0
84.0 115.0 87.0 109.0
127.0 99.0 144.0 62.0
88.0 88.0 89.0 123.0
90.0 99.0 115.0 89.0
89.0 132.0 92.0 94.0
98.0 98.0 116.0 88.0
115.0 79.0 149.0 76.0
116.0 137.0 142.0 52.0
93.0 123.0 119.0 75.0
124.0 117.0 176.0 51.0
149.0 56.0 164.0 92.0
90.0 67.0 93.0 160.0
93.0 65.0 114.0 115.0
114.0 149.0 175.0 44.0
94.0 81.0 91.0 122.0
94.0 110.0 115.0 83.0
78.0 129.0 100.0 97.0
117.0 83.0 136.0 74.0
102.0 63.0 101.0 126.0
132.0 55.0 149.0 94.0
91.0 154.0 54.0 125.0
74.0 87.0 94.0 144.0
86.0 112.0 135.0 74.0
118.0 74.0 153.0 77.0
101.0 144.0 136.0 56.0
73.0 93.0 100.0 122.0
155.0 85.0 180.0 63.0
113.0 54.0 120.0 117.0
89.0 107.0 100.0 97.0
75.0 116.0 85.0 123.0
98.0 120.0 89.0 94.0
144.0 152.0 170.0 42.0
137.0 106.0 164.0 55.0
110.0 53.0 98.0 163.0
80.0 96.0 95.0 118.0
116.0 53.0 151.0 104.0
120.0 76.0 120.0 84.0
111.0 132.0 138.0 55.0
99.0 97.0 126.0 79.0
101.0 56.0 123.0 120.0
117.0 54.0 147.0 98.0
86.0 148.0 68.0 118.0
88.0 121.0 141.0 67.0
98.0 67.0 95.0 137.0
99.0 94.0 107.0 92.0
131.0 129.0 151.0 50.0
113.0 77.0 105.0 98.0
98.0 122.0 124.0 68.0
78.0 104.0 79.0 144.0
79.0 102.0 81.0 133.0
92.0 110.0 88.0 104.0
72.0 156.0 84.0 112.0
75.0 111.0 80.0 131.0
159.0 64.0 172.0 79.0
71.0 162.0 68.0 133.0
162.0 86.0 166.0 64.0
106.0 103.0 118.0 76.0
95.0 58.0 116.0 122.0
106.0 56.0 111.0 125.0
89.0 145.0 95.0 85.0
70.0 187.0 84.0 109.0
104.0 84.0 107.0 94.0
75.0 111.0 102.0 108.0
97.0 95.0 96.0 104.0
91.0 151.0 52.0 131.0
85.0 139.0 135.0 65.0
99.0 94.0 98.0 100.0
70.0 164.0 77.0 116.0
114.0 92.0 134.0 73.0
109.0 86.0 98.0 97.0
160.0 81.0 149.0 68.0
75.0 153.0 75.0 117.0
127.0 61.0 154.0 86.0
109.0 55.0 108.0 130.0
101.0 86.0 88.0 113.0
80.0 137.0 122.0 77.0
103.0 59.0 104.0 134.0
86.0 113.0 153.0 65.0
67.0 102.0 94.0 129.0
105.0 91.0 114.0 88.0
86.0 149.0 82.0 100.0
77.0 152.0 101.0 88.0
98.0 109.0 121.0 78.0
97.0 118.0 130.0 70.0
132.0 129.0 150.0 50.0
92.0 120.0 105.0 85.0
105.0 78.0 131.0 85.0
81.0 139.0 130.0 70.0
100.0 127.0 119.0 69.0
107.0 54.0 117.0 124.0
78.0 80.0 114.0 113.0
94.0 133.0 129.0 65.0
76.0 147.0 89.0 106.0
83.0 133.0 101.0 92.0
88.0 139.0 81.0 103.0
135.0 58.0 148.0 93.0
95.0 79.0 86.0 137.0
92.0 118.0 76.0 114.0
103.0 84.0 127.0 86.0
82.0 117.0 98.0 101.0
83.0 77.0 104.0 128.0
117.0 147.0 121.0 55.0
73.0 160.0 90.0 101.0
80.0 95.0 86.0 132.0
127.0 45.0 112.0 154.0
155.0 66.0 166.0 77.0
107.0 118.0 91.0 86.0
124.0 81.0 144.0 72.0
138.0 51.0 171.0 100.0
92.0 70.0 93.0 138.0
115.0 61.0 124.0 101.0
98.0 115.0 125.0 71.0
123.0 110.0 106.0 73.0
91.0 99.0 97.0 105.0
110.0 58.0 123.0 107.0
108.0 80.0 126.0 85.0
98.0 62.0 142.0 98.0
126.0 127.0 152.0 51.0
114.0 84.0 121.0 83.0
100.0 127.0 132.0 63.0
61.0 139.0 99.0 113.0
76.0 133.0 75.0 124.0
70.0 161.0 77.0 118.0
84.0 67.0 109.0 137.0
115.0 76.0 134.0 83.0
97.0 69.0 95.0 137.0
77.0 101.0 106.0 108.0
77.0 160.0 92.0 98.0
88.0 150.0 125.0 64.0
103.0 66.0 92.0 136.0
122.0 52.0 114.0 115.0
88.0 100.0 93.0 109.0
100.0 118.0 142.0 61.0
80.0 112.0 96.0 109.0
85.0 135.0 112.0 82.0
69.0 130.0 72.0 149.0
123.0 147.0 154.0 46.0
80.0 138.0 81.0 109.0
98.0 100.0 101.0 93.0
97.0 124.0 110.0 76.0
112.0 150.0 163.0 47.0
119.0 73.0 132.0 82.0
86.0 93.0 102.0 108.0
94.0 132.0 153.0 56.0
114.0 54.0 102.0 137.0
90.0 114.0 130.0 74.0
76.0 137.0 67.0 133.0
79.0 91.0 92.0 130.0
92.0 61.0 99.0 158.0
98.0 73.0 86.0 143.0
95.0 91.0 106.0 98.0
135.0 105.0 174.0 55.0
82.0 86.0 101.0 118.0
75.0 128.0 94.0 108.0
100.0 158.0 115.0 62.0
83.0 137.0 126.0 72.0
106.0 107.0 139.0 63.0
91.0 67.0 97.0 146.0
77.0 133.0 67.0 136.0
147.0 52.0 141.0 99.0
89.0 116.0 97.0 95.0
139.0 44.0 110.0 130.0
116.0 56.0 140.0 101.0
77.0 74.0 119.0 118.0
84.0 76.0 127.0 104.0
100.0 83.0 96.0 108.0
93.0 65.0 89.0 163.0
93.0 97.0 100.0 101.0
110.0 136.0 109.0 67.0
94.0 87.0 86.0 123.0
89.0 74.0 119.0 108.0
112.0 71.0 152.0 80.0
115.0 55.0 101.0 132.0
98.0 141.0 133.0 60.0
119.0 59.0 117.0 106.0
80.0 175.0 80.0 104.0
96.0 144.0 123.0 65.0
118.0 63.0 125.0 97.0
88.0 143.0 126.0 67.0
166.0 55.0 171.0 92.0
125.0 53.0 127.0 109.0
150.0 120.0 193.0 48.0
101.0 131.0 113.0 69.0
105.0 85.0 124.0 86.0
82.0 87.0 89.0 134.0
69.0 108.0 99.0 116.0
124.0 52.0 95.0 133.0
93.0 127.0 108.0 79.0
95.0 101.0 101.0 97.0
79.0 91.0 105.0 113.0
138.0 118.0 160.0 52.0
145.0 47.0 129.0 111.0
103.0 113.0 135.0 67.0
72.0 118.0 105.0 105.0
71.0 125.0 89.0 114.0
92.0 76.0 95.0 129.0
106.0 143.0 128.0 58.0
143.0 49.0 148.0 106.0
110.0 124.0 110.0 69.0
132.0 123.0 145.0 52.0
106.0 76.0 150.0 78.0
116.0 68.0 135.0 86.0
86.0 110.0 122.0 84.0
102.0 64.0 146.0 93.0
104.0 130.0 144.0 57.0
79.0 97.0 77.0 153.0
132.0 98.0 178.0 57.0
59.0 116.0 91.0 139.0
148.0 65.0 159.0 80.0
104.0 52.0 104.0 173.0
100.0 166.0 110.0 65.0
70.0 129.0 76.0 133.0
122.0 57.0 139.0 97.0
91.0 109.0 104.0 94.0
107.0 63.0 117.0 105.0
164.0 86.0 167.0 63.0
99.0 140.0 111.0 71.0
106.0 67.0 118.0 102.0
119.0 46.0 123.0 134.0
83.0 92.0 92.0 122.0
91.0 88.0 99.0 108.0
88.0 142.0 111.0 78.0
90.0 146.0 98.0 84.0
93.0 95.0 85.0 113.0
85.0 134.0 80.0 109.0
124.0 107.0 174.0 55.0
106.0 65.0 109.0 110.0
118.0 104.0 169.0 58.0
107.0 142.0 131.0 56.0
77.0 158.0 75.0 115.0
70.0 123.0 109.0 100.0
104.0 67.0 134.0 95.0
103.0 161.0 132.0 52.0
100.0 55.0 109.0 135.0
108.0 71.0 127.0 91.0
107.0 105.0 107.0 82.0
118.0 61.0 103.0 111.0
104.0 62.0 149.0 94.0
129.0 52.0 138.0 105.0
88.0 124.0 102.0 91.0
157.0 104.0 153.0 56.0
77.0 90.0 96.0 130.0
82.0 144.0 100.0 88.0
71.0 150.0 84.0 115.0
81.0 163.0 62.0 126.0
100.0 143.0 97.0 79.0
124.0 93.0 163.0 62.0
93.0 63.0 106.0 131.0
64.0 134.0 78.0 135.0
94.0 131.0 91.0 92.0
128.0 52.0 143.0 102.0
160.0 61.0 164.0 83.0
113.0 51.0 117.0 123.0
124.0 94.0 154.0 62.0
114.0 50.0 117.0 120.0
96.0 118.0 123.0 72.0
86.0 100.0 105.0 101.0
87.0 138.0 136.0 62.0
89.0 77.0 104.0 117.0
97.0 110.0 117.0 80.0
68.0 187.0 72.0 130.0
129.0 45.0 114.0 133.0
110.0 121.0 91.0 83.0
154.0 42.0 139.0 147.0
113.0 61.0 120.0 102.0
82.0 86.0 83.0 154.0
137.0 71.0 138.0 78.0
81.0 106.0 75.0 142.0
85.0 141.0 107.0 84.0
116.0 89.0 139.0 67.0
87.0 133.0 116.0 74.0
86.0 70.0 106.0 130.0
91.0 84.0 117.0 98.0
96.0 87.0 106.0 101.0
101.0 109.0 133.0 70.0
109.0 56.0 97.0 144.0
101.0 67.0 88.0 142.0
85.0 74.0 90.0 166.0
78.0 72.0 105.0 145.0
94.0 97.0 135.0 78.0
107.0 94.0 113.0 85.0
93.0 119.0 155.0 60.0
104.0 87.0 121.0 86.0
75.0 133.0 96.0 102.0
148.0 42.0 135.0 154.0
82.0 102.0 95.0 112.0
123.0 164.0 164.0 41.0
94.0 77.0 127.0 96.0
90.0 92.0 114.0 95.0
92.0 64.0 97.0 156.0
112.0 85.0 151.0 70.0
97.0 70.0 121.0 100.0
96.0 108.0 106.0 85.0
80.0 87.0 90.0 139.0
114.0 132.0 165.0 49.0
96.0 122.0 84.0 100.0
90.0 68.0 107.0 123.0
89.0 78.0 93.0 134.0
83.0 175.0 118.0 71.0
100.0 76.0 111.0 104.0
90.0 89.0 103.0 105.0
153.0 60.0 157.0 86.0
76.0 135.0 90.0 107.0
83.0 117.0 98.0 98.0
77.0 128.0 111.0 92.0
94.0 154.0 140.0 55.0
103.0 75.0 143.0 85.0
81.0 128.0 106.0 93.0
91.0 77.0 123.0 100.0
85.0 146.0 124.0 68.0
140.0 104.0 154.0 57.0
79.0 130.0 106.0 93.0
100.0 123.0 111.0 76.0
90.0 83.0 90.0 131.0
72.0 147.0 87.0 109.0
101.0 124.0 114.0 72.0
85.0 86.0 87.0 137.0
73.0 121.0 104.0 103.0
139.0 135.0 155.0 48.0
101.0 70.0 132.0 93.0
70.0 119.0 89.0 117.0
111.0 93.0 145.0 66.0
122.0 46.0 124.0 128.0
124.0 156.0 126.0 51.0
100.0 119.0 110.0 77.0
179.0 56.0 170.0 90.0
107.0 88.0 146.0 72.0
95.0 83.0 115.0 98.0
93.0 85.0 90.0 122.0
94.0 119.0 133.0 69.0
83.0 74.0 122.0 109.0
103.0 140.0 111.0 68.0
93.0 103.0 138.0 71.0
101.0 77.0 102.0 108.0
102.0 65.0 124.0 99.0
92.0 70.0 118.0 108.0
85.0 112.0 99.0 99.0
75.0 127.0 75.0 127.0
126.0 73.0 120.0 86.0
69.0 175.0 81.0 112.0
79.0 135.0 91.0 104.0
117.0 55.0 127.0 105.0
122.0 114.0 162.0 53.0
72.0 152.0 75.0 127.0
115.0 66.0 134.0 90.0
114.0 63.0 129.0 97.0
98.0 85.0 123.0 87.0
107.0 135.0 132.0 59.0
75.0 96.0 121.0 98.0
100.0 62.0 105.0 128.0
129.0 80.0 145.0 73.0
104.0 75.0 118.0 96.0
149.0 64.0 150.0 81.0
88.0 98.0 116.0 91.0
143.0 46.0 110.0 120.0
84.0 89.0 88.0 132.0
70.0 142.0 69.0 135.0
92.0 88.0 125.0 91.0
89.0 116.0 104.0 87.0
123.0 113.0 128.0 62.0
97.0 88.0 97.0 105.0
121.0 57.0 151.0 96.0
96.0 112.0 107.0 84.0
82.0 91.0 109.0 107.0
61.0 99.0 98.0 148.0
102.0 75.0 148.0 84.0
146.0 59.0 180.0 88.0
75.0 112.0 107.0 101.0
121.0 60.0 129.0 96.0
92.0 129.0 146.0 60.0
95.0 107.0 92.0 101.0
139.0 105.0 136.0 60.0
84.0 127.0 99.0 94.0
132.0 85.0 142.0 69.0
83.0 104.0 75.0 140.0
84.0 70.0 107.0 135.0
95.0 130.0 82.0 97.0
95.0 181.0 104.0 73.0
140.0 100.0 153.0 58.0
91.0 93.0 121.0 89.0
99.0 111.0 75.0 110.0
83.0 175.0 112.0 74.0
86.0 98.0 99.0 106.0
93.0 77.0 114.0 104.0
105.0 60.0 161.0 91.0
137.0 122.0 144.0 53.0
120.0 90.0 152.0 66.0
86.0 67.0 120.0 114.0
113.0 83.0 117.0 87.0
131.0 89.0 165.0 63.0
88.0 86.0 107.0 105.0
74.0 160.0 87.0 104.0
115.0 66.0 130.0 92.0
102.0 105.0 90.0 99.0
95.0 86.0 138.0 81.0
91.0 80.0 113.0 104.0
140.0 49.0 179.0 104.0
97.0 55.0 136.0 111.0
119.0 123.0 150.0 53.0
107.0 80.0 105.0 96.0
96.0 86.0 111.0 97.0
80.0 88.0 118.0 103.0
94.0 72.0 120.0 101.0
126.0 48.0 132.0 111.0
111.0 107.0 125.0 69.0
86.0 67.0 109.0 132.0
85.0 100.0 113.0 95.0
68.0 108.0 94.0 126.0
83.0 77.0 112.0 114.0
85.0 159.0 56.0 127.0
76.0 108.0 102.0 108.0
137.0 48.0 118.0 117.0
101.0 148.0 166.0 48.0
90.0 130.0 115.0 77.0
80.0 143.0 105.0 87.0
129.0 72.0 136.0 78.0
91.0 75.0 122.0 102.0
87.0 77.0 90.0 144.0
121.0 83.0 144.0 71.0
135.0 61.0 170.0 84.0
91.0 75.0 97.0 129.0
143.0 42.0 142.0 153.0
114.0 54.0 89.0 173.0
101.0 54.0 112.0 139.0
113.0 83.0 122.0 84.0
76.0 101.0 94.0 122.0
90.0 133.0 108.0 81.0
85.0 102.0 70.0 147.0
70.0 131.0 79.0 131.0
147.0 60.0 155.0 87.0
113.0 170.0 147.0 47.0
94.0 70.0 96.0 137.0
74.0 132.0 93.0 107.0
87.0 73.0 90.0 155.0
86.0 75.0 95.0 140.0
71.0 178.0 99.0 92.0
91.0 100.0 126.0 81.0
130.0 59.0 128.0 97.0
90.0 97.0 72.0 135.0
95.0 128.0 129.0 66.0
123.0 97.0 137.0 65.0
75.0 160.0 76.0 116.0
80.0 137.0 81.0 113.0
100.0 80.0 141.0 79.0
102.0 121.0 158.0 56.0
93.0 124.0 82.0 103.0
104.0 93.0 120.0 80.0
107.0 115.0 121.0 68.0
99.0 89.0 99.0 102.0
144.0 109.0 157.0 54.0
129.0 90.0 148.0 63.0
137.0 82.0 153.0 68.0
136.0 168.0 170.0 40.0
87.0 114.0 102.0 94.0
103.0 126.0 153.0 56.0
152.0 43.0 134.0 131.0
128.0 48.0 117.0 118.0
105.0 55.0 135.0 107.0
70.0 136.0 95.0 108.0
81.0 146.0 129.0 67.0
150.0 72.0 147.0 74.0
77.0 90.0 87.0 143.0
108.0 74.0 112.0 98.0
90.0 69.0 114.0 113.0
111.0 74.0 113.0 95.0
110.0 52.0 116.0 127.0
84.0 122.0 96.0 100.0
103.0 63.0 106.0 120.0
82.0 125.0 88.0 106.0
122.0 57.0 120.0 106.0
74.0 129.0 90.0 113.0
84.0 82.0 118.0 102.0
79.0 86.0 89.0 151.0
78.0 125.0 99.0 98.0
90.0 79.0 90.0 139.0
106.0 121.0 153.0 57.0
109.0 77.0 125.0 88.0
139.0 101.0 142.0 60.0
110.0 76.0 92.0 110.0
141.0 95.0 165.0 60.0
71.0 129.0 81.0 123.0
68.0 109.0 84.0 138.0
139.0 43.0 122.0 144.0
136.0 136.0 184.0 45.0
107.0 97.0 129.0 74.0
112.0 101.0 127.0 71.0
92.0 136.0 145.0 57.0
73.0 113.0 94.0 116.0
98.0 95.0 107.0 94.0
96.0 68.0 120.0 101.0
133.0 136.0 157.0 47.0
132.0 100.0 155.0 61.0
156.0 146.0 179.0 43.0
84.0 78.0 88.0 151.0
101.0 71.0 124.0 94.0
82.0 141.0 99.0 89.0
117.0 49.0 128.0 114.0
80.0 123.0 86.0 113.0
76.0 163.0 105.0 84.0
94.0 96.0 129.0 81.0
111.0 125.0 162.0 52.0
98.0 142.0 65.0 108.0
126.0 70.0 127.0 85.0
99.0 67.0 151.0 88.0
118.0 67.0 165.0 79.0
107.0 140.0 170.0 48.0
114.0 110.0 116.0 71.0
102.0 60.0 96.0 141.0
124.0 46.0 109.0 139.0
116.0 155.0 159.0 45.0
88.0 104.0 101.0 100.0
72.0 154.0 90.0 104.0
118.0 75.0 156.0 76.0
95.0 59.0 92.0 160.0
65.0 140.0 78.0 132.0
93.0 95.0 144.0 73.0
98.0 54.0 132.0 119.0
92.0 94.0 123.0 88.0
69.0 109.0 89.0 128.0
117.0 111.0 119.0 68.0
73.0 154.0 87.0 107.0
100.0 78.0 120.0 97.0
165.0 108.0 163.0 54.0
87.0 75.0 119.0 105.0
59.0 109.0 106.0 120.0
158.0 75.0 159.0 70.0
112.0 61.0 94.0 122.0
98.0 133.0 132.0 64.0
97.0 101.0 139.0 73.0
114.0 152.0 143.0 50.0
132.0 77.0 133.0 74.0
114.0 92.0 124.0 76.0
75.0 137.0 80.0 122.0
113.0 69.0 146.0 85.0
77.0 132.0 66.0 147.0
143.0 88.0 183.0 61.0
94.0 103.0 162.0 65.0
91.0 61.0 105.0 132.0
115.0 61.0 109.0 108.0
73.0 103.0 80.0 151.0
72.0 98.0 88.0 143.0
122.0 83.0 150.0 70.0
68.0 132.0 106.0 102.0
102.0 60.0 105.0 128.0
71.0 165.0 94.0 100.0
150.0 99.0 140.0 60.0
97.0 107.0 143.0 66.0
94.0 101.0 133.0 77.0
94.0 71.0 83.0 161.0
110.0 71.0 148.0 81.0
106.0 98.0 108.0 88.0
87.0 132.0 80.0 107.0
70.0 128.0 102.0 104.0
89.0 65.0 105.0 138.0
110.0 52.0 111.0 131.0
113.0 154.0 173.0 45.0
81.0 166.0 94.0 91.0
98.0 85.0 95.0 108.0
135.0 67.0 165.0 76.0
75.0 114.0 103.0 105.0
87.0 105.0 109.0 94.0
90.0 101.0 97.0 104.0
77.0 125.0 99.0 101.0
93.0 115.0 104.0 88.0
79.0 105.0 83.0 127.0
92.0 95.0 103.0 99.0
84.0 160.0 89.0 93.0
116.0 63.0 129.0 95.0
79.0 179.0 80.0 104.0
70.0 120.0 108.0 101.0
97.0 132.0 108.0 75.0
121.0 161.0 148.0 46.0
117.0 112.0 163.0 54.0
129.0 44.0 134.0 122.0
140.0 122.0 164.0 49.0
109.0 74.0 114.0 96.0
134.0 47.0 106.0 123.0
95.0 95.0 115.0 90.0
81.0 119.0 107.0 93.0
104.0 95.0 148.0 68.0
91.0 150.0 62.0 116.0
92.0 131.0 95.0 91.0
136.0 78.0 146.0 73.0
107.0 60.0 117.0 110.0
82.0 114.0 97.0 102.0
68.0 102.0 99.0 119.0
101.0 131.0 156.0 53.0
93.0 164.0 120.0 63.0
103.0 131.0 63.0 109.0
155.0 77.0 171.0 68.0
154.0 71.0 160.0 75.0
76.0 134.0 65.0 139.0
140.0 62.0 163.0 82.0
111.0 58.0 127.0 103.0
145.0 151.0 173.0 42.0
92.0 98.0 97.0 103.0
88.0 93.0 92.0 118.0
186.0 57.0 166.0 89.0
91.0 121.0 145.0 64.0
91.0 104.0 91.0 104.0
80.0 158.0 64.0 128.0
117.0 129.0 179.0 49.0
108.0 140.0 161.0 49.0
115.0 122.0 167.0 52.0
136.0 58.0 135.0 94.0
83.0 110.0 125.0 84.0
99.0 109.0 113.0 81.0
103.0 89.0 115.0 89.0
145.0 86.0 151.0 65.0
126.0 130.0 187.0 46.0
94.0 75.0 91.0 135.0
137.0 53.0 148.0 99.0
71.0 141.0 87.0 112.0
131.0 123.0 146.0 52.0
113.0 69.0 119.0 94.0
116.0 70.0 123.0 92.0
104.0 76.0 121.0 90.0
113.0 66.0 126.0 93.0
101.0 57.0 112.0 134.0
81.0 73.0 113.0 126.0
87.0 97.0 104.0 102.0
150.0 91.0 189.0 58.0
119.0 80.0 144.0 76.0
117.0 104.0 138.0 65.0
72.0 126.0 93.0 113.0
100.0 120.0 133.0 66.0
90.0 124.0 115.0 80.0
83.0 149.0 81.0 104.0
158.0 50.0 172.0 101.0
90.0 159.0 65.0 114.0
89.0 84.0 109.0 106.0
105.0 97.0 149.0 67.0
80.0 84.0 88.0 152.0
91.0 86.0 83.0 125.0
126.0 56.0 140.0 97.0
99.0 88.0 121.0 87.0
122.0 169.0 162.0 42.0
66.0 140.0 83.0 122.0
127.0 119.0 171.0 51.0
110.0 166.0 158.0 46.0
90.0 81.0 118.0 99.0
119.0 102.0 129.0 67.0
75.0 96.0 83.0 154.0
85.0 137.0 106.0 85.0
105.0 54.0 121.0 121.0
122.0 82.0 156.0 70.0
154.0 92.0 182.0 60.0
85.0 84.0 119.0 101.0
94.0 120.0 147.0 61.0
65.0 163.0 80.0 124.0
103.0 137.0 126.0 62.0
114.0 54.0 122.0 112.0
78.0 121.0 91.0 111.0
75.0 150.0 73.0 123.0
100.0 79.0 121.0 92.0
123.0 76.0 150.0 75.0
99.0 118.0 136.0 65.0
113.0 84.0 142.0 71.0
109.0 145.0 147.0 51.0
100.0 94.0 122.0 83.0
74.0 95.0 86.0 149.0
99.0 100.0 85.0 106.0
101.0 62.0 116.0 112.0
113.0 56.0 114.0 117.0
68.0 122.0 76.0 161.0
100.0 68.0 94.0 134.0
89.0 77.0 111.0 111.0
95.0 69.0 100.0 121.0
168.0 97.0 176.0 57.0
96.0 84.0 118.0 93.0
115.0 160.0 157.0 46.0
122.0 59.0 139.0 96.0
112.0 115.0 107.0 74.0
158.0 93.0 164.0 59.0
80.0 135.0 79.0 115.0
171.0 57.0 161.0 90.0
88.0 78.0 87.0 144.0
101.0 74.0 138.0 86.0
134.0 111.0 166.0 52.0
104.0 83.0 126.0 87.0
125.0 57.0 150.0 94.0
94.0 81.0 113.0 100.0
94.0 90.0 88.0 117.0
80.0 84.0 92.0 141.0
109.0 55.0 138.0 104.0
101.0 132.0 93.0 83.0
130.0 61.0 86.0 119.0
114.0 105.0 138.0 65.0
84.0 157.0 114.0 74.0
87.0 91.0 86.0 127.0
74.0 146.0 93.0 103.0
98.0 146.0 57.0 117.0
87.0 80.0 86.0 136.0
125.0 128.0 163.0 50.0
109.0 107.0 148.0 59.0
92.0 68.0 95.0 138.0
142.0 81.0 154.0 69.0
133.0 47.0 127.0 115.0
113.0 131.0 128.0 58.0
60.0 116.0 96.0 129.0
90.0 114.0 105.0 91.0
88.0 111.0 109.0 91.0
152.0 58.0 148.0 90.0
91.0 74.0 103.0 123.0
96.0 112.0 100.0 90.0
144.0 66.0 161.0 79.0
131.0 48.0 95.0 129.0
94.0 126.0 132.0 66.0
106.0 50.0 105.0 146.0
81.0 141.0 74.0 118.0
123.0 84.0 117.0 80.0
72.0 167.0 95.0 96.0
81.0 155.0 104.0 84.0
92.0 136.0 101.0 84.0
83.0 147.0 86.0 101.0
104.0 57.0 120.0 116.0
69.0 94.0 93.0 145.0
88.0 70.0 119.0 110.0
84.0 84.0 102.0 120.0
142.0 59.0 162.0 89.0
101.0 135.0 114.0 68.0
74.0 122.0 94.0 111.0
99.0 58.0 107.0 141.0
133.0 79.0 181.0 67.0
84.0 87.0 102.0 114.0
118.0 64.0 150.0 87.0
102.0 68.0 98.0 120.0
90.0 124.0 101.0 90.0
84.0 122.0 156.0 60.0
83.0 108.0 94.0 109.0
114.0 78.0 139.0 78.0
93.0 106.0 75.0 117.0
110.0 54.0 97.0 147.0
131.0 75.0 162.0 73.0
78.0 170.0 81.0 106.0
118.0 120.0 178.0 51.0
98.0 143.0 101.0 75.0
89.0 76.0 103.0 120.0
111.0 76.0 124.0 87.0
69.0 108.0 94.0 123.0
96.0 103.0 147.0 67.0
122.0 60.0 161.0 88.0
88.0 147.0 116.0 71.0
75.0 109.0 111.0 100.0
163.0 59.0 180.0 85.0
102.0 69.0 81.0 157.0
93.0 103.0 73.0 123.0
99.0 130.0 88.0 92.0
94.0 134.0 135.0 64.0
86.0 151.0 100.0 83.0
122.0 70.0 124.0 88.0
117.0 95.0 128.0 71.0
70.0 172.0 99.0 95.0
101.0 151.0 117.0 63.0
127.0 99.0 124.0 68.0
122.0 50.0 107.0 127.0
77.0 159.0 94.0 96.0
103.0 142.0 144.0 53.0
94.0 66.0 94.0 151.0
100.0 84.0 105.0 100.0
90.0 74.0 98.0 133.0
109.0 137.0 123.0 60.0
92.0 132.0 91.0 93.0
111.0 148.0 129.0 52.0
83.0 153.0 73.0 113.0
101.0 71.0 152.0 84.0
102.0 73.0 110.0 103.0
87.0 122.0 145.0 65.0
94.0 101.0 118.0 83.0
75.0 86.0 116.0 112.0
109.0 116.0 128.0 64.0
104.0 82.0 150.0 76.0
84.0 164.0 86.0 96.0
81.0 88.0 82.0 146.0
164.0 92.0 173.0 59.0
110.0 53.0 126.0 113.0
86.0 165.0 56.0 124.0
122.0 44.0 120.0 149.0
89.0 162.0 112.0 73.0
94.0 130.0 119.0 73.0
98.0 103.0 124.0 77.0
103.0 101.0 131.0 74.0
