43.0 149.0 172.0 131.0
70.0 95.0 93.0 124.0
65.0 99.0 85.0 173.0
134.0 93.0 98.0 64.0
130.0 106.0 106.0 58.0
103.0 90.0 97.0 84.0
78.0 161.0 136.0 62.0
127.0 74.0 98.0 86.0
74.0 97.0 89.0 121.0
78.0 85.0 78.0 165.0
91.0 101.0 105.0 82.0
64.0 153.0 136.0 84.0
107.0 88.0 66.0 126.0
97.0 137.0 122.0 50.0
82.0 86.0 86.0 127.0
75.0 147.0 103.0 75.0
49.0 165.0 162.0 111.0
106.0 80.0 85.0 107.0
48.0 113.0 142.0 132.0
64.0 123.0 99.0 106.0
110.0 115.0 111.0 58.0
69.0 95.0 85.0 144.0
51.0 143.0 115.0 120.0
60.0 87.0 106.0 146.0
84.0 88.0 71.0 150.0
93.0 106.0 91.0 80.0
64.0 104.0 108.0 109.0
87.0 92.0 88.0 100.0
146.0 75.0 85.0 97.0
75.0 152.0 128.0 70.0
56.0 127.0 131.0 110.0
83.0 89.0 98.0 103.0
57.0 131.0 100.0 118.0
107.0 93.0 99.0 77.0
120.0 72.0 86.0 109.0
152.0 74.0 76.0 110.0
73.0 85.0 85.0 185.0
97.0 93.0 58.0 157.0
62.0 150.0 154.0 86.0
66.0 137.0 133.0 85.0
62.0 122.0 109.0 105.0
117.0 90.0 96.0 74.0
68.0 148.0 121.0 81.0
73.0 136.0 133.0 73.0
60.0 125.0 109.0 108.0
54.0 102.0 102.0 157.0
81.0 115.0 95.0 86.0
134.0 71.0 67.0 131.0
61.0 85.0 105.0 146.0
75.0 111.0 108.0 89.0
107.0 105.0 125.0 59.0
85.0 143.0 120.0 60.0
130.0 62.0 86.0 123.0
166.0 123.0 157.0 45.0
68.0 168.0 117.0 79.0
75.0 145.0 144.0 65.0
92.0 138.0 103.0 61.0
112.0 116.0 133.0 49.0
79.0 121.0 130.0 70.0
132.0 117.0 112.0 49.0
84.0 133.0 113.0 67.0
74.0 81.0 96.0 140.0
133.0 84.0 86.0 86.0
113.0 116.0 97.0 64.0
71.0 104.0 88.0 119.0
79.0 87.0 85.0 133.0
77.0 111.0 102.0 90.0
60.0 125.0 103.0 109.0
88.0 82.0 79.0 132.0
83.0 108.0 96.0 90.0
58.0 112.0 108.0 120.0
64.0 90.0 114.0 118.0
47.0 125.0 127.0 146.0
141.0 103.0 101.0 57.0
77.0 101.0 96.0 99.0
58.0 143.0 153.0 97.0
76.0 160.0 157.0 61.0
57.0 97.0 97.0 160.0
95.0 114.0 94.0 77.0
66.0 157.0 127.0 82.0
50.0 103.0 133.0 135.0
62.0 85.0 112.0 131.0
79.0 158.0 118.0 65.0
107.0 99.0 110.0 70.0
107.0 83.0 64.0 135.0
75.0 109.0 112.0 88.0
91.0 134.0 118.0 58.0
46.0 140.0 120.0 145.0
131.0 92.0 73.0 96.0
88.0 81.0 94.0 111.0
90.0 91.0 91.0 97.0
48.0 172.0 147.0 115.0
72.0 145.0 150.0 71.0
63.0 140.0 113.0 95.0
40.0 154.0 169.0 149.0
115.0 83.0 86.0 97.0
85.0 129.0 92.0 78.0
77.0 92.0 86.0 123.0
50.0 139.0 144.0 117.0
70.0 103.0 93.0 111.0
116.0 110.0 121.0 53.0
53.0 149.0 123.0 114.0
73.0 135.0 152.0 70.0
86.0 84.0 71.0 161.0
54.0 134.0 131.0 112.0
74.0 99.0 92.0 109.0
99.0 103.0 104.0 75.0
108.0 80.0 65.0 142.0
52.0 166.0 161.0 101.0
132.0 105.0 105.0 57.0
72.0 121.0 107.0 88.0
71.0 115.0 128.0 85.0
61.0 86.0 103.0 154.0
92.0 96.0 101.0 87.0
132.0 78.0 96.0 79.0
93.0 87.0 68.0 139.0
107.0 130.0 92.0 60.0
81.0 94.0 97.0 99.0
80.0 77.0 88.0 145.0
58.0 120.0 121.0 109.0
56.0 113.0 103.0 132.0
72.0 98.0 83.0 126.0
109.0 81.0 101.0 79.0
72.0 134.0 108.0 84.0
112.0 91.0 94.0 77.0
81.0 157.0 110.0 60.0
110.0 89.0 104.0 75.0
123.0 85.0 58.0 134.0
91.0 88.0 80.0 111.0
93.0 77.0 89.0 117.0
134.0 84.0 98.0 67.0
146.0 68.0 64.0 167.0
134.0 76.0 59.0 148.0
71.0 100.0 104.0 104.0
52.0 167.0 142.0 104.0
117.0 83.0 82.0 97.0
68.0 110.0 109.0 100.0
61.0 103.0 97.0 125.0
45.0 118.0 134.0 157.0
113.0 80.0 66.0 135.0
82.0 134.0 123.0 62.0
131.0 75.0 62.0 144.0
73.0 96.0 92.0 121.0
48.0 112.0 132.0 142.0
78.0 90.0 84.0 125.0
118.0 113.0 93.0 65.0
67.0 125.0 105.0 94.0
93.0 132.0 102.0 64.0
115.0 88.0 98.0 75.0
95.0 128.0 104.0 63.0
43.0 152.0 158.0 135.0
92.0 135.0 116.0 59.0
84.0 80.0 103.0 108.0
144.0 128.0 138.0 46.0
145.0 70.0 82.0 110.0
103.0 86.0 76.0 113.0
123.0 84.0 64.0 125.0
117.0 113.0 108.0 55.0
131.0 93.0 78.0 87.0
70.0 94.0 105.0 110.0
48.0 154.0 154.0 118.0
76.0 110.0 91.0 97.0
56.0 124.0 115.0 116.0
93.0 79.0 86.0 118.0
59.0 113.0 118.0 110.0
91.0 132.0 109.0 64.0
47.0 116.0 125.0 156.0
76.0 88.0 95.0 121.0
72.0 165.0 123.0 73.0
91.0 83.0 70.0 163.0
43.0 153.0 172.0 129.0
106.0 104.0 98.0 73.0
105.0 108.0 119.0 61.0
90.0 105.0 97.0 84.0
95.0 84.0 84.0 108.0
68.0 104.0 91.0 112.0
68.0 77.0 107.0 136.0
107.0 89.0 88.0 88.0
51.0 127.0 132.0 119.0
68.0 139.0 112.0 87.0
69.0 104.0 101.0 105.0
87.0 159.0 124.0 56.0
71.0 102.0 90.0 119.0
86.0 133.0 96.0 73.0
140.0 87.0 82.0 85.0
145.0 67.0 85.0 110.0
61.0 148.0 102.0 101.0
94.0 92.0 65.0 135.0
119.0 81.0 94.0 88.0
59.0 137.0 114.0 104.0
101.0 90.0 119.0 74.0
83.0 116.0 94.0 84.0
126.0 109.0 94.0 63.0
76.0 151.0 142.0 64.0
80.0 157.0 136.0 58.0
113.0 90.0 86.0 89.0
143.0 79.0 67.0 121.0
54.0 119.0 113.0 122.0
76.0 113.0 98.0 92.0
154.0 82.0 88.0 81.0
74.0 93.0 85.0 136.0
63.0 155.0 144.0 83.0
105.0 78.0 77.0 126.0
106.0 81.0 65.0 140.0
77.0 88.0 81.0 139.0
83.0 97.0 99.0 94.0
99.0 92.0 101.0 83.0
113.0 113.0 106.0 57.0
55.0 111.0 102.0 135.0
76.0 131.0 115.0 75.0
124.0 85.0 77.0 102.0
72.0 97.0 104.0 106.0
122.0 85.0 95.0 78.0
63.0 114.0 103.0 111.0
50.0 171.0 166.0 106.0
117.0 78.0 75.0 118.0
139.0 101.0 99.0 61.0
74.0 88.0 91.0 132.0
79.0 153.0 162.0 61.0
131.0 107.0 105.0 54.0
106.0 138.0 120.0 49.0
129.0 96.0 86.0 75.0
74.0 85.0 84.0 159.0
63.0 91.0 101.0 139.0
75.0 102.0 98.0 103.0
90.0 94.0 98.0 91.0
69.0 107.0 103.0 104.0
91.0 78.0 84.0 125.0
104.0 122.0 101.0 65.0
79.0 78.0 91.0 137.0
71.0 158.0 120.0 75.0
75.0 88.0 90.0 126.0
117.0 116.0 99.0 61.0
66.0 86.0 95.0 164.0
66.0 107.0 100.0 106.0
140.0 70.0 73.0 126.0
69.0 153.0 143.0 76.0
105.0 92.0 104.0 75.0
55.0 139.0 141.0 106.0
91.0 135.0 109.0 60.0
57.0 129.0 110.0 111.0
83.0 140.0 108.0 69.0
79.0 86.0 96.0 110.0
66.0 104.0 80.0 140.0
73.0 82.0 108.0 118.0
106.0 75.0 98.0 96.0
86.0 106.0 90.0 90.0
79.0 130.0 115.0 74.0
107.0 112.0 99.0 67.0
67.0 149.0 140.0 79.0
97.0 124.0 105.0 65.0
101.0 91.0 80.0 102.0
68.0 164.0 153.0 75.0
57.0 146.0 152.0 97.0
61.0 106.0 105.0 117.0
44.0 134.0 144.0 145.0
77.0 114.0 105.0 87.0
118.0 83.0 80.0 97.0
76.0 84.0 87.0 149.0
126.0 68.0 87.0 110.0
81.0 92.0 97.0 102.0
130.0 125.0 126.0 47.0
76.0 86.0 89.0 126.0
78.0 88.0 88.0 124.0
98.0 117.0 105.0 66.0
45.0 148.0 167.0 124.0
67.0 112.0 108.0 99.0
88.0 94.0 85.0 108.0
161.0 130.0 152.0 45.0
73.0 84.0 88.0 147.0
56.0 102.0 103.0 140.0
56.0 112.0 90.0 154.0
71.0 136.0 123.0 80.0
57.0 149.0 160.0 95.0
99.0 86.0 100.0 86.0
91.0 92.0 85.0 104.0
45.0 140.0 135.0 140.0
125.0 87.0 93.0 76.0
73.0 125.0 97.0 89.0
124.0 84.0 86.0 91.0
91.0 131.0 111.0 63.0
62.0 110.0 113.0 107.0
100.0 76.0 77.0 138.0
135.0 73.0 61.0 154.0
80.0 120.0 106.0 80.0
128.0 136.0 135.0 46.0
58.0 148.0 122.0 102.0
71.0 94.0 82.0 154.0
58.0 144.0 129.0 101.0
137.0 72.0 75.0 118.0
128.0 87.0 104.0 71.0
70.0 95.0 83.0 148.0
62.0 112.0 77.0 148.0
95.0 127.0 99.0 67.0
52.0 105.0 125.0 136.0
81.0 132.0 127.0 66.0
97.0 99.0 104.0 78.0
80.0 76.0 90.0 137.0
89.0 106.0 97.0 85.0
63.0 117.0 134.0 97.0
98.0 69.0 92.0 117.0
85.0 83.0 94.0 113.0
129.0 105.0 99.0 60.0
96.0 82.0 103.0 91.0
65.0 150.0 148.0 80.0
81.0 125.0 110.0 76.0
95.0 84.0 70.0 142.0
77.0 99.0 100.0 98.0
106.0 82.0 63.0 148.0
102.0 131.0 93.0 63.0
110.0 87.0 79.0 104.0
108.0 88.0 73.0 108.0
86.0 83.0 73.0 153.0
64.0 95.0 89.0 177.0
66.0 99.0 94.0 126.0
110.0 121.0 107.0 57.0
54.0 119.0 124.0 119.0
76.0 118.0 103.0 87.0
100.0 84.0 96.0 88.0
95.0 81.0 85.0 115.0
58.0 109.0 94.0 134.0
59.0 156.0 157.0 92.0
74.0 130.0 105.0 82.0
158.0 94.0 95.0 65.0
109.0 83.0 65.0 130.0
87.0 126.0 111.0 68.0
93.0 119.0 106.0 70.0
73.0 111.0 90.0 101.0
57.0 97.0 105.0 146.0
63.0 94.0 111.0 119.0
110.0 136.0 103.0 51.0
87.0 129.0 115.0 66.0
104.0 87.0 110.0 76.0
49.0 156.0 143.0 117.0
107.0 104.0 94.0 74.0
148.0 72.0 70.0 125.0
104.0 104.0 102.0 73.0
76.0 132.0 129.0 72.0
79.0 91.0 88.0 119.0
115.0 103.0 106.0 65.0
73.0 99.0 96.0 109.0
73.0 94.0 90.0 124.0
74.0 141.0 150.0 69.0
95.0 96.0 56.0 154.0
139.0 97.0 95.0 62.0
128.0 71.0 65.0 164.0
99.0 137.0 95.0 59.0
131.0 149.0 147.0 45.0
62.0 95.0 119.0 113.0
92.0 84.0 88.0 109.0
84.0 102.0 98.0 93.0
71.0 93.0 84.0 146.0
49.0 155.0 173.0 109.0
109.0 93.0 64.0 115.0
76.0 108.0 91.0 100.0
60.0 146.0 146.0 91.0
62.0 107.0 115.0 110.0
118.0 98.0 103.0 66.0
69.0 106.0 105.0 103.0
46.0 122.0 139.0 131.0
78.0 122.0 111.0 78.0
71.0 87.0 92.0 137.0
75.0 100.0 74.0 146.0
137.0 80.0 73.0 109.0
55.0 117.0 102.0 134.0
62.0 133.0 107.0 102.0
123.0 98.0 96.0 66.0
50.0 99.0 127.0 161.0
126.0 130.0 146.0 46.0
87.0 132.0 114.0 65.0
77.0 116.0 100.0 89.0
115.0 79.0 60.0 148.0
79.0 102.0 109.0 91.0
98.0 85.0 67.0 145.0
52.0 139.0 136.0 113.0
100.0 130.0 127.0 50.0
43.0 140.0 143.0 136.0
151.0 84.0 92.0 72.0
88.0 101.0 97.0 87.0
75.0 99.0 89.0 115.0
68.0 135.0 127.0 84.0
94.0 125.0 103.0 66.0
131.0 116.0 105.0 51.0
61.0 93.0 103.0 137.0
77.0 151.0 116.0 66.0
100.0 114.0 111.0 64.0
110.0 86.0 89.0 91.0
106.0 74.0 82.0 118.0
89.0 83.0 82.0 121.0
92.0 86.0 99.0 94.0
111.0 91.0 83.0 93.0
110.0 77.0 67.0 145.0
62.0 134.0 120.0 98.0
61.0 153.0 142.0 90.0
75.0 126.0 131.0 73.0
114.0 77.0 68.0 132.0
68.0 137.0 105.0 89.0
79.0 112.0 114.0 81.0
71.0 177.0 146.0 68.0
65.0 149.0 123.0 87.0
67.0 92.0 88.0 162.0
98.0 89.0 86.0 92.0
51.0 151.0 137.0 112.0
86.0 164.0 132.0 57.0
87.0 115.0 111.0 74.0
59.0 98.0 102.0 137.0
46.0 170.0 173.0 118.0
97.0 111.0 98.0 75.0
70.0 98.0 96.0 118.0
54.0 133.0 112.0 115.0
80.0 114.0 95.0 89.0
54.0 160.0 151.0 100.0
155.0 117.0 124.0 47.0
90.0 129.0 116.0 64.0
64.0 170.0 157.0 79.0
57.0 147.0 133.0 100.0
109.0 131.0 125.0 49.0
61.0 108.0 112.0 115.0
97.0 87.0 83.0 106.0
65.0 139.0 123.0 89.0
62.0 96.0 110.0 115.0
92.0 111.0 98.0 78.0
85.0 86.0 79.0 136.0
106.0 111.0 119.0 60.0
64.0 95.0 90.0 147.0
70.0 104.0 104.0 103.0
149.0 64.0 68.0 157.0
94.0 109.0 108.0 73.0
79.0 139.0 109.0 71.0
106.0 83.0 77.0 112.0
51.0 123.0 120.0 124.0
128.0 89.0 73.0 101.0
56.0 134.0 109.0 113.0
71.0 125.0 108.0 89.0
112.0 82.0 61.0 149.0
75.0 112.0 98.0 96.0
93.0 92.0 100.0 87.0
102.0 87.0 80.0 107.0
107.0 104.0 82.0 80.0
76.0 132.0 123.0 74.0
94.0 142.0 128.0 53.0
68.0 81.0 111.0 122.0
113.0 70.0 71.0 153.0
105.0 114.0 106.0 64.0
49.0 152.0 133.0 118.0
80.0 112.0 99.0 88.0
88.0 103.0 93.0 88.0
107.0 89.0 110.0 73.0
50.0 159.0 150.0 113.0
86.0 134.0 114.0 65.0
52.0 112.0 122.0 128.0
63.0 143.0 131.0 89.0
68.0 116.0 98.0 103.0
86.0 100.0 90.0 95.0
53.0 131.0 130.0 116.0
116.0 74.0 70.0 135.0
109.0 73.0 104.0 87.0
116.0 78.0 96.0 92.0
78.0 127.0 118.0 76.0
103.0 109.0 101.0 72.0
116.0 78.0 73.0 124.0
61.0 139.0 130.0 95.0
58.0 107.0 101.0 132.0
73.0 145.0 124.0 73.0
91.0 122.0 104.0 71.0
68.0 105.0 89.0 120.0
112.0 84.0 87.0 95.0
86.0 121.0 97.0 80.0
146.0 89.0 86.0 76.0
110.0 83.0 69.0 127.0
85.0 150.0 121.0 58.0
93.0 120.0 103.0 71.0
89.0 133.0 116.0 61.0
59.0 160.0 140.0 94.0
120.0 124.0 139.0 47.0
132.0 93.0 79.0 82.0
44.0 112.0 146.0 177.0
80.0 88.0 98.0 105.0
55.0 162.0 165.0 96.0
45.0 137.0 126.0 151.0
87.0 111.0 105.0 81.0
122.0 118.0 109.0 51.0
68.0 104.0 101.0 107.0
79.0 159.0 130.0 64.0
93.0 108.0 99.0 79.0
66.0 109.0 126.0 97.0
99.0 113.0 88.0 76.0
86.0 84.0 75.0 145.0
86.0 85.0 86.0 115.0
53.0 95.0 116.0 150.0
93.0 80.0 87.0 112.0
117.0 89.0 81.0 94.0
124.0 108.0 106.0 58.0
96.0 110.0 110.0 71.0
71.0 99.0 89.0 123.0
50.0 121.0 144.0 123.0
115.0 99.0 104.0 68.0
101.0 110.0 102.0 71.0
51.0 112.0 119.0 145.0
57.0 127.0 134.0 103.0
71.0 86.0 94.0 129.0
63.0 98.0 105.0 124.0
67.0 105.0 76.0 148.0
71.0 101.0 92.0 111.0
87.0 90.0 71.0 137.0
58.0 133.0 123.0 106.0
77.0 125.0 107.0 81.0
52.0 114.0 118.0 134.0
85.0 129.0 116.0 68.0
92.0 80.0 79.0 126.0
72.0 154.0 115.0 75.0
66.0 156.0 146.0 79.0
45.0 149.0 148.0 127.0
72.0 119.0 116.0 86.0
63.0 125.0 110.0 100.0
82.0 135.0 121.0 67.0
90.0 142.0 117.0 56.0
75.0 81.0 90.0 150.0
95.0 97.0 92.0 87.0
79.0 105.0 98.0 94.0
85.0 136.0 115.0 64.0
71.0 139.0 152.0 74.0
56.0 137.0 140.0 102.0
51.0 127.0 121.0 122.0
133.0 104.0 111.0 52.0
47.0 142.0 135.0 127.0
100.0 126.0 121.0 55.0
65.0 96.0 95.0 129.0
71.0 99.0 96.0 110.0
107.0 84.0 95.0 81.0
95.0 77.0 72.0 166.0
85.0 119.0 112.0 73.0
61.0 113.0 109.0 114.0
109.0 109.0 105.0 64.0
148.0 82.0 86.0 85.0
44.0 113.0 146.0 170.0
94.0 102.0 103.0 79.0
72.0 92.0 87.0 134.0
87.0 134.0 110.0 66.0
86.0 83.0 90.0 114.0
69.0 115.0 99.0 97.0
47.0 121.0 137.0 140.0
78.0 113.0 106.0 85.0
67.0 104.0 87.0 125.0
83.0 140.0 96.0 73.0
133.0 76.0 89.0 94.0
137.0 87.0 84.0 83.0
60.0 109.0 88.0 143.0
137.0 102.0 104.0 56.0
150.0 88.0 88.0 73.0
71.0 98.0 104.0 107.0
104.0 85.0 61.0 145.0
90.0 116.0 112.0 70.0
88.0 84.0 91.0 111.0
88.0 88.0 80.0 116.0
113.0 87.0 85.0 94.0
92.0 126.0 104.0 65.0
94.0 87.0 93.0 99.0
78.0 104.0 108.0 91.0
127.0 80.0 112.0 71.0
119.0 92.0 79.0 92.0
106.0 81.0 70.0 134.0
97.0 83.0 70.0 144.0
75.0 91.0 93.0 122.0
123.0 105.0 102.0 59.0
58.0 124.0 104.0 114.0
98.0 109.0 103.0 73.0
59.0 107.0 85.0 157.0
72.0 86.0 89.0 147.0
76.0 94.0 87.0 123.0
68.0 155.0 138.0 78.0
95.0 119.0 102.0 71.0
81.0 91.0 88.0 116.0
62.0 158.0 110.0 94.0
77.0 123.0 111.0 80.0
88.0 149.0 123.0 55.0
69.0 100.0 100.0 110.0
87.0 117.0 107.0 75.0
89.0 81.0 97.0 106.0
78.0 98.0 94.0 102.0
155.0 80.0 80.0 93.0
84.0 133.0 122.0 63.0
128.0 92.0 75.0 94.0
75.0 133.0 114.0 76.0
67.0 95.0 98.0 123.0
104.0 109.0 86.0 77.0
57.0 104.0 104.0 137.0
89.0 100.0 95.0 89.0
61.0 104.0 91.0 143.0
64.0 94.0 114.0 112.0
120.0 78.0 63.0 136.0
67.0 106.0 83.0 126.0
87.0 82.0 83.0 131.0
57.0 115.0 117.0 117.0
87.0 147.0 113.0 60.0
113.0 112.0 132.0 49.0
83.0 115.0 111.0 78.0
133.0 74.0 71.0 127.0
53.0 121.0 111.0 132.0
88.0 110.0 104.0 76.0
109.0 71.0 81.0 129.0
149.0 72.0 82.0 101.0
72.0 87.0 98.0 124.0
61.0 160.0 149.0 88.0
95.0 80.0 75.0 138.0
83.0 81.0 100.0 110.0
90.0 101.0 93.0 90.0
126.0 82.0 102.0 73.0
72.0 90.0 84.0 158.0
132.0 75.0 63.0 138.0
44.0 146.0 146.0 129.0
114.0 104.0 125.0 56.0
64.0 142.0 129.0 88.0
93.0 85.0 86.0 108.0
88.0 106.0 98.0 83.0
69.0 77.0 114.0 121.0
88.0 140.0 111.0 62.0
55.0 165.0 126.0 104.0
70.0 163.0 121.0 76.0
56.0 102.0 99.0 172.0
56.0 104.0 99.0 146.0
110.0 109.0 99.0 68.0
56.0 116.0 120.0 117.0
75.0 101.0 85.0 116.0
85.0 87.0 87.0 115.0
82.0 106.0 122.0 79.0
87.0 85.0 92.0 109.0
145.0 82.0 93.0 77.0
82.0 90.0 72.0 161.0
60.0 155.0 150.0 89.0
68.0 122.0 113.0 92.0
65.0 132.0 114.0 95.0
87.0 86.0 89.0 113.0
43.0 169.0 174.0 128.0
74.0 84.0 86.0 151.0
58.0 160.0 155.0 94.0
70.0 123.0 125.0 84.0
83.0 83.0 82.0 140.0
120.0 80.0 86.0 95.0
103.0 91.0 99.0 83.0
130.0 89.0 101.0 69.0
125.0 69.0 79.0 124.0
92.0 108.0 99.0 81.0
55.0 137.0 135.0 108.0
54.0 104.0 114.0 139.0
136.0 72.0 63.0 141.0
43.0 128.0 137.0 158.0
88.0 144.0 112.0 59.0
47.0 145.0 135.0 125.0
105.0 84.0 69.0 131.0
64.0 94.0 92.0 139.0
125.0 95.0 102.0 64.0
95.0 126.0 99.0 69.0
70.0 102.0 108.0 102.0
132.0 92.0 85.0 76.0
81.0 88.0 73.0 166.0
70.0 139.0 121.0 83.0
113.0 123.0 114.0 53.0
85.0 83.0 97.0 109.0
64.0 125.0 111.0 97.0
40.0 152.0 175.0 147.0
72.0 90.0 103.0 110.0
54.0 176.0 166.0 96.0
118.0 118.0 88.0 65.0
62.0 144.0 124.0 94.0
106.0 104.0 108.0 66.0
74.0 88.0 107.0 107.0
64.0 130.0 107.0 96.0
85.0 75.0 89.0 139.0
133.0 140.0 155.0 45.0
57.0 98.0 112.0 129.0
44.0 131.0 131.0 152.0
76.0 103.0 97.0 99.0
115.0 108.0 105.0 63.0
91.0 105.0 96.0 86.0
58.0 131.0 115.0 107.0
107.0 110.0 106.0 65.0
63.0 156.0 125.0 86.0
77.0 81.0 99.0 122.0
123.0 98.0 70.0 93.0
49.0 151.0 124.0 120.0
65.0 109.0 92.0 120.0
101.0 112.0 87.0 77.0
87.0 107.0 95.0 86.0
83.0 99.0 108.0 89.0
97.0 127.0 103.0 64.0
80.0 131.0 113.0 73.0
157.0 71.0 87.0 94.0
68.0 103.0 84.0 134.0
117.0 102.0 102.0 67.0
45.0 144.0 167.0 126.0
86.0 85.0 95.0 105.0
85.0 117.0 116.0 72.0
42.0 137.0 157.0 136.0
98.0 79.0 75.0 135.0
76.0 120.0 99.0 88.0
68.0 167.0 136.0 76.0
117.0 138.0 101.0 50.0
118.0 106.0 104.0 64.0
136.0 132.0 111.0 48.0
72.0 164.0 118.0 74.0
82.0 84.0 83.0 136.0
111.0 83.0 81.0 104.0
80.0 112.0 95.0 92.0
96.0 107.0 97.0 79.0
44.0 168.0 163.0 127.0
80.0 108.0 103.0 88.0
92.0 91.0 62.0 158.0
151.0 65.0 68.0 155.0
96.0 97.0 92.0 86.0
88.0 101.0 93.0 91.0
81.0 102.0 102.0 91.0
114.0 85.0 61.0 129.0
109.0 118.0 109.0 59.0
85.0 110.0 125.0 71.0
88.0 76.0 87.0 122.0
97.0 78.0 102.0 94.0
70.0 89.0 97.0 132.0
106.0 84.0 83.0 100.0
65.0 123.0 128.0 92.0
118.0 109.0 88.0 68.0
110.0 135.0 117.0 49.0
83.0 132.0 120.0 66.0
111.0 119.0 91.0 66.0
73.0 101.0 84.0 123.0
53.0 102.0 110.0 149.0
82.0 93.0 70.0 149.0
61.0 121.0 102.0 108.0
50.0 165.0 132.0 115.0
108.0 85.0 102.0 79.0
91.0 94.0 94.0 91.0
127.0 134.0 115.0 48.0
80.0 138.0 123.0 66.0
95.0 85.0 73.0 122.0
95.0 75.0 97.0 102.0
134.0 76.0 68.0 123.0
40.0 142.0 168.0 155.0
96.0 86.0 69.0 137.0
63.0 87.0 106.0 136.0
65.0 103.0 89.0 128.0
54.0 107.0 96.0 160.0
46.0 147.0 153.0 126.0
111.0 80.0 62.0 154.0
101.0 106.0 97.0 75.0
69.0 102.0 85.0 133.0
118.0 111.0 120.0 52.0
72.0 91.0 101.0 118.0
92.0 130.0 97.0 69.0
74.0 140.0 127.0 74.0
149.0 78.0 90.0 84.0
88.0 129.0 103.0 68.0
78.0 124.0 107.0 79.0
123.0 102.0 85.0 73.0
54.0 93.0 114.0 147.0
110.0 83.0 72.0 117.0
53.0 132.0 123.0 119.0
86.0 96.0 89.0 97.0
103.0 86.0 66.0 136.0
62.0 86.0 101.0 158.0
104.0 88.0 81.0 105.0
70.0 130.0 117.0 85.0
154.0 89.0 102.0 63.0
51.0 107.0 120.0 149.0
73.0 132.0 123.0 76.0
73.0 111.0 94.0 97.0
114.0 94.0 110.0 68.0
41.0 132.0 169.0 149.0
61.0 89.0 109.0 132.0
55.0 107.0 114.0 129.0
53.0 102.0 113.0 142.0
62.0 154.0 125.0 92.0
131.0 75.0 63.0 141.0
81.0 84.0 85.0 132.0
93.0 77.0 87.0 121.0
102.0 129.0 126.0 51.0
68.0 102.0 86.0 126.0
100.0 77.0 80.0 118.0
87.0 112.0 107.0 78.0
148.0 79.0 89.0 85.0
133.0 113.0 111.0 49.0
65.0 151.0 129.0 83.0
54.0 126.0 101.0 129.0
88.0 112.0 100.0 77.0
119.0 115.0 122.0 49.0
78.0 90.0 93.0 111.0
64.0 100.0 98.0 124.0
104.0 84.0 63.0 137.0
154.0 84.0 76.0 94.0
116.0 131.0 132.0 48.0
84.0 131.0 96.0 76.0
69.0 118.0 112.0 91.0
107.0 107.0 109.0 65.0
77.0 110.0 112.0 84.0
99.0 92.0 96.0 84.0
66.0 165.0 161.0 76.0
58.0 125.0 109.0 110.0
89.0 127.0 101.0 73.0
55.0 137.0 119.0 111.0
60.0 92.0 106.0 136.0
91.0 104.0 105.0 80.0
88.0 90.0 80.0 113.0
70.0 94.0 85.0 140.0
60.0 139.0 113.0 101.0
92.0 99.0 99.0 86.0
118.0 89.0 79.0 94.0
91.0 114.0 100.0 74.0
112.0 88.0 59.0 126.0
138.0 96.0 108.0 58.0
129.0 84.0 71.0 109.0
95.0 105.0 90.0 81.0
57.0 172.0 170.0 91.0
78.0 108.0 95.0 95.0
129.0 79.0 78.0 102.0
124.0 95.0 93.0 72.0
103.0 79.0 77.0 121.0
69.0 127.0 110.0 87.0
56.0 132.0 121.0 111.0
117.0 76.0 62.0 151.0
54.0 161.0 132.0 103.0
105.0 107.0 96.0 72.0
104.0 100.0 104.0 74.0
54.0 135.0 107.0 120.0
137.0 84.0 82.0 90.0
57.0 105.0 120.0 119.0
145.0 72.0 73.0 122.0
57.0 93.0 102.0 158.0
98.0 83.0 63.0 169.0
110.0 131.0 155.0 48.0
42.0 133.0 156.0 163.0
50.0 122.0 131.0 125.0
138.0 68.0 79.0 117.0
98.0 95.0 99.0 82.0
53.0 118.0 135.0 120.0
81.0 83.0 101.0 109.0
84.0 95.0 95.0 96.0
124.0 82.0 101.0 76.0
130.0 110.0 114.0 51.0
86.0 123.0 95.0 80.0
60.0 112.0 96.0 120.0
114.0 92.0 119.0 64.0
75.0 97.0 100.0 106.0
53.0 102.0 107.0 160.0
124.0 139.0 138.0 46.0
72.0 135.0 110.0 80.0
74.0 155.0 155.0 66.0
94.0 127.0 123.0 58.0
77.0 88.0 93.0 121.0
103.0 76.0 71.0 144.0
57.0 129.0 116.0 110.0
116.0 81.0 70.0 124.0
115.0 102.0 105.0 67.0
83.0 117.0 111.0 75.0
49.0 103.0 112.0 164.0
80.0 122.0 127.0 70.0
104.0 104.0 113.0 67.0
94.0 137.0 102.0 62.0
104.0 133.0 116.0 53.0
68.0 117.0 108.0 96.0
89.0 85.0 108.0 93.0
66.0 118.0 105.0 101.0
84.0 121.0 113.0 73.0
60.0 119.0 126.0 103.0
131.0 95.0 93.0 69.0
124.0 115.0 115.0 49.0
99.0 84.0 68.0 140.0
88.0 127.0 103.0 71.0
63.0 147.0 120.0 94.0
143.0 76.0 65.0 128.0
123.0 72.0 77.0 121.0
61.0 133.0 109.0 103.0
65.0 106.0 81.0 136.0
98.0 94.0 79.0 99.0
62.0 85.0 103.0 150.0
96.0 80.0 83.0 111.0
122.0 75.0 75.0 124.0
73.0 98.0 100.0 108.0
71.0 115.0 101.0 96.0
60.0 91.0 108.0 128.0
99.0 81.0 89.0 103.0
75.0 90.0 87.0 135.0
93.0 140.0 113.0 56.0
62.0 166.0 136.0 87.0
50.0 158.0 169.0 110.0
64.0 118.0 103.0 107.0
52.0 159.0 143.0 108.0
72.0 94.0 96.0 119.0
107.0 80.0 64.0 159.0
87.0 135.0 114.0 64.0
80.0 122.0 102.0 81.0
51.0 112.0 122.0 139.0
82.0 97.0 101.0 96.0
53.0 140.0 155.0 104.0
120.0 110.0 99.0 63.0
61.0 108.0 99.0 119.0
131.0 87.0 80.0 88.0
91.0 142.0 128.0 55.0
81.0 143.0 107.0 68.0
101.0 110.0 114.0 65.0
50.0 145.0 129.0 118.0
131.0 86.0 103.0 68.0
97.0 138.0 96.0 58.0
56.0 134.0 142.0 105.0
61.0 110.0 95.0 120.0
90.0 111.0 99.0 78.0
146.0 87.0 68.0 105.0
61.0 127.0 119.0 102.0
125.0 81.0 92.0 86.0
92.0 82.0 79.0 123.0
61.0 102.0 118.0 115.0
121.0 93.0 83.0 84.0
70.0 120.0 107.0 90.0
85.0 131.0 113.0 69.0
48.0 150.0 139.0 122.0
73.0 99.0 79.0 141.0
84.0 83.0 80.0 140.0
123.0 119.0 116.0 49.0
73.0 137.0 114.0 79.0
96.0 112.0 106.0 72.0
76.0 91.0 93.0 119.0
145.0 68.0 66.0 139.0
147.0 68.0 64.0 164.0
119.0 110.0 114.0 53.0
56.0 94.0 105.0 178.0
77.0 91.0 101.0 105.0
88.0 88.0 84.0 112.0
52.0 100.0 110.0 156.0
42.0 135.0 155.0 149.0
88.0 77.0 85.0 130.0
66.0 101.0 97.0 114.0
62.0 143.0 124.0 95.0
76.0 124.0 109.0 81.0
66.0 121.0 103.0 98.0
69.0 94.0 87.0 136.0
81.0 117.0 95.0 83.0
78.0 115.0 120.0 77.0
78.0 117.0 108.0 83.0
69.0 113.0 107.0 95.0
86.0 107.0 119.0 75.0
93.0 89.0 77.0 117.0
79.0 91.0 71.0 163.0
138.0 80.0 86.0 88.0
47.0 160.0 178.0 114.0
69.0 145.0 117.0 83.0
47.0 142.0 150.0 124.0
91.0 90.0 94.0 95.0
118.0 82.0 90.0 91.0
72.0 105.0 97.0 104.0
81.0 138.0 108.0 72.0
58.0 107.0 104.0 127.0
108.0 128.0 101.0 59.0
76.0 84.0 93.0 125.0
115.0 99.0 92.0 74.0
70.0 152.0 140.0 75.0
62.0 87.0 108.0 132.0
80.0 99.0 65.0 158.0
117.0 77.0 74.0 123.0
107.0 90.0 63.0 129.0
142.0 69.0 80.0 116.0
69.0 172.0 144.0 73.0
59.0 106.0 110.0 120.0
119.0 99.0 110.0 64.0
60.0 90.0 117.0 126.0
134.0 72.0 65.0 141.0
52.0 147.0 117.0 118.0
67.0 142.0 123.0 82.0
73.0 113.0 90.0 98.0
74.0 130.0 101.0 86.0
52.0 124.0 123.0 122.0
73.0 105.0 94.0 107.0
117.0 110.0 101.0 62.0
71.0 92.0 95.0 124.0
69.0 96.0 80.0 165.0
65.0 118.0 113.0 100.0
53.0 141.0 136.0 107.0
94.0 102.0 78.0 99.0
56.0 139.0 120.0 107.0
74.0 122.0 137.0 75.0
72.0 141.0 121.0 78.0
94.0 107.0 112.0 72.0
52.0 145.0 130.0 113.0
79.0 94.0 93.0 105.0
104.0 79.0 74.0 133.0
85.0 108.0 96.0 85.0
65.0 104.0 109.0 106.0
132.0 96.0 92.0 66.0
76.0 145.0 118.0 67.0
131.0 78.0 84.0 98.0
75.0 147.0 120.0 72.0
55.0 108.0 103.0 137.0
104.0 109.0 98.0 71.0
81.0 127.0 106.0 77.0
83.0 96.0 99.0 96.0
137.0 69.0 78.0 118.0
80.0 112.0 91.0 93.0
103.0 94.0 113.0 73.0
84.0 108.0 96.0 89.0
72.0 92.0 100.0 118.0
94.0 116.0 108.0 70.0
85.0 90.0 104.0 93.0
80.0 124.0 123.0 71.0
67.0 104.0 78.0 140.0
75.0 119.0 108.0 84.0
102.0 130.0 111.0 57.0
55.0 111.0 99.0 142.0
47.0 144.0 154.0 122.0
90.0 83.0 90.0 106.0
83.0 113.0 99.0 82.0
80.0 88.0 81.0 134.0
90.0 145.0 129.0 54.0
59.0 95.0 102.0 150.0
122.0 75.0 65.0 139.0
83.0 90.0 85.0 116.0
83.0 109.0 92.0 92.0
111.0 80.0 67.0 133.0
90.0 139.0 99.0 66.0
92.0 80.0 87.0 119.0
74.0 127.0 118.0 79.0
97.0 86.0 69.0 132.0
74.0 149.0 119.0 72.0
123.0 97.0 76.0 87.0
82.0 93.0 83.0 120.0
79.0 120.0 121.0 76.0
95.0 81.0 72.0 151.0
139.0 91.0 99.0 65.0
87.0 139.0 97.0 69.0
58.0 164.0 132.0 97.0
41.0 147.0 156.0 142.0
80.0 86.0 86.0 132.0
131.0 71.0 79.0 113.0
60.0 147.0 127.0 94.0
120.0 100.0 93.0 68.0
84.0 113.0 111.0 79.0
121.0 108.0 96.0 61.0
81.0 73.0 98.0 130.0
90.0 109.0 99.0 81.0
65.0 103.0 118.0 104.0
58.0 83.0 117.0 143.0
42.0 123.0 149.0 171.0
102.0 83.0 69.0 137.0
98.0 83.0 66.0 164.0
112.0 81.0 85.0 102.0
137.0 118.0 129.0 47.0
102.0 121.0 91.0 70.0
95.0 136.0 134.0 52.0
90.0 142.0 105.0 62.0
84.0 106.0 100.0 88.0
78.0 89.0 77.0 147.0
128.0 74.0 69.0 129.0
57.0 142.0 110.0 107.0
112.0 117.0 107.0 57.0
98.0 112.0 109.0 69.0
71.0 118.0 117.0 87.0
98.0 130.0 126.0 53.0
45.0 151.0 129.0 133.0
46.0 141.0 150.0 129.0
90.0 139.0 114.0 60.0
85.0 92.0 100.0 94.0
138.0 74.0 87.0 91.0
93.0 89.0 93.0 95.0
81.0 118.0 130.0 70.0
103.0 80.0 73.0 134.0
83.0 156.0 109.0 61.0
117.0 118.0 116.0 51.0
75.0 118.0 93.0 94.0
73.0 127.0 93.0 90.0
95.0 87.0 73.0 119.0
70.0 103.0 84.0 125.0
111.0 89.0 112.0 71.0
117.0 88.0 75.0 104.0
96.0 144.0 107.0 55.0
44.0 126.0 154.0 142.0
89.0 127.0 102.0 69.0
91.0 82.0 72.0 155.0
51.0 138.0 138.0 114.0
69.0 95.0 82.0 157.0
72.0 159.0 155.0 70.0
142.0 126.0 120.0 47.0
111.0 84.0 61.0 140.0
59.0 130.0 113.0 108.0
123.0 105.0 114.0 53.0
56.0 98.0 115.0 134.0
94.0 89.0 82.0 104.0
95.0 85.0 77.0 118.0
94.0 134.0 102.0 63.0
92.0 79.0 76.0 146.0
90.0 89.0 97.0 96.0
50.0 159.0 138.0 115.0
78.0 91.0 82.0 133.0
85.0 95.0 88.0 106.0
67.0 102.0 113.0 103.0
97.0 89.0 103.0 85.0
50.0 146.0 126.0 120.0
81.0 115.0 99.0 82.0
91.0 126.0 101.0 70.0
118.0 101.0 90.0 72.0
92.0 143.0 129.0 52.0
106.0 107.0 104.0 68.0
101.0 78.0 76.0 133.0
81.0 92.0 101.0 98.0
60.0 144.0 109.0 100.0
73.0 101.0 113.0 96.0
84.0 89.0 84.0 121.0
76.0 87.0 87.0 134.0
52.0 93.0 113.0 164.0
90.0 91.0 68.0 136.0
88.0 142.0 121.0 56.0
70.0 101.0 75.0 155.0
60.0 156.0 131.0 92.0
70.0 162.0 133.0 72.0
54.0 134.0 123.0 113.0
121.0 83.0 68.0 115.0
90.0 94.0 85.0 103.0
90.0 96.0 91.0 95.0
86.0 145.0 108.0 62.0
84.0 89.0 88.0 114.0
108.0 140.0 105.0 50.0
62.0 112.0 78.0 145.0
80.0 164.0 119.0 62.0
41.0 142.0 176.0 141.0
136.0 78.0 86.0 96.0
58.0 105.0 113.0 125.0
59.0 149.0 144.0 95.0
74.0 111.0 105.0 91.0
70.0 143.0 125.0 78.0
45.0 117.0 151.0 144.0
51.0 161.0 138.0 109.0
74.0 89.0 98.0 120.0
131.0 70.0 70.0 138.0
54.0 103.0 102.0 155.0
58.0 151.0 151.0 96.0
44.0 127.0 154.0 135.0
131.0 100.0 102.0 63.0
120.0 86.0 92.0 82.0
67.0 129.0 129.0 85.0
45.0 117.0 134.0 164.0
116.0 76.0 82.0 112.0
70.0 102.0 73.0 163.0
84.0 116.0 119.0 72.0
120.0 119.0 95.0 61.0
73.0 95.0 97.0 117.0
125.0 71.0 87.0 105.0
62.0 120.0 109.0 106.0
54.0 122.0 100.0 131.0
109.0 76.0 79.0 121.0
56.0 114.0 110.0 124.0
98.0 99.0 88.0 85.0
106.0 108.0 85.0 78.0
104.0 90.0 98.0 79.0
59.0 162.0 144.0 93.0
121.0 108.0 108.0 55.0
78.0 106.0 104.0 92.0
128.0 119.0 137.0 47.0
65.0 115.0 92.0 114.0
132.0 87.0 92.0 69.0
54.0 145.0 129.0 108.0
64.0 118.0 111.0 101.0
72.0 109.0 103.0 99.0
86.0 107.0 94.0 88.0
50.0 96.0 136.0 143.0
103.0 124.0 101.0 62.0
102.0 78.0 76.0 128.0
86.0 88.0 76.0 138.0
62.0 145.0 114.0 97.0
78.0 96.0 85.0 119.0
55.0 127.0 120.0 114.0
105.0 134.0 103.0 55.0
116.0 98.0 78.0 87.0
66.0 132.0 117.0 92.0
122.0 91.0 94.0 75.0
64.0 133.0 125.0 90.0
51.0 112.0 101.0 157.0
44.0 175.0 178.0 123.0
49.0 156.0 154.0 112.0
143.0 85.0 87.0 79.0
86.0 124.0 122.0 66.0
109.0 129.0 103.0 55.0
83.0 82.0 84.0 125.0
78.0 137.0 144.0 65.0
70.0 143.0 118.0 80.0
108.0 81.0 89.0 98.0
61.0 100.0 97.0 136.0
57.0 129.0 105.0 113.0
116.0 76.0 78.0 116.0
133.0 76.0 59.0 151.0
99.0 114.0 106.0 69.0
46.0 116.0 143.0 150.0
105.0 80.0 73.0 131.0
114.0 146.0 154.0 47.0
81.0 79.0 94.0 123.0
136.0 68.0 69.0 134.0
68.0 107.0 87.0 120.0
63.0 137.0 106.0 98.0
100.0 83.0 72.0 128.0
65.0 121.0 110.0 100.0
116.0 91.0 77.0 99.0
60.0 181.0 171.0 88.0
139.0 106.0 95.0 59.0
133.0 97.0 99.0 64.0
102.0 127.0 104.0 60.0
54.0 177.0 147.0 99.0
131.0 76.0 72.0 120.0
67.0 106.0 92.0 112.0
147.0 68.0 88.0 102.0
130.0 114.0 99.0 56.0
108.0 93.0 66.0 115.0
67.0 93.0 86.0 170.0
43.0 143.0 171.0 132.0
137.0 80.0 76.0 108.0
153.0 73.0 101.0 78.0
103.0 124.0 127.0 52.0
118.0 114.0 115.0 53.0
84.0 104.0 98.0 91.0
57.0 101.0 99.0 151.0
63.0 144.0 125.0 92.0
68.0 102.0 95.0 111.0
127.0 93.0 78.0 88.0
70.0 119.0 117.0 89.0
60.0 129.0 106.0 105.0
100.0 78.0 95.0 98.0
56.0 153.0 140.0 100.0
142.0 76.0 79.0 108.0
117.0 74.0 83.0 112.0
57.0 93.0 103.0 155.0
106.0 86.0 86.0 97.0
74.0 132.0 101.0 83.0
118.0 88.0 73.0 104.0
69.0 139.0 120.0 84.0
147.0 87.0 80.0 86.0
47.0 107.0 123.0 172.0
110.0 87.0 106.0 75.0
83.0 115.0 115.0 74.0
67.0 107.0 81.0 134.0
96.0 86.0 68.0 139.0
67.0 137.0 112.0 89.0
109.0 88.0 71.0 108.0
83.0 138.0 113.0 67.0
84.0 87.0 73.0 142.0
104.0 93.0 89.0 87.0
66.0 133.0 110.0 93.0
79.0 88.0 92.0 111.0
123.0 146.0 169.0 46.0
101.0 100.0 110.0 73.0
86.0 132.0 107.0 70.0
142.0 72.0 77.0 116.0
117.0 129.0 101.0 53.0
81.0 109.0 120.0 79.0
88.0 97.0 92.0 94.0
68.0 150.0 127.0 80.0
98.0 84.0 66.0 149.0
85.0 95.0 87.0 108.0
82.0 113.0 109.0 80.0
88.0 127.0 107.0 67.0
85.0 81.0 98.0 112.0
55.0 104.0 105.0 143.0
109.0 83.0 60.0 151.0
109.0 107.0 112.0 63.0
109.0 121.0 109.0 58.0
136.0 73.0 61.0 151.0
76.0 90.0 82.0 135.0
49.0 121.0 119.0 138.0
69.0 79.0 110.0 122.0
116.0 98.0 97.0 73.0
108.0 109.0 94.0 70.0
92.0 147.0 106.0 57.0
94.0 145.0 108.0 54.0
69.0 145.0 144.0 77.0
49.0 125.0 114.0 149.0
59.0 107.0 101.0 122.0
100.0 119.0 95.0 68.0
116.0 78.0 78.0 113.0
125.0 73.0 87.0 102.0
82.0 132.0 97.0 75.0
45.0 131.0 146.0 137.0
62.0 112.0 92.0 124.0
112.0 99.0 107.0 68.0
87.0 93.0 65.0 146.0
73.0 103.0 72.0 143.0
93.0 86.0 67.0 153.0
53.0 137.0 121.0 118.0
52.0 121.0 109.0 136.0
154.0 120.0 143.0 46.0
62.0 101.0 88.0 148.0
131.0 89.0 83.0 85.0
99.0 82.0 80.0 114.0
107.0 130.0 104.0 54.0
101.0 105.0 94.0 77.0
103.0 135.0 104.0 54.0
87.0 114.0 103.0 79.0
85.0 112.0 98.0 83.0
46.0 155.0 152.0 122.0
85.0 134.0 119.0 63.0
52.0 113.0 111.0 138.0
82.0 156.0 135.0 59.0
111.0 116.0 100.0 59.0
112.0 118.0 113.0 55.0
58.0 163.0 145.0 95.0
112.0 72.0 81.0 123.0
87.0 103.0 104.0 82.0
61.0 133.0 131.0 96.0
79.0 84.0 89.0 124.0
83.0 78.0 87.0 140.0
101.0 127.0 121.0 54.0
71.0 168.0 131.0 71.0
146.0 99.0 100.0 58.0
72.0 120.0 116.0 85.0
48.0 131.0 128.0 124.0
97.0 81.0 102.0 90.0
76.0 108.0 95.0 96.0
120.0 95.0 109.0 64.0
92.0 97.0 96.0 88.0
152.0 71.0 74.0 117.0
58.0 162.0 153.0 94.0
58.0 99.0 100.0 146.0
95.0 82.0 100.0 92.0
97.0 91.0 103.0 83.0
98.0 117.0 97.0 71.0
58.0 181.0 150.0 93.0
68.0 118.0 94.0 104.0
113.0 86.0 118.0 69.0
69.0 92.0 86.0 156.0
108.0 125.0 106.0 58.0
83.0 105.0 80.0 107.0
62.0 143.0 107.0 99.0
149.0 123.0 115.0 48.0
60.0 123.0 138.0 98.0
66.0 97.0 100.0 122.0
89.0 89.0 69.0 141.0
48.0 119.0 116.0 152.0
59.0 135.0 113.0 105.0
82.0 117.0 120.0 71.0
144.0 72.0 84.0 107.0
65.0 125.0 128.0 91.0
71.0 118.0 128.0 83.0
93.0 128.0 101.0 67.0
76.0 79.0 88.0 176.0
49.0 114.0 131.0 131.0
133.0 102.0 98.0 62.0
77.0 88.0 100.0 113.0
57.0 173.0 151.0 94.0
59.0 147.0 120.0 100.0
121.0 121.0 105.0 52.0
73.0 125.0 93.0 93.0
146.0 108.0 100.0 55.0
95.0 135.0 116.0 56.0
58.0 147.0 130.0 99.0
106.0 124.0 107.0 59.0
109.0 91.0 62.0 126.0
137.0 79.0 68.0 118.0
60.0 109.0 98.0 126.0
55.0 155.0 137.0 101.0
117.0 90.0 108.0 68.0
109.0 90.0 105.0 75.0
47.0 123.0 123.0 152.0
123.0 92.0 83.0 80.0
89.0 145.0 115.0 57.0
104.0 80.0 82.0 111.0
55.0 154.0 156.0 98.0
74.0 116.0 102.0 90.0
137.0 84.0 77.0 99.0
96.0 77.0 99.0 97.0
84.0 112.0 107.0 81.0
122.0 79.0 59.0 146.0
57.0 152.0 139.0 98.0
81.0 84.0 90.0 121.0
60.0 116.0 106.0 116.0
62.0 151.0 135.0 89.0
102.0 109.0 99.0 74.0
71.0 147.0 120.0 76.0
100.0 130.0 115.0 56.0
107.0 126.0 118.0 51.0
53.0 134.0 118.0 121.0
50.0 112.0 120.0 143.0
53.0 99.0 114.0 144.0
86.0 144.0 119.0 59.0
66.0 146.0 117.0 88.0
143.0 71.0 77.0 112.0
51.0 139.0 128.0 117.0
74.0 164.0 157.0 65.0
44.0 159.0 176.0 124.0
132.0 66.0 80.0 122.0
117.0 126.0 131.0 48.0
96.0 143.0 103.0 56.0
70.0 115.0 111.0 91.0
77.0 125.0 105.0 82.0
75.0 116.0 97.0 93.0
66.0 87.0 93.0 172.0
76.0 126.0 105.0 82.0
120.0 78.0 94.0 90.0
76.0 114.0 112.0 86.0
63.0 125.0 99.0 103.0
80.0 125.0 115.0 75.0
85.0 94.0 105.0 92.0
158.0 87.0 76.0 89.0
93.0 115.0 95.0 76.0
97.0 118.0 98.0 73.0
91.0 122.0 100.0 72.0
84.0 139.0 113.0 64.0
72.0 146.0 118.0 77.0
67.0 126.0 111.0 91.0
71.0 136.0 117.0 81.0
66.0 144.0 108.0 90.0
55.0 120.0 121.0 118.0
102.0 90.0 104.0 78.0
45.0 164.0 169.0 123.0
101.0 79.0 105.0 85.0
105.0 110.0 109.0 65.0
55.0 138.0 133.0 109.0
84.0 153.0 137.0 58.0
93.0 87.0 65.0 161.0
69.0 140.0 117.0 85.0
100.0 116.0 96.0 72.0
55.0 147.0 136.0 105.0
141.0 94.0 101.0 60.0
61.0 132.0 119.0 100.0
108.0 72.0 80.0 130.0
59.0 108.0 99.0 130.0
77.0 160.0 131.0 63.0
83.0 114.0 94.0 87.0
74.0 118.0 98.0 91.0
81.0 101.0 101.0 94.0
110.0 111.0 91.0 70.0
81.0 97.0 91.0 104.0
99.0 136.0 121.0 51.0
131.0 102.0 105.0 58.0
103.0 89.0 78.0 106.0
72.0 139.0 126.0 76.0
122.0 78.0 72.0 124.0
62.0 160.0 119.0 92.0
133.0 88.0 99.0 67.0
89.0 85.0 90.0 109.0
61.0 153.0 125.0 93.0
108.0 81.0 63.0 150.0
114.0 89.0 55.0 136.0
78.0 87.0 84.0 138.0
98.0 117.0 109.0 65.0
86.0 91.0 87.0 109.0
62.0 133.0 112.0 100.0
60.0 149.0 120.0 97.0
124.0 99.0 103.0 64.0
106.0 83.0 69.0 131.0
106.0 91.0 93.0 84.0
62.0 109.0 122.0 105.0
52.0 111.0 131.0 126.0
94.0 81.0 75.0 136.0
131.0 97.0 95.0 67.0
129.0 73.0 68.0 135.0
101.0 80.0 67.0 149.0
93.0 113.0 99.0 75.0
61.0 116.0 125.0 104.0
53.0 114.0 123.0 125.0
156.0 75.0 83.0 95.0
61.0 161.0 159.0 87.0
77.0 89.0 79.0 147.0
44.0 162.0 165.0 128.0
42.0 135.0 150.0 165.0
50.0 109.0 119.0 151.0
145.0 88.0 83.0 82.0
86.0 86.0 84.0 123.0
113.0 78.0 64.0 138.0
96.0 115.0 108.0 69.0
64.0 161.0 142.0 82.0
100.0 85.0 62.0 159.0
113.0 91.0 92.0 77.0
152.0 76.0 81.0 98.0
71.0 110.0 96.0 100.0
71.0 131.0 92.0 93.0
134.0 76.0 101.0 75.0
92.0 138.0 125.0 54.0
120.0 72.0 89.0 103.0
57.0 116.0 103.0 122.0
111.0 73.0 77.0 129.0
64.0 162.0 123.0 85.0
135.0 146.0 144.0 45.0
91.0 95.0 94.0 89.0
97.0 140.0 104.0 57.0
67.0 162.0 139.0 78.0
79.0 103.0 102.0 93.0
78.0 88.0 79.0 139.0
136.0 83.0 64.0 121.0
80.0 138.0 129.0 65.0
132.0 108.0 112.0 52.0
82.0 90.0 89.0 114.0
75.0 122.0 115.0 77.0
70.0 100.0 84.0 133.0
59.0 135.0 124.0 102.0
67.0 112.0 102.0 105.0
79.0 105.0 109.0 87.0
89.0 108.0 114.0 74.0
130.0 86.0 76.0 100.0
86.0 123.0 117.0 67.0
66.0 182.0 138.0 78.0
64.0 92.0 110.0 119.0
101.0 79.0 69.0 141.0
115.0 75.0 66.0 141.0
118.0 119.0 123.0 49.0
86.0 130.0 122.0 63.0
56.0 136.0 159.0 99.0
97.0 108.0 102.0 74.0
93.0 93.0 83.0 101.0
83.0 121.0 104.0 79.0
87.0 78.0 88.0 122.0
77.0 138.0 108.0 73.0
114.0 92.0 99.0 75.0
83.0 79.0 104.0 109.0
99.0 85.0 62.0 164.0
56.0 103.0 119.0 127.0
74.0 155.0 142.0 68.0
46.0 131.0 123.0 156.0
48.0 160.0 148.0 118.0
73.0 126.0 115.0 81.0
69.0 128.0 125.0 86.0
91.0 85.0 96.0 99.0
75.0 155.0 129.0 68.0
66.0 129.0 113.0 95.0
65.0 129.0 105.0 98.0
87.0 92.0 67.0 138.0
105.0 83.0 62.0 156.0
97.0 111.0 108.0 70.0
81.0 89.0 71.0 174.0
146.0 74.0 77.0 107.0
96.0 107.0 113.0 71.0
64.0 140.0 112.0 95.0
92.0 128.0 112.0 64.0
62.0 165.0 155.0 84.0
86.0 91.0 86.0 111.0
124.0 76.0 61.0 149.0
78.0 87.0 100.0 110.0
109.0 129.0 91.0 61.0
66.0 105.0 78.0 148.0
85.0 111.0 113.0 76.0
77.0 85.0 104.0 112.0
81.0 126.0 114.0 74.0
49.0 116.0 117.0 160.0
109.0 106.0 108.0 64.0
48.0 166.0 138.0 119.0
77.0 121.0 114.0 78.0
68.0 88.0 105.0 121.0
89.0 90.0 67.0 149.0
59.0 141.0 135.0 97.0
103.0 77.0 69.0 152.0
60.0 91.0 100.0 151.0
108.0 101.0 114.0 64.0
52.0 140.0 125.0 117.0
86.0 114.0 107.0 77.0
91.0 90.0 97.0 94.0
115.0 69.0 102.0 94.0
74.0 118.0 96.0 93.0
83.0 150.0 141.0 58.0
66.0 120.0 115.0 97.0
47.0 153.0 156.0 119.0
138.0 69.0 65.0 144.0
74.0 135.0 119.0 77.0
92.0 78.0 79.0 139.0
73.0 118.0 133.0 79.0
139.0 99.0 110.0 54.0
74.0 77.0 111.0 117.0
78.0 109.0 99.0 93.0
74.0 103.0 86.0 116.0
67.0 119.0 99.0 101.0
51.0 160.0 157.0 106.0
53.0 117.0 114.0 133.0
98.0 83.0 70.0 142.0
108.0 78.0 71.0 133.0
91.0 119.0 121.0 65.0
138.0 79.0 80.0 98.0
108.0 109.0 101.0 68.0
90.0 82.0 74.0 143.0
145.0 73.0 73.0 120.0
84.0 95.0 91.0 100.0
114.0 92.0 107.0 70.0
112.0 95.0 113.0 66.0
140.0 71.0 93.0 89.0
139.0 108.0 110.0 51.0
73.0 149.0 144.0 69.0
108.0 73.0 92.0 106.0
134.0 86.0 62.0 118.0
111.0 87.0 91.0 85.0
52.0 140.0 133.0 115.0
95.0 95.0 99.0 84.0
68.0 135.0 113.0 88.0
55.0 163.0 146.0 99.0
55.0 110.0 119.0 127.0
60.0 115.0 101.0 118.0
104.0 82.0 82.0 108.0
99.0 85.0 66.0 148.0
110.0 78.0 76.0 120.0
90.0 153.0 102.0 58.0
101.0 81.0 83.0 110.0
85.0 153.0 109.0 61.0
59.0 114.0 109.0 112.0
51.0 111.0 108.0 152.0
63.0 103.0 91.0 134.0
123.0 80.0 70.0 118.0
90.0 119.0 107.0 72.0
77.0 122.0 131.0 69.0
96.0 86.0 61.0 166.0
45.0 139.0 147.0 130.0
78.0 86.0 76.0 173.0
121.0 68.0 85.0 112.0
69.0 137.0 127.0 79.0
78.0 122.0 107.0 82.0
112.0 79.0 65.0 144.0
64.0 160.0 159.0 81.0
80.0 99.0 97.0 99.0
99.0 84.0 84.0 107.0
91.0 94.0 85.0 101.0
84.0 97.0 91.0 97.0
53.0 159.0 161.0 103.0
63.0 111.0 107.0 108.0
131.0 86.0 74.0 100.0
66.0 102.0 95.0 122.0
68.0 152.0 147.0 77.0
104.0 96.0 83.0 88.0
79.0 92.0 69.0 171.0
66.0 104.0 89.0 126.0
80.0 112.0 105.0 86.0
52.0 158.0 134.0 110.0
68.0 157.0 136.0 78.0
128.0 85.0 64.0 120.0
151.0 69.0 88.0 99.0
111.0 77.0 80.0 114.0
140.0 139.0 149.0 45.0
153.0 79.0 68.0 115.0
55.0 121.0 110.0 126.0
78.0 128.0 129.0 68.0
153.0 74.0 75.0 108.0
101.0 127.0 103.0 63.0
79.0 108.0 91.0 95.0
124.0 121.0 136.0 47.0
96.0 113.0 93.0 77.0
104.0 82.0 67.0 136.0
76.0 102.0 96.0 102.0
112.0 95.0 101.0 72.0
102.0 88.0 104.0 81.0
72.0 161.0 132.0 72.0
51.0 130.0 108.0 131.0
136.0 87.0 82.0 86.0
136.0 99.0 102.0 60.0
55.0 88.0 114.0 163.0
73.0 85.0 86.0 155.0
74.0 138.0 121.0 75.0
68.0 111.0 100.0 105.0
64.0 92.0 108.0 121.0
68.0 96.0 88.0 136.0
79.0 89.0 90.0 119.0
111.0 72.0 74.0 136.0
106.0 116.0 103.0 64.0
49.0 111.0 123.0 156.0
69.0 92.0 91.0 135.0
46.0 115.0 130.0 166.0
76.0 121.0 105.0 86.0
122.0 75.0 85.0 107.0
58.0 82.0 119.0 135.0
57.0 150.0 141.0 98.0
82.0 92.0 72.0 141.0
81.0 137.0 104.0 73.0
46.0 154.0 171.0 119.0
91.0 87.0 71.0 139.0
88.0 110.0 100.0 80.0
109.0 120.0 92.0 65.0
62.0 88.0 106.0 140.0
129.0 114.0 99.0 57.0
84.0 145.0 142.0 59.0
53.0 128.0 130.0 118.0
116.0 91.0 116.0 66.0
