-5924.0 -5817.0 -5995.0 -4166.0 -5309.0
-7298.0 -4859.0 -8380.0 -4397.0 -6122.0
-6141.0 -5272.0 -6604.0 -5667.0 -5991.0
-7666.0 -4899.0 -7593.0 -5337.0 -6171.0
-6465.0 -5011.0 -6590.0 -5765.0 -5800.0
-6115.0 -5783.0 -6531.0 -5005.0 -5120.0
-6783.0 -5564.0 -6340.0 -4850.0 -5687.0
-4815.0 -6005.0 -6094.0 -4433.0 -4907.0
-6725.0 -4631.0 -7320.0 -5558.0 -5884.0
-5948.0 -5990.0 -6357.0 -3902.0 -5409.0
-5650.0 -5579.0 -6077.0 -5381.0 -5185.0
-7175.0 -5206.0 -7066.0 -5051.0 -5365.0
-4747.0 -6102.0 -5354.0 -4330.0 -5038.0
-7363.0 -4863.0 -8231.0 -5039.0 -6052.0
-5324.0 -4919.0 -5380.0 -5814.0 -5084.0
-7565.0 -3516.0 -8077.0 -3639.0 -6562.0
-6103.0 -5689.0 -7287.0 -4124.0 -5232.0
-5458.0 -5498.0 -6662.0 -5480.0 -5597.0
-7306.0 -4751.0 -6310.0 -5516.0 -5424.0
-6851.0 -5467.0 -7080.0 -4953.0 -5556.0
-6483.0 -5427.0 -7867.0 -4013.0 -5507.0
-5989.0 -5821.0 -5846.0 -4808.0 -5239.0
-6884.0 -3757.0 -8067.0 -3385.0 -7031.0
-5582.0 -5676.0 -5337.0 -5278.0 -5316.0
-6386.0 -5027.0 -8573.0 -3650.0 -5869.0
-6095.0 -5226.0 -7581.0 -4005.0 -6458.0
-5433.0 -6124.0 -5468.0 -3880.0 -4503.0
-5149.0 -5379.0 -5373.0 -5698.0 -4769.0
-4915.0 -5967.0 -5924.0 -4410.0 -5684.0
-6918.0 -5121.0 -7800.0 -4508.0 -5847.0
-6165.0 -5445.0 -6966.0 -5403.0 -6091.0
-7720.0 -3234.0 -7683.0 -3840.0 -6721.0
-6983.0 -5125.0 -7651.0 -5150.0 -5777.0
-6754.0 -5067.0 -7786.0 -4590.0 -5918.0
-4983.0 -5870.0 -6664.0 -4513.0 -5553.0
-6879.0 -3494.0 -7963.0 -4089.0 -7097.0
-6689.0 -5063.0 -7935.0 -3948.0 -5988.0
-7110.0 -5202.0 -7215.0 -4409.0 -5435.0
-7419.0 -4180.0 -7906.0 -4407.0 -6599.0
-5681.0 -5345.0 -5655.0 -5637.0 -5184.0
-5797.0 -5405.0 -7753.0 -4463.0 -6042.0
-5417.0 -5667.0 -7173.0 -4574.0 -5767.0
-5805.0 -5297.0 -5683.0 -5582.0 -5344.0
-6121.0 -5144.0 -7739.0 -4561.0 -5851.0
-6144.0 -5520.0 -6776.0 -5030.0 -5062.0
-5694.0 -5644.0 -7251.0 -4544.0 -5673.0
-6489.0 -5184.0 -6952.0 -5501.0 -5900.0
-4834.0 -5898.0 -5544.0 -4449.0 -4992.0
-6035.0 -5786.0 -6547.0 -4021.0 -5363.0
-6959.0 -4952.0 -7289.0 -5414.0 -5677.0
-5806.0 -5728.0 -6682.0 -3461.0 -5504.0
-6415.0 -5524.0 -7127.0 -3910.0 -5638.0
-6718.0 -5560.0 -6489.0 -4208.0 -5757.0
-6807.0 -5166.0 -7853.0 -4111.0 -5316.0
-6361.0 -5353.0 -6664.0 -5412.0 -5305.0
-5601.0 -5989.0 -6038.0 -3960.0 -5149.0
-6686.0 -5164.0 -7046.0 -4487.0 -6049.0
-6786.0 -5463.0 -7229.0 -4311.0 -5626.0
-7006.0 -5185.0 -6686.0 -5154.0 -5715.0
-6320.0 -5522.0 -7175.0 -4506.0 -5475.0
-5851.0 -5590.0 -7063.0 -3539.0 -5771.0
