-5529.0 -6630.0 -6141.0 -6712.0 -6549.0
-6190.0 -5664.0 -6955.0 -6239.0 -5990.0
-4479.0 -5025.0 -5223.0 -7372.0 -5285.0
-4917.0 -6010.0 -5902.0 -6183.0 -7464.0
-5876.0 -6407.0 -6807.0 -6177.0 -6864.0
-5126.0 -5794.0 -6327.0 -7199.0 -6211.0
-4323.0 -5323.0 -4591.0 -6937.0 -7235.0
-4665.0 -5287.0 -5663.0 -6671.0 -7745.0
-5540.0 -6287.0 -6218.0 -7133.0 -5875.0
-5239.0 -6979.0 -6404.0 -6505.0 -5628.0
-4327.0 -5400.0 -4755.0 -7570.0 -5788.0
-6000.0 -5438.0 -6471.0 -5602.0 -7067.0
-5272.0 -5342.0 -5380.0 -5811.0 -7482.0
-4464.0 -5806.0 -4804.0 -7155.0 -7071.0
-5063.0 -6306.0 -5709.0 -6132.0 -7105.0
-4557.0 -5697.0 -4874.0 -7361.0 -4951.0
-4049.0 -4827.0 -5829.0 -7529.0 -5700.0
-4453.0 -4863.0 -6001.0 -7363.0 -4903.0
-3830.0 -5239.0 -5479.0 -7412.0 -6473.0
-5367.0 -6860.0 -6489.0 -6290.0 -6604.0
-5806.0 -6605.0 -6110.0 -6687.0 -6259.0
-4302.0 -6036.0 -5152.0 -6733.0 -7126.0
-4730.0 -4838.0 -5970.0 -7338.0 -4613.0
-3689.0 -4756.0 -5266.0 -7194.0 -6637.0
-4868.0 -5176.0 -5774.0 -7223.0 -6050.0
-5097.0 -5887.0 -5045.0 -7206.0 -5962.0
-5735.0 -5924.0 -6594.0 -5959.0 -7028.0
-5439.0 -5851.0 -6117.0 -6940.0 -6472.0
-6078.0 -5699.0 -5900.0 -6118.0 -7071.0
-4974.0 -5654.0 -6037.0 -6560.0 -7049.0
-4139.0 -5606.0 -5853.0 -7301.0 -5777.0
-4417.0 -5619.0 -5325.0 -7038.0 -6816.0
-4315.0 -5257.0 -5594.0 -7457.0 -4755.0
-5565.0 -6517.0 -5685.0 -6842.0 -6103.0
-5115.0 -6137.0 -6250.0 -6778.0 -6885.0
-5287.0 -5711.0 -5827.0 -6301.0 -7310.0
-5748.0 -6218.0 -6491.0 -6829.0 -5776.0
-4683.0 -5394.0 -5154.0 -7272.0 -6298.0
-5737.0 -6561.0 -6414.0 -6408.0 -6450.0
-4416.0 -5581.0 -5822.0 -7276.0 -5487.0
-4672.0 -5737.0 -5077.0 -6851.0 -6972.0
-3687.0 -4681.0 -4716.0 -7574.0 -5557.0
-5079.0 -5780.0 -5554.0 -6605.0 -7409.0
-5433.0 -6007.0 -5634.0 -6250.0 -6951.0
-5086.0 -6230.0 -4968.0 -6785.0 -6636.0
-5378.0 -6517.0 -6566.0 -6711.0 -5930.0
-4258.0 -5356.0 -5059.0 -7291.0 -5979.0
-5248.0 -4842.0 -5638.0 -5259.0 -7496.0
-4773.0 -6173.0 -5178.0 -7044.0 -6375.0
-4279.0 -5124.0 -5948.0 -7320.0 -4863.0
-4415.0 -4777.0 -5807.0 -7365.0 -5142.0
-4811.0 -5583.0 -5470.0 -6620.0 -7386.0
-5596.0 -6078.0 -6201.0 -6190.0 -6614.0
-4313.0 -5693.0 -5229.0 -7154.0 -6452.0
