-7233.0 -7394.0 -8110.0 -7595.0 -8120.0
-5755.0 -7696.0 -7607.0 -6703.0 -6306.0
-6321.0 -6936.0 -8858.0 -7987.0 -7663.0
-6097.0 -6943.0 -6922.0 -8632.0 -7648.0
-6713.0 -7351.0 -8379.0 -8112.0 -7774.0
-6066.0 -7162.0 -8944.0 -7871.0 -7073.0
-5585.0 -6939.0 -8182.0 -8652.0 -6872.0
-6289.0 -7757.0 -6760.0 -6125.0 -5804.0
-6659.0 -7164.0 -8542.0 -7764.0 -7082.0
-5503.0 -7432.0 -8731.0 -7766.0 -6360.0
-6404.0 -7390.0 -8628.0 -7648.0 -6492.0
-6633.0 -7187.0 -8257.0 -8360.0 -7946.0
-5549.0 -7539.0 -8648.0 -7329.0 -7332.0
-7439.0 -7551.0 -7069.0 -6969.0 -7094.0
-6083.0 -7600.0 -7801.0 -6751.0 -6830.0
-6208.0 -6677.0 -7665.0 -8481.0 -7187.0
-6676.0 -7602.0 -7399.0 -6644.0 -6839.0
-6389.0 -6969.0 -8277.0 -8305.0 -8084.0
-6134.0 -7195.0 -8363.0 -8189.0 -7494.0
-5276.0 -6785.0 -8380.0 -8423.0 -7034.0
-6274.0 -6823.0 -8365.0 -8294.0 -7863.0
-7179.0 -7207.0 -8273.0 -7247.0 -7428.0
-5275.0 -6473.0 -8943.0 -8346.0 -7004.0
-5531.0 -7641.0 -6531.0 -6270.0 -7008.0
-5179.0 -7069.0 -7059.0 -8513.0 -6647.0
-6177.0 -7107.0 -7044.0 -8384.0 -7476.0
-5563.0 -7557.0 -8070.0 -7268.0 -6484.0
-5398.0 -7636.0 -7490.0 -7071.0 -6253.0
-5128.0 -7441.0 -7225.0 -7612.0 -7255.0
-6598.0 -7205.0 -8467.0 -8101.0 -7553.0
-7082.0 -7491.0 -6952.0 -7337.0 -7041.0
-5788.0 -6789.0 -7120.0 -8403.0 -7810.0
-5165.0 -7051.0 -7637.0 -8574.0 -7495.0
-6855.0 -6387.0 -7598.0 -7740.0 -7740.0
-5600.0 -7167.0 -8482.0 -8230.0 -6724.0
-7118.0 -7248.0 -8198.0 -7584.0 -7899.0
-6561.0 -7456.0 -7487.0 -6633.0 -6618.0
-5932.0 -7697.0 -6643.0 -6493.0 -5751.0
-7324.0 -7405.0 -7157.0 -6958.0 -6873.0
-5646.0 -7274.0 -8399.0 -7793.0 -7696.0
-6518.0 -7041.0 -8345.0 -8349.0 -7725.0
-5011.0 -7598.0 -6800.0 -6787.0 -6662.0
-5179.0 -7050.0 -8629.0 -7959.0 -6670.0
-6076.0 -7395.0 -7546.0 -7409.0 -6665.0
-6596.0 -7438.0 -7277.0 -6892.0 -7011.0
-6372.0 -7474.0 -7089.0 -6650.0 -7016.0
-6015.0 -7414.0 -6972.0 -7018.0 -6963.0
