-8092.0 -6465.0 -6060.0 -6985.0 -6848.0
-7458.0 -5602.0 -5294.0 -7869.0 -6882.0
-8760.0 -5800.0 -6237.0 -6791.0 -6897.0
-7702.0 -6072.0 -7198.0 -5796.0 -7278.0
-7201.0 -5083.0 -4794.0 -8030.0 -6453.0
-7829.0 -5813.0 -5146.0 -7349.0 -7716.0
-8575.0 -6255.0 -6710.0 -6543.0 -6249.0
-7273.0 -6057.0 -5767.0 -7621.0 -6234.0
-7743.0 -6363.0 -6341.0 -7205.0 -6242.0
-8296.0 -5167.0 -5357.0 -7622.0 -7312.0
-8060.0 -6801.0 -6609.0 -5112.0 -6813.0
-8833.0 -5893.0 -5819.0 -7372.0 -6313.0
-8725.0 -5626.0 -5613.0 -7625.0 -6565.0
-8200.0 -6855.0 -6909.0 -5760.0 -6275.0
-8722.0 -5581.0 -5291.0 -7966.0 -6675.0
-7253.0 -6028.0 -6309.0 -5923.0 -8037.0
-7571.0 -6175.0 -6037.0 -6520.0 -7652.0
-7591.0 -5760.0 -6670.0 -6390.0 -7640.0
-7285.0 -5815.0 -6403.0 -6824.0 -7751.0
-8017.0 -6174.0 -6604.0 -6734.0 -7003.0
-8649.0 -5488.0 -5709.0 -7385.0 -7259.0
-8093.0 -6312.0 -6508.0 -6974.0 -6309.0
-7679.0 -6442.0 -6243.0 -6267.0 -7400.0
-7778.0 -6537.0 -6965.0 -6371.0 -6574.0
-7699.0 -6027.0 -6876.0 -6137.0 -7388.0
-8170.0 -5932.0 -6037.0 -6081.0 -7937.0
-8757.0 -5755.0 -5915.0 -7132.0 -7007.0
-8020.0 -6219.0 -6926.0 -6393.0 -6893.0
-8149.0 -5841.0 -6776.0 -6199.0 -6886.0
-8435.0 -6201.0 -6410.0 -5895.0 -6787.0
-8242.0 -6301.0 -5814.0 -5701.0 -7571.0
-8243.0 -6025.0 -5619.0 -6662.0 -7353.0
-7358.0 -5908.0 -5985.0 -7405.0 -7167.0
-8036.0 -6175.0 -6074.0 -7200.0 -6638.0
-7361.0 -5953.0 -6307.0 -7064.0 -7057.0
-8467.0 -5988.0 -6504.0 -6796.0 -6501.0
-7849.0 -5398.0 -5779.0 -7219.0 -7704.0
-8275.0 -5812.0 -5713.0 -7563.0 -7067.0
-7566.0 -5869.0 -5500.0 -7616.0 -6630.0
-6874.0 -6001.0 -6228.0 -7150.0 -6988.0
-7985.0 -6387.0 -6510.0 -5833.0 -7289.0
-7988.0 -6432.0 -6832.0 -5492.0 -7179.0
-7515.0 -5885.0 -6051.0 -6735.0 -7442.0
-8278.0 -5857.0 -6035.0 -7222.0 -6957.0
-7644.0 -6268.0 -5619.0 -7101.0 -7068.0
-8179.0 -6257.0 -6884.0 -5936.0 -6491.0
-8464.0 -5943.0 -6182.0 -7137.0 -6611.0
-7480.0 -5711.0 -5427.0 -7569.0 -7110.0
-8274.0 -6088.0 -5908.0 -6602.0 -7285.0
-8176.0 -6212.0 -6562.0 -6277.0 -6601.0
-8089.0 -6543.0 -6381.0 -6354.0 -6637.0
