-5614.0 -8124.0 -7326.0 -8800.0 -7017.0
-5563.0 -8701.0 -6899.0 -8379.0 -6905.0
-5162.0 -8060.0 -7455.0 -8048.0 -7182.0
-4779.0 -7638.0 -5969.0 -7761.0 -7594.0
-4495.0 -7241.0 -7134.0 -7285.0 -7584.0
-4378.0 -6997.0 -6525.0 -7430.0 -7871.0
-5467.0 -7922.0 -6983.0 -8957.0 -6054.0
-4646.0 -7599.0 -7058.0 -8563.0 -7551.0
-4327.0 -7574.0 -6098.0 -7009.0 -7759.0
-4406.0 -7396.0 -6279.0 -7804.0 -7754.0
-4595.0 -8176.0 -6631.0 -8142.0 -7439.0
-4468.0 -6239.0 -6369.0 -7510.0 -7891.0
-4763.0 -8464.0 -6346.0 -7547.0 -7264.0
-5214.0 -8546.0 -7223.0 -8153.0 -7224.0
-5625.0 -7544.0 -6989.0 -8085.0 -7042.0
-4841.0 -6481.0 -6059.0 -7467.0 -7731.0
-4869.0 -6880.0 -5813.0 -7841.0 -7614.0
-4995.0 -7754.0 -6734.0 -8789.0 -7232.0
-5553.0 -8271.0 -7394.0 -8391.0 -6508.0
-5416.0 -8499.0 -6556.0 -8536.0 -5942.0
-4362.0 -7823.0 -6902.0 -7216.0 -7541.0
-4549.0 -7187.0 -7288.0 -7766.0 -7394.0
-4949.0 -6765.0 -7391.0 -8413.0 -7187.0
-4888.0 -6912.0 -7459.0 -8004.0 -6678.0
-4390.0 -8222.0 -6656.0 -7590.0 -7424.0
-5358.0 -6303.0 -6771.0 -7969.0 -7237.0
-5535.0 -8302.0 -7145.0 -8005.0 -7022.0
-4441.0 -7645.0 -7083.0 -8011.0 -7536.0
-4814.0 -7887.0 -6773.0 -7968.0 -7376.0
-4895.0 -6819.0 -7237.0 -7932.0 -7377.0
-5412.0 -6249.0 -6925.0 -8450.0 -7047.0
-4727.0 -7152.0 -6201.0 -7656.0 -7552.0
-4817.0 -6394.0 -6045.0 -7736.0 -7572.0
-5322.0 -7007.0 -7081.0 -8370.0 -7027.0
