-6686.0 -7716.0 -7297.0 -6574.0 -8361.0
-6331.0 -7992.0 -6767.0 -6956.0 -8514.0
-5599.0 -6069.0 -7618.0 -5558.0 -7579.0
-7316.0 -6329.0 -5685.0 -6352.0 -7441.0
-7085.0 -7242.0 -6450.0 -6947.0 -7872.0
-6855.0 -7380.0 -6446.0 -7103.0 -8199.0
-6239.0 -6884.0 -7475.0 -5427.0 -7679.0
-6415.0 -7771.0 -6463.0 -6518.0 -8716.0
-6890.0 -7118.0 -6857.0 -6689.0 -8185.0
-6656.0 -7764.0 -6986.0 -6517.0 -8561.0
-6850.0 -7108.0 -7095.0 -6531.0 -8030.0
-6336.0 -7778.0 -6867.0 -6485.0 -8700.0
-6929.0 -7101.0 -6691.0 -6564.0 -8046.0
-7133.0 -6503.0 -6251.0 -6679.0 -7870.0
-7152.0 -6937.0 -5887.0 -6395.0 -7772.0
-6939.0 -7159.0 -6142.0 -6665.0 -8401.0
-6969.0 -7111.0 -6453.0 -6722.0 -8201.0
-6366.0 -7730.0 -7178.0 -6542.0 -8500.0
-7033.0 -6934.0 -6529.0 -6204.0 -7601.0
-7202.0 -6598.0 -5678.0 -6733.0 -7439.0
-7281.0 -6591.0 -5274.0 -6766.0 -7455.0
-6860.0 -7166.0 -6546.0 -6632.0 -8385.0
