-8461.0 -5539.0 -6213.0 -7116.0 -7716.0
-6986.0 -5068.0 -6829.0 -6043.0 -6596.0
-6815.0 -6155.0 -4789.0 -5569.0 -8333.0
-7054.0 -4154.0 -7054.0 -5531.0 -4829.0
-7281.0 -5486.0 -6478.0 -6261.0 -6071.0
-7709.0 -5734.0 -5530.0 -6284.0 -8153.0
-7606.0 -5615.0 -5442.0 -6577.0 -8311.0
-7385.0 -4397.0 -6598.0 -6755.0 -5247.0
-6873.0 -5506.0 -6352.0 -6493.0 -6175.0
-6875.0 -6132.0 -4785.0 -6241.0 -8488.0
-7649.0 -5757.0 -5534.0 -5612.0 -7998.0
-7600.0 -5373.0 -6706.0 -6520.0 -6077.0
-8256.0 -4743.0 -4692.0 -7502.0 -6558.0
-7627.0 -5684.0 -4734.0 -6869.0 -7849.0
-6987.0 -5879.0 -5454.0 -6409.0 -8255.0
-8529.0 -4625.0 -6438.0 -6604.0 -5949.0
-7657.0 -3821.0 -6443.0 -7168.0 -5518.0
-7670.0 -5906.0 -4939.0 -6505.0 -8165.0
-7985.0 -4463.0 -6491.0 -6815.0 -6119.0
-8465.0 -4819.0 -5450.0 -7236.0 -5912.0
-7374.0 -4956.0 -6575.0 -5790.0 -6688.0
-6803.0 -5363.0 -6422.0 -5805.0 -6524.0
-6879.0 -5757.0 -5694.0 -6333.0 -7510.0
-7184.0 -5251.0 -6284.0 -6386.0 -6608.0
-7546.0 -5271.0 -6348.0 -7075.0 -6138.0
-6927.0 -5902.0 -5458.0 -5737.0 -8100.0
-8130.0 -4844.0 -5389.0 -7466.0 -6515.0
-8190.0 -4961.0 -5247.0 -7404.0 -6729.0
-6796.0 -5443.0 -6343.0 -5548.0 -6512.0
-6898.0 -5620.0 -5536.0 -5199.0 -7759.0
-7088.0 -5983.0 -3898.0 -6067.0 -8277.0
