-7090.0 -5846.0 -8500.0 -7664.0 -8645.0
-5984.0 -5667.0 -7754.0 -8355.0 -8154.0
-6778.0 -5518.0 -8305.0 -7411.0 -9088.0
-7724.0 -5098.0 -7786.0 -6622.0 -8150.0
-7100.0 -6020.0 -8154.0 -6807.0 -8773.0
-7370.0 -5861.0 -8380.0 -7363.0 -8648.0
-6290.0 -4998.0 -8321.0 -7794.0 -8252.0
-6252.0 -5925.0 -7172.0 -8069.0 -7470.0
-6588.0 -5878.0 -8068.0 -6873.0 -8938.0
-7867.0 -5536.0 -7681.0 -6468.0 -8741.0
-6934.0 -6248.0 -7135.0 -6122.0 -8881.0
-6190.0 -5641.0 -7630.0 -8111.0 -8125.0
-5437.0 -5577.0 -7098.0 -7684.0 -8303.0
-7606.0 -5409.0 -7768.0 -7342.0 -8246.0
-6690.0 -6152.0 -7345.0 -7673.0 -8022.0
-7227.0 -5423.0 -8485.0 -7517.0 -8057.0
-6284.0 -5589.0 -7513.0 -7877.0 -7471.0
-7488.0 -5550.0 -8398.0 -6643.0 -8552.0
-7701.0 -5020.0 -7830.0 -6744.0 -8129.0
-7212.0 -5865.0 -8200.0 -6775.0 -8866.0
-7755.0 -5691.0 -7635.0 -6500.0 -8648.0
-7345.0 -5823.0 -6826.0 -7366.0 -7897.0
-6041.0 -5788.0 -7412.0 -6202.0 -9087.0
-7376.0 -5705.0 -8352.0 -6675.0 -8459.0
-7457.0 -5668.0 -6872.0 -7334.0 -7990.0
-7612.0 -5253.0 -7740.0 -6654.0 -8057.0
-7448.0 -5413.0 -7588.0 -6754.0 -8464.0
