-8092.0 -6465.0 -6060.0 -6985.0 -6848.0
-7458.0 -5602.0 -5294.0 -7869.0 -6882.0
-7817.0 -5611.0 -5685.0 -6318.0 -7990.0
-8760.0 -5800.0 -6237.0 -6791.0 -6897.0
-8005.0 -6294.0 -5812.0 -7431.0 -5934.0
-7702.0 -6072.0 -7198.0 -5796.0 -7278.0
-7201.0 -5083.0 -4794.0 -8030.0 -6453.0
-7829.0 -5813.0 -5146.0 -7349.0 -7716.0
-8575.0 -6255.0 -6710.0 -6543.0 -6249.0
-6950.0 -6139.0 -6132.0 -7390.0 -6294.0
-7273.0 -6057.0 -5767.0 -7621.0 -6234.0
-7559.0 -5973.0 -6576.0 -5489.0 -7926.0
-8617.0 -5701.0 -5615.0 -6484.0 -7545.0
-7631.0 -6342.0 -6353.0 -5109.0 -7560.0
-7743.0 -6363.0 -6341.0 -7205.0 -6242.0
-8296.0 -5167.0 -5357.0 -7622.0 -7312.0
-8060.0 -6801.0 -6609.0 -5112.0 -6813.0
-8833.0 -5893.0 -5819.0 -7372.0 -6313.0
-7851.0 -6630.0 -6547.0 -6952.0 -5990.0
-8725.0 -5626.0 -5613.0 -7625.0 -6565.0
-6674.0 -5438.0 -5309.0 -6734.0 -7975.0
-8200.0 -6855.0 -6909.0 -5760.0 -6275.0
-7379.0 -6734.0 -6812.0 -6185.0 -5581.0
-8722.0 -5581.0 -5291.0 -7966.0 -6675.0
-7253.0 -6028.0 -6309.0 -5923.0 -8037.0
-7571.0 -6175.0 -6037.0 -6520.0 -7652.0
-7591.0 -5760.0 -6670.0 -6390.0 -7640.0
-7285.0 -5815.0 -6403.0 -6824.0 -7751.0
-7185.0 -6651.0 -6741.0 -4997.0 -7041.0
-8165.0 -6681.0 -6285.0 -6594.0 -5943.0
-8017.0 -6174.0 -6604.0 -6734.0 -7003.0
-7742.0 -5642.0 -4898.0 -7795.0 -6802.0
-7316.0 -5228.0 -4964.0 -7451.0 -7439.0
-8649.0 -5488.0 -5709.0 -7385.0 -7259.0
-8093.0 -6312.0 -6508.0 -6974.0 -6309.0
-7679.0 -6442.0 -6243.0 -6267.0 -7400.0
-7778.0 -6537.0 -6965.0 -6371.0 -6574.0
-6775.0 -4669.0 -4860.0 -7686.0 -7090.0
-7699.0 -6027.0 -6876.0 -6137.0 -7388.0
-7774.0 -6441.0 -6975.0 -5416.0 -6912.0
-8170.0 -5932.0 -6037.0 -6081.0 -7937.0
-8331.0 -5341.0 -5981.0 -6788.0 -7644.0
-8757.0 -5755.0 -5915.0 -7132.0 -7007.0
-7854.0 -6675.0 -6869.0 -6611.0 -5880.0
-8020.0 -6219.0 -6926.0 -6393.0 -6893.0
-6649.0 -6995.0 -6849.0 -4189.0 -5290.0
-8149.0 -5841.0 -6776.0 -6199.0 -6886.0
-8057.0 -6756.0 -6287.0 -5453.0 -6923.0
-8435.0 -6201.0 -6410.0 -5895.0 -6787.0
-8242.0 -6301.0 -5814.0 -5701.0 -7571.0
-8243.0 -6025.0 -5619.0 -6662.0 -7353.0
-6882.0 -5817.0 -6457.0 -6443.0 -7203.0
-7358.0 -5908.0 -5985.0 -7405.0 -7167.0
-8036.0 -6175.0 -6074.0 -7200.0 -6638.0
-7361.0 -5953.0 -6307.0 -7064.0 -7057.0
-8467.0 -5988.0 -6504.0 -6796.0 -6501.0
-7849.0 -5398.0 -5779.0 -7219.0 -7704.0
-8135.0 -5758.0 -5413.0 -6915.0 -7605.0
-7365.0 -5491.0 -6022.0 -6964.0 -7525.0
-6925.0 -5110.0 -5810.0 -6373.0 -7960.0
-8275.0 -5812.0 -5713.0 -7563.0 -7067.0
-7566.0 -5869.0 -5500.0 -7616.0 -6630.0
-8347.0 -6181.0 -5490.0 -7183.0 -6701.0
-7406.0 -6478.0 -6428.0 -6727.0 -6100.0
-8540.0 -6081.0 -6086.0 -7377.0 -5917.0
-6874.0 -6001.0 -6228.0 -7150.0 -6988.0
-7985.0 -6387.0 -6510.0 -5833.0 -7289.0
-8038.0 -5529.0 -6248.0 -6793.0 -7248.0
-7988.0 -6432.0 -6832.0 -5492.0 -7179.0
-8036.0 -6158.0 -6262.0 -5629.0 -7139.0
-7311.0 -6276.0 -6713.0 -6446.0 -6456.0
-8146.0 -5796.0 -6454.0 -6540.0 -6996.0
-7493.0 -5776.0 -5918.0 -7035.0 -7214.0
-7515.0 -5885.0 -6051.0 -6735.0 -7442.0
-8278.0 -5857.0 -6035.0 -7222.0 -6957.0
-8092.0 -6588.0 -6703.0 -6013.0 -6527.0
-6899.0 -6291.0 -7107.0 -5301.0 -7140.0
-7644.0 -6268.0 -5619.0 -7101.0 -7068.0
-8361.0 -5757.0 -6089.0 -6525.0 -7249.0
-7588.0 -5978.0 -5633.0 -7316.0 -6858.0
-7425.0 -6216.0 -6613.0 -6608.0 -6627.0
-8179.0 -6257.0 -6884.0 -5936.0 -6491.0
-7647.0 -6313.0 -5941.0 -6760.0 -6958.0
-8464.0 -5943.0 -6182.0 -7137.0 -6611.0
-7877.0 -6120.0 -6304.0 -6086.0 -7541.0
-7480.0 -5711.0 -5427.0 -7569.0 -7110.0
-7821.0 -5830.0 -6318.0 -6301.0 -7331.0
-7295.0 -6166.0 -5900.0 -7321.0 -6462.0
-7303.0 -6596.0 -6908.0 -5945.0 -6275.0
-7140.0 -5455.0 -5566.0 -7272.0 -7267.0
-8274.0 -6088.0 -5908.0 -6602.0 -7285.0
-7750.0 -5798.0 -6628.0 -5933.0 -7238.0
-8176.0 -6212.0 -6562.0 -6277.0 -6601.0
-7401.0 -6669.0 -6848.0 -4775.0 -6561.0
-8089.0 -6543.0 -6381.0 -6354.0 -6637.0
-8026.0 -5771.0 -5612.0 -7590.0 -5731.0
-8266.0 -6195.0 -6446.0 -5895.0 -6589.0
-8432.0 -6156.0 -6088.0 -6236.0 -6897.0
-6904.0 -5926.0 -6590.0 -6143.0 -7431.0
-7276.0 -6102.0 -6089.0 -7280.0 -6124.0
-7771.0 -6396.0 -6653.0 -5757.0 -7022.0
-7330.0 -6340.0 -6524.0 -6487.0 -6794.0
-7333.0 -6385.0 -6846.0 -6146.0 -6684.0
-7162.0 -5564.0 -5699.0 -6972.0 -7495.0
-7664.0 -5853.0 -6252.0 -6971.0 -7056.0
-7217.0 -6438.0 -6835.0 -5898.0 -6755.0
-8061.0 -6525.0 -6414.0 -6073.0 -6595.0
-7222.0 -6073.0 -6318.0 -6740.0 -7046.0
-8246.0 -6070.0 -5941.0 -6321.0 -7243.0
-7921.0 -5767.0 -5556.0 -6839.0 -7338.0
-7308.0 -6231.0 -6391.0 -6787.0 -6566.0
-8068.0 -5945.0 -6356.0 -6530.0 -6853.0
-8137.0 -6083.0 -6140.0 -6996.0 -5369.0
-7569.0 -5914.0 -5822.0 -7275.0 -6520.0
-8263.0 -6150.0 -6124.0 -6236.0 -6699.0
