-8507.0 -8317.0 -6010.0 -7026.0 -7469.0
-8756.0 -7151.0 -6618.0 -7735.0 -6765.0
-9005.0 -7571.0 -5768.0 -6769.0 -8294.0
-9151.0 -7110.0 -6482.0 -7342.0 -7001.0
-8111.0 -7373.0 -7189.0 -7510.0 -6028.0
-8366.0 -7827.0 -6320.0 -6289.0 -7755.0
-8916.0 -7298.0 -5575.0 -7235.0 -7825.0
-9172.0 -7909.0 -5877.0 -7277.0 -7260.0
-8156.0 -6914.0 -6909.0 -7658.0 -6212.0
-8421.0 -8114.0 -5982.0 -6571.0 -8081.0
-8506.0 -7332.0 -7053.0 -7117.0 -6264.0
-8309.0 -7637.0 -7054.0 -6960.0 -6106.0
-8172.0 -7694.0 -6832.0 -7537.0 -6552.0
-8245.0 -7187.0 -7102.0 -7192.0 -6681.0
-7997.0 -7218.0 -6611.0 -7548.0 -6695.0
-8962.0 -7077.0 -5650.0 -7119.0 -7849.0
-9050.0 -8098.0 -6033.0 -7111.0 -6915.0
-9091.0 -7774.0 -5796.0 -7224.0 -7682.0
-9131.0 -7519.0 -5890.0 -7363.0 -7508.0
-8541.0 -6930.0 -6303.0 -7607.0 -7082.0
-8581.0 -6675.0 -6397.0 -7746.0 -6908.0
-8574.0 -7983.0 -6398.0 -7041.0 -7007.0
-8547.0 -8062.0 -6104.0 -7165.0 -7295.0
-7985.0 -7425.0 -7067.0 -6916.0 -6814.0
-8706.0 -7758.0 -6402.0 -7275.0 -6812.0
-8443.0 -7451.0 -6967.0 -6642.0 -6759.0
-7957.0 -7473.0 -6517.0 -7409.0 -6869.0
-8620.0 -7555.0 -6374.0 -6820.0 -7424.0
-8567.0 -7653.0 -6696.0 -7144.0 -6788.0
-8580.0 -7810.0 -6280.0 -6681.0 -7598.0
-8223.0 -7434.0 -7026.0 -6505.0 -6718.0
