-7090.0 -5846.0 -8500.0 -7664.0 -8645.0
-6363.0 -6402.0 -6583.0 -7499.0 -7554.0
-6651.0 -6251.0 -7692.0 -7522.0 -8084.0
-6092.0 -6497.0 -6067.0 -7228.0 -6681.0
-7100.0 -6020.0 -8154.0 -6807.0 -8773.0
-7370.0 -5861.0 -8380.0 -7363.0 -8648.0
-6588.0 -5878.0 -8068.0 -6873.0 -8938.0
-7867.0 -5536.0 -7681.0 -6468.0 -8741.0
-6934.0 -6248.0 -7135.0 -6122.0 -8881.0
-7606.0 -5409.0 -7768.0 -7342.0 -8246.0
-6690.0 -6152.0 -7345.0 -7673.0 -8022.0
-7052.0 -6437.0 -7095.0 -5934.0 -8077.0
-6149.0 -6283.0 -7260.0 -6731.0 -8377.0
-6763.0 -6096.0 -7738.0 -7490.0 -8177.0
-7488.0 -5550.0 -8398.0 -6643.0 -8552.0
-5432.0 -6533.0 -5455.0 -5849.0 -7192.0
-6773.0 -6270.0 -7392.0 -6633.0 -8305.0
-7212.0 -5865.0 -8200.0 -6775.0 -8866.0
-7467.0 -5842.0 -6526.0 -6477.0 -8118.0
-7755.0 -5691.0 -7635.0 -6500.0 -8648.0
-7288.0 -5985.0 -6483.0 -5913.0 -7675.0
-6931.0 -6266.0 -7572.0 -7221.0 -8087.0
-7428.0 -5941.0 -6873.0 -6326.0 -8180.0
-6214.0 -6516.0 -5767.0 -6339.0 -6902.0
-7043.0 -6111.0 -7618.0 -7189.0 -8180.0
-7376.0 -5705.0 -8352.0 -6675.0 -8459.0
-7442.0 -5908.0 -5852.0 -4740.0 -7103.0
-5310.0 -6514.0 -5755.0 -6738.0 -6971.0
-5934.0 -6501.0 -5887.0 -6640.0 -6899.0
