-1207.0 -1117.0 -1054.0 -935.0 -1225.0 -1038.0
-1228.0 -1160.0 -971.0 -829.0 -1117.0 -981.0
-1164.0 -1048.0 -1061.0 -1043.0 -1318.0 -1069.0
-1152.0 -985.0 -1024.0 -1092.0 -1335.0 -1104.0
-1167.0 -991.0 -1014.0 -1114.0 -1291.0 -1086.0
-1157.0 -1040.0 -1053.0 -1061.0 -1366.0 -1121.0
-1158.0 -1051.0 -1089.0 -1027.0 -1306.0 -1051.0
-1210.0 -1068.0 -1076.0 -1041.0 -1308.0 -1039.0
-1211.0 -1107.0 -1072.0 -980.0 -1289.0 -1027.0
-1123.0 -930.0 -996.0 -1122.0 -1267.0 -1161.0
-1145.0 -1070.0 -1112.0 -982.0 -1309.0 -1068.0
-1069.0 -986.0 -1035.0 -1056.0 -1389.0 -1120.0
-1092.0 -1011.0 -1014.0 -1122.0 -1242.0 -1107.0
-1228.0 -1092.0 -1000.0 -1008.0 -1252.0 -1029.0
-1228.0 -1164.0 -963.0 -897.0 -1089.0 -961.0
-1232.0 -1154.0 -981.0 -942.0 -1153.0 -950.0
-1205.0 -1106.0 -1108.0 -896.0 -1305.0 -1029.0
-1221.0 -1163.0 -1021.0 -960.0 -1187.0 -1003.0
-1191.0 -1110.0 -1068.0 -980.0 -1340.0 -1013.0
-1163.0 -1100.0 -1063.0 -1011.0 -1343.0 -1022.0
-1210.0 -1089.0 -1095.0 -970.0 -1338.0 -1025.0
-1117.0 -1084.0 -1040.0 -1081.0 -1325.0 -1032.0
-1187.0 -1068.0 -1058.0 -1034.0 -1383.0 -1079.0
-1215.0 -1166.0 -1049.0 -944.0 -1175.0 -985.0
-1150.0 -1094.0 -1066.0 -1071.0 -1215.0 -1042.0
-1228.0 -1096.0 -992.0 -1076.0 -1224.0 -1009.0
-1191.0 -1114.0 -1060.0 -1048.0 -1312.0 -993.0
-1164.0 -1052.0 -1053.0 -1111.0 -1290.0 -1049.0
-1188.0 -1117.0 -1082.0 -1042.0 -1182.0 -1037.0
-1072.0 -925.0 -996.0 -1059.0 -1390.0 -1157.0
-1237.0 -1119.0 -1021.0 -959.0 -1309.0 -972.0
-1119.0 -981.0 -1049.0 -1006.0 -1405.0 -1113.0
-1225.0 -1153.0 -1039.0 -1005.0 -1251.0 -992.0
-1228.0 -1119.0 -1041.0 -947.0 -1245.0 -1047.0
-1219.0 -1156.0 -1067.0 -989.0 -1239.0 -974.0
-1169.0 -1159.0 -1074.0 -981.0 -1214.0 -1011.0
-1115.0 -1002.0 -1058.0 -986.0 -1407.0 -1110.0
-1110.0 -940.0 -1010.0 -1164.0 -1177.0 -1050.0
-1163.0 -1162.0 -1102.0 -965.0 -1202.0 -993.0
-1215.0 -1168.0 -1027.0 -960.0 -1183.0 -970.0
-1219.0 -1197.0 -997.0 -871.0 -1111.0 -908.0
