-988.0 -1054.0 -840.0 -1340.0 -953.0 -930.0
-1017.0 -1005.0 -764.0 -1371.0 -947.0 -958.0
-1053.0 -984.0 -754.0 -1382.0 -906.0 -970.0
-1040.0 -978.0 -754.0 -1380.0 -908.0 -1000.0
-1001.0 -1052.0 -813.0 -1348.0 -963.0 -945.0
-1007.0 -1023.0 -755.0 -1329.0 -973.0 -981.0
-1008.0 -1077.0 -855.0 -1350.0 -973.0 -896.0
-1032.0 -1050.0 -922.0 -1274.0 -951.0 -879.0
-1027.0 -1044.0 -909.0 -1336.0 -943.0 -861.0
-1036.0 -1071.0 -765.0 -1374.0 -994.0 -860.0
-1049.0 -973.0 -687.0 -1321.0 -942.0 -1029.0
-1011.0 -1034.0 -822.0 -1390.0 -937.0 -922.0
