-1007.0 -937.0 -762.0 -1319.0 -909.0 -995.0
-1021.0 -1002.0 -887.0 -1293.0 -1001.0 -843.0
-1027.0 -960.0 -777.0 -1329.0 -929.0 -961.0
-1050.0 -933.0 -767.0 -1338.0 -890.0 -1003.0
-1003.0 -1046.0 -865.0 -1265.0 -1007.0 -854.0
-1036.0 -975.0 -714.0 -1313.0 -932.0 -1014.0
-1038.0 -967.0 -752.0 -1310.0 -894.0 -1022.0
-998.0 -1040.0 -852.0 -1327.0 -999.0 -836.0
-1034.0 -936.0 -732.0 -1337.0 -966.0 -982.0
-988.0 -1054.0 -840.0 -1340.0 -953.0 -930.0
-1016.0 -1003.0 -775.0 -1322.0 -875.0 -1006.0
-1005.0 -992.0 -800.0 -1347.0 -995.0 -904.0
-1044.0 -982.0 -869.0 -1343.0 -985.0 -835.0
-1029.0 -989.0 -871.0 -1308.0 -857.0 -952.0
-997.0 -982.0 -749.0 -1361.0 -927.0 -992.0
-996.0 -981.0 -833.0 -1294.0 -800.0 -1018.0
-1021.0 -989.0 -835.0 -1348.0 -919.0 -925.0
-1067.0 -965.0 -747.0 -1349.0 -984.0 -918.0
-1003.0 -997.0 -775.0 -1320.0 -877.0 -1036.0
-990.0 -999.0 -802.0 -1312.0 -867.0 -1021.0
-1079.0 -894.0 -795.0 -1317.0 -716.0 -1022.0
-1016.0 -1048.0 -750.0 -1364.0 -974.0 -894.0
-1048.0 -988.0 -805.0 -1366.0 -976.0 -912.0
-1030.0 -1004.0 -772.0 -1332.0 -922.0 -978.0
-1052.0 -954.0 -796.0 -1281.0 -866.0 -1019.0
-1058.0 -925.0 -738.0 -1262.0 -876.0 -1055.0
-1012.0 -1014.0 -855.0 -1319.0 -849.0 -995.0
-997.0 -946.0 -762.0 -1337.0 -802.0 -1036.0
-1054.0 -959.0 -747.0 -1347.0 -986.0 -948.0
-1050.0 -962.0 -758.0 -1284.0 -904.0 -1011.0
-1015.0 -1036.0 -745.0 -1296.0 -924.0 -959.0
-1023.0 -1028.0 -817.0 -1324.0 -885.0 -957.0
-1017.0 -1005.0 -764.0 -1371.0 -947.0 -958.0
-1067.0 -943.0 -691.0 -1319.0 -894.0 -1023.0
-1018.0 -985.0 -797.0 -1300.0 -859.0 -1031.0
-1069.0 -916.0 -760.0 -1325.0 -792.0 -1058.0
-1008.0 -1011.0 -815.0 -1252.0 -873.0 -1009.0
-1016.0 -1040.0 -835.0 -1328.0 -945.0 -940.0
-1059.0 -955.0 -696.0 -1363.0 -916.0 -1006.0
-1013.0 -979.0 -784.0 -1362.0 -851.0 -1013.0
-1071.0 -923.0 -732.0 -1318.0 -887.0 -1051.0
-1020.0 -1029.0 -755.0 -1331.0 -971.0 -951.0
-1028.0 -1042.0 -745.0 -1298.0 -922.0 -929.0
-1064.0 -969.0 -624.0 -1337.0 -953.0 -978.0
-1021.0 -1009.0 -788.0 -1260.0 -883.0 -1024.0
-1036.0 -1026.0 -790.0 -1332.0 -895.0 -972.0
-1032.0 -1058.0 -837.0 -1310.0 -980.0 -833.0
-1073.0 -942.0 -740.0 -1334.0 -888.0 -1003.0
-1000.0 -1050.0 -742.0 -1253.0 -976.0 -914.0
-1053.0 -984.0 -754.0 -1382.0 -906.0 -970.0
-1078.0 -956.0 -668.0 -1308.0 -925.0 -975.0
-996.0 -1017.0 -820.0 -1318.0 -925.0 -974.0
-1058.0 -990.0 -767.0 -1320.0 -914.0 -988.0
-1040.0 -978.0 -754.0 -1380.0 -908.0 -1000.0
-1044.0 -985.0 -765.0 -1299.0 -1000.0 -926.0
-1032.0 -1045.0 -785.0 -1365.0 -898.0 -915.0
-1036.0 -1039.0 -842.0 -1277.0 -977.0 -890.0
-995.0 -1001.0 -800.0 -1365.0 -888.0 -945.0
-1013.0 -1046.0 -808.0 -1282.0 -911.0 -980.0
-1038.0 -1029.0 -779.0 -1291.0 -990.0 -869.0
-1037.0 -999.0 -922.0 -1294.0 -925.0 -864.0
-1051.0 -1022.0 -727.0 -1348.0 -906.0 -921.0
-1020.0 -1021.0 -881.0 -1254.0 -1015.0 -811.0
-1022.0 -1019.0 -692.0 -1345.0 -984.0 -930.0
-1096.0 -895.0 -747.0 -1348.0 -881.0 -1002.0
-1072.0 -979.0 -675.0 -1323.0 -1021.0 -890.0
-1058.0 -998.0 -682.0 -1356.0 -943.0 -942.0
-1061.0 -921.0 -770.0 -1364.0 -949.0 -975.0
-1021.0 -1054.0 -763.0 -1302.0 -982.0 -912.0
-1032.0 -949.0 -734.0 -1304.0 -836.0 -1069.0
-1010.0 -1022.0 -817.0 -1322.0 -887.0 -987.0
-1017.0 -939.0 -724.0 -1273.0 -847.0 -1071.0
-994.0 -1025.0 -782.0 -1321.0 -963.0 -966.0
-1002.0 -988.0 -762.0 -1299.0 -935.0 -1010.0
-993.0 -1060.0 -853.0 -1278.0 -961.0 -948.0
-1060.0 -935.0 -729.0 -1292.0 -828.0 -1079.0
-1018.0 -1032.0 -868.0 -1308.0 -955.0 -899.0
-1067.0 -971.0 -798.0 -1353.0 -878.0 -967.0
-1011.0 -963.0 -742.0 -1328.0 -1005.0 -940.0
-1017.0 -978.0 -768.0 -1287.0 -955.0 -984.0
-1046.0 -1013.0 -824.0 -1325.0 -963.0 -912.0
-1001.0 -1052.0 -813.0 -1348.0 -963.0 -945.0
-987.0 -1073.0 -834.0 -1301.0 -967.0 -898.0
-1053.0 -929.0 -789.0 -1246.0 -946.0 -997.0
-1050.0 -946.0 -819.0 -1283.0 -972.0 -921.0
-989.0 -1065.0 -872.0 -1298.0 -929.0 -906.0
-1003.0 -1054.0 -780.0 -1301.0 -1036.0 -808.0
-1033.0 -971.0 -803.0 -1294.0 -964.0 -964.0
-1055.0 -1038.0 -819.0 -1360.0 -964.0 -825.0
-1004.0 -1051.0 -875.0 -1341.0 -877.0 -951.0
-1012.0 -943.0 -775.0 -1257.0 -917.0 -1013.0
-1007.0 -1023.0 -755.0 -1329.0 -973.0 -981.0
-1010.0 -998.0 -813.0 -1285.0 -1003.0 -922.0
-1041.0 -1025.0 -902.0 -1303.0 -1021.0 -809.0
-1008.0 -1077.0 -855.0 -1350.0 -973.0 -896.0
-1040.0 -971.0 -802.0 -1282.0 -1021.0 -894.0
-989.0 -1034.0 -873.0 -1269.0 -865.0 -1003.0
-998.0 -962.0 -782.0 -1290.0 -839.0 -1065.0
-1025.0 -961.0 -752.0 -1308.0 -896.0 -1052.0
-977.0 -996.0 -802.0 -1195.0 -1009.0 -926.0
-1002.0 -1035.0 -833.0 -1307.0 -1031.0 -878.0
-972.0 -1015.0 -746.0 -1263.0 -1009.0 -923.0
-995.0 -1005.0 -815.0 -1250.0 -875.0 -1039.0
-1035.0 -916.0 -765.0 -1266.0 -878.0 -1055.0
-1009.0 -928.0 -730.0 -1283.0 -847.0 -1075.0
-1105.0 -907.0 -788.0 -1376.0 -869.0 -964.0
-996.0 -930.0 -736.0 -1227.0 -836.0 -1079.0
-1025.0 -1015.0 -815.0 -1357.0 -1015.0 -870.0
-1055.0 -929.0 -716.0 -1354.0 -820.0 -1061.0
-908.0 -1014.0 -806.0 -1166.0 -1067.0 -740.0
-1027.0 -1044.0 -909.0 -1336.0 -943.0 -861.0
-1067.0 -897.0 -752.0 -1309.0 -791.0 -1106.0
-963.0 -1056.0 -792.0 -1163.0 -1069.0 -734.0
-1066.0 -917.0 -719.0 -1380.0 -879.0 -1033.0
-1094.0 -950.0 -785.0 -1376.0 -967.0 -911.0
-1086.0 -940.0 -734.0 -1390.0 -899.0 -999.0
-1036.0 -1071.0 -765.0 -1374.0 -994.0 -860.0
-1069.0 -1019.0 -812.0 -1327.0 -1042.0 -773.0
-1039.0 -942.0 -745.0 -1275.0 -974.0 -1000.0
-1002.0 -1046.0 -861.0 -1159.0 -1059.0 -665.0
-1013.0 -1091.0 -783.0 -1324.0 -1010.0 -868.0
-1008.0 -1003.0 -788.0 -1258.0 -885.0 -1054.0
-966.0 -1071.0 -790.0 -1194.0 -1059.0 -750.0
-1049.0 -973.0 -687.0 -1321.0 -942.0 -1029.0
-1011.0 -1034.0 -822.0 -1390.0 -937.0 -922.0
-1015.0 -1044.0 -834.0 -1167.0 -1069.0 -680.0
-1020.0 -911.0 -663.0 -1230.0 -980.0 -992.0
-1022.0 -996.0 -782.0 -1187.0 -1065.0 -748.0
-1031.0 -979.0 -765.0 -1297.0 -1002.0 -956.0
-923.0 -919.0 -745.0 -1241.0 -1009.0 -950.0
-1044.0 -938.0 -694.0 -1291.0 -904.0 -1058.0
-1054.0 -893.0 -707.0 -1249.0 -886.0 -1061.0
-1028.0 -905.0 -672.0 -1266.0 -855.0 -1081.0
-979.0 -972.0 -772.0 -1177.0 -825.0 -1081.0
-965.0 -985.0 -728.0 -1206.0 -853.0 -1084.0
-978.0 -961.0 -731.0 -1238.0 -1011.0 -944.0
-994.0 -1029.0 -785.0 -1266.0 -1035.0 -895.0
-1015.0 -907.0 -678.0 -1210.0 -844.0 -1085.0
-1025.0 -862.0 -691.0 -1168.0 -826.0 -1088.0
-1054.0 -899.0 -758.0 -1253.0 -780.0 -1110.0
-974.0 -921.0 -664.0 -1221.0 -815.0 -1101.0
-1015.0 -1033.0 -806.0 -1315.0 -1041.0 -893.0
-890.0 -948.0 -788.0 -1130.0 -1042.0 -855.0
-1009.0 -1025.0 -722.0 -1282.0 -1046.0 -844.0
-1038.0 -866.0 -736.0 -1228.0 -731.0 -1133.0
-1030.0 -1029.0 -743.0 -1331.0 -1052.0 -842.0
-1040.0 -912.0 -714.0 -1282.0 -808.0 -1113.0
-1024.0 -879.0 -692.0 -1257.0 -759.0 -1136.0
-1026.0 -1002.0 -718.0 -1210.0 -1056.0 -825.0
-893.0 -1018.0 -869.0 -1150.0 -1056.0 -791.0
-948.0 -1060.0 -855.0 -1147.0 -1058.0 -785.0
-1046.0 -1039.0 -830.0 -1277.0 -1058.0 -781.0
-967.0 -954.0 -796.0 -1190.0 -1063.0 -754.0
-976.0 -1054.0 -765.0 -1171.0 -1079.0 -749.0
-1011.0 -881.0 -698.0 -1201.0 -748.0 -1140.0
-992.0 -1064.0 -852.0 -1117.0 -1085.0 -688.0
