-1160.0 -1058.0 -1043.0 -998.0 -1254.0 -1080.0
-1205.0 -1124.0 -1055.0 -953.0 -1182.0 -1003.0
-1207.0 -1089.0 -1038.0 -970.0 -1284.0 -1029.0
-1205.0 -1103.0 -1036.0 -1024.0 -1152.0 -1017.0
-1207.0 -1117.0 -1054.0 -935.0 -1225.0 -1038.0
-1069.0 -1016.0 -1058.0 -970.0 -1310.0 -1140.0
-1209.0 -1100.0 -984.0 -1009.0 -1204.0 -1038.0
-1092.0 -1007.0 -1022.0 -1054.0 -1270.0 -1127.0
-1130.0 -1030.0 -1038.0 -1025.0 -1237.0 -1122.0
-1215.0 -1120.0 -1034.0 -940.0 -1246.0 -1001.0
-1027.0 -973.0 -1001.0 -1040.0 -1358.0 -1136.0
-1073.0 -1029.0 -1073.0 -993.0 -1261.0 -1126.0
-1076.0 -968.0 -1034.0 -996.0 -1262.0 -1163.0
-1176.0 -1102.0 -1054.0 -933.0 -1243.0 -1059.0
-1116.0 -978.0 -1034.0 -963.0 -1160.0 -1159.0
-1128.0 -1046.0 -1061.0 -1054.0 -1201.0 -1055.0
-1160.0 -1062.0 -1035.0 -1066.0 -1226.0 -1060.0
-1162.0 -1059.0 -1032.0 -1078.0 -1244.0 -1050.0
-1086.0 -998.0 -1004.0 -1023.0 -1345.0 -1140.0
-1173.0 -1105.0 -1055.0 -983.0 -1111.0 -1057.0
-1118.0 -961.0 -964.0 -1037.0 -1139.0 -1159.0
-1096.0 -968.0 -1041.0 -954.0 -1161.0 -1166.0
-1123.0 -980.0 -936.0 -1051.0 -1257.0 -1156.0
-998.0 -913.0 -1024.0 -920.0 -1182.0 -1199.0
-1222.0 -1163.0 -999.0 -813.0 -1105.0 -963.0
-1081.0 -986.0 -1096.0 -949.0 -1352.0 -1135.0
-1002.0 -920.0 -990.0 -934.0 -1186.0 -1205.0
-1093.0 -979.0 -1014.0 -1028.0 -1321.0 -1150.0
-1139.0 -1097.0 -1073.0 -1034.0 -1310.0 -1005.0
-1087.0 -987.0 -1060.0 -1033.0 -1336.0 -1133.0
-1104.0 -999.0 -1029.0 -1000.0 -1292.0 -1153.0
-1117.0 -1024.0 -1039.0 -1094.0 -1321.0 -967.0
-1228.0 -1160.0 -971.0 -829.0 -1117.0 -981.0
-1115.0 -991.0 -1031.0 -961.0 -1341.0 -1124.0
-1155.0 -1113.0 -1107.0 -956.0 -1252.0 -1046.0
-1133.0 -1003.0 -1083.0 -963.0 -1354.0 -1123.0
-1031.0 -993.0 -1042.0 -999.0 -1343.0 -1145.0
-1177.0 -1089.0 -1049.0 -962.0 -1208.0 -1080.0
-1168.0 -1053.0 -1059.0 -924.0 -1293.0 -1112.0
-1093.0 -967.0 -1045.0 -1051.0 -1264.0 -1144.0
-1114.0 -991.0 -1050.0 -967.0 -1229.0 -1158.0
-1077.0 -968.0 -1015.0 -990.0 -1374.0 -1129.0
-1164.0 -1048.0 -1061.0 -1043.0 -1318.0 -1069.0
-1081.0 -983.0 -1024.0 -1077.0 -1199.0 -1123.0
-1086.0 -971.0 -963.0 -1084.0 -1352.0 -1122.0
-1095.0 -975.0 -1072.0 -925.0 -1192.0 -1159.0
-1200.0 -1144.0 -1034.0 -993.0 -1114.0 -1009.0
-1084.0 -1015.0 -1074.0 -949.0 -1366.0 -1140.0
-1194.0 -1074.0 -977.0 -990.0 -1171.0 -1082.0
-1056.0 -913.0 -1050.0 -1012.0 -1294.0 -1175.0
-1157.0 -1048.0 -1008.0 -919.0 -1092.0 -1123.0
-1145.0 -1094.0 -1045.0 -1050.0 -1322.0 -1023.0
-1086.0 -936.0 -1003.0 -991.0 -1273.0 -1181.0
-1162.0 -1082.0 -1081.0 -949.0 -1265.0 -1088.0
-1152.0 -985.0 -1024.0 -1092.0 -1335.0 -1104.0
-1032.0 -944.0 -1041.0 -1056.0 -1205.0 -1167.0
-1116.0 -984.0 -1071.0 -1000.0 -1275.0 -1157.0
-1087.0 -983.0 -1068.0 -965.0 -1364.0 -1153.0
-1057.0 -910.0 -1075.0 -996.0 -1328.0 -1143.0
-1195.0 -1050.0 -1025.0 -916.0 -1270.0 -1093.0
-1213.0 -1090.0 -1002.0 -1054.0 -1268.0 -1027.0
-1078.0 -961.0 -1055.0 -1029.0 -1308.0 -1162.0
-1067.0 -954.0 -1084.0 -913.0 -1295.0 -1164.0
-1167.0 -991.0 -1014.0 -1114.0 -1291.0 -1086.0
-1176.0 -1050.0 -1053.0 -1023.0 -1227.0 -1092.0
-1213.0 -1086.0 -1010.0 -986.0 -1296.0 -1047.0
-1073.0 -989.0 -1024.0 -970.0 -1376.0 -1126.0
-1209.0 -1096.0 -992.0 -941.0 -1232.0 -1058.0
-1206.0 -1078.0 -1058.0 -996.0 -1244.0 -1050.0
-1071.0 -960.0 -1034.0 -1089.0 -1262.0 -1088.0
-1105.0 -1051.0 -1125.0 -880.0 -1244.0 -1123.0
-1199.0 -1040.0 -1043.0 -961.0 -1334.0 -1082.0
-1155.0 -1109.0 -1115.0 -888.0 -1280.0 -1066.0
-1157.0 -1040.0 -1053.0 -1061.0 -1366.0 -1121.0
-1063.0 -954.0 -1074.0 -964.0 -1267.0 -1175.0
-1158.0 -1051.0 -1089.0 -1027.0 -1306.0 -1051.0
-1210.0 -1068.0 -1076.0 -1041.0 -1308.0 -1039.0
-1130.0 -1034.0 -1030.0 -1093.0 -1209.0 -1102.0
-1059.0 -953.0 -1030.0 -991.0 -1384.0 -1129.0
-1194.0 -1078.0 -969.0 -1058.0 -1143.0 -1062.0
-1185.0 -1042.0 -979.0 -1020.0 -1228.0 -1094.0
-1211.0 -1107.0 -1072.0 -980.0 -1289.0 -1027.0
-1123.0 -930.0 -996.0 -1122.0 -1267.0 -1161.0
-1067.0 -933.0 -1065.0 -984.0 -1265.0 -1178.0
-1016.0 -941.0 -1019.0 -927.0 -1343.0 -1172.0
-1008.0 -904.0 -1006.0 -1049.0 -1230.0 -1186.0
-1090.0 -926.0 -1021.0 -1036.0 -1337.0 -1170.0
-1081.0 -917.0 -962.0 -1106.0 -1236.0 -1177.0
-1079.0 -1000.0 -1094.0 -1003.0 -1220.0 -1123.0
-1133.0 -973.0 -991.0 -1096.0 -1210.0 -1139.0
-1170.0 -1036.0 -989.0 -998.0 -1272.0 -1112.0
-1101.0 -972.0 -1044.0 -941.0 -1204.0 -1177.0
-1023.0 -922.0 -1029.0 -932.0 -1319.0 -1182.0
-1073.0 -886.0 -1015.0 -1125.0 -1207.0 -1081.0
-1152.0 -973.0 -963.0 -989.0 -1253.0 -1140.0
-1048.0 -913.0 -987.0 -1020.0 -1306.0 -1186.0
-1017.0 -938.0 -1051.0 -1034.0 -1249.0 -1185.0
-1153.0 -1048.0 -990.0 -1047.0 -1159.0 -1114.0
-1158.0 -1008.0 -1031.0 -916.0 -1086.0 -1140.0
-1059.0 -964.0 -1056.0 -919.0 -1203.0 -1186.0
-1182.0 -1103.0 -1018.0 -1017.0 -1227.0 -1057.0
-1119.0 -937.0 -1012.0 -963.0 -1238.0 -1170.0
-1135.0 -1020.0 -1074.0 -1012.0 -1243.0 -1144.0
-1145.0 -1070.0 -1112.0 -982.0 -1309.0 -1068.0
-1068.0 -975.0 -1027.0 -1037.0 -1211.0 -1168.0
-1059.0 -869.0 -957.0 -1089.0 -1222.0 -1190.0
-1214.0 -1046.0 -1033.0 -983.0 -1290.0 -1064.0
-1115.0 -1027.0 -1019.0 -1045.0 -1335.0 -1137.0
-1224.0 -1106.0 -974.0 -1031.0 -1160.0 -1020.0
-1136.0 -1100.0 -1095.0 -1028.0 -1180.0 -1049.0
-1037.0 -850.0 -977.0 -1150.0 -1163.0 -1128.0
-1069.0 -986.0 -1035.0 -1056.0 -1389.0 -1120.0
-1030.0 -952.0 -1011.0 -1066.0 -1244.0 -1173.0
-1138.0 -1042.0 -1000.0 -1025.0 -1203.0 -1132.0
-1034.0 -923.0 -979.0 -1062.0 -1212.0 -1187.0
-1092.0 -1011.0 -1014.0 -1122.0 -1242.0 -1107.0
-1182.0 -1099.0 -1026.0 -949.0 -1255.0 -1077.0
-959.0 -906.0 -970.0 -960.0 -1251.0 -1212.0
-1033.0 -894.0 -967.0 -903.0 -1186.0 -1199.0
-1185.0 -1138.0 -1044.0 -971.0 -1158.0 -1027.0
-1100.0 -1020.0 -1038.0 -980.0 -1294.0 -1150.0
-1228.0 -1092.0 -1000.0 -1008.0 -1252.0 -1029.0
-1063.0 -943.0 -1047.0 -939.0 -1201.0 -1189.0
-1074.0 -971.0 -1037.0 -984.0 -1244.0 -1173.0
-1102.0 -1016.0 -1099.0 -926.0 -1313.0 -1153.0
-1054.0 -1004.0 -1015.0 -1050.0 -1276.0 -1160.0
-1228.0 -1164.0 -963.0 -897.0 -1089.0 -961.0
-1191.0 -1135.0 -1016.0 -987.0 -1170.0 -1045.0
-937.0 -858.0 -965.0 -943.0 -1237.0 -1225.0
-1132.0 -1041.0 -1036.0 -941.0 -1219.0 -1134.0
-1083.0 -993.0 -1050.0 -920.0 -1300.0 -1164.0
-975.0 -925.0 -1017.0 -1018.0 -1218.0 -1201.0
-1169.0 -1115.0 -1037.0 -938.0 -1047.0 -1068.0
-1037.0 -911.0 -1005.0 -908.0 -1159.0 -1206.0
-988.0 -931.0 -1014.0 -958.0 -1346.0 -1181.0
-1033.0 -873.0 -948.0 -974.0 -1156.0 -1213.0
-1232.0 -1154.0 -981.0 -942.0 -1153.0 -950.0
-1205.0 -1106.0 -1108.0 -896.0 -1305.0 -1029.0
-1030.0 -933.0 -961.0 -1017.0 -1148.0 -1198.0
-1221.0 -1163.0 -1021.0 -960.0 -1187.0 -1003.0
-997.0 -929.0 -986.0 -931.0 -1218.0 -1207.0
-1145.0 -1066.0 -1120.0 -914.0 -1337.0 -1088.0
-1030.0 -912.0 -962.0 -1043.0 -1359.0 -1173.0
-1008.0 -864.0 -957.0 -1026.0 -1345.0 -1186.0
-1019.0 -884.0 -972.0 -998.0 -1316.0 -1189.0
-1191.0 -1110.0 -1068.0 -980.0 -1340.0 -1013.0
-1135.0 -1118.0 -1082.0 -1014.0 -1312.0 -1002.0
-1163.0 -1100.0 -1063.0 -1011.0 -1343.0 -1022.0
-1210.0 -1089.0 -1095.0 -970.0 -1338.0 -1025.0
-1035.0 -899.0 -1027.0 -988.0 -1311.0 -1198.0
-1182.0 -1116.0 -1118.0 -958.0 -1198.0 -1039.0
-1034.0 -927.0 -971.0 -1130.0 -1184.0 -1167.0
-1026.0 -865.0 -982.0 -1003.0 -1292.0 -1199.0
-1011.0 -937.0 -1087.0 -950.0 -1265.0 -1187.0
-1161.0 -1095.0 -1025.0 -962.0 -1366.0 -988.0
-1105.0 -1017.0 -1011.0 -1062.0 -1370.0 -1087.0
-1147.0 -992.0 -1059.0 -939.0 -1194.0 -1147.0
-1143.0 -1002.0 -1041.0 -894.0 -1130.0 -1158.0
-1117.0 -1084.0 -1040.0 -1081.0 -1325.0 -1032.0
-1135.0 -1124.0 -1045.0 -945.0 -1297.0 -1059.0
-973.0 -909.0 -999.0 -1007.0 -1285.0 -1205.0
-1008.0 -900.0 -1014.0 -981.0 -1258.0 -1206.0
-1141.0 -981.0 -961.0 -1028.0 -1204.0 -1169.0
-1187.0 -1068.0 -1058.0 -1034.0 -1383.0 -1079.0
-1215.0 -1166.0 -1049.0 -944.0 -1175.0 -985.0
-1149.0 -1112.0 -1143.0 -872.0 -1268.0 -1048.0
-1199.0 -1064.0 -1013.0 -977.0 -1177.0 -1104.0
-1150.0 -1094.0 -1066.0 -1071.0 -1215.0 -1042.0
-1184.0 -1058.0 -1023.0 -955.0 -1221.0 -1122.0
-1228.0 -1096.0 -992.0 -1076.0 -1224.0 -1009.0
-1131.0 -1044.0 -1086.0 -957.0 -1388.0 -1078.0
-1098.0 -1077.0 -1079.0 -1057.0 -1213.0 -1054.0
-1191.0 -1114.0 -1060.0 -1048.0 -1312.0 -993.0
-1133.0 -957.0 -1036.0 -1113.0 -1188.0 -1063.0
-1164.0 -1052.0 -1053.0 -1111.0 -1290.0 -1049.0
-1188.0 -1117.0 -1082.0 -1042.0 -1182.0 -1037.0
-1104.0 -915.0 -997.0 -1012.0 -1177.0 -1194.0
-1072.0 -925.0 -996.0 -1059.0 -1390.0 -1157.0
-909.0 -848.0 -960.0 -974.0 -1240.0 -1234.0
-1103.0 -1034.0 -1081.0 -988.0 -1391.0 -1087.0
-1201.0 -1057.0 -1034.0 -1010.0 -1223.0 -1103.0
-1145.0 -1040.0 -1020.0 -1115.0 -1165.0 -1084.0
-1152.0 -976.0 -1093.0 -1051.0 -1229.0 -1072.0
-1237.0 -1119.0 -1021.0 -959.0 -1309.0 -972.0
-1163.0 -1158.0 -1110.0 -897.0 -1230.0 -1013.0
-1095.0 -934.0 -1020.0 -1142.0 -1221.0 -1068.0
-1119.0 -981.0 -1049.0 -1006.0 -1405.0 -1113.0
-1020.0 -877.0 -1012.0 -1037.0 -1250.0 -1222.0
-1148.0 -1037.0 -998.0 -1121.0 -1295.0 -1040.0
-1100.0 -925.0 -979.0 -967.0 -1113.0 -1205.0
-1141.0 -1149.0 -1069.0 -1012.0 -1217.0 -1020.0
-1196.0 -1125.0 -1052.0 -974.0 -1176.0 -1067.0
-1225.0 -1153.0 -1039.0 -1005.0 -1251.0 -992.0
-1107.0 -1017.0 -1004.0 -1144.0 -1198.0 -1089.0
-1062.0 -902.0 -963.0 -996.0 -1146.0 -1210.0
-1228.0 -1119.0 -1041.0 -947.0 -1245.0 -1047.0
-1124.0 -992.0 -1041.0 -932.0 -1269.0 -1187.0
-1219.0 -1156.0 -1067.0 -989.0 -1239.0 -974.0
-1097.0 -982.0 -1026.0 -896.0 -1140.0 -1188.0
-1169.0 -1159.0 -1074.0 -981.0 -1214.0 -1011.0
-1115.0 -1002.0 -1058.0 -986.0 -1407.0 -1110.0
-1110.0 -940.0 -1010.0 -1164.0 -1177.0 -1050.0
-1247.0 -1118.0 -979.0 -890.0 -1085.0 -1007.0
-1163.0 -1162.0 -1102.0 -965.0 -1202.0 -993.0
-1122.0 -927.0 -1010.0 -912.0 -1408.0 -981.0
-1057.0 -943.0 -976.0 -1053.0 -1277.0 -1197.0
-1215.0 -1168.0 -1027.0 -960.0 -1183.0 -970.0
-931.0 -896.0 -965.0 -991.0 -1254.0 -1221.0
-1016.0 -887.0 -994.0 -992.0 -1186.0 -1233.0
-978.0 -864.0 -978.0 -1021.0 -1219.0 -1238.0
-1219.0 -1197.0 -997.0 -871.0 -1111.0 -908.0
-1005.0 -925.0 -950.0 -943.0 -1411.0 -1061.0
-956.0 -816.0 -973.0 -1004.0 -1205.0 -1251.0
