-997.0 -1251.0 -1113.0 -831.0 -1056.0 -1107.0
-911.0 -1221.0 -1147.0 -943.0 -1118.0 -1105.0
-864.0 -1201.0 -1186.0 -970.0 -1073.0 -1167.0
-956.0 -1169.0 -1203.0 -924.0 -1059.0 -1169.0
-999.0 -1257.0 -1197.0 -1028.0 -1014.0 -1131.0
-874.0 -1216.0 -1087.0 -1017.0 -1076.0 -1182.0
-1033.0 -1276.0 -1151.0 -1037.0 -1029.0 -957.0
-992.0 -1282.0 -1212.0 -1023.0 -1040.0 -1049.0
-1011.0 -1285.0 -1134.0 -992.0 -1029.0 -1116.0
-913.0 -1200.0 -1163.0 -911.0 -1075.0 -1172.0
-1031.0 -1248.0 -1196.0 -1021.0 -1060.0 -1037.0
-915.0 -1247.0 -1251.0 -1067.0 -1008.0 -1052.0
-991.0 -1191.0 -1154.0 -879.0 -1083.0 -1133.0
-913.0 -1192.0 -1210.0 -927.0 -1093.0 -1137.0
-915.0 -1204.0 -1215.0 -944.0 -1097.0 -1128.0
-842.0 -1247.0 -1162.0 -965.0 -1125.0 -1112.0
-937.0 -1244.0 -1132.0 -893.0 -1053.0 -1186.0
-928.0 -1239.0 -1159.0 -901.0 -1044.0 -1184.0
-885.0 -1192.0 -1123.0 -993.0 -1060.0 -1216.0
-932.0 -1247.0 -1132.0 -956.0 -1028.0 -1192.0
-988.0 -1297.0 -1196.0 -993.0 -1002.0 -1125.0
-930.0 -1235.0 -1127.0 -939.0 -1024.0 -1201.0
-990.0 -1254.0 -1257.0 -1007.0 -1071.0 -1129.0
-933.0 -1160.0 -1109.0 -940.0 -1131.0 -1123.0
-1052.0 -1279.0 -1073.0 -1006.0 -1018.0 -1024.0
-868.0 -1270.0 -1147.0 -915.0 -1060.0 -1193.0
-918.0 -1153.0 -1248.0 -1076.0 -1029.0 -1029.0
-905.0 -1158.0 -1221.0 -966.0 -1053.0 -1173.0
-954.0 -1157.0 -1198.0 -907.0 -1055.0 -1178.0
-826.0 -1165.0 -1142.0 -919.0 -1102.0 -1181.0
-882.0 -1225.0 -1086.0 -880.0 -1088.0 -1189.0
-898.0 -1138.0 -1158.0 -985.0 -1107.0 -1159.0
-938.0 -1307.0 -1091.0 -908.0 -1001.0 -1166.0
-1059.0 -1299.0 -1136.0 -987.0 -964.0 -1038.0
-857.0 -1181.0 -1123.0 -989.0 -1127.0 -1153.0
-959.0 -1183.0 -1094.0 -890.0 -1066.0 -1204.0
-973.0 -1234.0 -1212.0 -1078.0 -1079.0 -1050.0
-921.0 -1280.0 -1272.0 -1029.0 -1078.0 -1136.0
-883.0 -1204.0 -1108.0 -939.0 -1062.0 -1234.0
-883.0 -1196.0 -1155.0 -955.0 -1080.0 -1199.0
-1040.0 -1251.0 -1136.0 -1042.0 -1003.0 -1039.0
-860.0 -1166.0 -1287.0 -1065.0 -958.0 -1031.0
-924.0 -1161.0 -1143.0 -935.0 -1042.0 -1240.0
-1057.0 -1271.0 -1181.0 -971.0 -995.0 -1118.0
-906.0 -1267.0 -1183.0 -1129.0 -1004.0 -1035.0
-900.0 -1239.0 -1072.0 -967.0 -1011.0 -1263.0
