-2012.0 -1719.0 -2078.0 -1670.0 -1993.0
-2025.0 -1671.0 -2084.0 -1709.0 -1960.0
-2010.0 -1733.0 -2045.0 -1675.0 -2029.0
-2015.0 -1720.0 -2027.0 -1674.0 -2062.0
-1998.0 -1753.0 -2048.0 -1685.0 -2021.0
-2007.0 -1733.0 -2029.0 -1617.0 -2095.0
-1943.0 -1784.0 -1984.0 -1664.0 -2095.0
-2051.0 -1694.0 -1959.0 -1549.0 -2134.0
-2041.0 -1701.0 -2069.0 -1652.0 -2033.0
-1985.0 -1768.0 -1960.0 -1571.0 -2119.0
-1999.0 -1765.0 -1945.0 -1579.0 -2132.0
-2055.0 -1679.0 -2061.0 -1612.0 -2094.0
-1944.0 -1825.0 -1901.0 -1592.0 -2117.0
-2050.0 -1683.0 -2079.0 -1636.0 -2069.0
-2051.0 -1655.0 -2088.0 -1685.0 -2028.0
-1995.0 -1734.0 -1910.0 -1631.0 -2133.0
-2003.0 -1754.0 -1896.0 -1581.0 -2146.0
-2052.0 -1673.0 -2101.0 -1660.0 -2020.0
-2052.0 -1669.0 -2112.0 -1631.0 -2033.0
-2008.0 -1742.0 -2015.0 -1566.0 -2126.0
-1967.0 -1808.0 -1956.0 -1564.0 -2116.0
-1993.0 -1801.0 -1910.0 -1562.0 -2131.0
-2012.0 -1740.0 -1915.0 -1602.0 -2133.0
-2021.0 -1722.0 -1944.0 -1593.0 -2144.0
-2053.0 -1746.0 -2061.0 -1543.0 -2092.0
-1972.0 -1790.0 -1961.0 -1526.0 -2143.0
-2035.0 -1627.0 -2029.0 -1669.0 -2101.0
-2012.0 -1672.0 -2022.0 -1658.0 -2104.0
-2002.0 -1735.0 -1939.0 -1560.0 -2160.0
-2010.0 -1635.0 -2045.0 -1625.0 -2116.0
-2038.0 -1703.0 -2082.0 -1646.0 -2061.0
-2061.0 -1647.0 -2017.0 -1646.0 -2123.0
-2022.0 -1615.0 -2042.0 -1615.0 -2124.0
-2065.0 -1625.0 -2107.0 -1699.0 -1987.0
-1971.0 -1769.0 -2027.0 -1707.0 -1951.0
-2002.0 -1672.0 -2087.0 -1731.0 -1974.0
-2012.0 -1723.0 -2067.0 -1699.0 -1980.0
-2013.0 -1719.0 -2095.0 -1682.0 -1947.0
-2011.0 -1768.0 -1906.0 -1553.0 -2174.0
-2008.0 -1768.0 -2024.0 -1687.0 -2059.0
-1973.0 -1741.0 -1855.0 -1511.0 -2187.0
-2010.0 -1681.0 -1901.0 -1509.0 -2185.0
-2003.0 -1690.0 -2100.0 -1706.0 -1966.0
-1971.0 -1775.0 -2092.0 -1653.0 -1922.0
-1984.0 -1762.0 -2043.0 -1590.0 -2132.0
-1963.0 -1672.0 -1989.0 -1646.0 -2128.0
-1993.0 -1792.0 -2091.0 -1632.0 -2028.0
-1997.0 -1694.0 -2121.0 -1654.0 -2023.0
-2101.0 -1587.0 -2118.0 -1684.0 -2036.0
-2019.0 -1637.0 -1984.0 -1629.0 -2133.0
-2052.0 -1667.0 -2036.0 -1714.0 -2049.0
-2010.0 -1786.0 -2078.0 -1601.0 -1991.0
-2064.0 -1647.0 -2033.0 -1704.0 -2057.0
-2047.0 -1673.0 -2130.0 -1655.0 -2008.0
-2013.0 -1796.0 -2027.0 -1582.0 -2052.0
-2041.0 -1729.0 -1973.0 -1633.0 -2109.0
-2036.0 -1770.0 -2082.0 -1577.0 -2059.0
-1920.0 -1753.0 -1914.0 -1510.0 -2187.0
-2069.0 -1634.0 -2015.0 -1703.0 -2090.0
-2062.0 -1702.0 -2096.0 -1636.0 -2001.0
-1998.0 -1690.0 -2129.0 -1701.0 -1954.0
-2048.0 -1731.0 -2054.0 -1583.0 -2091.0
-1996.0 -1802.0 -2040.0 -1613.0 -2089.0
-1986.0 -1674.0 -1961.0 -1605.0 -2161.0
-1973.0 -1728.0 -1963.0 -1548.0 -2162.0
-1983.0 -1694.0 -1913.0 -1608.0 -2176.0
-2065.0 -1712.0 -2045.0 -1617.0 -2062.0
-2092.0 -1617.0 -2070.0 -1675.0 -2089.0
-1982.0 -1711.0 -1955.0 -1578.0 -2169.0
-2061.0 -1730.0 -2087.0 -1587.0 -2042.0
-2104.0 -1597.0 -2067.0 -1665.0 -2097.0
-2063.0 -1697.0 -1920.0 -1523.0 -2176.0
-1978.0 -1723.0 -1860.0 -1473.0 -2214.0
-1987.0 -1725.0 -1948.0 -1556.0 -2175.0
-2031.0 -1601.0 -1894.0 -1625.0 -2181.0
-1951.0 -1659.0 -1910.0 -1581.0 -2185.0
-1959.0 -1865.0 -2038.0 -1539.0 -1949.0
-2090.0 -1684.0 -2070.0 -1606.0 -2087.0
-2093.0 -1658.0 -1987.0 -1603.0 -2111.0
-1949.0 -1711.0 -1704.0 -1447.0 -2218.0
-1941.0 -1730.0 -1885.0 -1554.0 -2199.0
-1989.0 -1637.0 -1866.0 -1571.0 -2204.0
-1975.0 -1653.0 -1773.0 -1526.0 -2216.0
-1921.0 -1812.0 -1841.0 -1541.0 -2185.0
-2016.0 -1642.0 -2106.0 -1745.0 -1933.0
-2039.0 -1796.0 -1973.0 -1564.0 -2107.0
-2062.0 -1656.0 -2003.0 -1595.0 -2154.0
-2056.0 -1586.0 -2075.0 -1760.0 -2002.0
-2052.0 -1604.0 -2117.0 -1730.0 -1982.0
-2046.0 -1677.0 -2122.0 -1608.0 -2077.0
-2037.0 -1803.0 -1998.0 -1468.0 -1998.0
-2027.0 -1655.0 -1843.0 -1540.0 -2215.0
-2105.0 -1569.0 -2076.0 -1714.0 -2056.0
-2025.0 -1718.0 -1994.0 -1532.0 -2159.0
-2057.0 -1764.0 -2021.0 -1576.0 -2105.0
-2023.0 -1837.0 -1968.0 -1483.0 -2026.0
-1980.0 -1848.0 -1970.0 -1599.0 -2027.0
-1943.0 -1736.0 -1969.0 -1482.0 -2186.0
-1989.0 -1676.0 -1917.0 -1549.0 -2198.0
-1987.0 -1692.0 -1813.0 -1644.0 -2183.0
-2091.0 -1725.0 -1987.0 -1534.0 -2109.0
-1962.0 -1875.0 -1987.0 -1520.0 -2010.0
-1945.0 -1648.0 -1887.0 -1497.0 -2215.0
-1922.0 -1665.0 -1832.0 -1525.0 -2216.0
-1975.0 -1726.0 -1829.0 -1570.0 -2213.0
-1958.0 -1651.0 -1825.0 -1488.0 -2237.0
-1980.0 -1635.0 -1778.0 -1488.0 -2243.0
-1882.0 -1639.0 -1735.0 -1434.0 -2250.0
