-1086.0 -1159.0 -1221.0 -1010.0 -991.0 -1179.0
-1071.0 -1118.0 -1236.0 -982.0 -1019.0 -1199.0
-1035.0 -1139.0 -1203.0 -1012.0 -1003.0 -1285.0
-1072.0 -1143.0 -1254.0 -983.0 -947.0 -1180.0
-1025.0 -1157.0 -1256.0 -964.0 -1010.0 -1209.0
-1012.0 -1126.0 -1167.0 -984.0 -1025.0 -1304.0
-1067.0 -1097.0 -1161.0 -1015.0 -974.0 -1314.0
-1115.0 -1114.0 -1272.0 -1037.0 -901.0 -1121.0
-1083.0 -1156.0 -1314.0 -1034.0 -930.0 -1092.0
-1096.0 -1141.0 -1168.0 -1058.0 -984.0 -1255.0
-1133.0 -1145.0 -1219.0 -1029.0 -928.0 -1150.0
