-1058.0 -1241.0 -1067.0 -1081.0 -1132.0 -1110.0
-1082.0 -1240.0 -1083.0 -1071.0 -1088.0 -1095.0
-1053.0 -1247.0 -1097.0 -1109.0 -1061.0 -1133.0
-1077.0 -1246.0 -1113.0 -1099.0 -1017.0 -1118.0
-1040.0 -1258.0 -1113.0 -1061.0 -1102.0 -1077.0
-1016.0 -1259.0 -1097.0 -1071.0 -1146.0 -1092.0
-1057.0 -1297.0 -1112.0 -1090.0 -946.0 -1102.0
-1099.0 -1233.0 -1121.0 -1055.0 -1010.0 -1081.0
-1026.0 -1111.0 -987.0 -1116.0 -1148.0 -1162.0
-1094.0 -1228.0 -1161.0 -1054.0 -1012.0 -1059.0
-1052.0 -1246.0 -1191.0 -1044.0 -1026.0 -1041.0
-1013.0 -1192.0 -1087.0 -1072.0 -1214.0 -1090.0
-1037.0 -1157.0 -972.0 -1144.0 -1130.0 -1142.0
