-1949.0 -1731.0 -1887.0 -1920.0 -1634.0
-1888.0 -1789.0 -1884.0 -1867.0 -1695.0
-1920.0 -1769.0 -1886.0 -1888.0 -1662.0
-1925.0 -1784.0 -1867.0 -1882.0 -1665.0
-1986.0 -1852.0 -1860.0 -1874.0 -1564.0
-1949.0 -1857.0 -1877.0 -1859.0 -1594.0
-1883.0 -1805.0 -1924.0 -1881.0 -1660.0
-1917.0 -1877.0 -1875.0 -1838.0 -1627.0
-1924.0 -1797.0 -1926.0 -1836.0 -1638.0
-1915.0 -1785.0 -1926.0 -1902.0 -1627.0
-1889.0 -1819.0 -1873.0 -1909.0 -1633.0
-1874.0 -1762.0 -1885.0 -1930.0 -1674.0
-1891.0 -1924.0 -1948.0 -1692.0 -1392.0
-1953.0 -1885.0 -1917.0 -1807.0 -1570.0
-1996.0 -1768.0 -1877.0 -1920.0 -1560.0
-1914.0 -1703.0 -1839.0 -1914.0 -1725.0
-1971.0 -1829.0 -1900.0 -1805.0 -1599.0
-1868.0 -1686.0 -1818.0 -1899.0 -1741.0
-1903.0 -1850.0 -1876.0 -1901.0 -1606.0
-1946.0 -1683.0 -1841.0 -1935.0 -1692.0
-1954.0 -1872.0 -1858.0 -1853.0 -1597.0
-1862.0 -1808.0 -1879.0 -1867.0 -1724.0
-1863.0 -1676.0 -1830.0 -1867.0 -1781.0
-1875.0 -1939.0 -1906.0 -1763.0 -1616.0
-1995.0 -1864.0 -1860.0 -1808.0 -1575.0
-1867.0 -1792.0 -1839.0 -1853.0 -1759.0
-1897.0 -1679.0 -1774.0 -1960.0 -1708.0
-1854.0 -1659.0 -1819.0 -1962.0 -1720.0
-1830.0 -1585.0 -1781.0 -1954.0 -1736.0
-1836.0 -1677.0 -1823.0 -1890.0 -1789.0
-1841.0 -1625.0 -1800.0 -1974.0 -1711.0
-1762.0 -1558.0 -1788.0 -1921.0 -1775.0
-1747.0 -1495.0 -1765.0 -1958.0 -1760.0
-1780.0 -1540.0 -1784.0 -1993.0 -1706.0
-1767.0 -1506.0 -1765.0 -2005.0 -1697.0
-1840.0 -1548.0 -1740.0 -2005.0 -1688.0
