-938.0 -1205.0 -1127.0 -911.0 -1121.0 -927.0
-954.0 -1197.0 -1118.0 -906.0 -1110.0 -977.0
-965.0 -1184.0 -1119.0 -928.0 -1113.0 -981.0
-876.0 -1198.0 -1174.0 -954.0 -1120.0 -981.0
-855.0 -1201.0 -1175.0 -885.0 -1081.0 -1168.0
-875.0 -1192.0 -1141.0 -1045.0 -1014.0 -1151.0
-939.0 -1209.0 -1103.0 -846.0 -1085.0 -1127.0
-982.0 -1243.0 -1077.0 -937.0 -934.0 -1144.0
-919.0 -1259.0 -1091.0 -963.0 -1040.0 -1167.0
-959.0 -1208.0 -1144.0 -901.0 -1088.0 -1076.0
-877.0 -1177.0 -1196.0 -1013.0 -1094.0 -1026.0
-932.0 -1234.0 -1118.0 -841.0 -1111.0 -1045.0
-926.0 -1203.0 -1123.0 -1003.0 -1020.0 -1147.0
-961.0 -1221.0 -1153.0 -977.0 -1043.0 -1145.0
-863.0 -1222.0 -1164.0 -911.0 -1099.0 -1122.0
-936.0 -1206.0 -1177.0 -926.0 -1097.0 -1062.0
-939.0 -1215.0 -1129.0 -921.0 -1098.0 -1045.0
-908.0 -1167.0 -1173.0 -961.0 -1054.0 -1156.0
-936.0 -1224.0 -1163.0 -914.0 -1105.0 -959.0
-987.0 -1219.0 -1144.0 -905.0 -1021.0 -1139.0
-946.0 -1126.0 -1131.0 -980.0 -1065.0 -1147.0
-948.0 -1138.0 -1136.0 -997.0 -1069.0 -1138.0
-997.0 -1251.0 -1113.0 -831.0 -1056.0 -1107.0
-901.0 -1245.0 -1105.0 -876.0 -1117.0 -1093.0
-937.0 -1210.0 -1135.0 -869.0 -1112.0 -1046.0
-969.0 -1205.0 -1158.0 -818.0 -1098.0 -1065.0
-906.0 -1224.0 -1147.0 -1006.0 -1093.0 -1111.0
-958.0 -1229.0 -1122.0 -842.0 -1114.0 -1031.0
-940.0 -1180.0 -1172.0 -921.0 -1077.0 -1137.0
-892.0 -1199.0 -1095.0 -976.0 -1023.0 -1201.0
-967.0 -1166.0 -1108.0 -977.0 -1080.0 -1077.0
-902.0 -1224.0 -1127.0 -935.0 -1091.0 -1138.0
-978.0 -1134.0 -1191.0 -969.0 -1082.0 -1076.0
-970.0 -1176.0 -1227.0 -893.0 -1090.0 -1075.0
-947.0 -1184.0 -1164.0 -949.0 -1117.0 -965.0
-911.0 -1221.0 -1147.0 -943.0 -1118.0 -1105.0
-926.0 -1234.0 -1099.0 -893.0 -1128.0 -1012.0
-913.0 -1190.0 -1108.0 -990.0 -1029.0 -1194.0
-901.0 -1204.0 -1068.0 -968.0 -1032.0 -1203.0
-913.0 -1186.0 -1118.0 -896.0 -1150.0 -1046.0
-916.0 -1232.0 -1186.0 -882.0 -1116.0 -985.0
-909.0 -1244.0 -1190.0 -916.0 -1037.0 -1152.0
-864.0 -1201.0 -1186.0 -970.0 -1073.0 -1167.0
-888.0 -1253.0 -1197.0 -1042.0 -1081.0 -961.0
-960.0 -1269.0 -1157.0 -919.0 -974.0 -1140.0
-921.0 -1272.0 -1127.0 -880.0 -1052.0 -1137.0
-854.0 -1230.0 -1106.0 -810.0 -1089.0 -1158.0
-901.0 -1254.0 -1108.0 -1018.0 -927.0 -1167.0
-893.0 -1218.0 -1219.0 -883.0 -1112.0 -1060.0
-1038.0 -1245.0 -1052.0 -845.0 -1045.0 -1015.0
-875.0 -1250.0 -1101.0 -875.0 -1114.0 -1107.0
-879.0 -1164.0 -1151.0 -1019.0 -1076.0 -1145.0
-1029.0 -1231.0 -1062.0 -836.0 -1076.0 -944.0
-838.0 -1191.0 -1192.0 -1017.0 -978.0 -1158.0
-989.0 -1220.0 -1080.0 -954.0 -972.0 -1149.0
-959.0 -1268.0 -1092.0 -961.0 -908.0 -1154.0
-909.0 -1160.0 -1206.0 -991.0 -1089.0 -1083.0
-948.0 -1253.0 -1074.0 -962.0 -946.0 -1185.0
-914.0 -1233.0 -1146.0 -869.0 -1105.0 -1118.0
-1018.0 -1271.0 -1061.0 -801.0 -1064.0 -938.0
-837.0 -1101.0 -1147.0 -878.0 -1084.0 -1183.0
-880.0 -1133.0 -1175.0 -1040.0 -994.0 -1159.0
-902.0 -1216.0 -1174.0 -951.0 -1109.0 -1103.0
-988.0 -1271.0 -1045.0 -893.0 -1052.0 -1090.0
-1050.0 -1235.0 -1040.0 -823.0 -1049.0 -939.0
-892.0 -1251.0 -1168.0 -997.0 -984.0 -1165.0
-983.0 -1218.0 -1116.0 -859.0 -1125.0 -950.0
-1042.0 -1219.0 -1103.0 -829.0 -1064.0 -969.0
-977.0 -1277.0 -1122.0 -787.0 -1075.0 -1030.0
-925.0 -1263.0 -1030.0 -818.0 -1136.0 -1002.0
-801.0 -1130.0 -1140.0 -1070.0 -913.0 -1161.0
-896.0 -1178.0 -1153.0 -1028.0 -1049.0 -1156.0
-895.0 -1249.0 -1142.0 -930.0 -1117.0 -1056.0
-930.0 -1269.0 -1147.0 -888.0 -1079.0 -1104.0
-962.0 -1229.0 -1162.0 -876.0 -1032.0 -1143.0
-883.0 -1221.0 -1205.0 -966.0 -1102.0 -1071.0
-956.0 -1169.0 -1203.0 -924.0 -1059.0 -1169.0
-872.0 -1244.0 -1092.0 -897.0 -1012.0 -1232.0
-957.0 -1223.0 -1089.0 -933.0 -1008.0 -1201.0
-877.0 -1171.0 -1163.0 -1069.0 -1027.0 -1151.0
-873.0 -1245.0 -1018.0 -942.0 -1084.0 -1172.0
-826.0 -1155.0 -1186.0 -996.0 -972.0 -1175.0
-952.0 -1197.0 -1193.0 -950.0 -997.0 -1175.0
-959.0 -1200.0 -1191.0 -917.0 -1106.0 -1041.0
-982.0 -1204.0 -1164.0 -857.0 -1105.0 -1060.0
-924.0 -1178.0 -1240.0 -962.0 -1082.0 -1077.0
-999.0 -1257.0 -1197.0 -1028.0 -1014.0 -1131.0
-910.0 -1174.0 -1158.0 -993.0 -1109.0 -973.0
-971.0 -1241.0 -1012.0 -961.0 -973.0 -1176.0
-874.0 -1216.0 -1087.0 -1017.0 -1076.0 -1182.0
-1033.0 -1276.0 -1151.0 -1037.0 -1029.0 -957.0
-943.0 -1181.0 -1162.0 -931.0 -1071.0 -1144.0
-917.0 -1186.0 -1158.0 -930.0 -1068.0 -1158.0
-992.0 -1282.0 -1212.0 -1023.0 -1040.0 -1049.0
-856.0 -1211.0 -1104.0 -1072.0 -963.0 -1182.0
-905.0 -1246.0 -1156.0 -847.0 -1127.0 -1045.0
-882.0 -1242.0 -1183.0 -907.0 -1128.0 -1026.0
-1011.0 -1285.0 -1134.0 -992.0 -1029.0 -1116.0
-928.0 -1134.0 -1213.0 -957.0 -1120.0 -1097.0
-916.0 -1157.0 -1129.0 -1025.0 -976.0 -1192.0
-952.0 -1209.0 -1047.0 -957.0 -984.0 -1205.0
-879.0 -1189.0 -1201.0 -1030.0 -1098.0 -1017.0
-913.0 -1200.0 -1163.0 -911.0 -1075.0 -1172.0
-1012.0 -1193.0 -1116.0 -861.0 -1083.0 -1067.0
-1031.0 -1248.0 -1196.0 -1021.0 -1060.0 -1037.0
-989.0 -1179.0 -1149.0 -862.0 -1079.0 -1142.0
-915.0 -1247.0 -1251.0 -1067.0 -1008.0 -1052.0
-881.0 -1236.0 -1150.0 -998.0 -1022.0 -1196.0
-991.0 -1191.0 -1154.0 -879.0 -1083.0 -1133.0
-914.0 -1189.0 -1065.0 -902.0 -1073.0 -1190.0
-944.0 -1185.0 -1120.0 -874.0 -1086.0 -1128.0
-972.0 -1188.0 -1232.0 -910.0 -1094.0 -1066.0
-952.0 -1208.0 -1109.0 -885.0 -1092.0 -1122.0
-959.0 -1212.0 -1101.0 -913.0 -1132.0 -950.0
-913.0 -1192.0 -1210.0 -927.0 -1093.0 -1137.0
-915.0 -1204.0 -1215.0 -944.0 -1097.0 -1128.0
-905.0 -1177.0 -1138.0 -990.0 -1110.0 -1060.0
-865.0 -1162.0 -1172.0 -958.0 -1024.0 -1184.0
-912.0 -1221.0 -1141.0 -852.0 -1101.0 -1127.0
-902.0 -1144.0 -1128.0 -870.0 -1106.0 -1151.0
-878.0 -1210.0 -1179.0 -971.0 -1124.0 -972.0
-951.0 -1254.0 -1137.0 -837.0 -1140.0 -949.0
-978.0 -1203.0 -1113.0 -886.0 -1095.0 -1108.0
-842.0 -1247.0 -1162.0 -965.0 -1125.0 -1112.0
-937.0 -1244.0 -1132.0 -893.0 -1053.0 -1186.0
-890.0 -1239.0 -1090.0 -1019.0 -965.0 -1198.0
-890.0 -1238.0 -1116.0 -935.0 -1139.0 -957.0
-954.0 -1214.0 -1193.0 -1082.0 -1050.0 -1146.0
-920.0 -1293.0 -1105.0 -821.0 -1078.0 -1092.0
-1021.0 -1231.0 -1117.0 -1046.0 -974.0 -1135.0
-1043.0 -1145.0 -1094.0 -928.0 -1084.0 -1047.0
-1024.0 -1142.0 -1172.0 -959.0 -1095.0 -980.0
-928.0 -1239.0 -1159.0 -901.0 -1044.0 -1184.0
-901.0 -1147.0 -1110.0 -980.0 -1108.0 -1142.0
-885.0 -1192.0 -1123.0 -993.0 -1060.0 -1216.0
-932.0 -1247.0 -1132.0 -956.0 -1028.0 -1192.0
-988.0 -1297.0 -1196.0 -993.0 -1002.0 -1125.0
-896.0 -1207.0 -1068.0 -1031.0 -1007.0 -1209.0
-930.0 -1235.0 -1127.0 -939.0 -1024.0 -1201.0
-1034.0 -1158.0 -1104.0 -906.0 -1106.0 -974.0
-1036.0 -1170.0 -1109.0 -923.0 -1110.0 -965.0
-990.0 -1254.0 -1257.0 -1007.0 -1071.0 -1129.0
-967.0 -1196.0 -1124.0 -945.0 -1117.0 -972.0
-971.0 -1228.0 -1128.0 -881.0 -1121.0 -1026.0
-894.0 -1195.0 -1063.0 -1014.0 -1003.0 -1218.0
-970.0 -1257.0 -1059.0 -806.0 -1129.0 -1016.0
-850.0 -1158.0 -1092.0 -977.0 -1145.0 -1063.0
-1062.0 -1193.0 -1094.0 -873.0 -1045.0 -1046.0
-991.0 -1176.0 -1080.0 -935.0 -1117.0 -951.0
-922.0 -1201.0 -1138.0 -978.0 -984.0 -1237.0
-933.0 -1160.0 -1109.0 -940.0 -1131.0 -1123.0
-1052.0 -1279.0 -1073.0 -1006.0 -1018.0 -1024.0
-927.0 -1170.0 -1095.0 -930.0 -1043.0 -1223.0
-887.0 -1177.0 -1178.0 -961.0 -1140.0 -1091.0
-918.0 -1162.0 -1135.0 -924.0 -1151.0 -1047.0
-963.0 -1156.0 -1164.0 -912.0 -1144.0 -1061.0
-868.0 -1270.0 -1147.0 -915.0 -1060.0 -1193.0
-894.0 -1270.0 -1120.0 -871.0 -1143.0 -1011.0
-886.0 -1198.0 -1156.0 -902.0 -1166.0 -1046.0
-875.0 -1275.0 -1151.0 -886.0 -1136.0 -979.0
-918.0 -1153.0 -1248.0 -1076.0 -1029.0 -1029.0
-895.0 -1230.0 -1224.0 -900.0 -1116.0 -1051.0
-926.0 -1279.0 -1154.0 -944.0 -986.0 -1181.0
-1103.0 -1187.0 -1033.0 -887.0 -1034.0 -954.0
-960.0 -1281.0 -1011.0 -926.0 -961.0 -1170.0
-911.0 -1254.0 -1090.0 -966.0 -973.0 -1232.0
-905.0 -1158.0 -1221.0 -966.0 -1053.0 -1173.0
-954.0 -1157.0 -1198.0 -907.0 -1055.0 -1178.0
-826.0 -1165.0 -1142.0 -919.0 -1102.0 -1181.0
-894.0 -1197.0 -1241.0 -942.0 -1086.0 -1105.0
-882.0 -1225.0 -1086.0 -880.0 -1088.0 -1189.0
-906.0 -1260.0 -1108.0 -849.0 -1147.0 -935.0
-898.0 -1138.0 -1158.0 -985.0 -1107.0 -1159.0
-950.0 -1201.0 -1225.0 -912.0 -1017.0 -1158.0
-938.0 -1307.0 -1091.0 -908.0 -1001.0 -1166.0
-828.0 -1115.0 -1191.0 -953.0 -1030.0 -1178.0
-844.0 -1237.0 -1242.0 -1016.0 -1055.0 -1141.0
-985.0 -1262.0 -1149.0 -1042.0 -1094.0 -1035.0
-1059.0 -1299.0 -1136.0 -987.0 -964.0 -1038.0
-942.0 -1119.0 -1177.0 -1055.0 -1083.0 -965.0
-908.0 -1160.0 -1222.0 -913.0 -1139.0 -1020.0
-1033.0 -1187.0 -1035.0 -831.0 -1114.0 -964.0
-836.0 -1244.0 -1216.0 -1097.0 -927.0 -1054.0
-857.0 -1181.0 -1123.0 -989.0 -1127.0 -1153.0
-913.0 -1218.0 -1093.0 -786.0 -1169.0 -963.0
-959.0 -1183.0 -1094.0 -890.0 -1066.0 -1204.0
-919.0 -1312.0 -1122.0 -923.0 -994.0 -1134.0
-887.0 -1167.0 -1123.0 -1040.0 -1094.0 -1113.0
-973.0 -1234.0 -1212.0 -1078.0 -1079.0 -1050.0
-892.0 -1094.0 -1149.0 -1032.0 -1099.0 -1114.0
-867.0 -1122.0 -1177.0 -915.0 -1082.0 -1187.0
-921.0 -1280.0 -1272.0 -1029.0 -1078.0 -1136.0
-989.0 -1103.0 -1124.0 -977.0 -1031.0 -1179.0
-883.0 -1204.0 -1108.0 -939.0 -1062.0 -1234.0
-883.0 -1196.0 -1155.0 -955.0 -1080.0 -1199.0
-935.0 -1198.0 -1168.0 -1027.0 -1108.0 -1064.0
-911.0 -1313.0 -1037.0 -883.0 -1074.0 -1075.0
-1024.0 -1125.0 -1075.0 -932.0 -1055.0 -1143.0
-1040.0 -1251.0 -1136.0 -1042.0 -1003.0 -1039.0
-867.0 -1178.0 -1137.0 -906.0 -1137.0 -1142.0
-888.0 -1166.0 -1080.0 -952.0 -1138.0 -1109.0
-860.0 -1166.0 -1287.0 -1065.0 -958.0 -1031.0
-1083.0 -1213.0 -1042.0 -843.0 -1053.0 -877.0
-1016.0 -1196.0 -1118.0 -879.0 -1129.0 -888.0
-965.0 -1181.0 -1053.0 -1009.0 -1000.0 -1202.0
-924.0 -1161.0 -1143.0 -935.0 -1042.0 -1240.0
-883.0 -1197.0 -1063.0 -749.0 -1171.0 -959.0
-963.0 -1169.0 -1048.0 -992.0 -996.0 -1211.0
-1057.0 -1271.0 -1181.0 -971.0 -995.0 -1118.0
-845.0 -1158.0 -1108.0 -965.0 -961.0 -1242.0
-856.0 -1202.0 -1101.0 -930.0 -1153.0 -1108.0
-852.0 -1170.0 -1097.0 -994.0 -1149.0 -1054.0
-803.0 -1137.0 -1027.0 -762.0 -1172.0 -1050.0
-943.0 -1182.0 -1173.0 -868.0 -1163.0 -984.0
-951.0 -1140.0 -1137.0 -944.0 -1155.0 -985.0
-906.0 -1267.0 -1183.0 -1129.0 -1004.0 -1035.0
-913.0 -1088.0 -1015.0 -726.0 -1184.0 -834.0
-888.0 -1210.0 -1161.0 -919.0 -1170.0 -1037.0
-844.0 -1076.0 -1061.0 -796.0 -1172.0 -911.0
-758.0 -1143.0 -998.0 -774.0 -1179.0 -1036.0
-833.0 -1133.0 -1082.0 -734.0 -1185.0 -988.0
-900.0 -1239.0 -1072.0 -967.0 -1011.0 -1263.0
-803.0 -1007.0 -949.0 -702.0 -1187.0 -921.0
