-1860.0 -1872.0 -1555.0 -1864.0 -1848.0
-1773.0 -1745.0 -1622.0 -1895.0 -1943.0
-1779.0 -1749.0 -1617.0 -1868.0 -1966.0
-1825.0 -1703.0 -1605.0 -1888.0 -1961.0
-1862.0 -1876.0 -1515.0 -1882.0 -1934.0
-1798.0 -1811.0 -1557.0 -1928.0 -1897.0
-1873.0 -1878.0 -1563.0 -1824.0 -1858.0
-1750.0 -1799.0 -1564.0 -1901.0 -1962.0
-1839.0 -1934.0 -1551.0 -1865.0 -1749.0
-1803.0 -1808.0 -1493.0 -1896.0 -1971.0
-1764.0 -1765.0 -1531.0 -1926.0 -1954.0
-1818.0 -1792.0 -1579.0 -1838.0 -1983.0
-1882.0 -1904.0 -1533.0 -1885.0 -1793.0
-1719.0 -1673.0 -1563.0 -1929.0 -1959.0
-1763.0 -1757.0 -1499.0 -1973.0 -1910.0
-1720.0 -1681.0 -1595.0 -1882.0 -2003.0
-1732.0 -1606.0 -1528.0 -1926.0 -1968.0
-1687.0 -1582.0 -1482.0 -1920.0 -1984.0
-1861.0 -1946.0 -1485.0 -1899.0 -1800.0
-1908.0 -1869.0 -1493.0 -1812.0 -1945.0
-1667.0 -1601.0 -1460.0 -2010.0 -1898.0
-1784.0 -1746.0 -1553.0 -1836.0 -2040.0
-1778.0 -1983.0 -1565.0 -1796.0 -1785.0
-1712.0 -1625.0 -1506.0 -2016.0 -1882.0
