-1804.0 -1836.0 -1643.0 -2012.0 -1986.0
-1892.0 -1887.0 -1588.0 -1994.0 -1890.0
-1864.0 -1851.0 -1595.0 -2049.0 -1941.0
-1884.0 -1813.0 -1581.0 -2072.0 -1929.0
-1898.0 -1869.0 -1588.0 -2053.0 -1897.0
-1734.0 -1837.0 -1639.0 -2083.0 -1985.0
-1864.0 -1793.0 -1637.0 -2030.0 -1965.0
-1794.0 -1849.0 -1634.0 -2048.0 -1994.0
-1859.0 -1918.0 -1595.0 -2030.0 -1849.0
-1903.0 -1867.0 -1577.0 -1952.0 -2001.0
-1794.0 -1794.0 -1633.0 -2101.0 -1964.0
-1869.0 -1877.0 -1628.0 -1933.0 -1897.0
-1838.0 -1931.0 -1650.0 -1855.0 -1805.0
-1896.0 -1964.0 -1540.0 -1959.0 -1866.0
-1803.0 -1807.0 -1618.0 -2018.0 -2025.0
-1915.0 -1849.0 -1648.0 -1881.0 -1884.0
-1807.0 -1999.0 -1607.0 -1945.0 -1808.0
-1749.0 -1836.0 -1610.0 -2087.0 -1987.0
-1719.0 -1775.0 -1655.0 -2082.0 -2012.0
-1958.0 -1842.0 -1561.0 -1947.0 -1955.0
-1724.0 -1715.0 -1520.0 -2162.0 -1936.0
