-1014.0 -1147.0 -1276.0 -1001.0 -936.0 -1155.0
-1075.0 -1149.0 -1241.0 -1047.0 -917.0 -1125.0
-1099.0 -1140.0 -1104.0 -926.0 -917.0 -1267.0
-1119.0 -1136.0 -1111.0 -905.0 -919.0 -1247.0
-1060.0 -1133.0 -1112.0 -910.0 -1010.0 -1305.0
-1133.0 -1134.0 -1074.0 -989.0 -923.0 -1218.0
-1037.0 -1114.0 -1147.0 -964.0 -1020.0 -1288.0
-1075.0 -1146.0 -1161.0 -959.0 -1008.0 -1267.0
-1068.0 -1143.0 -1265.0 -985.0 -932.0 -1130.0
-1052.0 -1155.0 -1132.0 -992.0 -992.0 -1268.0
-1110.0 -1153.0 -1164.0 -977.0 -900.0 -1179.0
-1021.0 -1079.0 -1261.0 -1000.0 -1010.0 -1149.0
-1002.0 -1159.0 -1309.0 -1079.0 -857.0 -1052.0
-975.0 -1118.0 -1281.0 -982.0 -1001.0 -1159.0
-991.0 -1155.0 -1293.0 -1049.0 -889.0 -1165.0
-1060.0 -1143.0 -1278.0 -1006.0 -952.0 -1111.0
-1057.0 -1097.0 -1202.0 -1043.0 -969.0 -1243.0
-1118.0 -1132.0 -1170.0 -980.0 -930.0 -1188.0
-1086.0 -1159.0 -1221.0 -1010.0 -991.0 -1179.0
-979.0 -1159.0 -1273.0 -1049.0 -867.0 -1204.0
-1069.0 -1133.0 -1241.0 -1028.0 -965.0 -1181.0
-1003.0 -1149.0 -1187.0 -946.0 -1033.0 -1259.0
-1052.0 -1091.0 -1198.0 -974.0 -1009.0 -1300.0
-1086.0 -1098.0 -1085.0 -949.0 -1017.0 -1315.0
-1060.0 -1105.0 -1176.0 -931.0 -1036.0 -1287.0
-1023.0 -1097.0 -1220.0 -1038.0 -975.0 -1248.0
-1054.0 -1092.0 -1256.0 -1000.0 -993.0 -1201.0
-1035.0 -1139.0 -1203.0 -1012.0 -1003.0 -1285.0
-998.0 -1072.0 -1307.0 -1052.0 -883.0 -1143.0
-1001.0 -1117.0 -1272.0 -1080.0 -833.0 -1162.0
-1072.0 -1143.0 -1254.0 -983.0 -947.0 -1180.0
-1098.0 -1116.0 -1112.0 -1010.0 -1001.0 -1258.0
-1087.0 -1173.0 -1094.0 -971.0 -914.0 -1228.0
-1063.0 -1168.0 -1192.0 -1043.0 -975.0 -1180.0
-1002.0 -1126.0 -1208.0 -1012.0 -1020.0 -1233.0
-1073.0 -1175.0 -1131.0 -887.0 -910.0 -1257.0
-1025.0 -1120.0 -1253.0 -1067.0 -876.0 -1194.0
-1045.0 -1102.0 -1293.0 -978.0 -980.0 -1131.0
-988.0 -1150.0 -1274.0 -1078.0 -876.0 -1117.0
-958.0 -1166.0 -1286.0 -1020.0 -995.0 -1144.0
-1134.0 -1149.0 -1160.0 -954.0 -917.0 -1209.0
-1012.0 -1126.0 -1167.0 -984.0 -1025.0 -1304.0
-1098.0 -1186.0 -1154.0 -1022.0 -897.0 -1140.0
-1008.0 -1131.0 -1276.0 -982.0 -984.0 -1211.0
-1104.0 -1081.0 -1161.0 -995.0 -991.0 -1259.0
-1083.0 -1184.0 -1250.0 -1013.0 -904.0 -1110.0
-935.0 -1159.0 -1332.0 -1072.0 -868.0 -1138.0
-1145.0 -1101.0 -1084.0 -944.0 -926.0 -1257.0
-1049.0 -1110.0 -1167.0 -964.0 -1042.0 -1249.0
-1006.0 -1157.0 -1306.0 -1037.0 -894.0 -1155.0
-968.0 -1126.0 -1226.0 -1007.0 -1026.0 -1238.0
-1031.0 -1085.0 -1302.0 -1052.0 -866.0 -1195.0
-999.0 -1121.0 -1262.0 -969.0 -1044.0 -1191.0
-976.0 -1114.0 -1308.0 -1021.0 -917.0 -1185.0
-999.0 -1141.0 -1313.0 -960.0 -971.0 -1141.0
-952.0 -1111.0 -1327.0 -1034.0 -874.0 -1153.0
-981.0 -1120.0 -1312.0 -1090.0 -877.0 -1128.0
-1129.0 -1192.0 -1120.0 -909.0 -805.0 -1123.0
-1022.0 -1182.0 -1285.0 -967.0 -923.0 -1140.0
-1052.0 -1098.0 -1103.0 -944.0 -1023.0 -1320.0
-1105.0 -1196.0 -1124.0 -932.0 -788.0 -1093.0
-1155.0 -1157.0 -1093.0 -948.0 -812.0 -1133.0
-1014.0 -1101.0 -1111.0 -936.0 -1042.0 -1307.0
-1035.0 -1167.0 -1139.0 -991.0 -977.0 -1303.0
-953.0 -1160.0 -1282.0 -951.0 -1035.0 -1201.0
-986.0 -1161.0 -1194.0 -945.0 -1018.0 -1294.0
-1109.0 -1149.0 -1223.0 -1052.0 -911.0 -1120.0
-1014.0 -1162.0 -1247.0 -997.0 -1016.0 -1171.0
-1018.0 -1091.0 -1216.0 -969.0 -1015.0 -1305.0
-1037.0 -1092.0 -1140.0 -903.0 -1058.0 -1306.0
-988.0 -1108.0 -1202.0 -918.0 -1061.0 -1279.0
-1065.0 -1149.0 -1282.0 -1075.0 -912.0 -1054.0
-998.0 -1066.0 -1071.0 -898.0 -1006.0 -1362.0
-1083.0 -1156.0 -1314.0 -1034.0 -930.0 -1092.0
-1004.0 -1127.0 -1266.0 -1038.0 -1004.0 -1134.0
-947.0 -1070.0 -1301.0 -978.0 -907.0 -1244.0
-1096.0 -1141.0 -1168.0 -1058.0 -984.0 -1255.0
-1133.0 -1145.0 -1219.0 -1029.0 -928.0 -1150.0
-1121.0 -1107.0 -1141.0 -977.0 -1017.0 -1257.0
-1019.0 -1168.0 -1251.0 -1066.0 -976.0 -1114.0
-1047.0 -1078.0 -1252.0 -1098.0 -842.0 -1152.0
-930.0 -1153.0 -1328.0 -1003.0 -908.0 -1195.0
-998.0 -1112.0 -1326.0 -1037.0 -857.0 -1120.0
-937.0 -1070.0 -1342.0 -1006.0 -902.0 -1173.0
-996.0 -1161.0 -1297.0 -1118.0 -849.0 -1108.0
-1072.0 -1221.0 -1181.0 -983.0 -890.0 -1130.0
