-1676.0 -2016.0 -1660.0 -1555.0 -1820.0
-1717.0 -2015.0 -1720.0 -1536.0 -1781.0
-1763.0 -1998.0 -1660.0 -1551.0 -1800.0
-1760.0 -2027.0 -1659.0 -1552.0 -1773.0
-1758.0 -1946.0 -1664.0 -1563.0 -1793.0
-1718.0 -1998.0 -1586.0 -1591.0 -1822.0
-1679.0 -2054.0 -1607.0 -1580.0 -1827.0
-1717.0 -2019.0 -1727.0 -1483.0 -1816.0
-1788.0 -1932.0 -1798.0 -1435.0 -1748.0
-1767.0 -2009.0 -1769.0 -1417.0 -1725.0
-1735.0 -1987.0 -1786.0 -1490.0 -1703.0
-1769.0 -2018.0 -1718.0 -1459.0 -1739.0
-1698.0 -2006.0 -1548.0 -1600.0 -1832.0
-1809.0 -1964.0 -1764.0 -1423.0 -1727.0
-1732.0 -2016.0 -1737.0 -1519.0 -1775.0
-1715.0 -2050.0 -1496.0 -1589.0 -1839.0
-1724.0 -2022.0 -1758.0 -1498.0 -1725.0
-1745.0 -2034.0 -1717.0 -1557.0 -1724.0
-1690.0 -2097.0 -1532.0 -1614.0 -1797.0
-1637.0 -2099.0 -1612.0 -1574.0 -1825.0
-1737.0 -1950.0 -1527.0 -1611.0 -1827.0
-1624.0 -2062.0 -1518.0 -1616.0 -1827.0
-1641.0 -2076.0 -1510.0 -1633.0 -1804.0
-1663.0 -2006.0 -1497.0 -1627.0 -1822.0
-1672.0 -2044.0 -1558.0 -1572.0 -1853.0
-1620.0 -2000.0 -1559.0 -1610.0 -1836.0
-1589.0 -2032.0 -1511.0 -1671.0 -1787.0
-1676.0 -2106.0 -1517.0 -1578.0 -1844.0
-1675.0 -2060.0 -1725.0 -1530.0 -1779.0
-1679.0 -1920.0 -1463.0 -1562.0 -1909.0
