-1073.0 -960.0 -1050.0 -1149.0 -1298.0 -1242.0
-1096.0 -996.0 -1035.0 -1175.0 -1272.0 -1201.0
-927.0 -1141.0 -1237.0 -1007.0 -1158.0 -1153.0
-1007.0 -1139.0 -1152.0 -1072.0 -1239.0 -1199.0
-1062.0 -1069.0 -1121.0 -1070.0 -1224.0 -1255.0
-1007.0 -995.0 -989.0 -1169.0 -1312.0 -1216.0
-1050.0 -1107.0 -1144.0 -1030.0 -1221.0 -1098.0
-1138.0 -1025.0 -970.0 -1209.0 -1260.0 -1173.0
-1085.0 -1013.0 -1116.0 -1085.0 -1237.0 -1277.0
-1099.0 -1067.0 -1085.0 -1090.0 -1294.0 -1167.0
-1143.0 -1029.0 -1033.0 -1115.0 -1300.0 -1214.0
