-1942.0 -1658.0 -1449.0 -2308.0 -2024.0
-1915.0 -1742.0 -1388.0 -2341.0 -2002.0
-1878.0 -1697.0 -1489.0 -2304.0 -2012.0
-1995.0 -1643.0 -1431.0 -2336.0 -1959.0
-1972.0 -1635.0 -1445.0 -2334.0 -1993.0
-1999.0 -1761.0 -1400.0 -2281.0 -1968.0
-2011.0 -1681.0 -1402.0 -2271.0 -2022.0
-1977.0 -1775.0 -1463.0 -2293.0 -1792.0
-1952.0 -1620.0 -1470.0 -2346.0 -2018.0
-2026.0 -1677.0 -1461.0 -2248.0 -1990.0
-2000.0 -1729.0 -1520.0 -2198.0 -1749.0
-1937.0 -1752.0 -1439.0 -2352.0 -1923.0
-2001.0 -1740.0 -1473.0 -2241.0 -1876.0
-1914.0 -1681.0 -1417.0 -2331.0 -2050.0
-2042.0 -1719.0 -1369.0 -2307.0 -1943.0
-1951.0 -1790.0 -1505.0 -2198.0 -1786.0
-2048.0 -1671.0 -1509.0 -2196.0 -1873.0
-2021.0 -1755.0 -1448.0 -2229.0 -1851.0
-2057.0 -1715.0 -1428.0 -2284.0 -1911.0
-1894.0 -1666.0 -1442.0 -2343.0 -2075.0
-1777.0 -1685.0 -1345.0 -2350.0 -2069.0
-2055.0 -1712.0 -1398.0 -2328.0 -1898.0
-2041.0 -1638.0 -1447.0 -2345.0 -1947.0
-1925.0 -1704.0 -1409.0 -2379.0 -1996.0
-1953.0 -1840.0 -1439.0 -2239.0 -1774.0
-1884.0 -1704.0 -1421.0 -2305.0 -2081.0
