-1918.0 -1938.0 -1681.0 -1402.0 -1835.0
-1984.0 -1851.0 -1717.0 -1410.0 -1822.0
-1898.0 -2010.0 -1684.0 -1370.0 -1770.0
-1986.0 -1789.0 -1729.0 -1432.0 -1855.0
-1938.0 -1974.0 -1669.0 -1368.0 -1834.0
-1910.0 -2012.0 -1707.0 -1255.0 -1785.0
-1968.0 -1927.0 -1722.0 -1373.0 -1758.0
-1898.0 -2008.0 -1716.0 -1315.0 -1737.0
-1946.0 -1770.0 -1675.0 -1520.0 -1885.0
-1962.0 -1808.0 -1667.0 -1464.0 -1914.0
-1925.0 -1745.0 -1656.0 -1517.0 -1895.0
-1939.0 -1835.0 -1685.0 -1444.0 -1913.0
-1959.0 -1871.0 -1673.0 -1410.0 -1912.0
-1990.0 -1809.0 -1619.0 -1526.0 -1876.0
-1992.0 -1900.0 -1641.0 -1444.0 -1841.0
-1897.0 -1816.0 -1562.0 -1510.0 -1903.0
-2008.0 -1854.0 -1673.0 -1450.0 -1814.0
-1961.0 -1809.0 -1685.0 -1432.0 -1945.0
-1983.0 -1874.0 -1629.0 -1450.0 -1904.0
-2027.0 -1895.0 -1661.0 -1361.0 -1788.0
-1876.0 -1750.0 -1600.0 -1524.0 -1913.0
-1882.0 -1839.0 -1545.0 -1509.0 -1923.0
-1949.0 -2036.0 -1651.0 -1218.0 -1800.0
-1899.0 -1846.0 -1605.0 -1463.0 -1948.0
-1869.0 -2060.0 -1711.0 -1306.0 -1692.0
-1816.0 -1595.0 -1504.0 -1571.0 -1900.0
-1772.0 -1556.0 -1560.0 -1565.0 -1909.0
-1904.0 -1751.0 -1552.0 -1586.0 -1875.0
-1815.0 -1596.0 -1522.0 -1539.0 -1931.0
-1908.0 -2084.0 -1655.0 -1269.0 -1707.0
-1818.0 -1625.0 -1547.0 -1524.0 -1945.0
-1818.0 -1583.0 -1493.0 -1516.0 -1956.0
-1861.0 -1665.0 -1509.0 -1498.0 -1967.0
-1817.0 -1626.0 -1565.0 -1492.0 -1976.0
