-1072.0 -1255.0 -1180.0 -1498.0 -948.0 -1280.0
-1051.0 -1259.0 -1200.0 -1496.0 -987.0 -1287.0
-1040.0 -1280.0 -1289.0 -1545.0 -963.0 -1222.0
-1013.0 -1312.0 -1181.0 -1441.0 -974.0 -1301.0
-901.0 -1181.0 -1285.0 -1433.0 -991.0 -1293.0
-1058.0 -1203.0 -1239.0 -1524.0 -1004.0 -1272.0
-1115.0 -1238.0 -1307.0 -1535.0 -910.0 -1179.0
-1131.0 -1264.0 -1143.0 -1432.0 -892.0 -1191.0
-1004.0 -1255.0 -1232.0 -1485.0 -1011.0 -1302.0
-1076.0 -1250.0 -1259.0 -1555.0 -988.0 -1272.0
-987.0 -1283.0 -1308.0 -1521.0 -997.0 -1246.0
-999.0 -1260.0 -1240.0 -1467.0 -1030.0 -1293.0
-1123.0 -1254.0 -1227.0 -1566.0 -964.0 -1257.0
-1177.0 -1228.0 -1042.0 -1367.0 -928.0 -1125.0
-1191.0 -1209.0 -1250.0 -1479.0 -893.0 -1169.0
-1068.0 -1234.0 -1339.0 -1524.0 -934.0 -1194.0
