-1237.0 -1175.0 -1175.0 -1199.0 -1153.0 -880.0
-1190.0 -1112.0 -1186.0 -1274.0 -1181.0 -900.0
-1258.0 -1242.0 -1095.0 -1173.0 -1208.0 -826.0
-1211.0 -1179.0 -1106.0 -1248.0 -1236.0 -846.0
-1215.0 -1182.0 -1222.0 -1228.0 -1053.0 -871.0
-1201.0 -1130.0 -1199.0 -1320.0 -1118.0 -857.0
-1157.0 -1066.0 -1155.0 -1262.0 -1210.0 -950.0
-1270.0 -1121.0 -1209.0 -1190.0 -1081.0 -889.0
-1197.0 -1189.0 -1173.0 -1287.0 -1107.0 -875.0
-1259.0 -1074.0 -1182.0 -1219.0 -1148.0 -938.0
-1218.0 -1256.0 -1093.0 -1261.0 -1162.0 -821.0
-1178.0 -1143.0 -1148.0 -1335.0 -1140.0 -905.0
