-1927.0 -1557.0 -1529.0 -2289.0 -1997.0
-1969.0 -1741.0 -1387.0 -2313.0 -1965.0
-1935.0 -1790.0 -1388.0 -2329.0 -1912.0
-1967.0 -1723.0 -1365.0 -2356.0 -1910.0
-2027.0 -1695.0 -1415.0 -2316.0 -1908.0
-1993.0 -1744.0 -1416.0 -2332.0 -1855.0
-1923.0 -1809.0 -1407.0 -2323.0 -1884.0
-1925.0 -1697.0 -1467.0 -2331.0 -1907.0
-1993.0 -1738.0 -1413.0 -2343.0 -1845.0
-1962.0 -1690.0 -1441.0 -2304.0 -1985.0
-1954.0 -1663.0 -1462.0 -2339.0 -1917.0
-1860.0 -1601.0 -1538.0 -2301.0 -1890.0
-1960.0 -1640.0 -1507.0 -2263.0 -1997.0
-1926.0 -1729.0 -1447.0 -2304.0 -1977.0
-1966.0 -1646.0 -1463.0 -2344.0 -1937.0
-1926.0 -1650.0 -1472.0 -2289.0 -1999.0
-1993.0 -1728.0 -1408.0 -2340.0 -1906.0
-1981.0 -1748.0 -1432.0 -2280.0 -1931.0
-1904.0 -1705.0 -1433.0 -2298.0 -2020.0
-1995.0 -1747.0 -1446.0 -2288.0 -1868.0
-1942.0 -1658.0 -1449.0 -2308.0 -2024.0
-1892.0 -1771.0 -1440.0 -2287.0 -1963.0
-1957.0 -1767.0 -1414.0 -2340.0 -1898.0
-1932.0 -1673.0 -1453.0 -2281.0 -2027.0
-1982.0 -1633.0 -1541.0 -2266.0 -1932.0
-1915.0 -1742.0 -1388.0 -2341.0 -2002.0
-2017.0 -1709.0 -1426.0 -2280.0 -1939.0
-1906.0 -1684.0 -1456.0 -2296.0 -2028.0
-1878.0 -1697.0 -1489.0 -2304.0 -2012.0
-1896.0 -1722.0 -1435.0 -2258.0 -2034.0
-2024.0 -1585.0 -1488.0 -2301.0 -1984.0
-2018.0 -1594.0 -1535.0 -2266.0 -1940.0
-1995.0 -1643.0 -1431.0 -2336.0 -1959.0
-2019.0 -1727.0 -1410.0 -2328.0 -1844.0
-2008.0 -1616.0 -1535.0 -2262.0 -1921.0
-1967.0 -1777.0 -1367.0 -2361.0 -1853.0
-1879.0 -1629.0 -1496.0 -2302.0 -2029.0
-1936.0 -1626.0 -1456.0 -2322.0 -2029.0
-1843.0 -1620.0 -1507.0 -2290.0 -2065.0
-1901.0 -1574.0 -1535.0 -2293.0 -2008.0
-1952.0 -1589.0 -1534.0 -2298.0 -1883.0
-1916.0 -1628.0 -1540.0 -2298.0 -1875.0
-1952.0 -1613.0 -1528.0 -2298.0 -1929.0
-1963.0 -1566.0 -1518.0 -2301.0 -1961.0
-1865.0 -1606.0 -1455.0 -2280.0 -2111.0
-1963.0 -1542.0 -1517.0 -2289.0 -2051.0
-1979.0 -1742.0 -1289.0 -2229.0 -1987.0
-1915.0 -1791.0 -1473.0 -2305.0 -1800.0
-1870.0 -1579.0 -1538.0 -2305.0 -1909.0
-1936.0 -1651.0 -1517.0 -2307.0 -1955.0
-1946.0 -1648.0 -1553.0 -2266.0 -1878.0
-1999.0 -1761.0 -1400.0 -2281.0 -1968.0
-1971.0 -1699.0 -1368.0 -2265.0 -2025.0
-1993.0 -1769.0 -1342.0 -2200.0 -1922.0
-1959.0 -1779.0 -1366.0 -2275.0 -1971.0
-1886.0 -1584.0 -1506.0 -2335.0 -1852.0
-1932.0 -1597.0 -1493.0 -2337.0 -1938.0
-1989.0 -1691.0 -1275.0 -2181.0 -2027.0
-1848.0 -1644.0 -1537.0 -2303.0 -1820.0
-2022.0 -1674.0 -1308.0 -2143.0 -1992.0
-1909.0 -1735.0 -1456.0 -2340.0 -1933.0
-1845.0 -1540.0 -1591.0 -2248.0 -1934.0
-2011.0 -1681.0 -1402.0 -2271.0 -2022.0
-1937.0 -1793.0 -1418.0 -2285.0 -1925.0
-1951.0 -1744.0 -1316.0 -2201.0 -2026.0
-2020.0 -1612.0 -1519.0 -2314.0 -1845.0
-1977.0 -1775.0 -1463.0 -2293.0 -1792.0
-1855.0 -1606.0 -1446.0 -2287.0 -2114.0
-1952.0 -1620.0 -1470.0 -2346.0 -2018.0
-1964.0 -1585.0 -1517.0 -2317.0 -1860.0
-2026.0 -1677.0 -1461.0 -2248.0 -1990.0
-1873.0 -1640.0 -1514.0 -2312.0 -1973.0
-1876.0 -1570.0 -1491.0 -2340.0 -1953.0
-1888.0 -1709.0 -1528.0 -2309.0 -1831.0
-1885.0 -1605.0 -1582.0 -2254.0 -1945.0
-2033.0 -1671.0 -1355.0 -2194.0 -1986.0
-1922.0 -1711.0 -1432.0 -2243.0 -2033.0
-1825.0 -1524.0 -1556.0 -2287.0 -1943.0
-1995.0 -1664.0 -1344.0 -2256.0 -2034.0
-1842.0 -1577.0 -1515.0 -2331.0 -1906.0
-1832.0 -1577.0 -1506.0 -2338.0 -1909.0
-2022.0 -1741.0 -1243.0 -2261.0 -1923.0
-1982.0 -1801.0 -1321.0 -2352.0 -1888.0
-1952.0 -1683.0 -1418.0 -2220.0 -2036.0
-1937.0 -1752.0 -1439.0 -2352.0 -1923.0
-1955.0 -1682.0 -1310.0 -2250.0 -2037.0
-1911.0 -1692.0 -1411.0 -2282.0 -2042.0
-1885.0 -1722.0 -1375.0 -2373.0 -1999.0
-1914.0 -1681.0 -1417.0 -2331.0 -2050.0
-2042.0 -1719.0 -1369.0 -2307.0 -1943.0
-1871.0 -1781.0 -1425.0 -2368.0 -1776.0
-2057.0 -1649.0 -1348.0 -2189.0 -1974.0
-1878.0 -1586.0 -1504.0 -2343.0 -1870.0
-1857.0 -1671.0 -1561.0 -2273.0 -1910.0
-1904.0 -1719.0 -1396.0 -2293.0 -2056.0
-2028.0 -1769.0 -1267.0 -2270.0 -1840.0
-1939.0 -1843.0 -1352.0 -2326.0 -1913.0
-1939.0 -1767.0 -1392.0 -2382.0 -1824.0
-1979.0 -1670.0 -1465.0 -2349.0 -1904.0
-1904.0 -1678.0 -1481.0 -2348.0 -1894.0
-2069.0 -1635.0 -1430.0 -2274.0 -1965.0
-1997.0 -1797.0 -1380.0 -2329.0 -1856.0
-1923.0 -1594.0 -1425.0 -2316.0 -2082.0
-1870.0 -1761.0 -1389.0 -2276.0 -2042.0
-1898.0 -1746.0 -1327.0 -2218.0 -2049.0
-1913.0 -1632.0 -1404.0 -2278.0 -2088.0
-1936.0 -1589.0 -1373.0 -2212.0 -2098.0
-1893.0 -1623.0 -1450.0 -2384.0 -1916.0
-2057.0 -1715.0 -1428.0 -2284.0 -1911.0
-1981.0 -1720.0 -1399.0 -2390.0 -1892.0
-1905.0 -1588.0 -1489.0 -2286.0 -2108.0
-1833.0 -1606.0 -1244.0 -2095.0 -2118.0
-1901.0 -1554.0 -1346.0 -2149.0 -2117.0
-1889.0 -1653.0 -1399.0 -2173.0 -2107.0
-1895.0 -1626.0 -1468.0 -2248.0 -2114.0
-1865.0 -1569.0 -1414.0 -2235.0 -2127.0
-1848.0 -1539.0 -1422.0 -2244.0 -2130.0
-1824.0 -1565.0 -1457.0 -2184.0 -2134.0
-1860.0 -1522.0 -1305.0 -2062.0 -2140.0
-1825.0 -1523.0 -1356.0 -2184.0 -2142.0
-1797.0 -1621.0 -1312.0 -2181.0 -2128.0
-1813.0 -1638.0 -1370.0 -2196.0 -2116.0
-1871.0 -1496.0 -1391.0 -2178.0 -2140.0
-1798.0 -1560.0 -1414.0 -2200.0 -2138.0
-1775.0 -1559.0 -1428.0 -2201.0 -2138.0
-1824.0 -1537.0 -1373.0 -2148.0 -2150.0
-1808.0 -1495.0 -1343.0 -2185.0 -2156.0
-1806.0 -1534.0 -1320.0 -2166.0 -2160.0
-1785.0 -1522.0 -1396.0 -2149.0 -2151.0
-1779.0 -1539.0 -1378.0 -2137.0 -2156.0
-1894.0 -1666.0 -1442.0 -2343.0 -2075.0
-1854.0 -1684.0 -1408.0 -2337.0 -2078.0
-2055.0 -1712.0 -1398.0 -2328.0 -1898.0
-2041.0 -1638.0 -1447.0 -2345.0 -1947.0
-1966.0 -1828.0 -1355.0 -2365.0 -1833.0
-1925.0 -1704.0 -1409.0 -2379.0 -1996.0
-1819.0 -1611.0 -1439.0 -2271.0 -2123.0
-2001.0 -1735.0 -1374.0 -2378.0 -1867.0
-1834.0 -1618.0 -1544.0 -2305.0 -1901.0
-1886.0 -1520.0 -1554.0 -2299.0 -1881.0
-1902.0 -1617.0 -1535.0 -2321.0 -1817.0
-2012.0 -1800.0 -1314.0 -2231.0 -1777.0
-1779.0 -1511.0 -1569.0 -2285.0 -1857.0
-1779.0 -1567.0 -1360.0 -2212.0 -2149.0
-1845.0 -1564.0 -1592.0 -2260.0 -1844.0
-2048.0 -1760.0 -1294.0 -2286.0 -1837.0
-1966.0 -1832.0 -1368.0 -2313.0 -1825.0
-1872.0 -1597.0 -1522.0 -2353.0 -1814.0
-1878.0 -1731.0 -1352.0 -2230.0 -2074.0
-1833.0 -1552.0 -1487.0 -2184.0 -2135.0
-1884.0 -1704.0 -1421.0 -2305.0 -2081.0
-1804.0 -1575.0 -1451.0 -2156.0 -2137.0
-1833.0 -1468.0 -1444.0 -2102.0 -2155.0
-1761.0 -1536.0 -1325.0 -2155.0 -2166.0
-1772.0 -1525.0 -1367.0 -2201.0 -2165.0
-1757.0 -1464.0 -1327.0 -2132.0 -2173.0
-1702.0 -1533.0 -1283.0 -2121.0 -2169.0
-1784.0 -1493.0 -1294.0 -2089.0 -2176.0
-1813.0 -1421.0 -1277.0 -2062.0 -2183.0
