-988.0 -1054.0 -840.0 -1340.0 -953.0 -930.0
-1048.0 -988.0 -805.0 -1366.0 -976.0 -912.0
-1016.0 -1040.0 -835.0 -1328.0 -945.0 -940.0
-1020.0 -1029.0 -755.0 -1331.0 -971.0 -951.0
-1032.0 -1058.0 -837.0 -1310.0 -980.0 -833.0
-1013.0 -1046.0 -808.0 -1282.0 -911.0 -980.0
-1072.0 -979.0 -675.0 -1323.0 -1021.0 -890.0
-1061.0 -921.0 -770.0 -1364.0 -949.0 -975.0
-1021.0 -1054.0 -763.0 -1302.0 -982.0 -912.0
-993.0 -1060.0 -853.0 -1278.0 -961.0 -948.0
-1046.0 -1013.0 -824.0 -1325.0 -963.0 -912.0
-1001.0 -1052.0 -813.0 -1348.0 -963.0 -945.0
-1055.0 -1038.0 -819.0 -1360.0 -964.0 -825.0
-1004.0 -1051.0 -875.0 -1341.0 -877.0 -951.0
-1007.0 -1023.0 -755.0 -1329.0 -973.0 -981.0
-1008.0 -1077.0 -855.0 -1350.0 -973.0 -896.0
-1002.0 -1035.0 -833.0 -1307.0 -1031.0 -878.0
-1025.0 -1015.0 -815.0 -1357.0 -1015.0 -870.0
-1027.0 -1044.0 -909.0 -1336.0 -943.0 -861.0
-1036.0 -1071.0 -765.0 -1374.0 -994.0 -860.0
-1039.0 -942.0 -745.0 -1275.0 -974.0 -1000.0
-1013.0 -1091.0 -783.0 -1324.0 -1010.0 -868.0
-1049.0 -973.0 -687.0 -1321.0 -942.0 -1029.0
-1011.0 -1034.0 -822.0 -1390.0 -937.0 -922.0
-1031.0 -979.0 -765.0 -1297.0 -1002.0 -956.0
-1015.0 -1033.0 -806.0 -1315.0 -1041.0 -893.0
-1030.0 -1029.0 -743.0 -1331.0 -1052.0 -842.0
