-1157.0 -1040.0 -1053.0 -1061.0 -1366.0 -1121.0
-1210.0 -1068.0 -1076.0 -1041.0 -1308.0 -1039.0
-1069.0 -986.0 -1035.0 -1056.0 -1389.0 -1120.0
-1205.0 -1106.0 -1108.0 -896.0 -1305.0 -1029.0
-1210.0 -1089.0 -1095.0 -970.0 -1338.0 -1025.0
-1086.0 -975.0 -955.0 -1152.0 -1324.0 -1102.0
-1187.0 -1068.0 -1058.0 -1034.0 -1383.0 -1079.0
-1191.0 -1114.0 -1060.0 -1048.0 -1312.0 -993.0
-1072.0 -925.0 -996.0 -1059.0 -1390.0 -1157.0
-1225.0 -1153.0 -1039.0 -1005.0 -1251.0 -992.0
-1219.0 -1156.0 -1067.0 -989.0 -1239.0 -974.0
