-886.0 -1057.0 -1077.0 -1327.0 -1013.0 -1120.0
-850.0 -1146.0 -1100.0 -1245.0 -1043.0 -1092.0
-853.0 -1147.0 -1099.0 -1293.0 -1009.0 -1061.0
-896.0 -1066.0 -1094.0 -1357.0 -985.0 -1115.0
-881.0 -1139.0 -1103.0 -1238.0 -1043.0 -1074.0
-880.0 -1110.0 -1108.0 -1301.0 -1030.0 -1040.0
-926.0 -1106.0 -1062.0 -1259.0 -1030.0 -1101.0
-924.0 -1058.0 -1098.0 -1302.0 -1019.0 -1128.0
-790.0 -932.0 -907.0 -1406.0 -996.0 -1130.0
-873.0 -1180.0 -1118.0 -1243.0 -961.0 -1031.0
-849.0 -1052.0 -1102.0 -1363.0 -1038.0 -1127.0
-859.0 -1138.0 -1130.0 -1186.0 -1052.0 -1067.0
