-886.0 -1057.0 -1077.0 -1327.0 -1013.0 -1120.0
-826.0 -1087.0 -1056.0 -1356.0 -1027.0 -1082.0
-862.0 -1050.0 -1067.0 -1356.0 -997.0 -1126.0
-900.0 -1084.0 -1037.0 -1257.0 -985.0 -1153.0
-806.0 -1133.0 -1107.0 -1299.0 -1062.0 -1073.0
-850.0 -1146.0 -1100.0 -1245.0 -1043.0 -1092.0
-853.0 -1147.0 -1099.0 -1293.0 -1009.0 -1061.0
-841.0 -1159.0 -1016.0 -1263.0 -1033.0 -1111.0
-878.0 -1131.0 -1042.0 -1301.0 -1026.0 -1085.0
-879.0 -1127.0 -1087.0 -1269.0 -944.0 -1111.0
-775.0 -1140.0 -1104.0 -1306.0 -1062.0 -1091.0
-835.0 -1179.0 -1097.0 -1268.0 -955.0 -1023.0
-854.0 -1079.0 -1060.0 -1301.0 -1061.0 -1095.0
-812.0 -1080.0 -1076.0 -1325.0 -1045.0 -1153.0
-896.0 -1066.0 -1094.0 -1357.0 -985.0 -1115.0
-910.0 -1120.0 -1090.0 -1262.0 -944.0 -1093.0
-881.0 -1139.0 -1103.0 -1238.0 -1043.0 -1074.0
-889.0 -1134.0 -1036.0 -1221.0 -1037.0 -1127.0
-880.0 -1110.0 -1108.0 -1301.0 -1030.0 -1040.0
-821.0 -1125.0 -1101.0 -1363.0 -996.0 -1045.0
-852.0 -1194.0 -1064.0 -1202.0 -1054.0 -1065.0
-836.0 -1208.0 -1092.0 -1205.0 -968.0 -1057.0
-937.0 -1056.0 -1063.0 -1295.0 -978.0 -1127.0
-926.0 -1106.0 -1062.0 -1259.0 -1030.0 -1101.0
-823.0 -1183.0 -1111.0 -1297.0 -940.0 -1087.0
-746.0 -1020.0 -1065.0 -1416.0 -945.0 -1018.0
-806.0 -1198.0 -1110.0 -1244.0 -1054.0 -1004.0
-852.0 -1118.0 -1104.0 -1356.0 -996.0 -1027.0
-924.0 -1058.0 -1098.0 -1302.0 -1019.0 -1128.0
-887.0 -1086.0 -1072.0 -1264.0 -1026.0 -1154.0
-849.0 -1117.0 -1105.0 -1308.0 -1030.0 -1058.0
-943.0 -1003.0 -1032.0 -1321.0 -961.0 -1207.0
-873.0 -1180.0 -1118.0 -1243.0 -961.0 -1031.0
-849.0 -1052.0 -1102.0 -1363.0 -1038.0 -1127.0
-860.0 -1074.0 -927.0 -1165.0 -1079.0 -1116.0
-865.0 -980.0 -947.0 -1282.0 -1005.0 -1207.0
-905.0 -1145.0 -1018.0 -1132.0 -948.0 -1091.0
-868.0 -1205.0 -1046.0 -1113.0 -965.0 -1029.0
-942.0 -1117.0 -1044.0 -1170.0 -941.0 -1065.0
