-1857.0 -1780.0 -1586.0 -1662.0 -1532.0
-1811.0 -1822.0 -1532.0 -1690.0 -1573.0
-1829.0 -1768.0 -1559.0 -1703.0 -1566.0
-1865.0 -1718.0 -1506.0 -1712.0 -1619.0
-1679.0 -1725.0 -1396.0 -1776.0 -1683.0
-1751.0 -1699.0 -1403.0 -1768.0 -1687.0
-1764.0 -1705.0 -1344.0 -1767.0 -1691.0
-1785.0 -1670.0 -1427.0 -1783.0 -1655.0
-1867.0 -1752.0 -1517.0 -1737.0 -1581.0
-1800.0 -1771.0 -1504.0 -1740.0 -1633.0
-1827.0 -1785.0 -1506.0 -1720.0 -1610.0
-1730.0 -1674.0 -1214.0 -1799.0 -1710.0
-1853.0 -1724.0 -1505.0 -1734.0 -1615.0
-1879.0 -1746.0 -1518.0 -1715.0 -1585.0
-1737.0 -1680.0 -1376.0 -1762.0 -1702.0
-1749.0 -1775.0 -1447.0 -1737.0 -1670.0
-1724.0 -1679.0 -1347.0 -1769.0 -1717.0
-1730.0 -1739.0 -1472.0 -1781.0 -1653.0
-1884.0 -1794.0 -1588.0 -1642.0 -1509.0
-1895.0 -1764.0 -1544.0 -1696.0 -1547.0
-1906.0 -1760.0 -1520.0 -1695.0 -1562.0
-1896.0 -1788.0 -1589.0 -1620.0 -1513.0
-1907.0 -1758.0 -1545.0 -1674.0 -1551.0
-1699.0 -1653.0 -1406.0 -1812.0 -1662.0
-1786.0 -1743.0 -1492.0 -1737.0 -1667.0
-1934.0 -1772.0 -1547.0 -1654.0 -1528.0
-1704.0 -1567.0 -1287.0 -1816.0 -1700.0
-1691.0 -1688.0 -1345.0 -1826.0 -1681.0
-1770.0 -1706.0 -1483.0 -1798.0 -1624.0
-1637.0 -1590.0 -1268.0 -1807.0 -1714.0
-1645.0 -1694.0 -1266.0 -1808.0 -1702.0
-1672.0 -1612.0 -1183.0 -1824.0 -1701.0
-1968.0 -1732.0 -1603.0 -1572.0 -1489.0
