-825.0 -1078.0 -1041.0 -1318.0 -1004.0 -1152.0
-849.0 -1092.0 -1070.0 -1217.0 -1034.0 -1106.0
-738.0 -943.0 -1032.0 -1241.0 -1068.0 -1060.0
-886.0 -1057.0 -1077.0 -1327.0 -1013.0 -1120.0
-812.0 -1145.0 -1079.0 -1270.0 -1037.0 -1084.0
-763.0 -985.0 -1019.0 -1289.0 -1065.0 -1049.0
-788.0 -1138.0 -1069.0 -1299.0 -1021.0 -1090.0
-826.0 -1087.0 -1056.0 -1356.0 -1027.0 -1082.0
-806.0 -1173.0 -1075.0 -1153.0 -1058.0 -1052.0
-780.0 -1155.0 -1090.0 -1288.0 -1071.0 -992.0
-811.0 -1174.0 -1072.0 -1285.0 -1010.0 -1042.0
-836.0 -991.0 -993.0 -1260.0 -999.0 -1162.0
-771.0 -1094.0 -1020.0 -1269.0 -1074.0 -1058.0
-860.0 -977.0 -892.0 -1265.0 -889.0 -1210.0
-807.0 -1063.0 -1014.0 -1260.0 -1004.0 -1155.0
-781.0 -1008.0 -998.0 -1265.0 -1076.0 -1060.0
-801.0 -1067.0 -931.0 -1179.0 -1017.0 -1161.0
-814.0 -1078.0 -973.0 -1207.0 -1079.0 -1055.0
-802.0 -1087.0 -1023.0 -1262.0 -1074.0 -1040.0
-839.0 -939.0 -967.0 -1292.0 -976.0 -1190.0
-808.0 -1131.0 -1004.0 -1181.0 -1096.0 -975.0
-883.0 -1046.0 -1065.0 -1326.0 -988.0 -1144.0
-774.0 -1122.0 -1020.0 -1096.0 -1105.0 -974.0
-753.0 -1123.0 -956.0 -1183.0 -1104.0 -989.0
-906.0 -1063.0 -1060.0 -1302.0 -978.0 -1145.0
-758.0 -1107.0 -940.0 -1148.0 -1109.0 -986.0
-769.0 -1029.0 -1044.0 -1359.0 -1016.0 -1128.0
-753.0 -1011.0 -1084.0 -1253.0 -1079.0 -1000.0
-757.0 -1121.0 -919.0 -1184.0 -1114.0 -923.0
-784.0 -1116.0 -959.0 -1176.0 -1104.0 -971.0
-823.0 -1002.0 -1094.0 -1210.0 -1051.0 -1100.0
-797.0 -1023.0 -1078.0 -1213.0 -1072.0 -1048.0
-743.0 -1183.0 -1064.0 -1250.0 -1078.0 -1018.0
-732.0 -1057.0 -1018.0 -1321.0 -1023.0 -1154.0
-873.0 -1072.0 -892.0 -1158.0 -1038.0 -1115.0
-799.0 -1007.0 -1038.0 -1211.0 -1079.0 -1061.0
-775.0 -1022.0 -1105.0 -1161.0 -1081.0 -1041.0
-754.0 -1040.0 -1079.0 -1190.0 -1092.0 -1034.0
-847.0 -1143.0 -1086.0 -1228.0 -983.0 -1105.0
-925.0 -996.0 -935.0 -1247.0 -1000.0 -1172.0
-859.0 -1025.0 -943.0 -1222.0 -1046.0 -1117.0
-874.0 -1152.0 -1015.0 -1139.0 -948.0 -1109.0
-903.0 -995.0 -962.0 -1195.0 -1009.0 -1165.0
-784.0 -1122.0 -988.0 -1289.0 -1041.0 -1102.0
-862.0 -1050.0 -1067.0 -1356.0 -997.0 -1126.0
-871.0 -1024.0 -928.0 -1201.0 -1027.0 -1142.0
-783.0 -1114.0 -1050.0 -1037.0 -1114.0 -949.0
-855.0 -1096.0 -1083.0 -1282.0 -1060.0 -1062.0
-775.0 -1180.0 -1072.0 -1160.0 -1058.0 -1070.0
-859.0 -1094.0 -1068.0 -1319.0 -992.0 -1141.0
-902.0 -952.0 -973.0 -1320.0 -998.0 -1181.0
-812.0 -1120.0 -1044.0 -1179.0 -1041.0 -1132.0
-900.0 -1084.0 -1037.0 -1257.0 -985.0 -1153.0
-862.0 -1124.0 -919.0 -1153.0 -962.0 -1132.0
-932.0 -940.0 -1001.0 -1231.0 -998.0 -1174.0
-806.0 -1133.0 -1107.0 -1299.0 -1062.0 -1073.0
-850.0 -1146.0 -1100.0 -1245.0 -1043.0 -1092.0
-923.0 -1038.0 -952.0 -1217.0 -979.0 -1169.0
-754.0 -1025.0 -1044.0 -1376.0 -872.0 -1140.0
-849.0 -1126.0 -954.0 -1160.0 -1003.0 -1133.0
-854.0 -1093.0 -1067.0 -1349.0 -986.0 -1096.0
-853.0 -1147.0 -1099.0 -1293.0 -1009.0 -1061.0
-879.0 -1090.0 -1016.0 -1218.0 -973.0 -1161.0
-936.0 -1036.0 -917.0 -1210.0 -938.0 -1168.0
-857.0 -1144.0 -1047.0 -1239.0 -1071.0 -1035.0
-841.0 -1159.0 -1016.0 -1263.0 -1033.0 -1111.0
-750.0 -1015.0 -995.0 -1272.0 -1076.0 -1078.0
-878.0 -1131.0 -1042.0 -1301.0 -1026.0 -1085.0
-904.0 -1116.0 -1077.0 -1197.0 -918.0 -1137.0
-879.0 -1127.0 -1087.0 -1269.0 -944.0 -1111.0
-775.0 -1140.0 -1104.0 -1306.0 -1062.0 -1091.0
-810.0 -1145.0 -1077.0 -1348.0 -997.0 -1008.0
-835.0 -1179.0 -1097.0 -1268.0 -955.0 -1023.0
-867.0 -1176.0 -1105.0 -1178.0 -935.0 -1075.0
-854.0 -1079.0 -1060.0 -1301.0 -1061.0 -1095.0
-812.0 -1080.0 -1076.0 -1325.0 -1045.0 -1153.0
-811.0 -1148.0 -1093.0 -1281.0 -1071.0 -974.0
-911.0 -1124.0 -1041.0 -1177.0 -941.0 -1083.0
-878.0 -1071.0 -1056.0 -1357.0 -944.0 -1132.0
-818.0 -1124.0 -1057.0 -1244.0 -1067.0 -1088.0
-781.0 -1184.0 -1085.0 -1225.0 -1084.0 -1026.0
-892.0 -1125.0 -1052.0 -1262.0 -903.0 -1110.0
-869.0 -1091.0 -1034.0 -1264.0 -985.0 -1171.0
-810.0 -1131.0 -1070.0 -1300.0 -1072.0 -1007.0
-887.0 -914.0 -987.0 -1250.0 -980.0 -1206.0
-779.0 -1138.0 -1067.0 -1307.0 -1072.0 -1025.0
-896.0 -1066.0 -1094.0 -1357.0 -985.0 -1115.0
-814.0 -997.0 -1046.0 -1185.0 -1065.0 -1097.0
-905.0 -1043.0 -914.0 -1217.0 -938.0 -1186.0
-807.0 -1053.0 -980.0 -1201.0 -1067.0 -1095.0
-830.0 -1204.0 -1079.0 -1140.0 -942.0 -1101.0
-743.0 -1071.0 -929.0 -1288.0 -1078.0 -1076.0
-796.0 -1018.0 -932.0 -1262.0 -1046.0 -1141.0
-812.0 -1177.0 -1088.0 -1218.0 -1084.0 -1008.0
-752.0 -994.0 -1061.0 -1272.0 -1080.0 -1033.0
-900.0 -1052.0 -922.0 -1187.0 -949.0 -1179.0
-861.0 -1095.0 -978.0 -1218.0 -932.0 -1178.0
-820.0 -1172.0 -1021.0 -1201.0 -1078.0 -1061.0
-909.0 -1064.0 -1059.0 -1350.0 -944.0 -1114.0
-857.0 -934.0 -1005.0 -1292.0 -1017.0 -1173.0
-910.0 -1120.0 -1090.0 -1262.0 -944.0 -1093.0
-855.0 -1203.0 -977.0 -1058.0 -1041.0 -939.0
-777.0 -1138.0 -1001.0 -1188.0 -1096.0 -993.0
-850.0 -990.0 -939.0 -1308.0 -1019.0 -1171.0
-881.0 -1139.0 -1103.0 -1238.0 -1043.0 -1074.0
-779.0 -1152.0 -1074.0 -1355.0 -997.0 -1026.0
-873.0 -1038.0 -1001.0 -1368.0 -928.0 -1175.0
-827.0 -1020.0 -829.0 -1178.0 -982.0 -1186.0
-889.0 -1134.0 -1036.0 -1221.0 -1037.0 -1127.0
-948.0 -946.0 -819.0 -1229.0 -905.0 -1210.0
-861.0 -1071.0 -1024.0 -1123.0 -1094.0 -1038.0
-848.0 -1097.0 -1013.0 -1225.0 -973.0 -1179.0
-880.0 -1110.0 -1108.0 -1301.0 -1030.0 -1040.0
-786.0 -1130.0 -1031.0 -1129.0 -1105.0 -968.0
-730.0 -1023.0 -965.0 -1322.0 -822.0 -1211.0
-821.0 -1125.0 -1101.0 -1363.0 -996.0 -1045.0
-797.0 -1061.0 -984.0 -1192.0 -985.0 -1185.0
-805.0 -1029.0 -961.0 -1261.0 -803.0 -1212.0
-830.0 -1078.0 -1021.0 -1130.0 -1094.0 -1056.0
-878.0 -1158.0 -962.0 -1126.0 -980.0 -1085.0
-852.0 -1194.0 -1064.0 -1202.0 -1054.0 -1065.0
-832.0 -903.0 -1008.0 -1226.0 -929.0 -1213.0
-786.0 -1211.0 -1085.0 -1259.0 -947.0 -1113.0
-877.0 -1042.0 -1052.0 -1261.0 -962.0 -1188.0
-887.0 -1150.0 -980.0 -1132.0 -907.0 -1108.0
-836.0 -1208.0 -1092.0 -1205.0 -968.0 -1057.0
-823.0 -1134.0 -955.0 -1146.0 -1096.0 -1054.0
-786.0 -1055.0 -882.0 -1226.0 -1083.0 -1073.0
-937.0 -1056.0 -1063.0 -1295.0 -978.0 -1127.0
-852.0 -1079.0 -994.0 -1182.0 -1085.0 -1063.0
-702.0 -1132.0 -1005.0 -1249.0 -1115.0 -992.0
-785.0 -1117.0 -1045.0 -1281.0 -1102.0 -1029.0
-926.0 -1106.0 -1062.0 -1259.0 -1030.0 -1101.0
-952.0 -1010.0 -974.0 -1239.0 -874.0 -1168.0
-848.0 -849.0 -986.0 -1243.0 -913.0 -1217.0
-880.0 -949.0 -946.0 -1221.0 -897.0 -1222.0
-845.0 -1104.0 -991.0 -1183.0 -863.0 -1181.0
-683.0 -1032.0 -1046.0 -1252.0 -1121.0 -967.0
-948.0 -1064.0 -1013.0 -1196.0 -924.0 -1145.0
-823.0 -1183.0 -1111.0 -1297.0 -940.0 -1087.0
-741.0 -1169.0 -1055.0 -1280.0 -1113.0 -941.0
-706.0 -1060.0 -1090.0 -1141.0 -1122.0 -975.0
-765.0 -1146.0 -1012.0 -1108.0 -1115.0 -852.0
-777.0 -1073.0 -998.0 -1243.0 -1104.0 -1062.0
-737.0 -1123.0 -921.0 -1127.0 -1119.0 -870.0
-730.0 -1109.0 -1027.0 -1150.0 -1124.0 -955.0
-783.0 -1232.0 -1049.0 -1182.0 -1095.0 -999.0
-832.0 -1062.0 -912.0 -1178.0 -1103.0 -993.0
-805.0 -1115.0 -1023.0 -1089.0 -1105.0 -956.0
-703.0 -936.0 -954.0 -1159.0 -1127.0 -969.0
-863.0 -980.0 -974.0 -1317.0 -939.0 -1208.0
-733.0 -1125.0 -1008.0 -1242.0 -1115.0 -974.0
-757.0 -1051.0 -1091.0 -1191.0 -1117.0 -1010.0
-808.0 -951.0 -1011.0 -1219.0 -933.0 -1210.0
-750.0 -1107.0 -1025.0 -1207.0 -1119.0 -1008.0
-737.0 -1053.0 -1093.0 -1134.0 -1122.0 -957.0
-699.0 -1116.0 -1024.0 -1157.0 -1124.0 -973.0
-684.0 -1113.0 -1073.0 -1192.0 -1124.0 -894.0
-817.0 -976.0 -809.0 -1175.0 -918.0 -1220.0
-788.0 -1114.0 -922.0 -1177.0 -1114.0 -905.0
-732.0 -1059.0 -1026.0 -1194.0 -1123.0 -916.0
-654.0 -1087.0 -1007.0 -1216.0 -1132.0 -958.0
-873.0 -1005.0 -880.0 -1237.0 -899.0 -1220.0
-802.0 -1036.0 -1056.0 -1322.0 -981.0 -1187.0
-900.0 -992.0 -936.0 -1243.0 -867.0 -1226.0
-685.0 -1080.0 -1010.0 -1209.0 -1132.0 -940.0
-778.0 -1055.0 -980.0 -1152.0 -1123.0 -977.0
-746.0 -1020.0 -1065.0 -1416.0 -945.0 -1018.0
-861.0 -940.0 -940.0 -1344.0 -967.0 -1197.0
-785.0 -999.0 -1046.0 -1136.0 -1121.0 -979.0
-855.0 -1041.0 -1079.0 -1209.0 -971.0 -1181.0
-827.0 -944.0 -923.0 -1334.0 -907.0 -1228.0
-733.0 -1007.0 -1009.0 -1097.0 -1134.0 -924.0
-806.0 -1198.0 -1110.0 -1244.0 -1054.0 -1004.0
-653.0 -1120.0 -1070.0 -1199.0 -1124.0 -912.0
-955.0 -890.0 -885.0 -1213.0 -903.0 -1212.0
-779.0 -1186.0 -965.0 -1145.0 -1107.0 -966.0
-790.0 -1176.0 -1115.0 -1166.0 -1093.0 -1001.0
-737.0 -1236.0 -1095.0 -1224.0 -1095.0 -938.0
-709.0 -1175.0 -966.0 -1182.0 -1115.0 -901.0
-810.0 -1032.0 -1016.0 -1278.0 -919.0 -1209.0
-705.0 -984.0 -918.0 -1116.0 -1138.0 -942.0
-730.0 -1174.0 -1030.0 -1095.0 -1116.0 -886.0
-629.0 -833.0 -891.0 -1047.0 -1144.0 -765.0
-780.0 -1011.0 -901.0 -1307.0 -1061.0 -1138.0
-861.0 -1045.0 -1092.0 -1274.0 -997.0 -1137.0
-852.0 -1118.0 -1104.0 -1356.0 -996.0 -1027.0
-924.0 -1058.0 -1098.0 -1302.0 -1019.0 -1128.0
-887.0 -1086.0 -1072.0 -1264.0 -1026.0 -1154.0
-849.0 -1117.0 -1105.0 -1308.0 -1030.0 -1058.0
-845.0 -1015.0 -867.0 -1178.0 -1023.0 -1169.0
-915.0 -1011.0 -1028.0 -1376.0 -927.0 -1194.0
-825.0 -1001.0 -1015.0 -1217.0 -811.0 -1224.0
-638.0 -864.0 -840.0 -1082.0 -1146.0 -801.0
-852.0 -959.0 -933.0 -1162.0 -1021.0 -1171.0
-846.0 -1035.0 -1013.0 -1263.0 -1063.0 -1128.0
-770.0 -1074.0 -928.0 -1186.0 -1017.0 -1179.0
-772.0 -996.0 -992.0 -1330.0 -821.0 -1230.0
-943.0 -1003.0 -1032.0 -1321.0 -961.0 -1207.0
-897.0 -1046.0 -953.0 -1203.0 -1072.0 -1090.0
-622.0 -889.0 -825.0 -1063.0 -1146.0 -763.0
-745.0 -1050.0 -995.0 -1288.0 -1082.0 -1031.0
-777.0 -1018.0 -994.0 -1170.0 -1015.0 -1181.0
-799.0 -1019.0 -967.0 -1222.0 -1006.0 -1188.0
-873.0 -1180.0 -1118.0 -1243.0 -961.0 -1031.0
-710.0 -1176.0 -1052.0 -1287.0 -1113.0 -959.0
-869.0 -984.0 -987.0 -1382.0 -965.0 -1164.0
-849.0 -1052.0 -1102.0 -1363.0 -1038.0 -1127.0
-860.0 -1074.0 -927.0 -1165.0 -1079.0 -1116.0
-902.0 -950.0 -919.0 -1273.0 -888.0 -1229.0
-711.0 -1060.0 -962.0 -1281.0 -1122.0 -931.0
-798.0 -990.0 -1015.0 -1230.0 -1080.0 -1094.0
-865.0 -980.0 -947.0 -1282.0 -1005.0 -1207.0
-676.0 -1088.0 -980.0 -1268.0 -1123.0 -965.0
-905.0 -1145.0 -1018.0 -1132.0 -948.0 -1091.0
-868.0 -1205.0 -1046.0 -1113.0 -965.0 -1029.0
-731.0 -1192.0 -1114.0 -1305.0 -1073.0 -1003.0
-889.0 -1099.0 -940.0 -1152.0 -1095.0 -1002.0
-762.0 -1035.0 -1012.0 -1173.0 -1086.0 -1087.0
-854.0 -1127.0 -958.0 -1139.0 -1096.0 -1036.0
-924.0 -1122.0 -1006.0 -1170.0 -900.0 -1082.0
-785.0 -957.0 -889.0 -1278.0 -983.0 -1208.0
-655.0 -1168.0 -1034.0 -1156.0 -1135.0 -885.0
-695.0 -1070.0 -940.0 -1120.0 -1136.0 -940.0
-824.0 -1018.0 -865.0 -1140.0 -1105.0 -1026.0
-818.0 -1057.0 -949.0 -1233.0 -813.0 -1222.0
-942.0 -1117.0 -1044.0 -1170.0 -941.0 -1065.0
-729.0 -1028.0 -1000.0 -1210.0 -1121.0 -1028.0
-777.0 -955.0 -999.0 -1098.0 -1123.0 -1012.0
-657.0 -1053.0 -1030.0 -1255.0 -1142.0 -915.0
-847.0 -1002.0 -988.0 -1269.0 -802.0 -1231.0
-961.0 -1062.0 -978.0 -1189.0 -883.0 -1144.0
-725.0 -982.0 -916.0 -1173.0 -1133.0 -995.0
-855.0 -936.0 -927.0 -1279.0 -941.0 -1241.0
-594.0 -861.0 -909.0 -1034.0 -1145.0 -799.0
-770.0 -1011.0 -933.0 -1114.0 -1125.0 -1010.0
-732.0 -978.0 -956.0 -1232.0 -799.0 -1245.0
-674.0 -991.0 -915.0 -1123.0 -1138.0 -960.0
-734.0 -1107.0 -990.0 -1151.0 -1134.0 -889.0
-800.0 -988.0 -996.0 -1275.0 -855.0 -1243.0
-726.0 -1063.0 -943.0 -1113.0 -1136.0 -922.0
-805.0 -931.0 -783.0 -1183.0 -799.0 -1246.0
-704.0 -998.0 -897.0 -1152.0 -1143.0 -879.0
-705.0 -939.0 -819.0 -1037.0 -1144.0 -842.0
-812.0 -875.0 -849.0 -1167.0 -797.0 -1248.0
-684.0 -860.0 -794.0 -1040.0 -1146.0 -862.0
-603.0 -892.0 -858.0 -1069.0 -1147.0 -835.0
-631.0 -920.0 -774.0 -1098.0 -1148.0 -799.0
-766.0 -866.0 -782.0 -1176.0 -732.0 -1257.0
-640.0 -912.0 -804.0 -1039.0 -1157.0 -774.0
-859.0 -1138.0 -1130.0 -1186.0 -1052.0 -1067.0
