-1737.0 -1731.0 -1895.0 -1689.0 -2126.0
-1725.0 -1663.0 -1947.0 -1783.0 -2088.0
-1760.0 -1667.0 -1929.0 -1787.0 -2076.0
-1659.0 -1708.0 -1878.0 -1719.0 -2166.0
-1726.0 -1652.0 -1933.0 -1778.0 -2132.0
-1744.0 -1719.0 -1927.0 -1701.0 -2110.0
-1767.0 -1718.0 -1911.0 -1714.0 -2026.0
-1737.0 -1643.0 -1938.0 -1730.0 -2134.0
-1777.0 -1655.0 -1996.0 -1747.0 -2038.0
-1703.0 -1757.0 -1855.0 -1690.0 -2155.0
-1660.0 -1693.0 -1900.0 -1770.0 -2144.0
-1716.0 -1616.0 -1941.0 -1809.0 -2086.0
-1730.0 -1666.0 -1918.0 -1747.0 -2141.0
-1769.0 -1725.0 -1904.0 -1731.0 -2004.0
-1660.0 -1684.0 -1889.0 -1723.0 -2162.0
-1751.0 -1745.0 -1923.0 -1695.0 -1996.0
-1737.0 -1740.0 -1906.0 -1736.0 -2108.0
-1745.0 -1744.0 -1860.0 -1741.0 -2109.0
-1759.0 -1626.0 -1811.0 -1755.0 -2170.0
-1730.0 -1752.0 -1874.0 -1724.0 -2124.0
-1677.0 -1658.0 -1817.0 -1678.0 -2209.0
-1653.0 -1705.0 -1868.0 -1758.0 -2160.0
-1754.0 -1702.0 -1815.0 -1760.0 -2164.0
-1673.0 -1589.0 -1977.0 -1790.0 -2090.0
-1726.0 -1744.0 -1827.0 -1683.0 -2169.0
-1703.0 -1665.0 -1961.0 -1785.0 -2118.0
-1750.0 -1563.0 -1976.0 -1773.0 -2114.0
-1753.0 -1739.0 -1846.0 -1717.0 -2138.0
-1797.0 -1699.0 -1927.0 -1721.0 -1927.0
-1714.0 -1773.0 -1856.0 -1673.0 -2155.0
-1667.0 -1672.0 -1921.0 -1735.0 -2146.0
-1735.0 -1639.0 -1978.0 -1764.0 -2111.0
-1762.0 -1726.0 -1891.0 -1703.0 -2117.0
-1665.0 -1690.0 -1933.0 -1806.0 -2143.0
-1793.0 -1663.0 -1947.0 -1775.0 -2050.0
-1655.0 -1700.0 -1941.0 -1687.0 -2149.0
-1693.0 -1774.0 -1812.0 -1623.0 -2174.0
-1754.0 -1705.0 -1823.0 -1644.0 -2173.0
-1779.0 -1703.0 -1976.0 -1762.0 -2009.0
-1821.0 -1672.0 -1912.0 -1749.0 -1885.0
-1727.0 -1707.0 -1796.0 -1726.0 -2195.0
-1720.0 -1774.0 -1802.0 -1693.0 -2119.0
-1719.0 -1673.0 -1912.0 -1813.0 -2130.0
-1705.0 -1724.0 -1923.0 -1701.0 -2159.0
-1772.0 -1744.0 -1877.0 -1727.0 -2068.0
-1674.0 -1724.0 -1770.0 -1633.0 -2206.0
-1726.0 -1567.0 -1976.0 -1824.0 -2020.0
-1757.0 -1745.0 -1852.0 -1708.0 -2111.0
-1710.0 -1679.0 -1999.0 -1751.0 -2082.0
-1715.0 -1630.0 -1837.0 -1773.0 -2175.0
-1709.0 -1574.0 -1824.0 -1823.0 -2175.0
-1789.0 -1703.0 -1961.0 -1729.0 -2023.0
-1638.0 -1695.0 -1914.0 -1772.0 -2174.0
-1762.0 -1634.0 -1997.0 -1798.0 -2080.0
-1721.0 -1651.0 -1783.0 -1776.0 -2195.0
-1704.0 -1598.0 -2008.0 -1791.0 -2021.0
-1715.0 -1742.0 -1920.0 -1738.0 -2138.0
-1648.0 -1622.0 -1879.0 -1745.0 -2178.0
-1595.0 -1598.0 -1821.0 -1798.0 -2194.0
-1626.0 -1710.0 -1849.0 -1724.0 -2191.0
-1703.0 -1660.0 -1887.0 -1684.0 -2181.0
-1728.0 -1754.0 -1954.0 -1677.0 -2039.0
-1770.0 -1746.0 -1957.0 -1680.0 -1983.0
-1815.0 -1671.0 -1966.0 -1729.0 -1921.0
-1655.0 -1601.0 -1900.0 -1710.0 -2180.0
-1714.0 -1676.0 -1888.0 -1667.0 -2181.0
-1763.0 -1758.0 -1925.0 -1668.0 -1999.0
-1742.0 -1631.0 -1794.0 -1735.0 -2198.0
-1741.0 -1677.0 -1845.0 -1629.0 -2204.0
-1724.0 -1590.0 -1716.0 -1737.0 -2215.0
-1710.0 -1559.0 -2025.0 -1796.0 -2008.0
-1665.0 -1684.0 -1764.0 -1659.0 -2217.0
-1677.0 -1653.0 -1660.0 -1658.0 -2220.0
-1742.0 -1737.0 -1939.0 -1772.0 -2107.0
-1733.0 -1526.0 -2030.0 -1796.0 -1994.0
-1698.0 -1655.0 -1791.0 -1846.0 -2149.0
-1677.0 -1655.0 -1809.0 -1794.0 -2200.0
-1682.0 -1579.0 -1805.0 -1789.0 -2206.0
-1733.0 -1780.0 -1920.0 -1690.0 -2081.0
-1753.0 -1648.0 -2045.0 -1739.0 -2011.0
-1750.0 -1785.0 -1820.0 -1571.0 -1968.0
-1752.0 -1771.0 -1857.0 -1662.0 -2042.0
-1753.0 -1780.0 -1853.0 -1637.0 -1994.0
-1732.0 -1759.0 -1867.0 -1741.0 -2102.0
-1739.0 -1781.0 -1866.0 -1710.0 -2045.0
-1681.0 -1587.0 -1746.0 -1675.0 -2234.0
-1719.0 -1768.0 -1867.0 -1728.0 -2114.0
-1697.0 -1595.0 -1697.0 -1703.0 -2246.0
-1665.0 -1782.0 -1827.0 -1711.0 -2180.0
-1609.0 -1748.0 -1785.0 -1692.0 -2208.0
-1664.0 -1727.0 -1807.0 -1669.0 -2214.0
-1689.0 -1716.0 -1972.0 -1673.0 -2147.0
-1704.0 -1640.0 -1970.0 -1682.0 -2150.0
-1610.0 -1522.0 -1819.0 -1807.0 -2197.0
-1686.0 -1795.0 -1791.0 -1658.0 -2172.0
-1697.0 -1503.0 -1803.0 -1798.0 -2209.0
-1739.0 -1487.0 -2047.0 -1801.0 -1981.0
-1791.0 -1730.0 -1876.0 -1730.0 -1940.0
-1778.0 -1745.0 -1823.0 -1747.0 -2032.0
-1776.0 -1747.0 -1903.0 -1700.0 -1947.0
-1769.0 -1759.0 -1871.0 -1688.0 -1963.0
-1766.0 -1765.0 -1846.0 -1637.0 -2001.0
-1664.0 -1625.0 -1682.0 -1643.0 -2251.0
-1756.0 -1786.0 -1766.0 -1591.0 -1932.0
-1740.0 -1789.0 -1853.0 -1624.0 -2006.0
-1704.0 -1574.0 -1718.0 -1668.0 -2248.0
-1650.0 -1660.0 -1790.0 -1760.0 -2231.0
-1665.0 -1584.0 -1788.0 -1769.0 -2234.0
-1665.0 -1582.0 -1639.0 -1633.0 -2254.0
-1625.0 -1553.0 -1704.0 -1656.0 -2262.0
-1721.0 -1795.0 -1855.0 -1642.0 -2098.0
-1656.0 -1490.0 -1717.0 -1705.0 -2250.0
-1614.0 -1534.0 -1711.0 -1643.0 -2265.0
