-1005.0 -964.0 -1121.0 -1143.0 -1080.0 -993.0
-966.0 -903.0 -1042.0 -1153.0 -1167.0 -1044.0
-1005.0 -977.0 -1131.0 -1105.0 -1094.0 -1008.0
-984.0 -984.0 -1124.0 -1156.0 -1092.0 -964.0
-1026.0 -957.0 -1128.0 -1092.0 -1082.0 -1037.0
-991.0 -949.0 -1027.0 -1116.0 -1132.0 -1099.0
-981.0 -964.0 -1196.0 -1052.0 -1002.0 -930.0
-972.0 -938.0 -954.0 -1139.0 -1170.0 -1103.0
-931.0 -945.0 -1015.0 -1076.0 -1165.0 -1125.0
-1020.0 -928.0 -1093.0 -1133.0 -1149.0 -1058.0
-1046.0 -957.0 -1060.0 -1206.0 -1085.0 -971.0
