-1997.0 -1774.0 -2049.0 -1662.0 -2048.0
-1972.0 -1726.0 -1947.0 -1704.0 -2098.0
-2038.0 -1703.0 -2082.0 -1646.0 -2061.0
-2008.0 -1768.0 -2024.0 -1687.0 -2059.0
-2050.0 -1736.0 -2112.0 -1562.0 -2031.0
-2006.0 -1659.0 -1905.0 -1699.0 -2107.0
-1945.0 -1722.0 -1881.0 -1733.0 -2081.0
-1993.0 -1792.0 -2091.0 -1632.0 -2028.0
-2101.0 -1587.0 -2118.0 -1684.0 -2036.0
-1963.0 -1670.0 -1869.0 -1748.0 -2073.0
-2047.0 -1673.0 -2130.0 -1655.0 -2008.0
-2036.0 -1770.0 -2082.0 -1577.0 -2059.0
-2069.0 -1634.0 -2015.0 -1703.0 -2090.0
-1996.0 -1802.0 -2040.0 -1613.0 -2089.0
-2092.0 -1617.0 -2070.0 -1675.0 -2089.0
-2090.0 -1684.0 -2070.0 -1606.0 -2087.0
-2046.0 -1677.0 -2122.0 -1608.0 -2077.0
-1960.0 -1663.0 -1839.0 -1718.0 -2130.0
-2105.0 -1569.0 -2076.0 -1714.0 -2056.0
-1987.0 -1692.0 -1813.0 -1644.0 -2183.0
