-881.0 -895.0 -1131.0 -1171.0 -1130.0 -923.0
-943.0 -953.0 -1130.0 -1157.0 -1081.0 -976.0
-954.0 -826.0 -1050.0 -1210.0 -1084.0 -1007.0
-1005.0 -964.0 -1121.0 -1143.0 -1080.0 -993.0
-972.0 -943.0 -1067.0 -1207.0 -1137.0 -949.0
-973.0 -930.0 -1142.0 -1167.0 -1064.0 -892.0
-967.0 -901.0 -1107.0 -1208.0 -1131.0 -913.0
-967.0 -988.0 -1048.0 -1240.0 -1051.0 -917.0
-926.0 -870.0 -1113.0 -1209.0 -1120.0 -925.0
-954.0 -942.0 -1125.0 -1039.0 -1143.0 -1072.0
-976.0 -913.0 -1121.0 -1214.0 -1117.0 -915.0
-986.0 -966.0 -1058.0 -1128.0 -1132.0 -1012.0
-925.0 -910.0 -1103.0 -1090.0 -1162.0 -1066.0
-985.0 -965.0 -1070.0 -1228.0 -1025.0 -868.0
-977.0 -963.0 -1079.0 -1152.0 -1117.0 -1062.0
-978.0 -978.0 -979.0 -1193.0 -1140.0 -1008.0
-969.0 -906.0 -1099.0 -1061.0 -1153.0 -1063.0
-983.0 -948.0 -1162.0 -1077.0 -1089.0 -1002.0
-966.0 -903.0 -1042.0 -1153.0 -1167.0 -1044.0
-1005.0 -977.0 -1131.0 -1105.0 -1094.0 -1008.0
-984.0 -984.0 -1124.0 -1156.0 -1092.0 -964.0
-1026.0 -957.0 -1128.0 -1092.0 -1082.0 -1037.0
-936.0 -932.0 -1085.0 -1153.0 -1106.0 -1074.0
-919.0 -927.0 -1143.0 -1214.0 -1065.0 -929.0
-931.0 -912.0 -1073.0 -1208.0 -1126.0 -961.0
-869.0 -933.0 -1135.0 -1226.0 -1048.0 -916.0
-1023.0 -942.0 -971.0 -1136.0 -1093.0 -1084.0
-991.0 -949.0 -1027.0 -1116.0 -1132.0 -1099.0
-881.0 -966.0 -1059.0 -1229.0 -1077.0 -991.0
-907.0 -991.0 -1074.0 -1072.0 -1095.0 -1125.0
-952.0 -989.0 -1064.0 -1221.0 -1062.0 -1010.0
-931.0 -1009.0 -1067.0 -1234.0 -1074.0 -981.0
-939.0 -1023.0 -1042.0 -1242.0 -977.0 -933.0
-972.0 -938.0 -954.0 -1139.0 -1170.0 -1103.0
-931.0 -945.0 -1015.0 -1076.0 -1165.0 -1125.0
-890.0 -926.0 -1144.0 -1232.0 -1063.0 -831.0
-912.0 -998.0 -994.0 -1257.0 -1112.0 -985.0
-910.0 -965.0 -1018.0 -1089.0 -1177.0 -1096.0
-935.0 -931.0 -1052.0 -1062.0 -1181.0 -1076.0
-860.0 -925.0 -1168.0 -1087.0 -1081.0 -1078.0
-906.0 -900.0 -929.0 -993.0 -1143.0 -1149.0
-935.0 -938.0 -1130.0 -1240.0 -1027.0 -901.0
-1020.0 -928.0 -1093.0 -1133.0 -1149.0 -1058.0
-904.0 -930.0 -1106.0 -1103.0 -1174.0 -1037.0
-944.0 -921.0 -1176.0 -1067.0 -1124.0 -1062.0
-957.0 -967.0 -1099.0 -1268.0 -1032.0 -907.0
-1016.0 -989.0 -995.0 -1150.0 -980.0 -955.0
-906.0 -963.0 -1082.0 -1271.0 -1109.0 -926.0
-1046.0 -957.0 -1060.0 -1206.0 -1085.0 -971.0
-950.0 -956.0 -1088.0 -1053.0 -1127.0 -1121.0
-1054.0 -950.0 -1079.0 -1135.0 -968.0 -893.0
-929.0 -814.0 -906.0 -995.0 -1101.0 -1195.0
