-1761.0 -1661.0 -1914.0 -1795.0 -2105.0
-1726.0 -1652.0 -1933.0 -1778.0 -2132.0
-1777.0 -1655.0 -1996.0 -1747.0 -2038.0
-1709.0 -1671.0 -1792.0 -1829.0 -2149.0
-1738.0 -1597.0 -1887.0 -1836.0 -2128.0
-1684.0 -1614.0 -1908.0 -1829.0 -2141.0
-1665.0 -1690.0 -1933.0 -1806.0 -2143.0
-1779.0 -1703.0 -1976.0 -1762.0 -2009.0
-1722.0 -1692.0 -1901.0 -1808.0 -2101.0
-1719.0 -1673.0 -1912.0 -1813.0 -2130.0
-1776.0 -1675.0 -1880.0 -1815.0 -2088.0
-1758.0 -1695.0 -2015.0 -1694.0 -1971.0
-1709.0 -1574.0 -1824.0 -1823.0 -2175.0
-1770.0 -1746.0 -1957.0 -1680.0 -1983.0
-1742.0 -1737.0 -1939.0 -1772.0 -2107.0
-1698.0 -1655.0 -1791.0 -1846.0 -2149.0
-1699.0 -1628.0 -1874.0 -1849.0 -2124.0
-1670.0 -1599.0 -1814.0 -1842.0 -2160.0
-1669.0 -1599.0 -1784.0 -1876.0 -2131.0
