-1914.0 -1670.0 -2064.0 -1862.0 -1754.0
-1931.0 -1643.0 -2138.0 -1796.0 -1763.0
-1943.0 -1709.0 -2076.0 -1822.0 -1704.0
-1923.0 -1552.0 -2146.0 -1839.0 -1815.0
-1933.0 -1588.0 -2061.0 -1910.0 -1751.0
-1966.0 -1638.0 -2149.0 -1735.0 -1787.0
-1863.0 -1671.0 -2035.0 -1892.0 -1774.0
-1906.0 -1756.0 -2120.0 -1790.0 -1574.0
-1942.0 -1604.0 -2157.0 -1785.0 -1820.0
-2021.0 -1678.0 -2068.0 -1803.0 -1694.0
-1980.0 -1581.0 -2062.0 -1781.0 -1838.0
-1798.0 -1565.0 -2007.0 -1920.0 -1789.0
-1967.0 -1743.0 -2068.0 -1772.0 -1671.0
-1882.0 -1547.0 -2137.0 -1869.0 -1833.0
