-337.0 -318.0 -305.0 -236.0 -409.0
-573.0 -100.0 -126.0 -686.0 -378.0
-568.0 -224.0 -242.0 -467.0 -357.0
-164.0 -140.0 -298.0 -540.0 -622.0
-557.0 -54.0 -98.0 -739.0 -416.0
-579.0 -158.0 -45.0 -666.0 -309.0
-268.0 -380.0 -135.0 -443.0 -477.0
-489.0 -244.0 -297.0 -442.0 -318.0
-539.0 -256.0 -76.0 -553.0 -369.0
-491.0 -326.0 -210.0 -390.0 -374.0
-318.0 -392.0 -98.0 -484.0 -392.0
-512.0 -215.0 -174.0 -606.0 -284.0
-576.0 -378.0 6.0 -557.0 -111.0
-424.0 -209.0 -30.0 -695.0 -402.0
-228.0 -41.0 -255.0 -557.0 -555.0
-474.0 -446.0 -156.0 -588.0 -302.0
-517.0 -186.0 -188.0 -563.0 -386.0
-648.0 -237.0 -38.0 -676.0 -202.0
-622.0 -206.0 -151.0 -476.0 -388.0
-404.0 -214.0 -334.0 -468.0 -384.0
-513.0 -194.0 -87.0 -685.0 -337.0
-584.0 -208.0 -228.0 -459.0 -428.0
-587.0 -374.0 -122.0 -529.0 -223.0
-412.0 -252.0 -196.0 -487.0 -393.0
-629.0 -252.0 -142.0 -598.0 -115.0
-478.0 -123.0 -272.0 -543.0 -409.0
-556.0 -228.0 -137.0 -638.0 -178.0
-516.0 -190.0 -85.0 -689.0 -222.0
-566.0 -288.0 15.0 -557.0 -393.0
-350.0 -428.0 -182.0 -405.0 -383.0
-255.0 -455.0 -64.0 -483.0 -326.0
-523.0 -279.0 -146.0 -491.0 -416.0
-405.0 -74.0 -344.0 -341.0 -476.0
-466.0 -191.0 -130.0 -671.0 -297.0
-574.0 -83.0 -118.0 -537.0 -453.0
-92.0 -161.0 -309.0 -326.0 -546.0
-613.0 -206.0 -114.0 -651.0 -153.0
-491.0 -219.0 -271.0 -434.0 -434.0
-572.0 -121.0 -213.0 -607.0 -325.0
-588.0 -285.0 -158.0 -599.0 -266.0
-606.0 -146.0 -67.0 -672.0 -188.0
-338.0 -189.0 -315.0 -340.0 -493.0
-598.0 -238.0 -148.0 -562.0 -277.0
-465.0 -336.0 -166.0 -561.0 -314.0
-449.0 -7.0 -284.0 -377.0 -519.0
-226.0 -465.0 -126.0 -348.0 -420.0
-245.0 -317.0 -268.0 -311.0 -492.0
-471.0 -63.0 -225.0 -564.0 -444.0
-66.0 -272.0 -188.0 -343.0 -593.0
-406.0 -278.0 -333.0 -255.0 -406.0
-428.0 -236.0 -182.0 -479.0 -464.0
-371.0 -479.0 91.0 -298.0 -115.0
-392.0 -355.0 -227.0 -400.0 -360.0
-40.0 -275.0 -284.0 -164.0 -586.0
-605.0 -144.0 10.0 -649.0 -292.0
-509.0 -181.0 -127.0 -616.0 -361.0
-458.0 -117.0 -274.0 -404.0 -507.0
-534.0 -346.0 -21.0 -627.0 -166.0
-214.0 -306.0 -328.0 -263.0 -441.0
-367.0 -318.0 -96.0 -440.0 -522.0
-539.0 -180.0 -32.0 -668.0 -320.0
-326.0 -280.0 -255.0 -501.0 -473.0
-523.0 -134.0 -4.0 -721.0 -358.0
-413.0 -282.0 -181.0 -473.0 -477.0
-520.0 -337.0 -85.0 -565.0 -377.0
-344.0 -156.0 -300.0 -353.0 -504.0
-516.0 -338.0 -217.0 -305.0 -397.0
-469.0 -223.0 -215.0 -575.0 -321.0
-550.0 -392.0 -49.0 -574.0 -128.0
-493.0 -199.0 -158.0 -554.0 -405.0
-497.0 -239.0 -294.0 -451.0 -313.0
-545.0 -153.0 -123.0 -648.0 -318.0
-394.0 -376.0 -176.0 -524.0 -303.0
-360.0 -351.0 -118.0 -530.0 -394.0
-558.0 -146.0 -125.0 -680.0 -391.0
-481.0 -382.0 -194.0 -508.0 -276.0
-598.0 -161.0 -105.0 -564.0 -425.0
-510.0 -257.0 -173.0 -559.0 -356.0
-598.0 -223.0 -147.0 -519.0 -316.0
-366.0 -369.0 -282.0 -417.0 -377.0
-625.0 -343.0 8.0 -621.0 -141.0
-370.0 -207.0 -317.0 -508.0 -430.0
-529.0 -316.0 -159.0 -517.0 -348.0
-131.0 -344.0 -290.0 -277.0 -480.0
-520.0 -42.0 -184.0 -612.0 -418.0
-436.0 -192.0 -225.0 -619.0 -338.0
-264.0 -101.0 -296.0 -443.0 -525.0
-459.0 -240.0 -341.0 -290.0 -407.0
-664.0 -283.0 -66.0 -623.0 -164.0
-513.0 -270.0 -131.0 -570.0 -386.0
-568.0 -162.0 -200.0 -512.0 -466.0
-443.0 -205.0 -319.0 -540.0 -432.0
-555.0 -73.0 -108.0 -637.0 -467.0
-491.0 -218.0 -168.0 -452.0 -456.0
-369.0 -269.0 -330.0 -51.0 -459.0
-264.0 -320.0 -303.0 -204.0 -407.0
-349.0 -343.0 -122.0 -633.0 -458.0
-633.0 -246.0 -114.0 -560.0 -235.0
-372.0 -205.0 -370.0 -481.0 -427.0
-355.0 -415.0 -233.0 -328.0 -475.0
-414.0 -219.0 -317.0 -293.0 -445.0
-475.0 -214.0 -283.0 -527.0 -389.0
-546.0 -155.0 -289.0 -457.0 -386.0
-483.0 -195.0 -182.0 -633.0 -378.0
