-565.0 -560.0 -385.0 -507.0 -337.0
-223.0 -354.0 -570.0 -603.0 -604.0
-533.0 -489.0 -528.0 -475.0 -581.0
-339.0 -645.0 -596.0 -381.0 -495.0
-397.0 -719.0 -345.0 -452.0 -605.0
-486.0 -510.0 -454.0 -611.0 -579.0
-568.0 -453.0 -570.0 -456.0 -347.0
-512.0 -611.0 -470.0 -454.0 -447.0
-216.0 -588.0 -667.0 -329.0 -495.0
-315.0 -679.0 -586.0 -448.0 -418.0
-438.0 -605.0 -389.0 -612.0 -618.0
-397.0 -317.0 -582.0 -508.0 -612.0
-449.0 -637.0 -542.0 -481.0 -464.0
-464.0 -535.0 -401.0 -704.0 -532.0
-539.0 -619.0 -336.0 -479.0 -593.0
-529.0 -447.0 -541.0 -530.0 -613.0
-240.0 -717.0 -589.0 -386.0 -383.0
-394.0 -611.0 -579.0 -439.0 -507.0
-579.0 -488.0 -443.0 -614.0 -537.0
-329.0 -688.0 -346.0 -532.0 -676.0
-235.0 -655.0 -596.0 -375.0 -570.0
-288.0 -723.0 -551.0 -479.0 -575.0
-378.0 -609.0 -486.0 -518.0 -643.0
-594.0 -515.0 -436.0 -452.0 -373.0
-654.0 -395.0 -378.0 -375.0 -547.0
-627.0 -327.0 -557.0 -527.0 -322.0
-569.0 -696.0 -370.0 -274.0 -379.0
-525.0 -451.0 -590.0 -579.0 -434.0
-329.0 -477.0 -658.0 -491.0 -510.0
-567.0 -593.0 -333.0 -418.0 -470.0
-549.0 -414.0 -530.0 -508.0 -576.0
-601.0 -432.0 -376.0 -456.0 -483.0
-489.0 -586.0 -582.0 -433.0 -503.0
-247.0 -648.0 -646.0 -344.0 -301.0
-143.0 -685.0 -556.0 -481.0 -532.0
-622.0 -386.0 -476.0 -298.0 -401.0
-368.0 -306.0 -703.0 -336.0 -312.0
-158.0 -294.0 -706.0 -365.0 -317.0
-470.0 -417.0 -594.0 -570.0 -519.0
-502.0 -365.0 -573.0 -538.0 -512.0
-394.0 -326.0 -697.0 -396.0 -384.0
-469.0 -604.0 -531.0 -459.0 -427.0
-488.0 -490.0 -589.0 -340.0 -403.0
-451.0 -635.0 -313.0 -528.0 -710.0
-421.0 -532.0 -632.0 -267.0 -488.0
-415.0 -684.0 -543.0 -497.0 -535.0
-383.0 -622.0 -612.0 -344.0 -296.0
-476.0 -328.0 -563.0 -588.0 -529.0
-598.0 -466.0 -322.0 -383.0 -487.0
-480.0 -638.0 -488.0 -551.0 -569.0
-572.0 -393.0 -465.0 -606.0 -478.0
-503.0 -545.0 -541.0 -372.0 -430.0
-344.0 -441.0 -610.0 -511.0 -593.0
-380.0 -661.0 -437.0 -528.0 -715.0
-530.0 -570.0 -373.0 -632.0 -499.0
-499.0 -544.0 -579.0 -416.0 -248.0
-363.0 -614.0 -451.0 -572.0 -655.0
-547.0 -573.0 -561.0 -425.0 -329.0
-452.0 -369.0 -644.0 -478.0 -390.0
-525.0 -384.0 -538.0 -575.0 -581.0
-246.0 -703.0 -481.0 -495.0 -669.0
-411.0 -438.0 -578.0 -644.0 -467.0
-554.0 -593.0 -383.0 -374.0 -371.0
-418.0 -705.0 -519.0 -355.0 -533.0
-374.0 -609.0 -638.0 -362.0 -261.0
-227.0 -535.0 -669.0 -403.0 -399.0
-571.0 -464.0 -559.0 -481.0 -511.0
-202.0 -531.0 -363.0 -582.0 -692.0
-478.0 -490.0 -345.0 -626.0 -598.0
-510.0 -548.0 -491.0 -565.0 -385.0
-652.0 -371.0 -505.0 -411.0 -533.0
-520.0 -726.0 -280.0 -377.0 -269.0
-459.0 -626.0 -558.0 -345.0 -468.0
-347.0 -653.0 -603.0 -393.0 -418.0
-541.0 -556.0 -453.0 -395.0 -576.0
-470.0 -590.0 -583.0 -510.0 -291.0
-532.0 -566.0 -400.0 -624.0 -461.0
-477.0 -642.0 -361.0 -612.0 -578.0
-602.0 -482.0 -340.0 -447.0 -422.0
-332.0 -500.0 -667.0 -480.0 -458.0
-495.0 -471.0 -511.0 -608.0 -601.0
-467.0 -540.0 -611.0 -506.0 -488.0
-471.0 -606.0 -350.0 -596.0 -644.0
-408.0 -542.0 -577.0 -584.0 -529.0
-540.0 -451.0 -316.0 -642.0 -522.0
-508.0 -541.0 -549.0 -442.0 -336.0
-553.0 -588.0 -207.0 -369.0 -560.0
-349.0 -571.0 -613.0 -499.0 -531.0
-615.0 -547.0 -231.0 -363.0 -295.0
-609.0 -197.0 -416.0 -440.0 -641.0
-577.0 -583.0 -313.0 -471.0 -307.0
-483.0 -259.0 -707.0 -426.0 -470.0
-401.0 -442.0 -665.0 -388.0 -484.0
-547.0 -282.0 -596.0 -486.0 -376.0
-482.0 -660.0 -540.0 -303.0 -398.0
-274.0 -644.0 -387.0 -607.0 -644.0
-418.0 -589.0 -561.0 -598.0 -346.0
-144.0 -732.0 -539.0 -409.0 -402.0
-426.0 -697.0 -525.0 -576.0 -556.0
-548.0 -389.0 -587.0 -547.0 -501.0
-498.0 -675.0 -296.0 -525.0 -592.0
-377.0 -573.0 -600.0 -439.0 -538.0
-389.0 -579.0 -483.0 -555.0 -607.0
-507.0 -672.0 -496.0 -398.0 -537.0
-558.0 -614.0 -160.0 -384.0 -484.0
-322.0 -597.0 -586.0 -548.0 -465.0
-379.0 -365.0 -683.0 -354.0 -511.0
-540.0 -578.0 -407.0 -459.0 -422.0
-512.0 -536.0 -498.0 -476.0 -492.0
-495.0 -461.0 -575.0 -527.0 -580.0
-446.0 -533.0 -627.0 -476.0 -486.0
-559.0 -486.0 -492.0 -464.0 -595.0
-554.0 -196.0 -610.0 -368.0 -443.0
-520.0 -699.0 -417.0 -372.0 -427.0
-410.0 -689.0 -536.0 -399.0 -276.0
-544.0 -320.0 -603.0 -470.0 -396.0
-487.0 -641.0 -390.0 -509.0 -702.0
-461.0 -484.0 -603.0 -478.0 -582.0
-637.0 -363.0 -496.0 -464.0 -522.0
-549.0 -413.0 -410.0 -575.0 -578.0
-517.0 -614.0 -482.0 -247.0 -439.0
-280.0 -689.0 -447.0 -498.0 -702.0
-505.0 -331.0 -638.0 -391.0 -399.0
-558.0 -583.0 -394.0 -312.0 -396.0
-497.0 -671.0 -401.0 -576.0 -551.0
-306.0 -432.0 -686.0 -470.0 -550.0
-475.0 -699.0 -514.0 -495.0 -659.0
-463.0 -516.0 -534.0 -507.0 -556.0
-526.0 -540.0 -484.0 -376.0 -514.0
-323.0 -597.0 -602.0 -379.0 -475.0
-447.0 -487.0 -348.0 -557.0 -702.0
-239.0 -389.0 -630.0 -543.0 -572.0
-406.0 -429.0 -645.0 -367.0 -480.0
-229.0 -707.0 -603.0 -414.0 -308.0
-474.0 -333.0 -616.0 -477.0 -588.0
-351.0 -425.0 -613.0 -630.0 -566.0
-530.0 -651.0 -433.0 -408.0 -338.0
-472.0 -456.0 -526.0 -555.0 -660.0
-549.0 -632.0 -428.0 -384.0 -362.0
-462.0 -314.0 -574.0 -601.0 -555.0
-367.0 -655.0 -544.0 -470.0 -664.0
-394.0 -411.0 -614.0 -473.0 -583.0
-232.0 -595.0 -321.0 -653.0 -620.0
-588.0 -574.0 -422.0 -431.0 -325.0
-538.0 -607.0 -387.0 -489.0 -404.0
-405.0 -339.0 -680.0 -342.0 -430.0
-519.0 -614.0 -481.0 -392.0 -336.0
-368.0 -496.0 -559.0 -649.0 -639.0
-497.0 -464.0 -628.0 -394.0 -436.0
-390.0 -723.0 -564.0 -306.0 -470.0
-430.0 -325.0 -679.0 -337.0 -464.0
-326.0 -564.0 -535.0 -653.0 -536.0
-564.0 -336.0 -548.0 -559.0 -565.0
-426.0 -649.0 -569.0 -367.0 -566.0
-508.0 -476.0 -592.0 -525.0 -492.0
-341.0 -547.0 -624.0 -428.0 -564.0
-415.0 -693.0 -359.0 -645.0 -558.0
-563.0 -492.0 -574.0 -447.0 -509.0
-587.0 -392.0 -494.0 -482.0 -602.0
-532.0 -327.0 -553.0 -501.0 -665.0
-524.0 -627.0 -436.0 -545.0 -394.0
-510.0 -585.0 -429.0 -376.0 -571.0
-432.0 -477.0 -620.0 -515.0 -453.0
-577.0 -379.0 -591.0 -458.0 -339.0
-477.0 -661.0 -532.0 -402.0 -403.0
-465.0 -458.0 -529.0 -555.0 -652.0
-363.0 -582.0 -519.0 -566.0 -593.0
-420.0 -712.0 -268.0 -594.0 -478.0
-566.0 -579.0 -387.0 -430.0 -275.0
-572.0 -533.0 -466.0 -518.0 -438.0
-544.0 -495.0 -361.0 -455.0 -596.0
-561.0 -579.0 -340.0 -415.0 -556.0
-556.0 -590.0 -287.0 -420.0 -470.0
-452.0 -509.0 -645.0 -390.0 -350.0
-555.0 -573.0 -442.0 -405.0 -410.0
-494.0 -332.0 -637.0 -354.0 -512.0
-616.0 -532.0 -310.0 -357.0 -390.0
-409.0 -355.0 -698.0 -406.0 -365.0
-571.0 -372.0 -507.0 -552.0 -534.0
-254.0 -628.0 -626.0 -485.0 -513.0
-561.0 -523.0 -305.0 -514.0 -465.0
-424.0 -493.0 -548.0 -498.0 -557.0
-288.0 -733.0 -487.0 -560.0 -596.0
-152.0 -611.0 -647.0 -430.0 -414.0
-324.0 -524.0 -525.0 -645.0 -595.0
-515.0 -531.0 -464.0 -514.0 -482.0
-421.0 -464.0 -638.0 -436.0 -432.0
-540.0 -510.0 -495.0 -415.0 -369.0
-536.0 -175.0 -560.0 -537.0 -547.0
-394.0 -557.0 -533.0 -487.0 -580.0
-491.0 -451.0 -639.0 -437.0 -313.0
-533.0 -119.0 -661.0 -479.0 -533.0
-409.0 -578.0 -623.0 -348.0 -493.0
-603.0 -527.0 -227.0 -343.0 -476.0
-493.0 -495.0 -503.0 -552.0 -607.0
-509.0 -591.0 -470.0 -508.0 -551.0
-454.0 -688.0 -548.0 -478.0 -391.0
-457.0 -469.0 -527.0 -541.0 -633.0
-607.0 -359.0 -483.0 -460.0 -565.0
-586.0 -637.0 -334.0 -396.0 -247.0
-431.0 -481.0 -557.0 -506.0 -654.0
-344.0 -370.0 -687.0 -380.0 -430.0
-542.0 -671.0 -324.0 -421.0 -398.0
-445.0 -661.0 -554.0 -324.0 -376.0
-280.0 -569.0 -504.0 -525.0 -653.0
-353.0 -383.0 -589.0 -634.0 -504.0
-445.0 -591.0 -373.0 -570.0 -650.0
-502.0 -576.0 -385.0 -572.0 -607.0
-605.0 -666.0 -288.0 -353.0 -272.0
-217.0 -662.0 -528.0 -497.0 -650.0
-404.0 -526.0 -559.0 -520.0 -594.0
-573.0 -561.0 -330.0 -422.0 -452.0
-520.0 -611.0 -418.0 -481.0 -459.0
-407.0 -530.0 -496.0 -543.0 -613.0
-387.0 -614.0 -615.0 -424.0 -421.0
-475.0 -376.0 -585.0 -524.0 -526.0
-552.0 -394.0 -576.0 -459.0 -514.0
-532.0 -522.0 -539.0 -471.0 -546.0
-580.0 -552.0 -259.0 -471.0 -490.0
-414.0 -468.0 -661.0 -522.0 -275.0
-604.0 -525.0 -393.0 -345.0 -353.0
-485.0 -360.0 -558.0 -622.0 -590.0
-671.0 -191.0 -281.0 -337.0 -435.0
-532.0 -722.0 -386.0 -490.0 -505.0
-379.0 -549.0 -608.0 -495.0 -532.0
-625.0 -356.0 -579.0 -452.0 -485.0
-536.0 -535.0 -519.0 -473.0 -378.0
-483.0 -607.0 -507.0 -453.0 -457.0
-456.0 -396.0 -564.0 -519.0 -591.0
-544.0 -601.0 -485.0 -457.0 -259.0
-623.0 -129.0 -485.0 -525.0 -574.0
-340.0 -512.0 -636.0 -495.0 -572.0
-522.0 -565.0 -459.0 -586.0 -553.0
-444.0 -363.0 -637.0 -483.0 -418.0
-460.0 -666.0 -539.0 -483.0 -522.0
-421.0 -406.0 -261.0 -574.0 -708.0
-493.0 -655.0 -383.0 -512.0 -616.0
-533.0 -463.0 -559.0 -594.0 -548.0
-220.0 -642.0 -587.0 -534.0 -531.0
-534.0 -311.0 -543.0 -608.0 -568.0
-251.0 -588.0 -666.0 -342.0 -496.0
-521.0 -560.0 -488.0 -423.0 -503.0
-499.0 -477.0 -579.0 -459.0 -378.0
-378.0 -532.0 -671.0 -419.0 -367.0
-540.0 -406.0 -557.0 -406.0 -587.0
-517.0 -656.0 -396.0 -501.0 -409.0
-291.0 -684.0 -567.0 -429.0 -444.0
-487.0 -307.0 -528.0 -573.0 -658.0
-506.0 -336.0 -482.0 -530.0 -683.0
-246.0 -464.0 -643.0 -450.0 -570.0
-354.0 -716.0 -558.0 -448.0 -378.0
-586.0 -391.0 -571.0 -614.0 -469.0
-546.0 -521.0 -344.0 -546.0 -527.0
-624.0 -510.0 -171.0 -343.0 -475.0
-202.0 -525.0 -631.0 -478.0 -517.0
-241.0 -487.0 -672.0 -387.0 -483.0
-540.0 -639.0 -316.0 -506.0 -442.0
-548.0 -591.0 -495.0 -370.0 -301.0
-639.0 -292.0 -391.0 -475.0 -539.0
-626.0 -388.0 -437.0 -417.0 -590.0
-443.0 -461.0 -559.0 -601.0 -676.0
-538.0 -655.0 -306.0 -357.0 -463.0
-571.0 -609.0 -351.0 -482.0 -405.0
-539.0 -387.0 -556.0 -579.0 -559.0
-565.0 -352.0 -588.0 -559.0 -295.0
-580.0 -663.0 -372.0 -407.0 -345.0
-565.0 -678.0 -372.0 -320.0 -455.0
-295.0 -615.0 -647.0 -330.0 -412.0
-483.0 -423.0 -541.0 -596.0 -588.0
-586.0 -427.0 -351.0 -561.0 -436.0
-321.0 -476.0 -316.0 -546.0 -805.0
-596.0 -485.0 -329.0 -438.0 -416.0
-162.0 -672.0 -535.0 -483.0 -576.0
-582.0 -375.0 -553.0 -550.0 -534.0
-440.0 -326.0 -631.0 -558.0 -432.0
-513.0 -622.0 -372.0 -490.0 -579.0
-284.0 -717.0 -469.0 -496.0 -661.0
-393.0 -402.0 -673.0 -426.0 -443.0
-232.0 -528.0 -677.0 -450.0 -445.0
-371.0 -457.0 -584.0 -524.0 -616.0
-470.0 -582.0 -577.0 -395.0 -581.0
-585.0 -481.0 -405.0 -542.0 -455.0
-552.0 -688.0 -255.0 -535.0 -470.0
-467.0 -498.0 -539.0 -563.0 -593.0
-313.0 -442.0 -598.0 -551.0 -542.0
-510.0 -622.0 -437.0 -455.0 -437.0
-526.0 -363.0 -336.0 -622.0 -568.0
-373.0 -425.0 -635.0 -468.0 -530.0
-550.0 -575.0 -385.0 -420.0 -447.0
-590.0 -487.0 -354.0 -521.0 -376.0
-532.0 -309.0 -652.0 -554.0 -563.0
-528.0 -567.0 -456.0 -543.0 -589.0
-521.0 -635.0 -460.0 -401.0 -458.0
-73.0 -588.0 -611.0 -538.0 -496.0
-579.0 -404.0 -545.0 -560.0 -430.0
-531.0 -487.0 -551.0 -538.0 -554.0
-370.0 -550.0 -529.0 -598.0 -582.0
-583.0 -529.0 -420.0 -414.0 -405.0
-526.0 -619.0 -455.0 -395.0 -408.0
-613.0 -518.0 -180.0 -460.0 -399.0
-555.0 -574.0 -441.0 -432.0 -225.0
-239.0 -671.0 -614.0 -439.0 -505.0
-511.0 -550.0 -502.0 -322.0 -507.0
-570.0 -220.0 -593.0 -454.0 -443.0
-440.0 -600.0 -568.0 -458.0 -437.0
-394.0 -415.0 -671.0 -414.0 -435.0
-356.0 -428.0 -613.0 -414.0 -581.0
-428.0 -398.0 -700.0 -357.0 -327.0
-408.0 -543.0 -635.0 -415.0 -501.0
-433.0 -393.0 -678.0 -488.0 -510.0
-533.0 -634.0 -483.0 -324.0 -293.0
-584.0 -486.0 -441.0 -471.0 -239.0
-586.0 -528.0 -297.0 -353.0 -433.0
-537.0 -504.0 -526.0 -534.0 -228.0
-487.0 -524.0 -424.0 -555.0 -599.0
-560.0 -514.0 -269.0 -543.0 -495.0
-444.0 -558.0 -647.0 -388.0 -303.0
-495.0 -340.0 -602.0 -594.0 -406.0
-480.0 -206.0 -569.0 -500.0 -628.0
-547.0 -589.0 -375.0 -486.0 -431.0
-607.0 -358.0 -363.0 -527.0 -567.0
-566.0 -452.0 -451.0 -585.0 -430.0
-591.0 -408.0 -512.0 -546.0 -537.0
-264.0 -443.0 -690.0 -371.0 -311.0
-152.0 -573.0 -672.0 -341.0 -364.0
-398.0 -627.0 -597.0 -503.0 -442.0
-374.0 -617.0 -497.0 -570.0 -655.0
-626.0 -432.0 -227.0 -261.0 -371.0
-610.0 -438.0 -452.0 -355.0 -498.0
-385.0 -545.0 -564.0 -544.0 -570.0
-457.0 -421.0 -446.0 -484.0 -747.0
-430.0 -594.0 -540.0 -530.0 -502.0
-572.0 -241.0 -483.0 -513.0 -594.0
-454.0 -389.0 -625.0 -470.0 -523.0
-416.0 -524.0 -545.0 -460.0 -646.0
-350.0 -778.0 -532.0 -485.0 -640.0
-107.0 -693.0 -472.0 -613.0 -579.0
-567.0 -620.0 -316.0 -401.0 -404.0
-513.0 -650.0 -314.0 -518.0 -495.0
-519.0 -479.0 -341.0 -592.0 -614.0
-516.0 -233.0 -547.0 -587.0 -607.0
-322.0 -548.0 -517.0 -589.0 -601.0
-488.0 -674.0 -514.0 -481.0 -424.0
-288.0 -732.0 -367.0 -627.0 -598.0
-561.0 -700.0 -278.0 -378.0 -423.0
-514.0 -500.0 -465.0 -565.0 -626.0
-536.0 -559.0 -389.0 -441.0 -467.0
-488.0 -676.0 -297.0 -463.0 -581.0
-258.0 -605.0 -525.0 -594.0 -580.0
-398.0 -566.0 -626.0 -490.0 -375.0
-445.0 -518.0 -550.0 -518.0 -488.0
-460.0 -474.0 -626.0 -314.0 -451.0
-541.0 -613.0 -357.0 -572.0 -567.0
-503.0 -469.0 -582.0 -539.0 -503.0
-413.0 -654.0 -469.0 -570.0 -615.0
-437.0 -286.0 -671.0 -415.0 -415.0
-538.0 -304.0 -612.0 -437.0 -577.0
-216.0 -626.0 -642.0 -418.0 -545.0
-564.0 -574.0 -272.0 -503.0 -435.0
-505.0 -450.0 -613.0 -453.0 -431.0
-310.0 -601.0 -604.0 -436.0 -411.0
-559.0 -437.0 -556.0 -582.0 -467.0
-474.0 -530.0 -603.0 -508.0 -486.0
-583.0 -510.0 -374.0 -476.0 -487.0
-514.0 -490.0 -529.0 -484.0 -605.0
-67.0 -434.0 -691.0 -473.0 -286.0
-533.0 -405.0 -620.0 -460.0 -479.0
-371.0 -671.0 -562.0 -534.0 -599.0
-552.0 -559.0 -385.0 -438.0 -442.0
-450.0 -278.0 -669.0 -460.0 -246.0
-574.0 -518.0 -350.0 -345.0 -525.0
-640.0 -458.0 -90.0 -291.0 -343.0
-607.0 -378.0 -467.0 -351.0 -390.0
-548.0 -260.0 -623.0 -468.0 -591.0
-548.0 -516.0 -523.0 -392.0 -346.0
-350.0 -572.0 -594.0 -517.0 -567.0
-525.0 -556.0 -500.0 -512.0 -396.0
-628.0 -526.0 -189.0 -407.0 -410.0
-626.0 -312.0 -403.0 -493.0 -582.0
-381.0 -717.0 -445.0 -592.0 -488.0
-574.0 -498.0 -407.0 -427.0 -524.0
-483.0 -422.0 -421.0 -663.0 -590.0
-508.0 -631.0 -567.0 -378.0 -366.0
-445.0 -599.0 -576.0 -359.0 -432.0
-525.0 -651.0 -478.0 -465.0 -393.0
-344.0 -504.0 -625.0 -443.0 -560.0
-617.0 -401.0 -286.0 -318.0 -450.0
-605.0 -481.0 -217.0 -386.0 -450.0
-397.0 -587.0 -616.0 -365.0 -388.0
-379.0 -298.0 -718.0 -302.0 -364.0
-212.0 -598.0 -620.0 -420.0 -586.0
-425.0 -480.0 -658.0 -380.0 -393.0
-444.0 -349.0 -671.0 -271.0 -355.0
-522.0 -676.0 -393.0 -415.0 -519.0
-617.0 -264.0 -560.0 -579.0 -486.0
-496.0 -584.0 -407.0 -629.0 -466.0
-393.0 -273.0 -658.0 -483.0 -554.0
-283.0 -465.0 -569.0 -537.0 -579.0
-539.0 -655.0 -419.0 -459.0 -236.0
-510.0 -181.0 -664.0 -511.0 -466.0
-589.0 -530.0 -246.0 -472.0 -422.0
-348.0 -661.0 -376.0 -642.0 -619.0
-493.0 -538.0 -516.0 -559.0 -379.0
-409.0 -638.0 -451.0 -506.0 -680.0
-392.0 -592.0 -664.0 -501.0 -473.0
-559.0 -440.0 -445.0 -508.0 -606.0
-546.0 -448.0 -454.0 -528.0 -601.0
-324.0 -680.0 -546.0 -521.0 -457.0
-560.0 -606.0 -305.0 -484.0 -405.0
-465.0 -374.0 -621.0 -540.0 -550.0
-423.0 -562.0 -589.0 -458.0 -468.0
-572.0 -518.0 -381.0 -514.0 -482.0
-520.0 -583.0 -520.0 -372.0 -399.0
-192.0 -667.0 -465.0 -609.0 -649.0
-382.0 -574.0 -549.0 -625.0 -544.0
-558.0 -357.0 -438.0 -497.0 -661.0
-602.0 -553.0 -308.0 -326.0 -361.0
-434.0 -575.0 -571.0 -537.0 -489.0
-614.0 -402.0 -409.0 -379.0 -422.0
-487.0 -762.0 -328.0 -472.0 -569.0
-229.0 -460.0 -678.0 -299.0 -399.0
-642.0 -158.0 -439.0 -482.0 -599.0
-602.0 -342.0 -542.0 -528.0 -497.0
-326.0 -420.0 -694.0 -472.0 -427.0
-451.0 -588.0 -578.0 -422.0 -493.0
-281.0 -578.0 -622.0 -578.0 -538.0
-544.0 -480.0 -544.0 -536.0 -459.0
-563.0 -524.0 -532.0 -339.0 -357.0
-486.0 -424.0 -554.0 -660.0 -495.0
-161.0 -647.0 -579.0 -548.0 -548.0
-552.0 -489.0 -528.0 -449.0 -509.0
-658.0 -91.0 -509.0 -449.0 -525.0
-514.0 -605.0 -529.0 -367.0 -268.0
-552.0 -636.0 -321.0 -372.0 -462.0
-601.0 -414.0 -475.0 -509.0 -381.0
-507.0 -594.0 -523.0 -520.0 -412.0
-453.0 -653.0 -560.0 -545.0 -399.0
-333.0 -669.0 -578.0 -467.0 -631.0
-340.0 -537.0 -547.0 -545.0 -633.0
-567.0 -206.0 -529.0 -544.0 -546.0
-278.0 -690.0 -515.0 -597.0 -634.0
-307.0 -761.0 -321.0 -584.0 -623.0
-383.0 -557.0 -579.0 -502.0 -564.0
-506.0 -535.0 -511.0 -563.0 -553.0
-417.0 -609.0 -540.0 -394.0 -570.0
-573.0 -567.0 -295.0 -407.0 -372.0
-356.0 -700.0 -310.0 -522.0 -589.0
-564.0 -556.0 -390.0 -304.0 -462.0
-369.0 -557.0 -550.0 -581.0 -571.0
-536.0 -547.0 -505.0 -477.0 -394.0
-337.0 -433.0 -676.0 -551.0 -448.0
-404.0 -603.0 -615.0 -417.0 -306.0
-593.0 -594.0 -313.0 -389.0 -323.0
-345.0 -563.0 -569.0 -544.0 -550.0
-594.0 -536.0 -304.0 -365.0 -356.0
-415.0 -637.0 -572.0 -509.0 -448.0
-597.0 -478.0 -540.0 -450.0 -542.0
-298.0 -594.0 -636.0 -460.0 -362.0
-589.0 -625.0 -224.0 -425.0 -419.0
-521.0 -503.0 -564.0 -466.0 -529.0
-335.0 -452.0 -689.0 -506.0 -488.0
-292.0 -317.0 -642.0 -563.0 -493.0
-232.0 -697.0 -558.0 -474.0 -471.0
-156.0 -635.0 -630.0 -360.0 -430.0
-470.0 -639.0 -519.0 -392.0 -419.0
-486.0 -587.0 -553.0 -404.0 -395.0
-553.0 -535.0 -443.0 -359.0 -360.0
-448.0 -387.0 -583.0 -536.0 -579.0
-549.0 -693.0 -337.0 -431.0 -382.0
-604.0 -280.0 -523.0 -516.0 -441.0
-499.0 -210.0 -678.0 -340.0 -498.0
-246.0 -584.0 -586.0 -423.0 -619.0
-466.0 -642.0 -557.0 -397.0 -386.0
-493.0 -528.0 -580.0 -478.0 -358.0
-371.0 -385.0 -625.0 -460.0 -589.0
-532.0 -427.0 -587.0 -481.0 -551.0
-505.0 -651.0 -383.0 -513.0 -540.0
-409.0 -691.0 -597.0 -458.0 -394.0
-238.0 -540.0 -326.0 -612.0 -700.0
-535.0 -656.0 -429.0 -418.0 -435.0
-443.0 -564.0 -589.0 -351.0 -526.0
-251.0 -453.0 -623.0 -600.0 -553.0
-193.0 -501.0 -641.0 -531.0 -506.0
-472.0 -336.0 -633.0 -456.0 -353.0
-301.0 -710.0 -556.0 -419.0 -585.0
-600.0 -519.0 -248.0 -449.0 -453.0
-522.0 -480.0 -354.0 -656.0 -521.0
-486.0 -527.0 -493.0 -520.0 -618.0
-387.0 -622.0 -533.0 -448.0 -627.0
-363.0 -655.0 -623.0 -366.0 -333.0
-478.0 -708.0 -307.0 -547.0 -629.0
-560.0 -590.0 -168.0 -440.0 -478.0
-511.0 -422.0 -482.0 -522.0 -629.0
-633.0 -215.0 -531.0 -493.0 -514.0
-211.0 -583.0 -544.0 -625.0 -530.0
-543.0 -709.0 -342.0 -366.0 -386.0
-412.0 -609.0 -604.0 -372.0 -414.0
-198.0 -711.0 -592.0 -471.0 -438.0
-210.0 -572.0 -587.0 -550.0 -579.0
-582.0 -482.0 -440.0 -475.0 -430.0
-501.0 -741.0 -503.0 -434.0 -608.0
-636.0 -430.0 -240.0 -275.0 -475.0
-569.0 -617.0 -206.0 -382.0 -484.0
-459.0 -466.0 -624.0 -383.0 -426.0
-444.0 -527.0 -458.0 -535.0 -632.0
-645.0 -323.0 -456.0 -503.0 -505.0
-360.0 -521.0 -320.0 -588.0 -689.0
-581.0 -326.0 -376.0 -594.0 -613.0
-638.0 -398.0 -342.0 -524.0 -523.0
-580.0 -514.0 -304.0 -350.0 -519.0
-502.0 -463.0 -636.0 -295.0 -431.0
-468.0 -584.0 -532.0 -591.0 -487.0
-619.0 -398.0 -358.0 -364.0 -450.0
-552.0 -518.0 -482.0 -432.0 -606.0
-339.0 -361.0 -620.0 -573.0 -585.0
-434.0 -429.0 -564.0 -567.0 -615.0
-412.0 -434.0 -658.0 -350.0 -489.0
-552.0 -512.0 -535.0 -481.0 -239.0
-309.0 -602.0 -583.0 -408.0 -540.0
-609.0 -502.0 -162.0 -396.0 -464.0
-574.0 -689.0 -275.0 -230.0 -410.0
-454.0 -258.0 -431.0 -558.0 -675.0
-377.0 -647.0 -580.0 -448.0 -463.0
-371.0 -741.0 -506.0 -574.0 -293.0
-458.0 -400.0 -626.0 -448.0 -544.0
-195.0 -580.0 -588.0 -447.0 -623.0
-492.0 -569.0 -509.0 -498.0 -529.0
-551.0 -642.0 -362.0 -504.0 -442.0
-395.0 -452.0 -594.0 -618.0 -482.0
-571.0 -680.0 -322.0 -350.0 -239.0
-420.0 -453.0 -629.0 -520.0 -353.0
-440.0 -509.0 -537.0 -575.0 -646.0
-509.0 -430.0 -470.0 -615.0 -544.0
-503.0 -695.0 -398.0 -439.0 -495.0
-359.0 -489.0 -669.0 -468.0 -405.0
-497.0 -511.0 -521.0 -616.0 -542.0
