-533.0 -489.0 -528.0 -475.0 -581.0
-574.0 -367.0 -481.0 -450.0 -612.0
-529.0 -447.0 -541.0 -530.0 -613.0
-579.0 -488.0 -443.0 -614.0 -537.0
-654.0 -395.0 -378.0 -375.0 -547.0
-627.0 -327.0 -557.0 -527.0 -322.0
-525.0 -451.0 -590.0 -579.0 -434.0
-549.0 -414.0 -530.0 -508.0 -576.0
-451.0 -635.0 -313.0 -528.0 -710.0
-380.0 -661.0 -437.0 -528.0 -715.0
-246.0 -703.0 -481.0 -495.0 -669.0
-375.0 -464.0 -388.0 -380.0 -782.0
-652.0 -371.0 -505.0 -411.0 -533.0
-556.0 -339.0 -547.0 -435.0 -631.0
-396.0 -235.0 -428.0 -421.0 -761.0
-609.0 -197.0 -416.0 -440.0 -641.0
-368.0 -643.0 -400.0 -393.0 -720.0
-562.0 -399.0 -425.0 -442.0 -629.0
-426.0 -697.0 -525.0 -576.0 -556.0
-559.0 -486.0 -492.0 -464.0 -595.0
-372.0 -360.0 -436.0 -456.0 -752.0
-487.0 -641.0 -390.0 -509.0 -702.0
-637.0 -363.0 -496.0 -464.0 -522.0
-280.0 -689.0 -447.0 -498.0 -702.0
-475.0 -699.0 -514.0 -495.0 -659.0
-260.0 -616.0 -561.0 -628.0 -346.0
-385.0 -432.0 -306.0 -366.0 -763.0
-541.0 -477.0 -531.0 -591.0 -391.0
-367.0 -655.0 -544.0 -470.0 -664.0
-564.0 -336.0 -548.0 -559.0 -565.0
-578.0 -324.0 -427.0 -475.0 -624.0
-587.0 -392.0 -494.0 -482.0 -602.0
-532.0 -327.0 -553.0 -501.0 -665.0
-218.0 -683.0 -492.0 -647.0 -363.0
-454.0 -559.0 -479.0 -677.0 -239.0
-173.0 -569.0 -499.0 -461.0 -749.0
-274.0 -539.0 -420.0 -508.0 -727.0
-454.0 -688.0 -548.0 -478.0 -391.0
-607.0 -359.0 -483.0 -460.0 -565.0
-502.0 -576.0 -385.0 -572.0 -607.0
-568.0 -442.0 -364.0 -532.0 -603.0
-671.0 -191.0 -281.0 -337.0 -435.0
-625.0 -356.0 -579.0 -452.0 -485.0
-184.0 -639.0 -392.0 -434.0 -733.0
-522.0 -565.0 -459.0 -586.0 -553.0
-493.0 -655.0 -383.0 -512.0 -616.0
-533.0 -463.0 -559.0 -594.0 -548.0
-534.0 -311.0 -543.0 -608.0 -568.0
-413.0 -417.0 -439.0 -502.0 -721.0
-506.0 -336.0 -482.0 -530.0 -683.0
-586.0 -391.0 -571.0 -614.0 -469.0
-639.0 -292.0 -391.0 -475.0 -539.0
-626.0 -388.0 -437.0 -417.0 -590.0
-443.0 -461.0 -559.0 -601.0 -676.0
-321.0 -476.0 -316.0 -546.0 -805.0
-582.0 -375.0 -553.0 -550.0 -534.0
-284.0 -717.0 -469.0 -496.0 -661.0
-526.0 -417.0 -517.0 -468.0 -617.0
-465.0 -407.0 -251.0 -427.0 -731.0
-528.0 -567.0 -456.0 -543.0 -589.0
-147.0 -578.0 -428.0 -490.0 -767.0
-529.0 -631.0 -355.0 -644.0 -351.0
-531.0 -487.0 -551.0 -538.0 -554.0
-493.0 -321.0 -327.0 -458.0 -696.0
-440.0 -414.0 -182.0 -387.0 -758.0
-607.0 -358.0 -363.0 -527.0 -567.0
-387.0 -211.0 -438.0 -474.0 -750.0
-457.0 -421.0 -446.0 -484.0 -747.0
-350.0 -778.0 -532.0 -485.0 -640.0
-519.0 -479.0 -341.0 -592.0 -614.0
-514.0 -500.0 -465.0 -565.0 -626.0
-541.0 -613.0 -357.0 -572.0 -567.0
-76.0 -320.0 -361.0 -400.0 -808.0
-298.0 -490.0 -481.0 -471.0 -768.0
-371.0 -671.0 -562.0 -534.0 -599.0
-432.0 -671.0 -487.0 -565.0 -458.0
-512.0 -350.0 -281.0 -415.0 -721.0
-617.0 -264.0 -560.0 -579.0 -486.0
-399.0 -130.0 -387.0 -473.0 -752.0
-592.0 -365.0 -533.0 -603.0 -371.0
-409.0 -638.0 -451.0 -506.0 -680.0
-559.0 -440.0 -445.0 -508.0 -606.0
-140.0 -500.0 -524.0 -465.0 -771.0
-562.0 -360.0 -540.0 -503.0 -571.0
-192.0 -667.0 -465.0 -609.0 -649.0
-558.0 -357.0 -438.0 -497.0 -661.0
-384.0 -391.0 -393.0 -413.0 -769.0
-642.0 -158.0 -439.0 -482.0 -599.0
-602.0 -342.0 -542.0 -528.0 -497.0
-113.0 -729.0 -483.0 -629.0 -513.0
-658.0 -91.0 -509.0 -449.0 -525.0
-507.0 -594.0 -523.0 -520.0 -412.0
-453.0 -653.0 -560.0 -545.0 -399.0
-278.0 -690.0 -515.0 -597.0 -634.0
-180.0 -593.0 -357.0 -399.0 -794.0
-597.0 -478.0 -540.0 -450.0 -542.0
-277.0 -472.0 -309.0 -564.0 -779.0
-494.0 -659.0 -278.0 -461.0 -657.0
-186.0 -615.0 -400.0 -490.0 -727.0
-478.0 -708.0 -307.0 -547.0 -629.0
-511.0 -422.0 -482.0 -522.0 -629.0
-501.0 -741.0 -503.0 -434.0 -608.0
-534.0 -492.0 -482.0 -650.0 -363.0
-581.0 -326.0 -376.0 -594.0 -613.0
-552.0 -518.0 -482.0 -432.0 -606.0
-371.0 -741.0 -506.0 -574.0 -293.0
-519.0 -325.0 -479.0 -382.0 -670.0
