-160.0 -769.0 -471.0 -543.0 -643.0
15.0 -675.0 -874.0 -479.0 -598.0
-246.0 -385.0 -869.0 -506.0 -520.0
-168.0 -853.0 -632.0 -356.0 -355.0
-176.0 -419.0 -928.0 -461.0 -315.0
-95.0 -680.0 -743.0 -564.0 -623.0
216.0 -519.0 -937.0 -560.0 -590.0
-90.0 -533.0 -799.0 -600.0 -685.0
-21.0 -834.0 -695.0 -482.0 -513.0
-16.0 -643.0 -814.0 -639.0 -687.0
-21.0 -489.0 -844.0 -533.0 -697.0
-3.0 -393.0 -954.0 -353.0 -491.0
17.0 -766.0 -753.0 -635.0 -636.0
-50.0 -669.0 -920.0 -361.0 -440.0
-124.0 -453.0 -914.0 -453.0 -470.0
-81.0 -817.0 -750.0 -434.0 -424.0
-26.0 -610.0 -945.0 -258.0 -407.0
-141.0 -401.0 -812.0 -671.0 -599.0
-186.0 -725.0 -610.0 -643.0 -615.0
-172.0 -481.0 -829.0 -566.0 -668.0
-104.0 -709.0 -709.0 -611.0 -664.0
-66.0 -680.0 -854.0 -459.0 -512.0
-114.0 -745.0 -596.0 -636.0 -683.0
97.0 -809.0 -757.0 -493.0 -441.0
123.0 -725.0 -859.0 -590.0 -496.0
-28.0 -729.0 -705.0 -705.0 -575.0
-254.0 -352.0 -687.0 -603.0 -648.0
-78.0 -670.0 -635.0 -779.0 -620.0
-17.0 -439.0 -947.0 -404.0 -483.0
71.0 -666.0 -925.0 -424.0 -463.0
-25.0 -788.0 -663.0 -672.0 -561.0
-7.0 -711.0 -917.0 -534.0 -426.0
-245.0 -827.0 -529.0 -377.0 -566.0
-227.0 -603.0 -631.0 -649.0 -663.0
-7.0 -686.0 -914.0 -502.0 -477.0
14.0 -408.0 -939.0 -510.0 -424.0
-234.0 -540.0 -829.0 -562.0 -550.0
35.0 -514.0 -969.0 -429.0 -397.0
-228.0 -827.0 -453.0 -489.0 -564.0
-151.0 -508.0 -848.0 -499.0 -555.0
-88.0 -553.0 -761.0 -645.0 -723.0
215.0 -775.0 -782.0 -670.0 -511.0
105.0 -625.0 -903.0 -585.0 -577.0
-150.0 -661.0 -660.0 -758.0 -625.0
-18.0 -563.0 -852.0 -612.0 -564.0
-35.0 -778.0 -602.0 -629.0 -595.0
-278.0 -586.0 -476.0 -682.0 -591.0
-132.0 -558.0 -625.0 -668.0 -781.0
-28.0 -858.0 -518.0 -547.0 -383.0
-89.0 -519.0 -914.0 -447.0 -476.0
-36.0 -651.0 -727.0 -665.0 -743.0
-189.0 -765.0 -553.0 -578.0 -633.0
-272.0 -667.0 -425.0 -639.0 -615.0
-141.0 -800.0 -654.0 -456.0 -579.0
-118.0 -667.0 -628.0 -697.0 -694.0
-223.0 -546.0 -666.0 -592.0 -687.0
-256.0 -428.0 -869.0 -436.0 -561.0
-96.0 -471.0 -944.0 -392.0 -395.0
-164.0 -485.0 -905.0 -457.0 -531.0
224.0 -824.0 -716.0 -600.0 -479.0
-52.0 -486.0 -932.0 -403.0 -494.0
74.0 -809.0 -730.0 -564.0 -485.0
-59.0 -806.0 -710.0 -411.0 -545.0
30.0 -744.0 -835.0 -595.0 -709.0
-232.0 -598.0 -847.0 -454.0 -523.0
-216.0 -528.0 -941.0 -333.0 -335.0
-124.0 -428.0 -911.0 -421.0 -521.0
-102.0 -565.0 -649.0 -709.0 -730.0
-98.0 -628.0 -772.0 -672.0 -640.0
-300.0 -618.0 -773.0 -553.0 -509.0
-280.0 -623.0 -450.0 -646.0 -624.0
-165.0 -501.0 -726.0 -650.0 -668.0
-207.0 -454.0 -898.0 -594.0 -447.0
-15.0 -682.0 -838.0 -611.0 -614.0
-164.0 -510.0 -908.0 -489.0 -480.0
-105.0 -727.0 -621.0 -682.0 -643.0
-210.0 -451.0 -795.0 -617.0 -590.0
75.0 -540.0 -953.0 -463.0 -414.0
-74.0 -793.0 -670.0 -566.0 -584.0
-78.0 -736.0 -613.0 -707.0 -568.0
-51.0 -722.0 -719.0 -576.0 -656.0
-43.0 -542.0 -915.0 -525.0 -440.0
-12.0 -847.0 -663.0 -527.0 -471.0
-54.0 -663.0 -761.0 -609.0 -670.0
-198.0 -794.0 -708.0 -389.0 -447.0
-74.0 -718.0 -901.0 -424.0 -421.0
-206.0 -753.0 -503.0 -595.0 -628.0
-231.0 -517.0 -892.0 -379.0 -475.0
99.0 -547.0 -942.0 -525.0 -317.0
-227.0 -568.0 -747.0 -661.0 -583.0
-372.0 -631.0 -357.0 -605.0 -569.0
-269.0 -387.0 -749.0 -599.0 -613.0
-286.0 -442.0 -863.0 -542.0 -530.0
-45.0 -676.0 -729.0 -654.0 -628.0
-139.0 -678.0 -454.0 -664.0 -697.0
-433.0 -354.0 -662.0 -545.0 -535.0
-228.0 -781.0 -725.0 -353.0 -411.0
-14.0 -710.0 -843.0 -440.0 -561.0
-29.0 -766.0 -821.0 -520.0 -636.0
-307.0 -717.0 -622.0 -563.0 -512.0
-127.0 -647.0 -930.0 -291.0 -376.0
-200.0 -549.0 -930.0 -310.0 -360.0
-121.0 -474.0 -877.0 -486.0 -622.0
-254.0 -448.0 -831.0 -481.0 -599.0
60.0 -547.0 -948.0 -421.0 -352.0
-92.0 -382.0 -922.0 -439.0 -483.0
111.0 -609.0 -931.0 -388.0 -453.0
-19.0 -772.0 -749.0 -549.0 -604.0
-184.0 -581.0 -550.0 -741.0 -681.0
-127.0 -622.0 -927.0 -259.0 -427.0
-322.0 -602.0 -394.0 -597.0 -636.0
5.0 -779.0 -817.0 -471.0 -438.0
50.0 -414.0 -1007.0 -396.0 -466.0
-90.0 -673.0 -882.0 -544.0 -539.0
-286.0 -701.0 -487.0 -664.0 -548.0
-317.0 -612.0 -532.0 -560.0 -666.0
173.0 -675.0 -921.0 -316.0 -455.0
-206.0 -765.0 -629.0 -466.0 -635.0
-146.0 -443.0 -954.0 -339.0 -334.0
140.0 -721.0 -900.0 -514.0 -494.0
201.0 -799.0 -780.0 -543.0 -496.0
268.0 -792.0 -796.0 -653.0 -501.0
-338.0 -509.0 -372.0 -669.0 -610.0
-116.0 -827.0 -706.0 -474.0 -516.0
-4.0 -763.0 -888.0 -426.0 -409.0
-19.0 -464.0 -990.0 -342.0 -457.0
67.0 -781.0 -687.0 -646.0 -536.0
48.0 -765.0 -828.0 -500.0 -458.0
-174.0 -803.0 -533.0 -568.0 -576.0
-14.0 -735.0 -846.0 -472.0 -510.0
-169.0 -373.0 -944.0 -411.0 -379.0
-105.0 -758.0 -564.0 -681.0 -641.0
14.0 -822.0 -531.0 -622.0 -578.0
147.0 -720.0 -899.0 -615.0 -411.0
88.0 -796.0 -789.0 -448.0 -483.0
37.0 -891.0 -592.0 -520.0 -454.0
-200.0 -504.0 -840.0 -603.0 -438.0
49.0 -449.0 -947.0 -370.0 -525.0
-27.0 -633.0 -887.0 -501.0 -464.0
22.0 -851.0 -610.0 -545.0 -390.0
-75.0 -764.0 -673.0 -638.0 -627.0
-68.0 -645.0 -759.0 -726.0 -674.0
209.0 -770.0 -792.0 -612.0 -509.0
-45.0 -579.0 -945.0 -371.0 -297.0
-119.0 -817.0 -598.0 -536.0 -629.0
-10.0 -477.0 -958.0 -387.0 -415.0
