-451.0 -541.0 -454.0 -723.0 -646.0
-562.0 -354.0 -99.0 -758.0 -782.0
-437.0 -239.0 -581.0 -610.0 -684.0
-413.0 -648.0 -522.0 -727.0 -436.0
-483.0 -484.0 -582.0 -677.0 -461.0
-523.0 -658.0 -356.0 -617.0 -489.0
-495.0 -469.0 -400.0 -614.0 -757.0
-454.0 -358.0 -526.0 -707.0 -665.0
-523.0 -596.0 -563.0 -323.0 -405.0
-345.0 -417.0 -646.0 -440.0 -494.0
-444.0 -516.0 -472.0 -611.0 -717.0
-414.0 -497.0 -589.0 -598.0 -657.0
-618.0 -561.0 -201.0 -586.0 -558.0
-535.0 -495.0 -540.0 -422.0 -699.0
-610.0 -605.0 -354.0 -342.0 -457.0
-425.0 -425.0 -443.0 -863.0 -674.0
-516.0 -414.0 -597.0 -475.0 -593.0
-551.0 -534.0 -424.0 -724.0 -618.0
-447.0 -399.0 -148.0 -826.0 -760.0
-457.0 -404.0 -536.0 -666.0 -628.0
-408.0 -509.0 -558.0 -693.0 -561.0
-466.0 -524.0 -533.0 -587.0 -540.0
-530.0 -451.0 -602.0 -473.0 -513.0
-544.0 -469.0 -525.0 -712.0 -581.0
-477.0 -366.0 -551.0 -760.0 -519.0
-354.0 -519.0 -621.0 -367.0 -626.0
-625.0 -396.0 -350.0 -690.0 -663.0
-580.0 -580.0 -314.0 -667.0 -617.0
-525.0 -571.0 -277.0 -773.0 -736.0
-640.0 -458.0 -18.0 -800.0 -630.0
-534.0 -580.0 -579.0 -452.0 -622.0
-506.0 -430.0 -456.0 -711.0 -746.0
-527.0 -221.0 -531.0 -729.0 -649.0
-463.0 -487.0 -359.0 -773.0 -643.0
-407.0 -620.0 -489.0 -624.0 -674.0
-407.0 -529.0 -616.0 -447.0 -399.0
-350.0 -247.0 -621.0 -477.0 -553.0
-416.0 -362.0 -608.0 -489.0 -597.0
-463.0 -467.0 -469.0 -727.0 -640.0
-479.0 -621.0 -241.0 -715.0 -645.0
-537.0 -567.0 -350.0 -753.0 -547.0
-513.0 -510.0 -93.0 -797.0 -737.0
-485.0 -677.0 -469.0 -698.0 -548.0
-587.0 -437.0 -524.0 -595.0 -597.0
-516.0 -644.0 -503.0 -475.0 -653.0
-479.0 -387.0 -492.0 -750.0 -581.0
-604.0 -520.0 30.0 -738.0 -551.0
-508.0 -273.0 -562.0 -631.0 -625.0
-464.0 -458.0 -241.0 -750.0 -785.0
-385.0 -414.0 -475.0 -827.0 -607.0
-334.0 -372.0 -531.0 -787.0 -629.0
-718.0 -548.0 -351.0 -582.0 -528.0
-451.0 -406.0 -128.0 -749.0 -791.0
-609.0 -575.0 -531.0 -402.0 -603.0
-502.0 -543.0 -207.0 -737.0 -792.0
-363.0 -342.0 -606.0 -698.0 -450.0
-589.0 -457.0 -589.0 -309.0 -606.0
-408.0 -549.0 -336.0 -777.0 -703.0
-476.0 -489.0 -553.0 -586.0 -606.0
-648.0 -526.0 -342.0 -700.0 -431.0
-470.0 -577.0 -333.0 -770.0 -731.0
-530.0 -501.0 -521.0 -661.0 -544.0
-434.0 -639.0 -285.0 -708.0 -652.0
-363.0 -295.0 -593.0 -735.0 -503.0
-499.0 -671.0 -201.0 -703.0 -503.0
-541.0 -211.0 -523.0 -764.0 -622.0
-301.0 -434.0 -570.0 -654.0 -632.0
-335.0 -591.0 -542.0 -653.0 -562.0
-457.0 -638.0 -516.0 -639.0 -560.0
-493.0 -500.0 -355.0 -716.0 -631.0
