-533.0 -467.0 -506.0 -48.0 -245.0
-466.0 -325.0 -524.0 -465.0 -331.0
-510.0 -310.0 -162.0 -488.0 -220.0
-474.0 -22.0 -420.0 -557.0 -146.0
-310.0 -122.0 -401.0 -536.0 -384.0
-341.0 79.0 -380.0 -600.0 4.0
-609.0 -196.0 -562.0 -461.0 -225.0
-568.0 -348.0 -613.0 -209.0 -28.0
-575.0 -49.0 -461.0 -514.0 -168.0
-485.0 -455.0 -507.0 -341.0 -235.0
-507.0 -293.0 -528.0 -340.0 -280.0
-515.0 -138.0 -437.0 -528.0 -164.0
-628.0 -308.0 -183.0 -441.0 -232.0
-541.0 -463.0 -188.0 -397.0 -257.0
-449.0 -156.0 -469.0 -483.0 -325.0
-546.0 -255.0 -529.0 -413.0 -261.0
-595.0 -512.0 -331.0 -327.0 -240.0
-521.0 -284.0 -601.0 -427.0 -115.0
-477.0 -348.0 -256.0 -440.0 -351.0
-545.0 -446.0 -502.0 -212.0 -254.0
-601.0 -185.0 -308.0 -544.0 54.0
-447.0 -347.0 -174.0 -444.0 -330.0
-566.0 -430.0 -514.0 -340.0 -186.0
-598.0 -544.0 -313.0 -321.0 -227.0
-421.0 -76.0 -553.0 -518.0 -208.0
-547.0 -401.0 -501.0 -351.0 -210.0
-549.0 -283.0 -614.0 -371.0 -14.0
-526.0 -314.0 -350.0 -468.0 -205.0
-485.0 -235.0 -495.0 -486.0 -198.0
-591.0 -399.0 -469.0 -394.0 -305.0
-576.0 -454.0 -366.0 -78.0 -282.0
-506.0 3.0 -518.0 -531.0 22.0
-608.0 -295.0 -536.0 -353.0 -134.0
-521.0 -160.0 -446.0 -527.0 -300.0
-644.0 -399.0 -296.0 -401.0 -201.0
-545.0 -419.0 -578.0 -210.0 -143.0
-421.0 -415.0 -311.0 -417.0 -385.0
-515.0 -398.0 -559.0 -303.0 -296.0
-527.0 41.0 -485.0 -564.0 -30.0
-602.0 -447.0 -611.0 -333.0 -11.0
-544.0 -269.0 -572.0 -481.0 -152.0
-505.0 -147.0 -436.0 -537.0 -91.0
-461.0 -444.0 -359.0 -254.0 -404.0
-547.0 -302.0 -444.0 -434.0 -320.0
-611.0 -457.0 -302.0 -207.0 -313.0
-539.0 -601.0 -294.0 -311.0 -267.0
-418.0 -500.0 -126.0 -336.0 -396.0
-539.0 -197.0 -413.0 -471.0 -304.0
-573.0 -442.0 -234.0 -378.0 -285.0
-591.0 -53.0 -452.0 -488.0 -195.0
-402.0 -97.0 -608.0 -404.0 82.0
-499.0 -210.0 -606.0 -482.0 -171.0
-531.0 -366.0 -394.0 -410.0 -280.0
-538.0 -554.0 -379.0 -290.0 -208.0
-547.0 -227.0 -437.0 -474.0 -245.0
-538.0 -386.0 -114.0 -452.0 -343.0
-519.0 -402.0 -488.0 -407.0 -311.0
-514.0 -91.0 -522.0 -507.0 -105.0
-480.0 -358.0 -330.0 -427.0 -345.0
-538.0 -367.0 -495.0 -373.0 -284.0
-591.0 -314.0 -495.0 -412.0 -242.0
-450.0 -203.0 -384.0 -504.0 -384.0
-407.0 -152.0 -558.0 -494.0 -160.0
