-441.0 -27.0 -618.0 -390.0 -549.0
-667.0 -212.0 -364.0 -456.0 -728.0
-642.0 -123.0 -409.0 -424.0 -728.0
-565.0 -284.0 -412.0 -458.0 -725.0
-655.0 -369.0 -230.0 -481.0 -801.0
-224.0 -351.0 -592.0 -355.0 -795.0
-309.0 -360.0 -589.0 -482.0 -704.0
-437.0 -534.0 -391.0 -378.0 -840.0
-466.0 -98.0 -610.0 -351.0 -583.0
-631.0 -297.0 -328.0 -389.0 -827.0
-558.0 -401.0 -273.0 -553.0 -873.0
-221.0 -573.0 -473.0 -347.0 -811.0
-257.0 -156.0 -655.0 -100.0 -574.0
-452.0 -383.0 -395.0 -465.0 -760.0
-625.0 -199.0 -396.0 -484.0 -740.0
-426.0 -406.0 -369.0 -527.0 -830.0
-576.0 -79.0 -567.0 -307.0 -565.0
-515.0 -601.0 -186.0 -386.0 -887.0
-587.0 -196.0 -468.0 -440.0 -660.0
-714.0 -132.0 -349.0 -351.0 -770.0
-727.0 -314.0 -266.0 -193.0 -638.0
-325.0 -206.0 -653.0 -257.0 -535.0
-578.0 -376.0 -352.0 -484.0 -784.0
-528.0 -340.0 -398.0 -528.0 -729.0
-710.0 -271.0 -351.0 -345.0 -716.0
-682.0 -216.0 -332.0 -451.0 -804.0
-554.0 -477.0 -108.0 -595.0 -893.0
-358.0 -214.0 -590.0 -370.0 -692.0
-558.0 -292.0 -496.0 -303.0 -671.0
-608.0 -445.0 -29.0 -553.0 -910.0
-725.0 -384.0 -271.0 -354.0 -735.0
-565.0 -223.0 -563.0 -247.0 -638.0
-613.0 -270.0 -439.0 -298.0 -626.0
-357.0 -354.0 -425.0 -512.0 -816.0
-457.0 -324.0 -490.0 -467.0 -693.0
-354.0 -525.0 -451.0 -429.0 -767.0
-687.0 -345.0 -224.0 -484.0 -898.0
-254.0 -364.0 -620.0 -287.0 -771.0
-603.0 -205.0 -416.0 -269.0 -851.0
-489.0 -411.0 -381.0 -528.0 -678.0
-504.0 -473.0 -164.0 -535.0 -877.0
-579.0 -385.0 -302.0 -493.0 -866.0
-401.0 -304.0 -534.0 -500.0 -745.0
-720.0 -203.0 -364.0 -258.0 -757.0
-453.0 -438.0 -167.0 -607.0 -927.0
-540.0 -210.0 -470.0 -445.0 -823.0
-547.0 -290.0 -381.0 -563.0 -760.0
-98.0 -325.0 -647.0 -360.0 -604.0
-616.0 -357.0 -251.0 -484.0 -889.0
-482.0 -429.0 -359.0 -419.0 -814.0
-514.0 -116.0 -562.0 -371.0 -684.0
-367.0 -360.0 -476.0 -539.0 -692.0
-534.0 -231.0 -518.0 -468.0 -745.0
-612.0 -433.0 -86.0 -526.0 -909.0
-64.0 -512.0 -500.0 -359.0 -757.0
-453.0 -374.0 -275.0 -592.0 -908.0
-557.0 -156.0 -508.0 -344.0 -691.0
-581.0 -223.0 -423.0 -401.0 -828.0
-602.0 -353.0 -352.0 -431.0 -814.0
-499.0 -390.0 -443.0 -354.0 -774.0
-569.0 -555.0 -159.0 -499.0 -866.0
-578.0 -365.0 -475.0 -199.0 -668.0
-465.0 -138.0 -617.0 -305.0 -567.0
-571.0 -499.0 -335.0 -311.0 -888.0
-456.0 -482.0 -393.0 -423.0 -777.0
-700.0 -222.0 -326.0 -455.0 -736.0
-656.0 -176.0 -371.0 -420.0 -754.0
-713.0 -252.0 -283.0 -391.0 -660.0
-643.0 -265.0 -376.0 -329.0 -758.0
-556.0 -311.0 -396.0 -446.0 -728.0
-184.0 -213.0 -648.0 -239.0 -654.0
-483.0 -92.0 -592.0 -412.0 -591.0
-660.0 -281.0 -297.0 -512.0 -761.0
-158.0 -292.0 -656.0 -274.0 -585.0
-398.0 -605.0 -374.0 -378.0 -789.0
-131.0 -466.0 -520.0 -319.0 -818.0
-384.0 -354.0 -458.0 -600.0 -700.0
-494.0 23.0 -599.0 -246.0 -632.0
-517.0 -237.0 -536.0 -407.0 -737.0
-569.0 -148.0 -500.0 -363.0 -598.0
-622.0 -202.0 -399.0 -397.0 -716.0
-646.0 -87.0 -413.0 -379.0 -719.0
-510.0 -307.0 -409.0 -428.0 -825.0
-121.0 -404.0 -600.0 -358.0 -684.0
-746.0 -268.0 -243.0 -218.0 -553.0
-308.0 -432.0 -446.0 -410.0 -899.0
-525.0 -110.0 -585.0 -308.0 -701.0
-373.0 -279.0 -531.0 -540.0 -735.0
-382.0 -376.0 -474.0 -480.0 -728.0
-400.0 -516.0 -347.0 -455.0 -794.0
-427.0 -395.0 -459.0 -501.0 -746.0
-336.0 -267.0 -589.0 -474.0 -634.0
-689.0 -147.0 -399.0 -395.0 -771.0
-438.0 -316.0 -538.0 -344.0 -744.0
-559.0 -316.0 -378.0 -518.0 -822.0
-356.0 -285.0 -549.0 -479.0 -727.0
-576.0 -460.0 -362.0 -348.0 -850.0
-581.0 -303.0 -420.0 -387.0 -773.0
-413.0 -540.0 -284.0 -576.0 -772.0
-414.0 -332.0 -529.0 -530.0 -650.0
-560.0 -299.0 -453.0 -419.0 -727.0
-528.0 -169.0 -524.0 -367.0 -710.0
-470.0 -463.0 -379.0 -483.0 -741.0
-536.0 -42.0 -573.0 -268.0 -674.0
-674.0 -384.0 -269.0 -482.0 -643.0
-700.0 -79.0 -387.0 -355.0 -744.0
-721.0 -63.0 -416.0 -295.0 -737.0
-554.0 -413.0 -216.0 -580.0 -874.0
-379.0 -578.0 -413.0 -447.0 -824.0
-492.0 -559.0 -322.0 -447.0 -855.0
-606.0 -235.0 -389.0 -510.0 -848.0
-565.0 -287.0 -502.0 -357.0 -544.0
-504.0 -365.0 -432.0 -458.0 -774.0
-627.0 -432.0 -178.0 -544.0 -854.0
-399.0 -370.0 -456.0 -541.0 -736.0
-492.0 -371.0 -378.0 -520.0 -767.0
-509.0 -549.0 -436.0 -245.0 -743.0
-222.0 -517.0 -440.0 -459.0 -770.0
-308.0 -678.0 -93.0 -524.0 -866.0
-456.0 -574.0 -250.0 -499.0 -835.0
-366.0 -309.0 -465.0 -455.0 -887.0
-635.0 -82.0 -435.0 -404.0 -711.0
-247.0 -189.0 -671.0 -337.0 -563.0
-671.0 -342.0 -334.0 -345.0 -665.0
-665.0 -205.0 -407.0 -340.0 -672.0
-179.0 -483.0 -474.0 -536.0 -707.0
-496.0 -253.0 -507.0 -467.0 -744.0
-243.0 -299.0 -594.0 -400.0 -732.0
-312.0 -241.0 -639.0 -332.0 -759.0
-446.0 -408.0 -416.0 -427.0 -841.0
-336.0 -570.0 -311.0 -619.0 -744.0
-284.0 -577.0 -488.0 -428.0 -694.0
-424.0 -545.0 -446.0 -416.0 -711.0
-632.0 -433.0 -301.0 -322.0 -796.0
-693.0 -303.0 -136.0 -456.0 -765.0
-530.0 -243.0 -461.0 -495.0 -746.0
-429.0 -127.0 -636.0 -332.0 -767.0
-507.0 -328.0 -434.0 -527.0 -709.0
-503.0 -376.0 -342.0 -484.0 -858.0
-484.0 -219.0 -544.0 -539.0 -608.0
-602.0 -207.0 -452.0 -341.0 -821.0
-619.0 -300.0 -288.0 -512.0 -847.0
-589.0 -219.0 -489.0 -328.0 -625.0
-445.0 -448.0 -423.0 -381.0 -825.0
-554.0 -253.0 -433.0 -535.0 -756.0
-337.0 -219.0 -640.0 -275.0 -653.0
-316.0 -291.0 -593.0 -306.0 -693.0
-503.0 -325.0 -442.0 -426.0 -813.0
-465.0 -356.0 -418.0 -472.0 -778.0
-467.0 -301.0 -546.0 -378.0 -646.0
-524.0 -308.0 -526.0 -361.0 -656.0
-369.0 -291.0 -474.0 -567.0 -736.0
-477.0 -303.0 -361.0 -454.0 -912.0
-426.0 -246.0 -586.0 -482.0 -712.0
-503.0 -184.0 -574.0 -411.0 -711.0
-728.0 -174.0 -318.0 -230.0 -618.0
-196.0 -520.0 -511.0 -329.0 -754.0
-711.0 -154.0 -314.0 -415.0 -709.0
-618.0 -314.0 -319.0 -493.0 -917.0
-614.0 -326.0 -262.0 -520.0 -918.0
-224.0 -587.0 -428.0 -454.0 -769.0
-494.0 -264.0 -587.0 -329.0 -650.0
-291.0 -684.0 -111.0 -463.0 -858.0
-336.0 -259.0 -647.0 -229.0 -637.0
-528.0 -290.0 -481.0 -463.0 -749.0
-383.0 -263.0 -589.0 -389.0 -640.0
-492.0 -612.0 -32.0 -577.0 -906.0
-612.0 -209.0 -411.0 -466.0 -772.0
-539.0 -527.0 -118.0 -664.0 -812.0
-470.0 -80.0 -608.0 -160.0 -722.0
-437.0 -367.0 -436.0 -535.0 -748.0
-458.0 -144.0 -592.0 -293.0 -659.0
-628.0 -85.0 -548.0 -260.0 -735.0
-220.0 -333.0 -643.0 -275.0 -645.0
-407.0 -479.0 -399.0 -427.0 -790.0
-430.0 -534.0 -266.0 -637.0 -780.0
-548.0 -282.0 -518.0 -318.0 -757.0
-502.0 -434.0 -334.0 -443.0 -853.0
-492.0 -265.0 -450.0 -494.0 -745.0
-496.0 -600.0 -89.0 -550.0 -905.0
-629.0 -203.0 -393.0 -527.0 -780.0
-363.0 -368.0 -544.0 -344.0 -762.0
-442.0 -500.0 -356.0 -440.0 -787.0
-732.0 -232.0 -153.0 -456.0 -816.0
-382.0 -303.0 -596.0 -343.0 -624.0
-474.0 -318.0 -472.0 -528.0 -701.0
-735.0 -169.0 -305.0 -258.0 -678.0
-629.0 -430.0 -288.0 -382.0 -764.0
-586.0 -225.0 -421.0 -358.0 -830.0
-658.0 -296.0 -390.0 -265.0 -774.0
-572.0 -215.0 -479.0 -402.0 -692.0
-622.0 -181.0 -406.0 -380.0 -729.0
-412.0 -439.0 -332.0 -506.0 -820.0
-457.0 -302.0 -551.0 -345.0 -698.0
-612.0 -369.0 -194.0 -511.0 -890.0
-606.0 -213.0 -471.0 -389.0 -633.0
-702.0 -36.0 -455.0 -364.0 -772.0
-395.0 -279.0 -564.0 -431.0 -752.0
-286.0 -384.0 -501.0 -462.0 -741.0
-643.0 -287.0 -315.0 -451.0 -753.0
-652.0 -315.0 -373.0 -414.0 -700.0
-729.0 -318.0 -167.0 -318.0 -508.0
-482.0 -132.0 -599.0 -366.0 -575.0
-544.0 -163.0 -550.0 -407.0 -599.0
