-633.0 -1034.0 -408.0 -395.0 -424.0
-751.0 -688.0 -613.0 -520.0 -556.0
-736.0 -817.0 -554.0 -407.0 -525.0
-735.0 -549.0 -577.0 -703.0 -408.0
-484.0 -400.0 -606.0 -735.0 -617.0
-497.0 -779.0 -470.0 -758.0 -398.0
-689.0 -427.0 -546.0 -731.0 -440.0
-352.0 -986.0 -293.0 -664.0 -389.0
-439.0 -991.0 -405.0 -634.0 -454.0
-578.0 -946.0 -680.0 -392.0 -389.0
-573.0 -803.0 -615.0 -591.0 -535.0
-335.0 -980.0 -512.0 -671.0 -332.0
-682.0 -477.0 -595.0 -730.0 -433.0
-670.0 -483.0 -681.0 -479.0 -675.0
-634.0 -753.0 -671.0 -464.0 -607.0
-594.0 -1067.0 -493.0 -556.0 -258.0
-611.0 -950.0 -354.0 -624.0 -515.0
-506.0 -524.0 -601.0 -714.0 -607.0
-702.0 -838.0 -469.0 -548.0 -505.0
-398.0 -1094.0 -283.0 -560.0 -309.0
-562.0 -814.0 -586.0 -557.0 -540.0
-505.0 -592.0 -562.0 -744.0 -562.0
-563.0 -848.0 -552.0 -737.0 -273.0
-467.0 -967.0 -457.0 -649.0 -458.0
-551.0 -1080.0 -402.0 -290.0 -425.0
-526.0 -842.0 -497.0 -662.0 -434.0
-685.0 -305.0 -542.0 -631.0 -666.0
-445.0 -1086.0 -427.0 -597.0 -224.0
-600.0 -957.0 -493.0 -520.0 -462.0
-644.0 -887.0 -501.0 -526.0 -507.0
-473.0 -641.0 -519.0 -764.0 -513.0
-665.0 -672.0 -663.0 -622.0 -520.0
-653.0 -1002.0 -500.0 -468.0 -354.0
-523.0 -1073.0 -590.0 -383.0 -335.0
-376.0 -769.0 -434.0 -785.0 -323.0
-466.0 -890.0 -425.0 -661.0 -490.0
-599.0 -272.0 -560.0 -713.0 -599.0
-630.0 -800.0 -628.0 -413.0 -615.0
-472.0 -702.0 -513.0 -789.0 -357.0
-456.0 -1046.0 -402.0 -560.0 -454.0
-434.0 -1124.0 -266.0 -548.0 -277.0
-769.0 -860.0 -513.0 -587.0 -361.0
-869.0 -583.0 -506.0 -527.0 -602.0
-669.0 -635.0 -511.0 -713.0 -506.0
-625.0 -815.0 -466.0 -623.0 -558.0
-668.0 -1071.0 -468.0 -456.0 -152.0
-617.0 -511.0 -605.0 -748.0 -445.0
-727.0 -734.0 -556.0 -534.0 -553.0
-569.0 -680.0 -557.0 -706.0 -541.0
-638.0 -333.0 -578.0 -654.0 -646.0
-576.0 -752.0 -616.0 -654.0 -529.0
-626.0 -563.0 -489.0 -772.0 -441.0
-392.0 -858.0 -413.0 -752.0 -242.0
-604.0 -669.0 -521.0 -731.0 -518.0
-303.0 -859.0 -401.0 -766.0 -328.0
-745.0 -671.0 -622.0 -677.0 -418.0
-642.0 -847.0 -712.0 -479.0 -453.0
-689.0 -695.0 -678.0 -384.0 -589.0
-758.0 -536.0 -608.0 -628.0 -560.0
-618.0 -699.0 -641.0 -496.0 -653.0
-628.0 -967.0 -390.0 -558.0 -533.0
-530.0 -653.0 -479.0 -773.0 -461.0
-546.0 -1013.0 -384.0 -453.0 -534.0
-684.0 -705.0 -483.0 -671.0 -567.0
-474.0 -954.0 -369.0 -655.0 -477.0
-416.0 -887.0 -325.0 -751.0 -453.0
-542.0 -502.0 -590.0 -741.0 -542.0
-262.0 -759.0 -444.0 -787.0 -519.0
-578.0 -849.0 -555.0 -444.0 -667.0
-397.0 -1090.0 -241.0 -572.0 -311.0
-693.0 -589.0 -568.0 -699.0 -509.0
-662.0 -626.0 -598.0 -629.0 -580.0
-430.0 -504.0 -527.0 -788.0 -564.0
-495.0 -865.0 -412.0 -673.0 -510.0
-535.0 -765.0 -467.0 -715.0 -568.0
-623.0 -568.0 -525.0 -679.0 -668.0
-409.0 -881.0 -463.0 -692.0 -497.0
-347.0 -799.0 -490.0 -780.0 -487.0
-634.0 -870.0 -611.0 -528.0 -513.0
-556.0 -959.0 -501.0 -430.0 -564.0
-467.0 -999.0 -458.0 -645.0 -219.0
-637.0 -872.0 -479.0 -566.0 -517.0
-626.0 -685.0 -476.0 -697.0 -583.0
-473.0 -797.0 -490.0 -714.0 -542.0
-629.0 -752.0 -612.0 -659.0 -422.0
-352.0 -737.0 -383.0 -802.0 -515.0
-441.0 -472.0 -490.0 -804.0 -572.0
-568.0 -924.0 -633.0 -341.0 -554.0
-591.0 -855.0 -664.0 -324.0 -541.0
-486.0 -892.0 -590.0 -534.0 -573.0
-812.0 -760.0 -489.0 -559.0 -531.0
-728.0 -640.0 -642.0 -473.0 -663.0
-691.0 -651.0 -466.0 -679.0 -571.0
-429.0 -939.0 -467.0 -692.0 -336.0
-677.0 -573.0 -548.0 -615.0 -628.0
-623.0 -808.0 -634.0 -406.0 -615.0
-428.0 -804.0 -402.0 -765.0 -520.0
-654.0 -799.0 -515.0 -490.0 -612.0
-549.0 -366.0 -596.0 -717.0 -605.0
-400.0 -883.0 -382.0 -723.0 -431.0
-696.0 -884.0 -585.0 -596.0 -338.0
-638.0 -1107.0 -423.0 -467.0 -176.0
-837.0 -554.0 -616.0 -380.0 -611.0
-494.0 -972.0 -470.0 -629.0 -461.0
-414.0 -1125.0 -239.0 -420.0 -446.0
-554.0 -704.0 -447.0 -702.0 -616.0
-639.0 -991.0 -609.0 -380.0 -322.0
-554.0 -842.0 -472.0 -674.0 -424.0
-344.0 -595.0 -491.0 -825.0 -393.0
-749.0 -647.0 -637.0 -452.0 -578.0
-776.0 -555.0 -608.0 -195.0 -697.0
-732.0 -581.0 -641.0 -650.0 -474.0
-682.0 -789.0 -510.0 -662.0 -425.0
-519.0 -1071.0 -426.0 -416.0 -403.0
-783.0 -403.0 -603.0 -303.0 -701.0
-633.0 -627.0 -555.0 -766.0 -385.0
-513.0 -749.0 -512.0 -749.0 -503.0
-444.0 -1000.0 -511.0 -648.0 -143.0
-538.0 -398.0 -633.0 -701.0 -597.0
-800.0 -678.0 -483.0 -608.0 -553.0
-706.0 -643.0 -597.0 -430.0 -678.0
-337.0 -637.0 -498.0 -805.0 -373.0
-547.0 -970.0 -632.0 -444.0 -373.0
-894.0 -612.0 -539.0 -586.0 -449.0
-551.0 -1097.0 -486.0 -405.0 -215.0
-573.0 -762.0 -493.0 -733.0 -443.0
-605.0 -741.0 -514.0 -729.0 -459.0
-473.0 -1068.0 -462.0 -566.0 -324.0
-520.0 -947.0 -434.0 -647.0 -518.0
-638.0 -753.0 -580.0 -696.0 -378.0
-549.0 -1035.0 -471.0 -405.0 -379.0
-508.0 -976.0 -644.0 -305.0 -482.0
-505.0 -627.0 -497.0 -739.0 -584.0
-427.0 -1074.0 -328.0 -620.0 -387.0
-646.0 -629.0 -530.0 -735.0 -417.0
-676.0 -428.0 -580.0 -630.0 -642.0
-322.0 -984.0 -371.0 -676.0 -247.0
-458.0 -902.0 -413.0 -713.0 -364.0
-615.0 -1001.0 -601.0 -592.0 -328.0
-555.0 -849.0 -372.0 -658.0 -522.0
-666.0 -764.0 -647.0 -401.0 -602.0
-559.0 -816.0 -568.0 -644.0 -478.0
-609.0 -1027.0 -564.0 -391.0 -346.0
-615.0 -828.0 -552.0 -692.0 -314.0
-374.0 -1039.0 -403.0 -642.0 -228.0
-718.0 -515.0 -648.0 -465.0 -703.0
-493.0 -770.0 -392.0 -747.0 -508.0
-220.0 -718.0 -433.0 -811.0 -471.0
-641.0 -630.0 -672.0 -479.0 -640.0
-380.0 -907.0 -397.0 -699.0 -294.0
-723.0 -555.0 -663.0 -452.0 -650.0
-428.0 -1016.0 -426.0 -649.0 -237.0
-570.0 -870.0 -603.0 -610.0 -428.0
-577.0 -1013.0 -367.0 -526.0 -427.0
-663.0 -627.0 -717.0 -522.0 -625.0
-755.0 -564.0 -639.0 -326.0 -672.0
-697.0 -837.0 -491.0 -592.0 -442.0
-568.0 -826.0 -528.0 -683.0 -404.0
-403.0 -1098.0 -426.0 -479.0 -417.0
-619.0 -836.0 -589.0 -663.0 -372.0
-359.0 -899.0 -357.0 -722.0 -302.0
-667.0 -657.0 -660.0 -398.0 -639.0
-452.0 -1011.0 -473.0 -443.0 -545.0
-322.0 -1000.0 -434.0 -661.0 -294.0
-649.0 -569.0 -470.0 -750.0 -530.0
-649.0 -951.0 -494.0 -621.0 -319.0
-550.0 -763.0 -566.0 -673.0 -535.0
-513.0 -848.0 -580.0 -627.0 -480.0
-490.0 -743.0 -531.0 -771.0 -414.0
-456.0 -870.0 -495.0 -698.0 -366.0
-530.0 -697.0 -525.0 -710.0 -559.0
-568.0 -1069.0 -392.0 -425.0 -376.0
-612.0 -727.0 -623.0 -548.0 -619.0
-330.0 -929.0 -444.0 -696.0 -163.0
-435.0 -598.0 -580.0 -751.0 -584.0
-556.0 -645.0 -646.0 -693.0 -538.0
-514.0 -1017.0 -492.0 -608.0 -270.0
-570.0 -969.0 -579.0 -441.0 -449.0
-572.0 -1084.0 -432.0 -447.0 -272.0
-379.0 -684.0 -474.0 -793.0 -592.0
-482.0 -1069.0 -430.0 -603.0 -280.0
-576.0 -1061.0 -448.0 -482.0 -328.0
-617.0 -791.0 -643.0 -563.0 -477.0
-452.0 -938.0 -414.0 -689.0 -412.0
-575.0 -816.0 -491.0 -714.0 -393.0
-547.0 -1085.0 -293.0 -486.0 -391.0
-521.0 -959.0 -541.0 -449.0 -512.0
-639.0 -780.0 -576.0 -517.0 -614.0
-726.0 -792.0 -526.0 -534.0 -508.0
-551.0 -1019.0 -488.0 -421.0 -393.0
-408.0 -828.0 -455.0 -743.0 -347.0
-724.0 -855.0 -569.0 -621.0 -296.0
-537.0 -1070.0 -339.0 -494.0 -389.0
-569.0 -740.0 -746.0 -513.0 -569.0
-408.0 -1110.0 -386.0 -479.0 -356.0
-435.0 -1107.0 -402.0 -353.0 -439.0
-469.0 -1089.0 -416.0 -582.0 -298.0
-718.0 -769.0 -503.0 -533.0 -591.0
-724.0 -427.0 -658.0 -257.0 -701.0
-581.0 -670.0 -574.0 -734.0 -442.0
-496.0 -1011.0 -512.0 -394.0 -492.0
-665.0 -703.0 -527.0 -662.0 -583.0
-710.0 -607.0 -650.0 -348.0 -691.0
-726.0 -716.0 -606.0 -469.0 -591.0
-742.0 -602.0 -604.0 -575.0 -538.0
-599.0 -770.0 -548.0 -700.0 -396.0
-601.0 -345.0 -564.0 -712.0 -601.0
-550.0 -911.0 -479.0 -636.0 -494.0
-464.0 -858.0 -406.0 -666.0 -554.0
-619.0 -605.0 -425.0 -761.0 -554.0
-639.0 -673.0 -660.0 -536.0 -622.0
-719.0 -429.0 -701.0 -261.0 -653.0
-586.0 -1081.0 -491.0 -402.0 -213.0
-655.0 -429.0 -503.0 -700.0 -602.0
-423.0 -984.0 -292.0 -643.0 -471.0
-775.0 -377.0 -676.0 -271.0 -675.0
-608.0 -790.0 -675.0 -526.0 -521.0
-696.0 -916.0 -586.0 -513.0 -361.0
-547.0 -813.0 -567.0 -668.0 -453.0
-589.0 -1041.0 -462.0 -503.0 -310.0
-662.0 -1003.0 -468.0 -505.0 -310.0
-419.0 -1015.0 -458.0 -612.0 -281.0
-620.0 -1050.0 -422.0 -515.0 -307.0
-537.0 -823.0 -548.0 -548.0 -642.0
-425.0 -1123.0 -298.0 -511.0 -321.0
-580.0 -876.0 -657.0 -517.0 -422.0
-692.0 -465.0 -604.0 -694.0 -565.0
-711.0 -800.0 -552.0 -481.0 -531.0
-471.0 -771.0 -470.0 -724.0 -467.0
-524.0 -973.0 -417.0 -647.0 -359.0
-650.0 -803.0 -434.0 -641.0 -575.0
-621.0 -868.0 -536.0 -538.0 -495.0
-448.0 -985.0 -371.0 -638.0 -420.0
-600.0 -789.0 -402.0 -669.0 -523.0
-498.0 -807.0 -458.0 -700.0 -505.0
-460.0 -613.0 -467.0 -803.0 -425.0
-747.0 -687.0 -583.0 -596.0 -551.0
-746.0 -579.0 -620.0 -610.0 -594.0
-582.0 -824.0 -507.0 -643.0 -524.0
-495.0 -535.0 -487.0 -805.0 -436.0
-640.0 -939.0 -615.0 -528.0 -356.0
-572.0 -877.0 -676.0 -392.0 -546.0
-664.0 -824.0 -549.0 -533.0 -482.0
-378.0 -844.0 -386.0 -738.0 -524.0
-546.0 -1119.0 -266.0 -500.0 -244.0
-596.0 -555.0 -594.0 -695.0 -585.0
-299.0 -951.0 -368.0 -686.0 -230.0
-408.0 -840.0 -492.0 -681.0 -532.0
-694.0 -839.0 -639.0 -496.0 -443.0
-529.0 -852.0 -523.0 -655.0 -502.0
-632.0 -920.0 -433.0 -609.0 -525.0
-569.0 -1079.0 -315.0 -368.0 -411.0
-448.0 -545.0 -545.0 -770.0 -621.0
-773.0 -651.0 -589.0 -418.0 -651.0
-613.0 -692.0 -663.0 -667.0 -479.0
-363.0 -852.0 -400.0 -773.0 -294.0
-428.0 -706.0 -447.0 -768.0 -561.0
-563.0 -1064.0 -462.0 -427.0 -321.0
-605.0 -290.0 -648.0 -647.0 -664.0
-536.0 -1109.0 -487.0 -537.0 -200.0
-465.0 -1112.0 -400.0 -547.0 -242.0
-574.0 -1035.0 -555.0 -606.0 -207.0
-539.0 -954.0 -720.0 -315.0 -415.0
-342.0 -753.0 -363.0 -800.0 -313.0
-568.0 -1019.0 -401.0 -522.0 -461.0
-433.0 -1086.0 -340.0 -558.0 -430.0
-536.0 -1000.0 -344.0 -640.0 -325.0
-445.0 -755.0 -478.0 -727.0 -587.0
-757.0 -478.0 -529.0 -645.0 -603.0
-567.0 -799.0 -547.0 -522.0 -647.0
-763.0 -551.0 -638.0 -503.0 -621.0
-359.0 -715.0 -529.0 -804.0 -409.0
-619.0 -739.0 -493.0 -689.0 -579.0
-539.0 -1115.0 -270.0 -379.0 -435.0
-572.0 -758.0 -451.0 -745.0 -445.0
-701.0 -694.0 -585.0 -563.0 -525.0
-609.0 -1016.0 -607.0 -429.0 -221.0
-417.0 -776.0 -376.0 -784.0 -289.0
-429.0 -690.0 -389.0 -773.0 -570.0
-653.0 -784.0 -633.0 -380.0 -620.0
-475.0 -1077.0 -404.0 -358.0 -422.0
-481.0 -896.0 -448.0 -724.0 -279.0
-533.0 -820.0 -695.0 -550.0 -471.0
-644.0 -792.0 -484.0 -644.0 -550.0
-583.0 -880.0 -490.0 -687.0 -324.0
-560.0 -912.0 -544.0 -481.0 -556.0
-655.0 -841.0 -494.0 -585.0 -523.0
-661.0 -709.0 -669.0 -234.0 -639.0
-800.0 -843.0 -412.0 -545.0 -464.0
-546.0 -928.0 -578.0 -602.0 -491.0
-751.0 -516.0 -615.0 -586.0 -640.0
-535.0 -843.0 -465.0 -699.0 -390.0
-539.0 -868.0 -494.0 -648.0 -537.0
-599.0 -632.0 -523.0 -728.0 -588.0
-701.0 -773.0 -511.0 -653.0 -581.0
-715.0 -605.0 -523.0 -665.0 -574.0
-535.0 -990.0 -667.0 -397.0 -402.0
-462.0 -881.0 -459.0 -697.0 -390.0
-306.0 -407.0 -475.0 -820.0 -588.0
-315.0 -822.0 -397.0 -756.0 -460.0
-545.0 -828.0 -643.0 -549.0 -493.0
-517.0 -904.0 -404.0 -671.0 -400.0
-464.0 -1129.0 -284.0 -414.0 -341.0
-406.0 -550.0 -470.0 -802.0 -561.0
-251.0 -470.0 -424.0 -815.0 -598.0
-700.0 -787.0 -490.0 -597.0 -524.0
-576.0 -783.0 -480.0 -694.0 -592.0
-542.0 -893.0 -649.0 -485.0 -582.0
-494.0 -1033.0 -384.0 -498.0 -493.0
-417.0 -829.0 -423.0 -780.0 -303.0
-546.0 -1030.0 -468.0 -568.0 -324.0
-513.0 -800.0 -567.0 -713.0 -389.0
-661.0 -678.0 -498.0 -713.0 -436.0
-368.0 -549.0 -548.0 -811.0 -396.0
-411.0 -1070.0 -385.0 -592.0 -365.0
-404.0 -862.0 -492.0 -696.0 -513.0
-510.0 -712.0 -476.0 -760.0 -597.0
-656.0 -844.0 -461.0 -590.0 -507.0
-293.0 -668.0 -410.0 -816.0 -391.0
-478.0 -222.0 -613.0 -736.0 -625.0
-711.0 -793.0 -554.0 -573.0 -466.0
-472.0 -1099.0 -312.0 -553.0 -261.0
-727.0 -899.0 -485.0 -471.0 -464.0
-634.0 -923.0 -651.0 -377.0 -394.0
-591.0 -1009.0 -565.0 -332.0 -387.0
-580.0 -779.0 -561.0 -543.0 -629.0
-498.0 -1088.0 -438.0 -207.0 -351.0
-345.0 -999.0 -381.0 -658.0 -370.0
-600.0 -1010.0 -519.0 -624.0 -264.0
-677.0 -441.0 -674.0 -499.0 -695.0
-383.0 -1024.0 -389.0 -627.0 -329.0
-635.0 -648.0 -684.0 -524.0 -617.0
-482.0 -958.0 -329.0 -685.0 -448.0
-514.0 -948.0 -523.0 -357.0 -603.0
-405.0 -700.0 -466.0 -790.0 -472.0
-711.0 -683.0 -612.0 -417.0 -625.0
-632.0 -793.0 -664.0 -511.0 -595.0
-456.0 -826.0 -507.0 -709.0 -469.0
-782.0 -601.0 -542.0 -551.0 -599.0
-671.0 -491.0 -585.0 -654.0 -596.0
-506.0 -743.0 -468.0 -724.0 -556.0
-537.0 -472.0 -588.0 -708.0 -592.0
-685.0 -1011.0 -476.0 -342.0 -376.0
-613.0 -446.0 -480.0 -705.0 -658.0
-444.0 -650.0 -464.0 -775.0 -580.0
-629.0 -700.0 -693.0 -360.0 -617.0
-697.0 -935.0 -440.0 -482.0 -488.0
-559.0 -1021.0 -547.0 -507.0 -274.0
-632.0 -1015.0 -554.0 -426.0 -297.0
-386.0 -903.0 -238.0 -703.0 -377.0
-726.0 -807.0 -404.0 -618.0 -581.0
-353.0 -928.0 -391.0 -693.0 -239.0
-419.0 -884.0 -435.0 -673.0 -463.0
-529.0 -1013.0 -432.0 -634.0 -306.0
-382.0 -1116.0 -263.0 -546.0 -424.0
-512.0 -1050.0 -494.0 -490.0 -391.0
-598.0 -912.0 -547.0 -420.0 -567.0
-489.0 -1051.0 -511.0 -420.0 -367.0
-451.0 -561.0 -583.0 -779.0 -429.0
-616.0 -672.0 -424.0 -703.0 -642.0
