-523.0 -422.0 -510.0 -400.0 -803.0
-653.0 -493.0 -697.0 -462.0 -705.0
-745.0 -671.0 -622.0 -677.0 -418.0
-642.0 -847.0 -712.0 -479.0 -453.0
-578.0 -849.0 -555.0 -444.0 -667.0
-634.0 -870.0 -611.0 -528.0 -513.0
-728.0 -640.0 -642.0 -473.0 -663.0
-570.0 -566.0 -513.0 -409.0 -771.0
-696.0 -884.0 -585.0 -596.0 -338.0
-574.0 -544.0 -513.0 -394.0 -790.0
-609.0 -549.0 -545.0 -405.0 -753.0
-615.0 -1001.0 -601.0 -592.0 -328.0
-718.0 -515.0 -648.0 -465.0 -703.0
-663.0 -627.0 -717.0 -522.0 -625.0
-599.0 -891.0 -699.0 -484.0 -466.0
-600.0 -665.0 -456.0 -479.0 -745.0
-740.0 -595.0 -564.0 -427.0 -704.0
-708.0 -756.0 -636.0 -631.0 -363.0
-422.0 -381.0 -440.0 -470.0 -815.0
-471.0 -308.0 -473.0 -338.0 -837.0
-321.0 -88.0 -477.0 -313.0 -840.0
-499.0 -456.0 -478.0 -438.0 -792.0
-346.0 -322.0 -592.0 -411.0 -822.0
-597.0 -819.0 -462.0 -518.0 -683.0
-597.0 -536.0 -662.0 -425.0 -729.0
-488.0 -558.0 -514.0 -513.0 -759.0
-580.0 -630.0 -593.0 -548.0 -699.0
-624.0 -622.0 -564.0 -490.0 -718.0
-546.0 -928.0 -578.0 -602.0 -491.0
-686.0 -539.0 -513.0 -346.0 -757.0
-701.0 -773.0 -511.0 -653.0 -581.0
-396.0 -220.0 -438.0 -382.0 -839.0
-656.0 -467.0 -655.0 -459.0 -726.0
-576.0 -488.0 -486.0 -271.0 -811.0
-330.0 21.0 -531.0 -332.0 -846.0
-632.0 -793.0 -664.0 -511.0 -595.0
