-532.0 -522.0 -532.0 -362.0 -417.0
-186.0 -725.0 -610.0 -643.0 -615.0
-316.0 -556.0 -730.0 -594.0 -501.0
-391.0 -610.0 -518.0 -540.0 -500.0
-574.0 -370.0 -469.0 -285.0 -464.0
-502.0 -535.0 -515.0 -398.0 -453.0
-626.0 -412.0 -410.0 -281.0 -400.0
-400.0 -449.0 -626.0 -571.0 -489.0
-663.0 -324.0 -268.0 -230.0 -373.0
-426.0 -540.0 -487.0 -568.0 -530.0
-234.0 -540.0 -829.0 -562.0 -550.0
-567.0 -464.0 -369.0 -411.0 -404.0
-525.0 -472.0 -529.0 -389.0 -460.0
-639.0 -409.0 -325.0 -289.0 -378.0
-457.0 -539.0 -401.0 -553.0 -514.0
-231.0 -648.0 -686.0 -646.0 -556.0
-489.0 -538.0 -600.0 -390.0 -475.0
-150.0 -661.0 -660.0 -758.0 -625.0
-545.0 -519.0 -447.0 -370.0 -395.0
-642.0 -369.0 -346.0 -274.0 -393.0
-493.0 -420.0 -600.0 -434.0 -466.0
-232.0 -628.0 -662.0 -673.0 -556.0
-655.0 -366.0 -261.0 -282.0 -371.0
30.0 -744.0 -835.0 -595.0 -709.0
-98.0 -628.0 -772.0 -672.0 -640.0
-300.0 -618.0 -773.0 -553.0 -509.0
-443.0 -513.0 -529.0 -473.0 -526.0
-588.0 -403.0 -434.0 -360.0 -389.0
-227.0 -568.0 -747.0 -661.0 -583.0
-433.0 -354.0 -662.0 -545.0 -535.0
-307.0 -717.0 -622.0 -563.0 -512.0
-383.0 -563.0 -714.0 -484.0 -496.0
-440.0 -551.0 -451.0 -536.0 -519.0
-544.0 -514.0 -459.0 -349.0 -465.0
-317.0 -612.0 -532.0 -560.0 -666.0
-320.0 -714.0 -537.0 -571.0 -490.0
-560.0 -471.0 -395.0 -342.0 -458.0
-422.0 -531.0 -616.0 -500.0 -480.0
-336.0 -552.0 -702.0 -552.0 -494.0
-68.0 -645.0 -759.0 -726.0 -674.0
-596.0 -425.0 -393.0 -317.0 -436.0
