-106.0 -246.0 -155.0 -338.0 -390.0
-344.0 -228.0 -259.0 -417.0 -140.0
-104.0 -194.0 -339.0 -328.0 -369.0
-254.0 -428.0 -122.0 -338.0 -141.0
-331.0 -268.0 -5.0 -255.0 -397.0
-179.0 9.0 -399.0 -479.0 -348.0
-347.0 -56.0 -107.0 -329.0 -426.0
-264.0 -229.0 -28.0 -329.0 -394.0
-201.0 -243.0 0.0 -360.0 -414.0
-263.0 -371.0 -217.0 -330.0 -290.0
-257.0 -309.0 -206.0 -325.0 -345.0
-483.0 -96.0 -310.0 -419.0 -111.0
-345.0 -299.0 -142.0 -454.0 -196.0
-324.0 -260.0 -225.0 -333.0 -319.0
-281.0 -211.0 -135.0 -414.0 -340.0
-434.0 -16.0 -312.0 -431.0 -219.0
-339.0 69.0 -402.0 -413.0 -355.0
-314.0 17.0 -384.0 -426.0 -314.0
-308.0 -133.0 -371.0 -413.0 -324.0
-234.0 -319.0 -145.0 -360.0 -317.0
-236.0 -326.0 -179.0 -377.0 -298.0
-171.0 -141.0 -217.0 -320.0 -403.0
-196.0 -187.0 -235.0 -311.0 -392.0
-358.0 -116.0 -312.0 -476.0 -174.0
-232.0 -267.0 -329.0 -350.0 -296.0
-247.0 -220.0 -177.0 -337.0 -369.0
-384.0 31.0 -385.0 -409.0 -320.0
-286.0 102.0 -207.0 -372.0 -422.0
-239.0 -172.0 -244.0 -430.0 -379.0
-258.0 -314.0 -340.0 -376.0 -134.0
-304.0 -223.0 33.0 -302.0 -405.0
-407.0 -1.0 -447.0 -394.0 -69.0
-199.0 -33.0 -300.0 -364.0 -473.0
-382.0 -46.0 -213.0 -347.0 -413.0
-281.0 -245.0 -136.0 -362.0 -357.0
-116.0 -112.0 -205.0 -340.0 -410.0
-290.0 -111.0 -38.0 -335.0 -404.0
-385.0 -176.0 -415.0 -365.0 -4.0
-125.0 -404.0 -69.0 -321.0 -287.0
-340.0 -245.0 -298.0 -358.0 -304.0
-251.0 -206.0 -290.0 -431.0 -355.0
-279.0 -391.0 -129.0 -304.0 -299.0
-299.0 -312.0 -207.0 -346.0 -278.0
-268.0 -362.0 -217.0 -354.0 -112.0
-341.0 -296.0 72.0 -283.0 -376.0
-181.0 106.0 -331.0 -427.0 -417.0
-274.0 -380.0 -175.0 -282.0 -192.0
-241.0 -421.0 5.0 -314.0 -225.0
-156.0 -197.0 -198.0 -342.0 -398.0
-387.0 -49.0 -394.0 -450.0 -18.0
-228.0 -381.0 -111.0 -312.0 -303.0
-471.0 -1.0 -359.0 -319.0 -288.0
-433.0 39.0 -410.0 -364.0 -126.0
-334.0 -274.0 -144.0 -419.0 -280.0
-237.0 -354.0 -127.0 -335.0 -349.0
-244.0 120.0 -359.0 -396.0 -397.0
-428.0 -28.0 -289.0 -393.0 -206.0
-369.0 -176.0 -277.0 -404.0 -181.0
-232.0 -396.0 -146.0 -288.0 -215.0
-276.0 -188.0 -387.0 -352.0 -268.0
-424.0 -62.0 -197.0 -433.0 -359.0
-398.0 -1.0 -307.0 -406.0 -303.0
-323.0 -154.0 -375.0 -403.0 -172.0
-271.0 -163.0 -258.0 -436.0 -362.0
-392.0 -209.0 -264.0 -366.0 -235.0
-143.0 -54.0 -378.0 -451.0 -407.0
-221.0 -280.0 -258.0 -391.0 -328.0
-309.0 -202.0 -336.0 -385.0 -89.0
-349.0 -261.0 50.0 -298.0 -370.0
-280.0 -139.0 -372.0 -405.0 -199.0
-298.0 -208.0 -296.0 -389.0 -354.0
-277.0 -143.0 0.0 -315.0 -459.0
-357.0 -145.0 -136.0 -317.0 -402.0
-460.0 -6.0 -448.0 -317.0 -118.0
-330.0 -356.0 -187.0 -328.0 -69.0
-207.0 -99.0 -90.0 -392.0 -422.0
-318.0 -103.0 -201.0 -339.0 -388.0
-402.0 -163.0 -379.0 -364.0 -95.0
-212.0 -230.0 -71.0 -319.0 -382.0
-297.0 -107.0 -364.0 -377.0 -334.0
-365.0 88.0 -285.0 -470.0 -393.0
-271.0 89.0 -401.0 -493.0 -332.0
-152.0 -449.0 -107.0 -274.0 -279.0
-350.0 -172.0 -262.0 -397.0 -285.0
-131.0 -199.0 -90.0 -437.0 -377.0
-292.0 -305.0 -101.0 -290.0 -364.0
-408.0 31.0 -301.0 -405.0 -381.0
-88.0 -262.0 -220.0 -402.0 -347.0
-312.0 -226.0 -179.0 -332.0 -343.0
