133.0 128.0 57.0 92.0
56.0 165.0 119.0 110.0
44.0 160.0 154.0 147.0
98.0 129.0 68.0 101.0
146.0 167.0 68.0 64.0
64.0 150.0 147.0 80.0
65.0 151.0 99.0 127.0
65.0 153.0 112.0 101.0
46.0 168.0 157.0 124.0
117.0 127.0 58.0 107.0
75.0 169.0 80.0 135.0
57.0 157.0 111.0 127.0
61.0 156.0 105.0 121.0
123.0 140.0 115.0 51.0
76.0 151.0 83.0 116.0
46.0 183.0 142.0 161.0
75.0 160.0 96.0 96.0
44.0 167.0 157.0 141.0
80.0 155.0 89.0 93.0
63.0 125.0 140.0 85.0
101.0 140.0 66.0 105.0
101.0 126.0 60.0 124.0
64.0 156.0 103.0 110.0
89.0 139.0 78.0 97.0
51.0 162.0 136.0 120.0
90.0 125.0 91.0 80.0
108.0 156.0 124.0 53.0
113.0 151.0 105.0 56.0
96.0 177.0 60.0 149.0
70.0 136.0 105.0 95.0
59.0 162.0 129.0 96.0
121.0 156.0 51.0 123.0
108.0 145.0 57.0 128.0
48.0 140.0 166.0 113.0
151.0 143.0 41.0 132.0
60.0 155.0 115.0 107.0
72.0 143.0 90.0 113.0
60.0 166.0 107.0 113.0
106.0 151.0 60.0 116.0
128.0 116.0 50.0 116.0
116.0 148.0 69.0 77.0
83.0 136.0 108.0 74.0
162.0 132.0 42.0 116.0
47.0 162.0 134.0 162.0
106.0 158.0 64.0 105.0
64.0 143.0 130.0 88.0
51.0 181.0 128.0 137.0
141.0 144.0 119.0 48.0
178.0 147.0 82.0 54.0
117.0 159.0 90.0 60.0
59.0 171.0 110.0 129.0
65.0 149.0 100.0 107.0
69.0 135.0 137.0 75.0
50.0 158.0 126.0 147.0
42.0 151.0 165.0 142.0
144.0 166.0 140.0 44.0
72.0 129.0 130.0 71.0
86.0 154.0 104.0 74.0
120.0 141.0 55.0 113.0
65.0 154.0 156.0 77.0
136.0 146.0 119.0 49.0
99.0 121.0 107.0 63.0
92.0 139.0 74.0 98.0
135.0 148.0 55.0 89.0
154.0 170.0 95.0 50.0
78.0 167.0 78.0 123.0
52.0 177.0 126.0 134.0
165.0 169.0 99.0 47.0
110.0 148.0 57.0 118.0
88.0 144.0 79.0 95.0
91.0 182.0 68.0 119.0
166.0 162.0 124.0 43.0
103.0 132.0 71.0 88.0
79.0 168.0 85.0 103.0
58.0 154.0 126.0 104.0
134.0 143.0 52.0 101.0
131.0 161.0 76.0 61.0
91.0 140.0 69.0 118.0
146.0 140.0 139.0 45.0
92.0 145.0 80.0 85.0
50.0 154.0 147.0 117.0
154.0 137.0 40.0 129.0
66.0 136.0 146.0 74.0
102.0 141.0 100.0 62.0
87.0 136.0 138.0 61.0
82.0 169.0 82.0 99.0
64.0 151.0 99.0 134.0
80.0 151.0 123.0 70.0
43.0 166.0 158.0 161.0
100.0 159.0 59.0 138.0
66.0 164.0 96.0 117.0
84.0 158.0 75.0 112.0
85.0 148.0 147.0 61.0
106.0 148.0 59.0 118.0
136.0 141.0 57.0 82.0
63.0 166.0 108.0 112.0
89.0 138.0 80.0 92.0
72.0 163.0 87.0 118.0
81.0 172.0 75.0 116.0
166.0 154.0 130.0 42.0
58.0 123.0 159.0 85.0
115.0 135.0 49.0 141.0
88.0 169.0 73.0 104.0
49.0 139.0 153.0 111.0
69.0 144.0 105.0 98.0
109.0 145.0 51.0 141.0
110.0 130.0 70.0 82.0
112.0 137.0 113.0 55.0
98.0 167.0 67.0 105.0
101.0 121.0 92.0 68.0
98.0 154.0 64.0 115.0
53.0 156.0 121.0 135.0
64.0 172.0 121.0 92.0
53.0 172.0 144.0 104.0
69.0 138.0 124.0 82.0
76.0 152.0 98.0 86.0
92.0 153.0 95.0 72.0
69.0 152.0 89.0 126.0
103.0 139.0 57.0 139.0
63.0 141.0 139.0 86.0
107.0 151.0 65.0 95.0
75.0 138.0 91.0 107.0
136.0 130.0 52.0 93.0
109.0 168.0 67.0 90.0
58.0 169.0 145.0 92.0
122.0 148.0 57.0 102.0
61.0 148.0 112.0 104.0
67.0 170.0 90.0 155.0
116.0 151.0 61.0 94.0
64.0 138.0 135.0 86.0
127.0 138.0 45.0 143.0
182.0 166.0 101.0 46.0
100.0 130.0 69.0 100.0
120.0 134.0 53.0 121.0
157.0 141.0 39.0 126.0
76.0 143.0 86.0 102.0
45.0 147.0 157.0 127.0
144.0 147.0 71.0 63.0
136.0 135.0 44.0 129.0
88.0 159.0 81.0 90.0
67.0 160.0 95.0 120.0
144.0 149.0 104.0 50.0
70.0 161.0 89.0 124.0
100.0 145.0 62.0 124.0
83.0 147.0 136.0 63.0
116.0 146.0 62.0 89.0
146.0 151.0 67.0 66.0
75.0 128.0 121.0 72.0
62.0 154.0 106.0 115.0
89.0 125.0 95.0 77.0
45.0 164.0 168.0 125.0
90.0 166.0 68.0 125.0
45.0 150.0 174.0 121.0
47.0 169.0 151.0 122.0
71.0 160.0 93.0 108.0
52.0 148.0 139.0 115.0
57.0 147.0 147.0 95.0
104.0 149.0 117.0 56.0
116.0 151.0 56.0 114.0
116.0 144.0 77.0 66.0
69.0 143.0 106.0 93.0
93.0 157.0 119.0 61.0
112.0 143.0 52.0 134.0
107.0 158.0 53.0 160.0
113.0 152.0 62.0 99.0
68.0 136.0 123.0 85.0
136.0 142.0 142.0 45.0
76.0 155.0 95.0 96.0
59.0 162.0 113.0 113.0
62.0 143.0 125.0 89.0
73.0 158.0 84.0 124.0
147.0 159.0 109.0 49.0
105.0 153.0 54.0 146.0
68.0 159.0 96.0 113.0
132.0 154.0 138.0 46.0
118.0 166.0 61.0 84.0
66.0 147.0 109.0 104.0
192.0 144.0 86.0 53.0
109.0 174.0 59.0 109.0
95.0 172.0 62.0 133.0
65.0 163.0 138.0 82.0
121.0 144.0 48.0 146.0
118.0 159.0 59.0 100.0
64.0 148.0 139.0 81.0
109.0 138.0 72.0 81.0
95.0 128.0 88.0 76.0
114.0 144.0 92.0 59.0
133.0 154.0 49.0 115.0
120.0 159.0 58.0 103.0
125.0 135.0 54.0 104.0
52.0 156.0 152.0 101.0
128.0 141.0 142.0 48.0
108.0 130.0 98.0 59.0
75.0 142.0 117.0 76.0
70.0 173.0 98.0 105.0
107.0 148.0 61.0 114.0
60.0 169.0 114.0 109.0
72.0 142.0 113.0 84.0
151.0 148.0 43.0 121.0
110.0 126.0 86.0 67.0
109.0 158.0 75.0 76.0
87.0 159.0 70.0 117.0
110.0 144.0 69.0 83.0
54.0 139.0 138.0 107.0
64.0 146.0 114.0 97.0
117.0 139.0 135.0 50.0
75.0 141.0 116.0 78.0
95.0 150.0 67.0 117.0
107.0 141.0 55.0 138.0
70.0 160.0 95.0 113.0
85.0 167.0 73.0 105.0
81.0 144.0 80.0 100.0
97.0 128.0 77.0 85.0
73.0 147.0 166.0 66.0
70.0 153.0 97.0 112.0
80.0 135.0 125.0 67.0
106.0 141.0 63.0 107.0
78.0 147.0 89.0 98.0
140.0 152.0 123.0 47.0
58.0 157.0 113.0 116.0
46.0 187.0 145.0 142.0
90.0 118.0 99.0 74.0
61.0 140.0 165.0 83.0
72.0 150.0 86.0 128.0
129.0 132.0 49.0 119.0
81.0 166.0 77.0 112.0
108.0 165.0 61.0 113.0
51.0 178.0 122.0 159.0
47.0 126.0 167.0 111.0
61.0 143.0 123.0 100.0
97.0 143.0 79.0 80.0
79.0 133.0 109.0 76.0
120.0 157.0 60.0 97.0
87.0 133.0 132.0 63.0
88.0 138.0 106.0 68.0
133.0 141.0 99.0 52.0
117.0 126.0 121.0 51.0
91.0 141.0 131.0 58.0
64.0 170.0 102.0 112.0
66.0 151.0 127.0 85.0
88.0 190.0 67.0 139.0
155.0 132.0 89.0 51.0
74.0 143.0 149.0 67.0
70.0 134.0 122.0 80.0
97.0 184.0 64.0 121.0
96.0 140.0 78.0 85.0
49.0 152.0 148.0 114.0
132.0 138.0 55.0 94.0
109.0 139.0 82.0 71.0
92.0 160.0 69.0 109.0
68.0 155.0 116.0 87.0
62.0 153.0 114.0 102.0
46.0 148.0 151.0 127.0
112.0 151.0 138.0 51.0
115.0 162.0 73.0 77.0
155.0 146.0 150.0 43.0
84.0 177.0 78.0 99.0
123.0 140.0 108.0 54.0
46.0 172.0 147.0 137.0
104.0 140.0 55.0 153.0
128.0 147.0 59.0 90.0
115.0 148.0 50.0 137.0
67.0 141.0 116.0 90.0
96.0 154.0 119.0 60.0
109.0 148.0 52.0 139.0
80.0 152.0 99.0 84.0
67.0 173.0 121.0 89.0
132.0 144.0 52.0 102.0
64.0 143.0 134.0 87.0
104.0 145.0 74.0 78.0
90.0 145.0 72.0 107.0
139.0 163.0 135.0 46.0
74.0 144.0 108.0 85.0
57.0 149.0 116.0 121.0
121.0 143.0 55.0 107.0
61.0 157.0 125.0 97.0
58.0 165.0 106.0 133.0
107.0 135.0 136.0 52.0
132.0 138.0 120.0 50.0
139.0 124.0 49.0 105.0
77.0 168.0 90.0 101.0
85.0 143.0 109.0 72.0
107.0 152.0 91.0 67.0
79.0 149.0 103.0 83.0
77.0 154.0 152.0 66.0
55.0 143.0 136.0 107.0
96.0 168.0 61.0 140.0
65.0 154.0 131.0 85.0
68.0 142.0 168.0 72.0
162.0 152.0 59.0 79.0
69.0 162.0 101.0 100.0
55.0 142.0 153.0 93.0
87.0 130.0 106.0 69.0
134.0 161.0 115.0 50.0
73.0 145.0 129.0 73.0
60.0 145.0 126.0 94.0
127.0 160.0 63.0 77.0
78.0 169.0 79.0 117.0
76.0 140.0 97.0 89.0
116.0 147.0 92.0 58.0
108.0 168.0 62.0 111.0
94.0 130.0 97.0 71.0
111.0 158.0 114.0 56.0
80.0 168.0 87.0 98.0
130.0 142.0 56.0 93.0
95.0 147.0 102.0 68.0
117.0 149.0 59.0 103.0
69.0 140.0 161.0 72.0
82.0 137.0 144.0 62.0
59.0 150.0 108.0 132.0
105.0 138.0 57.0 134.0
89.0 139.0 87.0 83.0
134.0 151.0 91.0 55.0
103.0 120.0 94.0 65.0
102.0 163.0 66.0 101.0
99.0 142.0 89.0 73.0
77.0 151.0 109.0 80.0
70.0 165.0 86.0 155.0
70.0 157.0 92.0 120.0
97.0 151.0 149.0 55.0
93.0 179.0 68.0 111.0
55.0 184.0 111.0 156.0
71.0 150.0 89.0 117.0
108.0 160.0 58.0 116.0
100.0 146.0 70.0 96.0
107.0 135.0 86.0 68.0
102.0 130.0 68.0 100.0
64.0 172.0 100.0 121.0
86.0 165.0 77.0 101.0
115.0 159.0 134.0 51.0
100.0 140.0 78.0 82.0
132.0 151.0 53.0 101.0
102.0 164.0 57.0 151.0
72.0 155.0 99.0 98.0
100.0 142.0 113.0 59.0
124.0 153.0 56.0 100.0
113.0 130.0 69.0 81.0
116.0 132.0 74.0 73.0
54.0 144.0 151.0 98.0
132.0 169.0 58.0 85.0
67.0 156.0 92.0 139.0
73.0 149.0 97.0 102.0
62.0 178.0 99.0 163.0
129.0 158.0 68.0 67.0
84.0 176.0 70.0 125.0
90.0 163.0 77.0 93.0
148.0 144.0 40.0 140.0
135.0 160.0 137.0 48.0
94.0 155.0 69.0 105.0
149.0 150.0 52.0 91.0
71.0 169.0 105.0 92.0
127.0 152.0 61.0 79.0
173.0 145.0 96.0 47.0
47.0 166.0 137.0 143.0
124.0 159.0 55.0 106.0
84.0 134.0 133.0 62.0
113.0 158.0 77.0 74.0
102.0 138.0 95.0 66.0
121.0 140.0 78.0 64.0
99.0 147.0 75.0 83.0
150.0 160.0 103.0 49.0
74.0 143.0 97.0 99.0
73.0 145.0 88.0 112.0
58.0 138.0 171.0 84.0
95.0 149.0 75.0 91.0
91.0 153.0 80.0 89.0
60.0 162.0 104.0 132.0
93.0 161.0 76.0 89.0
65.0 147.0 117.0 92.0
101.0 160.0 71.0 93.0
131.0 156.0 141.0 48.0
107.0 141.0 123.0 54.0
57.0 138.0 127.0 102.0
148.0 159.0 117.0 45.0
62.0 159.0 123.0 99.0
67.0 149.0 139.0 76.0
79.0 146.0 104.0 82.0
66.0 154.0 102.0 105.0
62.0 152.0 120.0 100.0
45.0 170.0 149.0 143.0
118.0 134.0 50.0 133.0
89.0 136.0 88.0 82.0
75.0 141.0 105.0 82.0
98.0 148.0 122.0 59.0
159.0 143.0 42.0 120.0
98.0 132.0 78.0 84.0
83.0 160.0 74.0 118.0
53.0 145.0 157.0 99.0
92.0 148.0 104.0 67.0
66.0 144.0 113.0 92.0
127.0 159.0 50.0 119.0
63.0 149.0 118.0 97.0
74.0 150.0 103.0 88.0
78.0 153.0 81.0 112.0
93.0 151.0 111.0 65.0
99.0 129.0 70.0 97.0
52.0 159.0 134.0 117.0
132.0 153.0 92.0 56.0
160.0 161.0 99.0 48.0
117.0 161.0 53.0 126.0
52.0 186.0 132.0 121.0
96.0 128.0 82.0 81.0
53.0 159.0 136.0 114.0
103.0 159.0 70.0 90.0
131.0 136.0 135.0 49.0
71.0 159.0 116.0 86.0
76.0 164.0 81.0 125.0
92.0 154.0 64.0 126.0
113.0 147.0 57.0 110.0
81.0 130.0 91.0 90.0
82.0 149.0 116.0 70.0
92.0 131.0 72.0 100.0
115.0 138.0 62.0 96.0
51.0 175.0 135.0 122.0
130.0 120.0 53.0 104.0
69.0 152.0 92.0 121.0
105.0 152.0 70.0 83.0
75.0 144.0 115.0 79.0
148.0 172.0 105.0 49.0
93.0 125.0 143.0 56.0
46.0 169.0 156.0 125.0
69.0 146.0 128.0 81.0
46.0 168.0 144.0 156.0
143.0 135.0 42.0 129.0
51.0 152.0 133.0 124.0
103.0 142.0 59.0 128.0
55.0 161.0 114.0 140.0
63.0 131.0 169.0 77.0
69.0 165.0 88.0 140.0
59.0 144.0 147.0 87.0
116.0 148.0 88.0 62.0
124.0 153.0 138.0 49.0
152.0 143.0 110.0 48.0
90.0 151.0 67.0 129.0
130.0 155.0 48.0 123.0
70.0 170.0 88.0 130.0
114.0 139.0 77.0 73.0
96.0 144.0 88.0 74.0
132.0 146.0 80.0 57.0
56.0 174.0 116.0 124.0
61.0 122.0 150.0 86.0
108.0 139.0 107.0 58.0
71.0 125.0 134.0 74.0
108.0 140.0 73.0 80.0
127.0 146.0 54.0 103.0
61.0 171.0 124.0 99.0
60.0 149.0 131.0 92.0
126.0 169.0 107.0 53.0
63.0 149.0 136.0 87.0
93.0 159.0 81.0 82.0
80.0 139.0 95.0 86.0
101.0 129.0 78.0 75.0
108.0 126.0 87.0 63.0
118.0 147.0 85.0 60.0
129.0 160.0 59.0 85.0
54.0 178.0 119.0 137.0
101.0 157.0 65.0 112.0
152.0 138.0 41.0 129.0
79.0 140.0 150.0 63.0
96.0 179.0 68.0 103.0
154.0 163.0 109.0 47.0
51.0 150.0 150.0 109.0
56.0 159.0 135.0 104.0
59.0 127.0 140.0 89.0
54.0 182.0 122.0 118.0
79.0 164.0 79.0 116.0
128.0 137.0 136.0 49.0
106.0 165.0 57.0 132.0
113.0 152.0 56.0 115.0
54.0 179.0 129.0 117.0
115.0 152.0 108.0 55.0
150.0 140.0 43.0 127.0
109.0 140.0 55.0 128.0
107.0 170.0 63.0 104.0
112.0 147.0 86.0 65.0
48.0 157.0 139.0 132.0
59.0 148.0 130.0 94.0
77.0 158.0 80.0 122.0
86.0 148.0 90.0 83.0
80.0 152.0 90.0 92.0
75.0 167.0 82.0 127.0
55.0 158.0 140.0 101.0
75.0 139.0 92.0 102.0
89.0 130.0 92.0 81.0
158.0 148.0 41.0 121.0
53.0 145.0 137.0 112.0
104.0 133.0 127.0 54.0
60.0 136.0 151.0 84.0
109.0 145.0 69.0 84.0
67.0 137.0 132.0 83.0
98.0 164.0 63.0 124.0
79.0 142.0 143.0 66.0
93.0 157.0 62.0 165.0
92.0 147.0 75.0 92.0
100.0 148.0 98.0 64.0
56.0 168.0 110.0 151.0
106.0 123.0 119.0 55.0
59.0 159.0 111.0 117.0
67.0 132.0 128.0 84.0
119.0 152.0 111.0 52.0
80.0 155.0 80.0 107.0
72.0 167.0 85.0 137.0
135.0 130.0 52.0 98.0
53.0 166.0 130.0 115.0
48.0 155.0 154.0 116.0
124.0 155.0 102.0 54.0
64.0 182.0 110.0 105.0
72.0 156.0 120.0 78.0
120.0 159.0 67.0 78.0
110.0 148.0 71.0 81.0
76.0 169.0 79.0 145.0
86.0 155.0 83.0 95.0
102.0 173.0 63.0 110.0
70.0 147.0 154.0 70.0
70.0 171.0 91.0 122.0
58.0 165.0 112.0 121.0
103.0 124.0 105.0 61.0
80.0 154.0 82.0 102.0
124.0 151.0 91.0 58.0
56.0 128.0 149.0 88.0
90.0 148.0 75.0 98.0
155.0 128.0 49.0 98.0
66.0 147.0 111.0 98.0
58.0 149.0 138.0 94.0
110.0 145.0 53.0 137.0
134.0 150.0 76.0 60.0
52.0 179.0 143.0 112.0
107.0 141.0 73.0 81.0
104.0 145.0 93.0 67.0
112.0 146.0 64.0 89.0
145.0 136.0 53.0 89.0
137.0 156.0 128.0 48.0
67.0 132.0 123.0 88.0
126.0 146.0 52.0 111.0
79.0 138.0 130.0 68.0
49.0 144.0 143.0 123.0
109.0 130.0 68.0 86.0
52.0 159.0 151.0 106.0
78.0 142.0 125.0 71.0
68.0 138.0 132.0 80.0
91.0 146.0 71.0 110.0
151.0 148.0 53.0 84.0
91.0 121.0 97.0 73.0
104.0 162.0 68.0 95.0
53.0 178.0 141.0 109.0
75.0 156.0 142.0 69.0
132.0 149.0 54.0 97.0
128.0 135.0 148.0 47.0
118.0 137.0 49.0 139.0
73.0 152.0 87.0 114.0
121.0 168.0 52.0 112.0
80.0 127.0 103.0 80.0
63.0 163.0 117.0 99.0
156.0 151.0 111.0 46.0
81.0 141.0 161.0 61.0
72.0 139.0 109.0 86.0
167.0 149.0 81.0 55.0
98.0 136.0 130.0 57.0
64.0 177.0 96.0 146.0
137.0 140.0 98.0 53.0
93.0 189.0 65.0 120.0
54.0 169.0 131.0 110.0
83.0 163.0 77.0 102.0
68.0 157.0 99.0 111.0
90.0 156.0 66.0 134.0
105.0 161.0 103.0 61.0
129.0 137.0 105.0 51.0
78.0 141.0 149.0 65.0
175.0 159.0 123.0 43.0
114.0 144.0 67.0 83.0
82.0 145.0 128.0 66.0
68.0 146.0 129.0 81.0
95.0 111.0 92.0 72.0
104.0 144.0 86.0 71.0
103.0 162.0 66.0 99.0
105.0 143.0 64.0 106.0
99.0 140.0 160.0 54.0
48.0 166.0 145.0 119.0
120.0 162.0 139.0 49.0
54.0 151.0 149.0 101.0
153.0 147.0 96.0 49.0
115.0 151.0 51.0 135.0
83.0 148.0 107.0 76.0
52.0 181.0 121.0 138.0
74.0 167.0 83.0 121.0
66.0 170.0 91.0 145.0
120.0 154.0 96.0 55.0
107.0 158.0 64.0 96.0
113.0 152.0 86.0 63.0
145.0 122.0 47.0 99.0
110.0 145.0 54.0 134.0
63.0 141.0 110.0 106.0
154.0 162.0 108.0 48.0
90.0 135.0 154.0 57.0
82.0 175.0 73.0 145.0
88.0 143.0 116.0 63.0
130.0 143.0 64.0 72.0
98.0 152.0 96.0 69.0
117.0 152.0 60.0 101.0
80.0 171.0 76.0 122.0
128.0 137.0 52.0 109.0
121.0 168.0 58.0 100.0
147.0 156.0 92.0 51.0
102.0 143.0 79.0 72.0
125.0 160.0 55.0 99.0
109.0 182.0 63.0 94.0
118.0 124.0 55.0 115.0
77.0 136.0 111.0 73.0
52.0 181.0 127.0 126.0
115.0 128.0 53.0 130.0
43.0 152.0 159.0 142.0
94.0 149.0 107.0 66.0
105.0 147.0 69.0 92.0
70.0 134.0 135.0 76.0
71.0 131.0 118.0 80.0
102.0 146.0 117.0 57.0
89.0 155.0 69.0 124.0
78.0 167.0 77.0 173.0
136.0 161.0 55.0 84.0
65.0 150.0 108.0 105.0
66.0 164.0 94.0 127.0
133.0 156.0 126.0 49.0
103.0 148.0 74.0 80.0
134.0 135.0 50.0 103.0
62.0 123.0 157.0 81.0
64.0 168.0 97.0 140.0
53.0 129.0 160.0 93.0
61.0 160.0 103.0 128.0
52.0 168.0 119.0 159.0
82.0 154.0 79.0 109.0
148.0 154.0 75.0 60.0
85.0 164.0 70.0 121.0
45.0 161.0 147.0 147.0
105.0 113.0 88.0 70.0
51.0 170.0 142.0 115.0
83.0 145.0 81.0 99.0
104.0 142.0 109.0 60.0
127.0 157.0 106.0 53.0
53.0 182.0 127.0 121.0
116.0 162.0 65.0 81.0
71.0 172.0 107.0 91.0
127.0 154.0 72.0 64.0
145.0 140.0 41.0 143.0
125.0 138.0 51.0 117.0
123.0 139.0 49.0 131.0
68.0 139.0 112.0 93.0
78.0 170.0 82.0 109.0
124.0 132.0 48.0 127.0
85.0 128.0 95.0 81.0
67.0 160.0 98.0 115.0
125.0 138.0 47.0 130.0
76.0 129.0 109.0 81.0
114.0 134.0 104.0 57.0
112.0 147.0 61.0 102.0
158.0 154.0 93.0 50.0
124.0 133.0 50.0 120.0
102.0 170.0 62.0 112.0
73.0 148.0 93.0 107.0
47.0 182.0 142.0 133.0
135.0 151.0 99.0 51.0
91.0 131.0 83.0 77.0
126.0 132.0 86.0 57.0
78.0 137.0 133.0 69.0
85.0 131.0 114.0 65.0
65.0 116.0 142.0 79.0
117.0 158.0 104.0 56.0
147.0 157.0 91.0 53.0
71.0 143.0 127.0 76.0
68.0 159.0 90.0 129.0
97.0 153.0 71.0 94.0
73.0 145.0 113.0 82.0
105.0 142.0 93.0 66.0
71.0 160.0 147.0 72.0
111.0 152.0 61.0 103.0
47.0 182.0 146.0 124.0
99.0 123.0 87.0 74.0
130.0 136.0 50.0 112.0
56.0 144.0 130.0 107.0
77.0 164.0 92.0 93.0
55.0 155.0 141.0 96.0
90.0 128.0 78.0 90.0
87.0 183.0 68.0 160.0
132.0 136.0 48.0 117.0
130.0 132.0 54.0 99.0
44.0 164.0 178.0 126.0
146.0 147.0 59.0 81.0
67.0 152.0 106.0 104.0
59.0 165.0 128.0 101.0
55.0 168.0 128.0 116.0
91.0 122.0 90.0 75.0
126.0 141.0 53.0 106.0
48.0 142.0 159.0 114.0
89.0 145.0 70.0 111.0
62.0 158.0 101.0 119.0
73.0 144.0 99.0 97.0
106.0 133.0 92.0 65.0
86.0 136.0 84.0 93.0
78.0 156.0 83.0 107.0
92.0 137.0 67.0 123.0
68.0 154.0 111.0 95.0
89.0 136.0 102.0 69.0
55.0 135.0 182.0 91.0
138.0 144.0 51.0 102.0
74.0 160.0 93.0 106.0
57.0 164.0 136.0 99.0
138.0 137.0 116.0 49.0
51.0 141.0 155.0 108.0
111.0 144.0 71.0 79.0
76.0 147.0 111.0 80.0
107.0 143.0 57.0 130.0
82.0 149.0 115.0 72.0
48.0 167.0 138.0 142.0
59.0 140.0 122.0 103.0
119.0 173.0 58.0 104.0
62.0 142.0 149.0 82.0
100.0 157.0 63.0 116.0
113.0 138.0 117.0 52.0
53.0 164.0 116.0 141.0
88.0 130.0 128.0 59.0
112.0 157.0 130.0 52.0
134.0 147.0 45.0 122.0
77.0 144.0 84.0 111.0
70.0 164.0 111.0 90.0
124.0 135.0 49.0 125.0
68.0 149.0 107.0 100.0
134.0 136.0 53.0 100.0
125.0 155.0 56.0 94.0
62.0 137.0 141.0 83.0
70.0 148.0 99.0 101.0
124.0 147.0 68.0 76.0
124.0 147.0 144.0 48.0
70.0 131.0 119.0 83.0
115.0 125.0 54.0 123.0
122.0 139.0 46.0 138.0
64.0 150.0 119.0 95.0
66.0 176.0 131.0 84.0
80.0 138.0 94.0 90.0
82.0 138.0 92.0 85.0
164.0 158.0 105.0 44.0
113.0 143.0 54.0 130.0
80.0 170.0 77.0 117.0
120.0 146.0 69.0 69.0
79.0 142.0 82.0 104.0
112.0 157.0 58.0 115.0
84.0 159.0 82.0 96.0
80.0 138.0 88.0 97.0
171.0 160.0 103.0 45.0
44.0 149.0 164.0 128.0
122.0 161.0 56.0 104.0
103.0 166.0 56.0 165.0
54.0 175.0 113.0 146.0
100.0 152.0 95.0 69.0
146.0 165.0 110.0 49.0
137.0 146.0 46.0 114.0
72.0 160.0 103.0 97.0
90.0 149.0 101.0 73.0
103.0 140.0 73.0 86.0
82.0 163.0 74.0 129.0
78.0 155.0 132.0 70.0
55.0 155.0 130.0 110.0
136.0 143.0 48.0 109.0
76.0 140.0 138.0 67.0
109.0 135.0 56.0 123.0
119.0 164.0 56.0 109.0
126.0 149.0 83.0 60.0
105.0 162.0 58.0 122.0
101.0 142.0 89.0 69.0
98.0 139.0 113.0 60.0
45.0 164.0 152.0 132.0
77.0 167.0 94.0 92.0
161.0 159.0 116.0 45.0
111.0 151.0 75.0 75.0
58.0 151.0 132.0 97.0
152.0 147.0 121.0 44.0
97.0 152.0 61.0 128.0
87.0 164.0 94.0 81.0
60.0 135.0 121.0 105.0
63.0 152.0 109.0 110.0
166.0 130.0 90.0 50.0
185.0 162.0 88.0 51.0
98.0 174.0 66.0 106.0
87.0 153.0 95.0 80.0
142.0 144.0 141.0 45.0
88.0 163.0 68.0 127.0
67.0 140.0 125.0 87.0
115.0 162.0 61.0 98.0
116.0 181.0 60.0 104.0
105.0 157.0 110.0 59.0
118.0 142.0 73.0 66.0
149.0 155.0 114.0 48.0
121.0 131.0 59.0 92.0
110.0 160.0 55.0 124.0
67.0 144.0 135.0 81.0
65.0 159.0 94.0 140.0
74.0 149.0 98.0 96.0
118.0 151.0 72.0 75.0
74.0 138.0 100.0 95.0
63.0 155.0 124.0 92.0
119.0 148.0 48.0 152.0
116.0 154.0 64.0 87.0
47.0 167.0 158.0 121.0
86.0 151.0 92.0 82.0
50.0 178.0 137.0 125.0
101.0 157.0 62.0 122.0
126.0 139.0 129.0 50.0
119.0 142.0 109.0 54.0
85.0 171.0 71.0 115.0
116.0 149.0 103.0 57.0
71.0 157.0 117.0 85.0
124.0 122.0 53.0 109.0
95.0 165.0 72.0 92.0
48.0 166.0 141.0 128.0
50.0 125.0 156.0 106.0
95.0 161.0 76.0 88.0
59.0 176.0 103.0 138.0
59.0 141.0 136.0 93.0
115.0 155.0 59.0 107.0
54.0 145.0 159.0 95.0
50.0 165.0 142.0 123.0
74.0 159.0 89.0 110.0
102.0 145.0 111.0 58.0
132.0 131.0 51.0 106.0
125.0 148.0 65.0 76.0
100.0 157.0 143.0 54.0
73.0 149.0 159.0 69.0
113.0 146.0 66.0 85.0
100.0 156.0 58.0 140.0
118.0 128.0 51.0 128.0
75.0 149.0 84.0 115.0
78.0 150.0 86.0 99.0
92.0 129.0 79.0 89.0
70.0 148.0 130.0 77.0
74.0 142.0 141.0 70.0
98.0 141.0 129.0 58.0
96.0 174.0 59.0 151.0
143.0 144.0 44.0 108.0
47.0 142.0 164.0 117.0
72.0 142.0 98.0 99.0
122.0 149.0 77.0 63.0
116.0 130.0 73.0 76.0
88.0 126.0 80.0 94.0
53.0 164.0 122.0 129.0
99.0 140.0 60.0 130.0
114.0 140.0 81.0 63.0
95.0 123.0 91.0 73.0
101.0 151.0 58.0 137.0
60.0 135.0 137.0 88.0
79.0 172.0 76.0 145.0
57.0 162.0 107.0 154.0
84.0 127.0 129.0 65.0
49.0 174.0 127.0 152.0
77.0 136.0 129.0 71.0
61.0 131.0 144.0 87.0
127.0 146.0 49.0 123.0
99.0 147.0 106.0 65.0
105.0 163.0 66.0 93.0
73.0 153.0 105.0 91.0
56.0 135.0 148.0 95.0
74.0 160.0 102.0 92.0
86.0 164.0 69.0 127.0
52.0 172.0 149.0 107.0
96.0 153.0 108.0 65.0
96.0 148.0 92.0 71.0
107.0 178.0 67.0 91.0
96.0 132.0 134.0 56.0
112.0 133.0 97.0 62.0
63.0 168.0 96.0 147.0
73.0 133.0 126.0 77.0
87.0 134.0 84.0 89.0
126.0 146.0 45.0 163.0
51.0 153.0 167.0 103.0
51.0 126.0 164.0 105.0
94.0 151.0 71.0 95.0
134.0 138.0 43.0 143.0
84.0 129.0 113.0 71.0
67.0 175.0 93.0 122.0
96.0 142.0 118.0 62.0
105.0 138.0 65.0 101.0
142.0 144.0 94.0 53.0
142.0 153.0 97.0 52.0
55.0 165.0 117.0 121.0
96.0 166.0 65.0 113.0
64.0 145.0 106.0 107.0
69.0 149.0 133.0 79.0
65.0 143.0 110.0 104.0
84.0 135.0 131.0 64.0
71.0 165.0 85.0 165.0
81.0 158.0 85.0 94.0
69.0 155.0 93.0 115.0
88.0 133.0 97.0 75.0
86.0 181.0 74.0 102.0
59.0 165.0 115.0 112.0
112.0 128.0 79.0 66.0
69.0 134.0 123.0 83.0
89.0 137.0 72.0 110.0
67.0 154.0 110.0 101.0
118.0 127.0 54.0 122.0
74.0 159.0 95.0 101.0
75.0 149.0 93.0 99.0
44.0 182.0 155.0 146.0
105.0 147.0 56.0 135.0
65.0 158.0 113.0 100.0
73.0 133.0 115.0 81.0
43.0 163.0 168.0 133.0
46.0 140.0 171.0 116.0
114.0 128.0 78.0 70.0
148.0 169.0 66.0 68.0
92.0 145.0 108.0 66.0
68.0 180.0 106.0 102.0
119.0 134.0 71.0 76.0
71.0 142.0 104.0 93.0
72.0 181.0 94.0 105.0
100.0 137.0 91.0 72.0
136.0 153.0 84.0 54.0
71.0 156.0 122.0 79.0
119.0 165.0 54.0 119.0
85.0 136.0 96.0 76.0
107.0 139.0 97.0 64.0
107.0 141.0 77.0 77.0
46.0 153.0 159.0 119.0
57.0 135.0 134.0 101.0
80.0 136.0 133.0 64.0
127.0 150.0 95.0 54.0
103.0 147.0 132.0 53.0
61.0 169.0 101.0 153.0
83.0 176.0 71.0 119.0
175.0 145.0 88.0 52.0
106.0 119.0 108.0 59.0
141.0 128.0 50.0 92.0
127.0 129.0 60.0 86.0
114.0 159.0 52.0 133.0
57.0 144.0 148.0 90.0
107.0 156.0 84.0 69.0
115.0 148.0 55.0 117.0
65.0 159.0 97.0 135.0
56.0 155.0 115.0 129.0
56.0 162.0 126.0 109.0
45.0 167.0 145.0 176.0
65.0 142.0 118.0 90.0
72.0 143.0 88.0 114.0
74.0 169.0 81.0 129.0
90.0 127.0 76.0 97.0
160.0 161.0 80.0 56.0
112.0 138.0 109.0 56.0
81.0 135.0 119.0 68.0
108.0 154.0 52.0 167.0
97.0 167.0 62.0 126.0
66.0 168.0 93.0 137.0
118.0 152.0 65.0 80.0
77.0 158.0 82.0 112.0
79.0 133.0 108.0 80.0
131.0 136.0 45.0 124.0
76.0 141.0 96.0 94.0
72.0 151.0 116.0 83.0
67.0 156.0 112.0 95.0
62.0 171.0 100.0 133.0
73.0 153.0 110.0 83.0
72.0 143.0 91.0 109.0
80.0 149.0 79.0 110.0
131.0 156.0 58.0 90.0
156.0 158.0 63.0 74.0
61.0 146.0 129.0 89.0
117.0 149.0 57.0 108.0
118.0 129.0 56.0 113.0
163.0 158.0 97.0 48.0
57.0 129.0 157.0 87.0
84.0 125.0 102.0 75.0
110.0 135.0 109.0 57.0
62.0 150.0 140.0 86.0
113.0 152.0 50.0 166.0
101.0 125.0 86.0 72.0
71.0 172.0 86.0 129.0
62.0 145.0 124.0 97.0
79.0 147.0 95.0 90.0
144.0 163.0 72.0 61.0
69.0 152.0 112.0 87.0
82.0 171.0 72.0 147.0
58.0 153.0 118.0 112.0
139.0 152.0 47.0 109.0
84.0 134.0 118.0 69.0
84.0 147.0 96.0 83.0
94.0 142.0 63.0 128.0
50.0 162.0 129.0 128.0
81.0 141.0 99.0 77.0
113.0 131.0 78.0 73.0
102.0 140.0 90.0 68.0
69.0 145.0 122.0 84.0
63.0 129.0 143.0 82.0
76.0 163.0 82.0 120.0
84.0 137.0 124.0 67.0
103.0 116.0 128.0 55.0
99.0 147.0 108.0 61.0
114.0 130.0 54.0 129.0
69.0 133.0 119.0 85.0
90.0 142.0 83.0 84.0
75.0 146.0 102.0 86.0
152.0 156.0 114.0 47.0
96.0 129.0 132.0 57.0
130.0 137.0 46.0 135.0
82.0 147.0 85.0 87.0
42.0 183.0 164.0 156.0
47.0 173.0 140.0 137.0
52.0 143.0 164.0 98.0
50.0 155.0 152.0 113.0
97.0 144.0 108.0 62.0
44.0 163.0 158.0 132.0
104.0 148.0 111.0 57.0
148.0 170.0 76.0 58.0
79.0 152.0 91.0 95.0
129.0 157.0 53.0 105.0
61.0 142.0 122.0 101.0
75.0 163.0 98.0 93.0
97.0 140.0 97.0 66.0
51.0 172.0 124.0 155.0
109.0 159.0 57.0 122.0
140.0 124.0 49.0 100.0
91.0 126.0 101.0 71.0
110.0 133.0 98.0 58.0
76.0 134.0 118.0 75.0
96.0 154.0 114.0 64.0
106.0 161.0 69.0 91.0
111.0 127.0 82.0 70.0
55.0 142.0 139.0 102.0
158.0 161.0 108.0 47.0
79.0 149.0 99.0 85.0
132.0 147.0 60.0 75.0
110.0 170.0 115.0 56.0
87.0 156.0 80.0 95.0
87.0 134.0 145.0 58.0
90.0 144.0 119.0 62.0
58.0 149.0 123.0 109.0
52.0 161.0 117.0 162.0
60.0 129.0 181.0 83.0
100.0 144.0 124.0 58.0
79.0 167.0 77.0 129.0
99.0 132.0 73.0 88.0
88.0 136.0 89.0 85.0
105.0 156.0 55.0 144.0
49.0 178.0 130.0 133.0
90.0 139.0 113.0 67.0
69.0 159.0 91.0 125.0
126.0 147.0 63.0 82.0
127.0 157.0 121.0 50.0
144.0 140.0 127.0 46.0
118.0 151.0 96.0 56.0
154.0 163.0 87.0 53.0
109.0 141.0 61.0 106.0
93.0 186.0 64.0 122.0
54.0 145.0 152.0 96.0
58.0 143.0 124.0 106.0
122.0 160.0 58.0 91.0
64.0 135.0 163.0 78.0
139.0 144.0 43.0 142.0
95.0 136.0 99.0 69.0
68.0 149.0 127.0 84.0
74.0 129.0 125.0 75.0
73.0 152.0 108.0 89.0
156.0 164.0 127.0 43.0
68.0 165.0 138.0 78.0
