103.0 64.0 87.0 157.0
65.0 99.0 85.0 173.0
57.0 112.0 88.0 154.0
107.0 98.0 54.0 152.0
52.0 111.0 107.0 168.0
78.0 85.0 78.0 165.0
97.0 114.0 54.0 145.0
73.0 76.0 105.0 165.0
134.0 46.0 116.0 166.0
60.0 87.0 106.0 146.0
84.0 88.0 71.0 150.0
76.0 90.0 80.0 168.0
71.0 71.0 121.0 147.0
129.0 87.0 55.0 165.0
87.0 99.0 63.0 155.0
81.0 119.0 60.0 152.0
59.0 89.0 106.0 177.0
102.0 55.0 123.0 157.0
62.0 103.0 86.0 156.0
116.0 52.0 108.0 161.0
110.0 50.0 139.0 165.0
83.0 65.0 111.0 172.0
88.0 72.0 92.0 148.0
67.0 112.0 73.0 152.0
73.0 85.0 85.0 185.0
97.0 93.0 58.0 157.0
75.0 90.0 83.0 158.0
68.0 99.0 84.0 149.0
61.0 99.0 93.0 167.0
95.0 56.0 122.0 155.0
58.0 75.0 158.0 164.0
125.0 91.0 54.0 151.0
55.0 84.0 137.0 171.0
54.0 102.0 102.0 157.0
50.0 123.0 110.0 145.0
127.0 67.0 73.0 164.0
61.0 85.0 105.0 146.0
92.0 87.0 67.0 171.0
107.0 63.0 91.0 130.0
60.0 81.0 125.0 162.0
98.0 51.0 172.0 184.0
122.0 49.0 120.0 161.0
82.0 64.0 118.0 158.0
115.0 62.0 86.0 157.0
115.0 66.0 80.0 149.0
48.0 102.0 134.0 168.0
50.0 93.0 132.0 198.0
92.0 117.0 55.0 133.0
84.0 107.0 59.0 152.0
73.0 70.0 117.0 147.0
75.0 94.0 77.0 162.0
57.0 97.0 97.0 160.0
108.0 60.0 91.0 149.0
47.0 97.0 146.0 181.0
90.0 54.0 171.0 164.0
114.0 74.0 69.0 157.0
81.0 65.0 121.0 161.0
71.0 70.0 127.0 145.0
46.0 140.0 120.0 145.0
83.0 71.0 101.0 130.0
46.0 106.0 156.0 181.0
69.0 84.0 93.0 171.0
82.0 75.0 94.0 143.0
121.0 48.0 121.0 168.0
86.0 84.0 71.0 161.0
53.0 120.0 97.0 145.0
80.0 62.0 138.0 172.0
61.0 86.0 103.0 154.0
45.0 124.0 129.0 161.0
135.0 47.0 107.0 154.0
72.0 99.0 75.0 166.0
74.0 64.0 142.0 154.0
87.0 78.0 84.0 142.0
136.0 55.0 89.0 150.0
80.0 77.0 88.0 145.0
139.0 58.0 82.0 168.0
108.0 57.0 99.0 147.0
48.0 116.0 121.0 161.0
134.0 56.0 89.0 166.0
91.0 58.0 129.0 190.0
117.0 48.0 134.0 170.0
61.0 95.0 98.0 165.0
91.0 114.0 56.0 143.0
121.0 69.0 72.0 186.0
61.0 73.0 143.0 142.0
118.0 53.0 97.0 152.0
124.0 75.0 63.0 146.0
55.0 95.0 110.0 158.0
132.0 44.0 136.0 180.0
43.0 122.0 153.0 177.0
131.0 135.0 46.0 153.0
88.0 81.0 76.0 159.0
146.0 68.0 64.0 167.0
109.0 78.0 67.0 148.0
76.0 88.0 81.0 184.0
74.0 76.0 103.0 151.0
81.0 110.0 64.0 159.0
71.0 88.0 88.0 165.0
113.0 91.0 55.0 153.0
83.0 72.0 97.0 157.0
131.0 75.0 62.0 144.0
68.0 78.0 105.0 144.0
82.0 82.0 82.0 171.0
124.0 87.0 56.0 156.0
140.0 79.0 57.0 151.0
96.0 55.0 133.0 176.0
77.0 94.0 75.0 153.0
142.0 44.0 120.0 177.0
67.0 84.0 101.0 161.0
57.0 83.0 133.0 150.0
116.0 47.0 141.0 184.0
66.0 113.0 74.0 155.0
97.0 67.0 93.0 158.0
88.0 76.0 85.0 171.0
130.0 144.0 46.0 144.0
102.0 58.0 108.0 144.0
91.0 76.0 82.0 150.0
85.0 76.0 87.0 147.0
65.0 90.0 96.0 147.0
154.0 40.0 135.0 186.0
91.0 83.0 70.0 163.0
58.0 89.0 108.0 166.0
54.0 84.0 142.0 207.0
92.0 77.0 78.0 166.0
69.0 92.0 85.0 159.0
141.0 66.0 71.0 149.0
137.0 81.0 57.0 154.0
140.0 68.0 68.0 155.0
83.0 85.0 75.0 175.0
101.0 57.0 111.0 144.0
141.0 58.0 80.0 169.0
82.0 68.0 108.0 156.0
91.0 103.0 59.0 162.0
132.0 41.0 152.0 186.0
69.0 93.0 83.0 167.0
115.0 65.0 83.0 162.0
68.0 77.0 107.0 136.0
130.0 61.0 79.0 156.0
122.0 50.0 118.0 168.0
59.0 78.0 131.0 173.0
113.0 52.0 113.0 169.0
137.0 57.0 85.0 156.0
112.0 49.0 135.0 170.0
50.0 128.0 105.0 145.0
97.0 52.0 142.0 188.0
86.0 61.0 119.0 164.0
106.0 81.0 65.0 140.0
49.0 92.0 164.0 185.0
136.0 54.0 91.0 151.0
62.0 110.0 81.0 156.0
127.0 115.0 48.0 155.0
57.0 108.0 94.0 159.0
79.0 64.0 127.0 187.0
97.0 59.0 106.0 161.0
71.0 65.0 146.0 173.0
115.0 63.0 84.0 162.0
114.0 68.0 77.0 170.0
74.0 85.0 84.0 159.0
73.0 95.0 79.0 174.0
131.0 65.0 74.0 166.0
79.0 78.0 91.0 137.0
76.0 93.0 76.0 179.0
66.0 86.0 95.0 164.0
121.0 61.0 86.0 160.0
123.0 85.0 57.0 160.0
67.0 68.0 148.0 172.0
143.0 47.0 105.0 184.0
43.0 126.0 143.0 165.0
130.0 96.0 51.0 161.0
77.0 66.0 126.0 177.0
66.0 104.0 80.0 140.0
48.0 140.0 112.0 149.0
54.0 81.0 146.0 188.0
140.0 60.0 80.0 171.0
135.0 71.0 64.0 162.0
107.0 73.0 74.0 154.0
97.0 109.0 55.0 154.0
74.0 95.0 77.0 154.0
59.0 76.0 146.0 151.0
81.0 69.0 108.0 163.0
136.0 62.0 78.0 178.0
110.0 53.0 105.0 150.0
109.0 59.0 96.0 141.0
145.0 62.0 73.0 167.0
73.0 84.0 88.0 147.0
56.0 112.0 90.0 154.0
95.0 54.0 149.0 178.0
72.0 78.0 96.0 162.0
146.0 66.0 68.0 177.0
108.0 79.0 66.0 157.0
148.0 60.0 76.0 157.0
87.0 61.0 118.0 180.0
67.0 79.0 108.0 136.0
80.0 79.0 87.0 152.0
135.0 69.0 68.0 172.0
135.0 73.0 61.0 154.0
94.0 81.0 74.0 157.0
71.0 94.0 82.0 154.0
90.0 92.0 65.0 155.0
76.0 68.0 122.0 142.0
105.0 58.0 103.0 162.0
86.0 64.0 107.0 153.0
62.0 112.0 77.0 148.0
82.0 107.0 63.0 150.0
109.0 91.0 57.0 171.0
96.0 53.0 148.0 170.0
107.0 54.0 109.0 169.0
80.0 76.0 90.0 137.0
102.0 63.0 95.0 157.0
82.0 69.0 104.0 171.0
69.0 71.0 123.0 163.0
93.0 80.0 75.0 161.0
144.0 115.0 46.0 149.0
88.0 56.0 148.0 182.0
142.0 43.0 127.0 168.0
103.0 63.0 94.0 161.0
106.0 82.0 63.0 148.0
112.0 70.0 76.0 159.0
100.0 103.0 55.0 153.0
86.0 83.0 73.0 153.0
64.0 95.0 89.0 177.0
64.0 102.0 86.0 151.0
72.0 65.0 138.0 193.0
115.0 51.0 115.0 154.0
66.0 77.0 115.0 144.0
95.0 65.0 94.0 180.0
108.0 52.0 115.0 167.0
75.0 83.0 87.0 178.0
146.0 43.0 124.0 184.0
63.0 97.0 92.0 168.0
64.0 109.0 79.0 151.0
92.0 85.0 69.0 157.0
101.0 59.0 104.0 139.0
74.0 72.0 108.0 149.0
84.0 58.0 144.0 202.0
144.0 68.0 66.0 166.0
146.0 40.0 144.0 188.0
104.0 79.0 68.0 147.0
68.0 110.0 74.0 154.0
71.0 74.0 113.0 136.0
111.0 76.0 68.0 168.0
104.0 51.0 140.0 173.0
74.0 63.0 144.0 178.0
116.0 64.0 81.0 163.0
109.0 63.0 90.0 161.0
95.0 96.0 56.0 154.0
53.0 88.0 133.0 197.0
128.0 71.0 65.0 164.0
147.0 64.0 70.0 156.0
92.0 55.0 140.0 192.0
84.0 67.0 106.0 171.0
99.0 56.0 118.0 168.0
51.0 91.0 137.0 178.0
73.0 64.0 144.0 174.0
80.0 63.0 131.0 148.0
63.0 74.0 140.0 197.0
71.0 97.0 79.0 163.0
155.0 77.0 58.0 154.0
62.0 109.0 83.0 148.0
116.0 57.0 92.0 141.0
132.0 49.0 111.0 170.0
114.0 67.0 78.0 151.0
153.0 84.0 53.0 156.0
142.0 72.0 62.0 149.0
115.0 79.0 60.0 148.0
60.0 98.0 95.0 159.0
57.0 82.0 134.0 185.0
61.0 72.0 149.0 154.0
140.0 125.0 45.0 144.0
142.0 87.0 53.0 151.0
78.0 67.0 117.0 169.0
74.0 71.0 115.0 154.0
68.0 68.0 139.0 148.0
119.0 50.0 121.0 179.0
136.0 115.0 47.0 154.0
110.0 77.0 67.0 145.0
86.0 66.0 100.0 148.0
67.0 92.0 88.0 162.0
87.0 58.0 135.0 159.0
81.0 74.0 96.0 138.0
88.0 55.0 176.0 180.0
92.0 105.0 58.0 157.0
130.0 56.0 90.0 172.0
56.0 116.0 89.0 146.0
92.0 68.0 92.0 165.0
137.0 152.0 45.0 128.0
103.0 90.0 60.0 158.0
64.0 110.0 77.0 159.0
77.0 98.0 72.0 155.0
73.0 104.0 70.0 151.0
77.0 62.0 140.0 159.0
69.0 91.0 90.0 179.0
52.0 107.0 109.0 162.0
129.0 74.0 64.0 176.0
71.0 82.0 95.0 164.0
149.0 64.0 68.0 157.0
60.0 86.0 112.0 159.0
84.0 79.0 83.0 178.0
112.0 82.0 61.0 149.0
105.0 49.0 163.0 193.0
84.0 60.0 128.0 180.0
80.0 118.0 63.0 160.0
113.0 70.0 71.0 153.0
56.0 80.0 150.0 166.0
72.0 67.0 137.0 175.0
86.0 72.0 93.0 175.0
73.0 67.0 132.0 193.0
77.0 68.0 120.0 158.0
94.0 57.0 132.0 168.0
71.0 90.0 85.0 170.0
110.0 78.0 65.0 153.0
128.0 114.0 49.0 132.0
119.0 56.0 96.0 164.0
118.0 47.0 133.0 178.0
92.0 53.0 170.0 181.0
67.0 83.0 102.0 141.0
104.0 63.0 92.0 149.0
77.0 70.0 106.0 142.0
62.0 104.0 85.0 160.0
89.0 73.0 85.0 143.0
44.0 112.0 146.0 177.0
87.0 106.0 60.0 150.0
62.0 79.0 116.0 164.0
45.0 137.0 126.0 151.0
98.0 72.0 84.0 146.0
106.0 114.0 53.0 144.0
132.0 48.0 112.0 169.0
97.0 74.0 77.0 164.0
66.0 94.0 91.0 140.0
142.0 62.0 75.0 164.0
76.0 119.0 64.0 157.0
77.0 69.0 116.0 151.0
77.0 76.0 96.0 169.0
79.0 65.0 122.0 177.0
107.0 126.0 51.0 144.0
67.0 105.0 76.0 148.0
105.0 73.0 75.0 154.0
71.0 72.0 120.0 146.0
98.0 55.0 128.0 156.0
55.0 80.0 155.0 184.0
118.0 131.0 49.0 142.0
139.0 44.0 124.0 174.0
75.0 81.0 90.0 150.0
63.0 110.0 79.0 157.0
111.0 95.0 54.0 147.0
70.0 74.0 118.0 139.0
117.0 66.0 79.0 149.0
86.0 92.0 68.0 155.0
95.0 77.0 72.0 166.0
73.0 75.0 110.0 183.0
62.0 75.0 142.0 187.0
145.0 58.0 79.0 154.0
93.0 102.0 58.0 150.0
82.0 96.0 67.0 161.0
74.0 96.0 75.0 162.0
82.0 111.0 62.0 152.0
54.0 83.0 145.0 170.0
138.0 59.0 84.0 148.0
101.0 58.0 110.0 165.0
70.0 78.0 104.0 152.0
127.0 86.0 56.0 170.0
104.0 85.0 61.0 145.0
79.0 68.0 112.0 127.0
130.0 55.0 92.0 164.0
44.0 111.0 154.0 183.0
91.0 59.0 127.0 161.0
74.0 82.0 93.0 178.0
134.0 63.0 74.0 146.0
89.0 68.0 98.0 165.0
91.0 77.0 80.0 158.0
80.0 66.0 114.0 134.0
59.0 107.0 85.0 157.0
95.0 58.0 117.0 181.0
72.0 86.0 89.0 147.0
116.0 86.0 57.0 139.0
112.0 50.0 130.0 171.0
79.0 118.0 64.0 142.0
124.0 100.0 51.0 129.0
53.0 81.0 154.0 168.0
46.0 111.0 137.0 169.0
73.0 69.0 122.0 157.0
49.0 96.0 149.0 180.0
78.0 63.0 139.0 172.0
95.0 90.0 63.0 156.0
97.0 57.0 121.0 174.0
68.0 71.0 129.0 140.0
135.0 87.0 54.0 153.0
100.0 82.0 66.0 180.0
76.0 75.0 102.0 142.0
96.0 76.0 78.0 168.0
61.0 104.0 91.0 143.0
78.0 68.0 115.0 166.0
53.0 125.0 95.0 154.0
79.0 119.0 62.0 160.0
108.0 106.0 52.0 142.0
40.0 161.0 167.0 166.0
105.0 68.0 82.0 155.0
120.0 85.0 58.0 154.0
54.0 104.0 99.0 166.0
68.0 82.0 102.0 181.0
72.0 90.0 84.0 158.0
134.0 50.0 96.0 153.0
57.0 85.0 127.0 179.0
128.0 62.0 81.0 159.0
64.0 83.0 103.0 157.0
94.0 56.0 134.0 172.0
56.0 102.0 99.0 172.0
92.0 59.0 126.0 155.0
98.0 64.0 90.0 161.0
87.0 79.0 77.0 178.0
103.0 116.0 52.0 150.0
104.0 61.0 95.0 150.0
78.0 78.0 93.0 178.0
64.0 78.0 120.0 158.0
143.0 56.0 84.0 161.0
62.0 91.0 99.0 148.0
70.0 87.0 92.0 150.0
94.0 75.0 82.0 160.0
49.0 94.0 160.0 157.0
80.0 84.0 82.0 171.0
120.0 50.0 119.0 176.0
131.0 67.0 70.0 156.0
74.0 84.0 86.0 151.0
131.0 54.0 92.0 163.0
55.0 98.0 109.0 158.0
119.0 75.0 65.0 162.0
61.0 84.0 110.0 164.0
115.0 92.0 54.0 148.0
84.0 103.0 62.0 155.0
104.0 57.0 106.0 146.0
136.0 72.0 63.0 141.0
43.0 128.0 137.0 158.0
100.0 80.0 68.0 167.0
131.0 43.0 150.0 194.0
81.0 88.0 73.0 166.0
109.0 49.0 140.0 188.0
86.0 79.0 82.0 152.0
95.0 60.0 101.0 159.0
51.0 98.0 120.0 185.0
83.0 81.0 82.0 166.0
74.0 83.0 91.0 150.0
91.0 100.0 60.0 156.0
59.0 80.0 130.0 155.0
85.0 75.0 89.0 139.0
116.0 82.0 59.0 160.0
92.0 90.0 65.0 168.0
62.0 98.0 93.0 159.0
44.0 131.0 131.0 152.0
56.0 86.0 125.0 175.0
128.0 90.0 54.0 143.0
92.0 72.0 86.0 153.0
111.0 56.0 104.0 172.0
71.0 76.0 110.0 155.0
146.0 113.0 47.0 155.0
97.0 71.0 85.0 182.0
87.0 57.0 140.0 183.0
61.0 81.0 120.0 155.0
138.0 49.0 104.0 157.0
57.0 80.0 144.0 180.0
52.0 89.0 128.0 173.0
159.0 73.0 60.0 172.0
56.0 117.0 87.0 154.0
124.0 118.0 47.0 143.0
110.0 47.0 142.0 180.0
45.0 116.0 142.0 170.0
104.0 54.0 118.0 183.0
90.0 96.0 61.0 157.0
123.0 60.0 87.0 152.0
92.0 61.0 105.0 178.0
96.0 82.0 71.0 152.0
81.0 81.0 86.0 155.0
82.0 80.0 86.0 172.0
87.0 90.0 69.0 170.0
46.0 108.0 147.0 181.0
83.0 66.0 109.0 160.0
146.0 54.0 87.0 177.0
76.0 92.0 78.0 171.0
49.0 95.0 156.0 196.0
53.0 91.0 124.0 176.0
135.0 84.0 55.0 151.0
64.0 81.0 115.0 149.0
121.0 92.0 53.0 136.0
99.0 61.0 98.0 154.0
92.0 91.0 62.0 158.0
80.0 127.0 60.0 150.0
64.0 89.0 99.0 150.0
52.0 142.0 99.0 155.0
122.0 95.0 52.0 148.0
56.0 81.0 143.0 171.0
56.0 84.0 128.0 182.0
100.0 70.0 81.0 163.0
62.0 93.0 95.0 174.0
71.0 73.0 115.0 128.0
63.0 108.0 83.0 156.0
126.0 51.0 100.0 161.0
77.0 87.0 82.0 162.0
101.0 72.0 80.0 150.0
91.0 62.0 109.0 167.0
59.0 84.0 115.0 146.0
80.0 117.0 64.0 148.0
112.0 85.0 59.0 159.0
154.0 53.0 91.0 181.0
40.0 142.0 168.0 155.0
86.0 58.0 141.0 152.0
125.0 74.0 66.0 155.0
54.0 107.0 96.0 160.0
111.0 80.0 62.0 154.0
69.0 109.0 75.0 155.0
121.0 73.0 67.0 149.0
133.0 134.0 46.0 142.0
91.0 89.0 67.0 151.0
98.0 117.0 53.0 135.0
74.0 66.0 136.0 169.0
83.0 62.0 130.0 158.0
126.0 48.0 119.0 181.0
63.0 84.0 107.0 157.0
56.0 79.0 152.0 173.0
109.0 48.0 169.0 179.0
119.0 59.0 88.0 156.0
70.0 88.0 91.0 167.0
62.0 86.0 101.0 158.0
49.0 102.0 125.0 169.0
85.0 63.0 117.0 157.0
59.0 97.0 96.0 157.0
41.0 132.0 169.0 149.0
114.0 81.0 60.0 165.0
124.0 57.0 90.0 150.0
66.0 112.0 76.0 147.0
87.0 65.0 105.0 145.0
109.0 64.0 86.0 159.0
66.0 76.0 117.0 136.0
81.0 130.0 59.0 140.0
43.0 121.0 161.0 180.0
120.0 51.0 109.0 169.0
78.0 65.0 124.0 174.0
80.0 74.0 97.0 154.0
69.0 72.0 121.0 160.0
46.0 110.0 139.0 176.0
94.0 69.0 90.0 150.0
117.0 52.0 107.0 156.0
78.0 93.0 74.0 172.0
102.0 59.0 103.0 165.0
75.0 63.0 140.0 174.0
53.0 114.0 99.0 163.0
107.0 65.0 86.0 168.0
130.0 81.0 58.0 156.0
71.0 69.0 130.0 137.0
71.0 86.0 92.0 174.0
74.0 91.0 82.0 148.0
118.0 44.0 163.0 185.0
128.0 50.0 99.0 167.0
91.0 63.0 106.0 155.0
86.0 70.0 95.0 150.0
100.0 73.0 80.0 145.0
61.0 118.0 83.0 150.0
49.0 99.0 127.0 173.0
117.0 76.0 62.0 151.0
78.0 107.0 67.0 164.0
103.0 99.0 54.0 149.0
91.0 54.0 150.0 172.0
115.0 61.0 88.0 158.0
60.0 76.0 137.0 176.0
57.0 93.0 102.0 158.0
98.0 83.0 63.0 169.0
76.0 65.0 131.0 176.0
64.0 90.0 98.0 147.0
115.0 46.0 171.0 182.0
68.0 76.0 112.0 154.0
98.0 57.0 113.0 162.0
93.0 67.0 95.0 154.0
78.0 71.0 104.0 134.0
65.0 70.0 141.0 143.0
53.0 102.0 107.0 160.0
138.0 66.0 73.0 162.0
129.0 69.0 71.0 181.0
93.0 57.0 133.0 167.0
134.0 113.0 49.0 138.0
103.0 76.0 71.0 144.0
95.0 64.0 96.0 161.0
144.0 90.0 52.0 160.0
61.0 77.0 128.0 133.0
49.0 103.0 112.0 164.0
64.0 74.0 136.0 149.0
65.0 98.0 87.0 165.0
122.0 82.0 58.0 148.0
89.0 91.0 66.0 159.0
65.0 106.0 81.0 136.0
133.0 59.0 85.0 160.0
62.0 85.0 103.0 150.0
133.0 49.0 107.0 173.0
57.0 76.0 149.0 168.0
63.0 100.0 88.0 150.0
75.0 66.0 127.0 169.0
85.0 110.0 58.0 142.0
94.0 98.0 59.0 163.0
107.0 80.0 64.0 159.0
95.0 73.0 83.0 163.0
84.0 73.0 94.0 143.0
61.0 130.0 79.0 157.0
69.0 104.0 76.0 172.0
66.0 70.0 133.0 163.0
94.0 60.0 110.0 180.0
71.0 66.0 140.0 162.0
47.0 133.0 118.0 154.0
98.0 95.0 57.0 152.0
67.0 67.0 154.0 184.0
114.0 55.0 100.0 165.0
88.0 62.0 113.0 138.0
129.0 64.0 79.0 149.0
45.0 120.0 132.0 158.0
58.0 106.0 94.0 145.0
90.0 67.0 97.0 143.0
83.0 84.0 77.0 167.0
124.0 44.0 145.0 182.0
114.0 61.0 89.0 145.0
56.0 94.0 105.0 178.0
68.0 73.0 122.0 145.0
103.0 68.0 84.0 175.0
52.0 100.0 110.0 156.0
73.0 96.0 78.0 147.0
76.0 87.0 83.0 176.0
64.0 106.0 84.0 154.0
81.0 68.0 110.0 190.0
101.0 66.0 87.0 164.0
105.0 52.0 120.0 175.0
122.0 64.0 80.0 151.0
47.0 93.0 161.0 190.0
109.0 106.0 51.0 145.0
51.0 88.0 156.0 190.0
124.0 42.0 165.0 188.0
124.0 65.0 76.0 161.0
78.0 112.0 66.0 153.0
78.0 101.0 69.0 158.0
127.0 47.0 114.0 160.0
79.0 91.0 71.0 163.0
94.0 74.0 83.0 164.0
145.0 64.0 72.0 167.0
103.0 50.0 170.0 182.0
80.0 99.0 65.0 158.0
74.0 92.0 80.0 156.0
75.0 101.0 70.0 152.0
106.0 92.0 57.0 157.0
69.0 83.0 101.0 138.0
72.0 119.0 69.0 152.0
92.0 106.0 56.0 145.0
58.0 88.0 110.0 158.0
70.0 79.0 102.0 162.0
69.0 96.0 80.0 165.0
152.0 46.0 110.0 186.0
70.0 70.0 132.0 172.0
44.0 109.0 159.0 192.0
83.0 100.0 63.0 165.0
113.0 137.0 49.0 142.0
108.0 101.0 53.0 142.0
116.0 51.0 113.0 168.0
63.0 75.0 130.0 134.0
102.0 54.0 126.0 151.0
41.0 138.0 165.0 163.0
82.0 59.0 147.0 181.0
44.0 127.0 141.0 164.0
56.0 99.0 102.0 178.0
154.0 60.0 75.0 165.0
61.0 96.0 96.0 173.0
50.0 101.0 124.0 173.0
107.0 57.0 101.0 160.0
67.0 104.0 78.0 140.0
113.0 67.0 82.0 145.0
137.0 125.0 46.0 149.0
75.0 102.0 68.0 160.0
54.0 111.0 95.0 155.0
143.0 57.0 83.0 144.0
57.0 86.0 120.0 148.0
98.0 63.0 100.0 149.0
89.0 63.0 109.0 186.0
103.0 92.0 59.0 153.0
102.0 73.0 78.0 164.0
106.0 77.0 68.0 152.0
41.0 147.0 156.0 142.0
129.0 68.0 72.0 162.0
81.0 73.0 98.0 130.0
94.0 59.0 118.0 146.0
113.0 125.0 50.0 149.0
58.0 83.0 117.0 143.0
42.0 123.0 149.0 171.0
51.0 105.0 110.0 170.0
69.0 117.0 71.0 156.0
117.0 45.0 143.0 176.0
131.0 64.0 78.0 168.0
115.0 50.0 125.0 179.0
70.0 89.0 88.0 165.0
117.0 61.0 87.0 151.0
146.0 81.0 55.0 156.0
69.0 90.0 91.0 168.0
105.0 82.0 64.0 164.0
50.0 89.0 147.0 207.0
70.0 69.0 136.0 157.0
67.0 77.0 114.0 147.0
68.0 100.0 82.0 157.0
138.0 144.0 45.0 139.0
101.0 51.0 148.0 174.0
125.0 45.0 134.0 174.0
139.0 41.0 150.0 187.0
79.0 83.0 84.0 166.0
91.0 82.0 72.0 155.0
126.0 57.0 86.0 158.0
69.0 95.0 82.0 157.0
110.0 88.0 57.0 156.0
108.0 74.0 70.0 155.0
117.0 69.0 75.0 167.0
91.0 69.0 95.0 154.0
79.0 77.0 94.0 149.0
119.0 47.0 123.0 162.0
117.0 56.0 98.0 156.0
113.0 69.0 76.0 139.0
81.0 59.0 156.0 161.0
133.0 45.0 127.0 168.0
65.0 87.0 98.0 165.0
57.0 119.0 84.0 158.0
65.0 81.0 111.0 142.0
108.0 49.0 149.0 170.0
92.0 79.0 76.0 146.0
57.0 118.0 86.0 150.0
55.0 134.0 91.0 155.0
89.0 78.0 83.0 154.0
123.0 50.0 105.0 152.0
78.0 94.0 72.0 180.0
61.0 123.0 81.0 161.0
89.0 106.0 57.0 159.0
77.0 73.0 101.0 142.0
147.0 44.0 115.0 172.0
98.0 67.0 86.0 154.0
52.0 93.0 113.0 164.0
69.0 66.0 141.0 155.0
70.0 101.0 75.0 155.0
105.0 59.0 99.0 155.0
60.0 105.0 87.0 151.0
84.0 80.0 79.0 166.0
126.0 46.0 125.0 168.0
58.0 90.0 107.0 173.0
117.0 133.0 49.0 153.0
82.0 58.0 156.0 184.0
83.0 74.0 91.0 154.0
98.0 106.0 54.0 147.0
49.0 98.0 140.0 178.0
62.0 100.0 92.0 156.0
75.0 99.0 74.0 151.0
61.0 78.0 126.0 141.0
73.0 112.0 69.0 154.0
134.0 44.0 129.0 179.0
45.0 117.0 134.0 164.0
70.0 102.0 73.0 163.0
74.0 77.0 101.0 164.0
54.0 80.0 163.0 164.0
138.0 113.0 48.0 160.0
74.0 123.0 62.0 149.0
73.0 120.0 63.0 159.0
137.0 108.0 49.0 158.0
93.0 72.0 85.0 157.0
53.0 109.0 106.0 154.0
64.0 92.0 92.0 183.0
118.0 88.0 56.0 151.0
65.0 69.0 145.0 178.0
57.0 104.0 96.0 176.0
114.0 73.0 70.0 165.0
120.0 70.0 70.0 151.0
62.0 71.0 158.0 173.0
134.0 43.0 136.0 170.0
90.0 68.0 96.0 155.0
85.0 89.0 70.0 173.0
113.0 51.0 121.0 161.0
67.0 80.0 106.0 159.0
96.0 58.0 116.0 144.0
76.0 69.0 118.0 157.0
73.0 73.0 113.0 174.0
82.0 63.0 123.0 168.0
51.0 112.0 101.0 157.0
73.0 77.0 103.0 173.0
153.0 40.0 142.0 189.0
73.0 119.0 67.0 152.0
109.0 72.0 76.0 162.0
69.0 75.0 116.0 148.0
133.0 76.0 59.0 151.0
103.0 51.0 147.0 190.0
67.0 100.0 84.0 159.0
136.0 90.0 53.0 165.0
150.0 42.0 138.0 200.0
69.0 73.0 119.0 146.0
55.0 83.0 143.0 183.0
136.0 56.0 87.0 155.0
93.0 59.0 120.0 163.0
136.0 68.0 69.0 134.0
103.0 55.0 113.0 171.0
119.0 46.0 142.0 174.0
63.0 76.0 128.0 142.0
67.0 93.0 86.0 170.0
108.0 73.0 72.0 147.0
112.0 51.0 122.0 167.0
123.0 43.0 164.0 182.0
134.0 70.0 68.0 148.0
140.0 41.0 143.0 184.0
71.0 81.0 97.0 156.0
73.0 72.0 114.0 150.0
134.0 60.0 82.0 167.0
113.0 56.0 100.0 155.0
84.0 62.0 122.0 199.0
118.0 74.0 68.0 154.0
92.0 65.0 100.0 180.0
47.0 107.0 123.0 172.0
66.0 80.0 108.0 178.0
128.0 56.0 92.0 147.0
54.0 87.0 130.0 161.0
91.0 56.0 145.0 165.0
83.0 68.0 104.0 156.0
84.0 87.0 73.0 142.0
125.0 54.0 95.0 177.0
57.0 106.0 95.0 157.0
141.0 135.0 44.0 139.0
132.0 60.0 84.0 166.0
45.0 104.0 159.0 186.0
84.0 56.0 149.0 176.0
102.0 102.0 54.0 141.0
69.0 103.0 78.0 164.0
64.0 107.0 82.0 162.0
75.0 68.0 124.0 176.0
105.0 56.0 107.0 161.0
60.0 101.0 92.0 164.0
93.0 58.0 121.0 173.0
80.0 122.0 61.0 150.0
109.0 83.0 60.0 151.0
117.0 73.0 69.0 154.0
72.0 71.0 120.0 150.0
104.0 89.0 59.0 161.0
106.0 59.0 98.0 166.0
54.0 101.0 106.0 155.0
98.0 73.0 82.0 154.0
70.0 90.0 86.0 173.0
94.0 88.0 64.0 161.0
67.0 69.0 142.0 161.0
80.0 98.0 67.0 150.0
129.0 66.0 75.0 140.0
77.0 115.0 67.0 162.0
89.0 69.0 96.0 184.0
87.0 93.0 65.0 146.0
73.0 103.0 72.0 143.0
93.0 86.0 67.0 153.0
108.0 51.0 125.0 164.0
58.0 110.0 91.0 145.0
111.0 65.0 84.0 144.0
61.0 93.0 99.0 158.0
62.0 101.0 88.0 148.0
58.0 92.0 103.0 160.0
83.0 78.0 85.0 164.0
54.0 95.0 111.0 170.0
92.0 66.0 98.0 168.0
101.0 99.0 55.0 151.0
121.0 52.0 101.0 165.0
93.0 63.0 103.0 174.0
126.0 49.0 115.0 170.0
106.0 76.0 70.0 144.0
57.0 110.0 92.0 159.0
110.0 65.0 85.0 154.0
146.0 47.0 104.0 171.0
67.0 72.0 127.0 163.0
75.0 117.0 65.0 162.0
130.0 43.0 162.0 183.0
81.0 61.0 132.0 199.0
116.0 59.0 90.0 163.0
131.0 44.0 143.0 183.0
89.0 89.0 69.0 141.0
48.0 119.0 116.0 152.0
68.0 80.0 104.0 151.0
44.0 115.0 144.0 171.0
76.0 79.0 88.0 176.0
88.0 59.0 130.0 178.0
70.0 128.0 68.0 162.0
108.0 97.0 55.0 152.0
66.0 72.0 132.0 145.0
77.0 74.0 99.0 150.0
75.0 73.0 105.0 160.0
75.0 91.0 81.0 166.0
112.0 58.0 98.0 173.0
74.0 68.0 126.0 173.0
96.0 54.0 136.0 190.0
67.0 113.0 72.0 155.0
64.0 82.0 105.0 149.0
105.0 72.0 77.0 179.0
124.0 49.0 116.0 177.0
122.0 79.0 59.0 146.0
85.0 58.0 143.0 165.0
54.0 103.0 101.0 158.0
123.0 135.0 47.0 158.0
83.0 80.0 84.0 158.0
66.0 87.0 93.0 172.0
65.0 74.0 125.0 162.0
126.0 74.0 65.0 156.0
138.0 62.0 76.0 179.0
64.0 91.0 94.0 175.0
114.0 76.0 67.0 147.0
60.0 100.0 93.0 159.0
71.0 121.0 69.0 147.0
120.0 58.0 90.0 149.0
120.0 135.0 48.0 132.0
63.0 83.0 114.0 162.0
95.0 55.0 134.0 192.0
89.0 55.0 147.0 174.0
62.0 113.0 75.0 156.0
67.0 89.0 92.0 168.0
121.0 62.0 85.0 159.0
93.0 87.0 65.0 161.0
129.0 82.0 57.0 146.0
82.0 91.0 70.0 169.0
75.0 64.0 134.0 174.0
118.0 49.0 124.0 172.0
83.0 60.0 137.0 201.0
73.0 97.0 76.0 155.0
89.0 70.0 89.0 150.0
72.0 124.0 68.0 158.0
99.0 53.0 132.0 171.0
91.0 88.0 68.0 162.0
90.0 105.0 60.0 135.0
105.0 57.0 105.0 147.0
114.0 49.0 127.0 167.0
109.0 98.0 52.0 144.0
108.0 81.0 63.0 150.0
114.0 89.0 55.0 136.0
110.0 70.0 77.0 153.0
58.0 109.0 93.0 137.0
60.0 75.0 150.0 181.0
99.0 80.0 71.0 162.0
104.0 86.0 60.0 161.0
123.0 61.0 82.0 168.0
65.0 75.0 121.0 148.0
111.0 61.0 90.0 165.0
72.0 98.0 77.0 158.0
101.0 80.0 67.0 149.0
165.0 61.0 74.0 182.0
55.0 100.0 106.0 173.0
61.0 116.0 84.0 146.0
67.0 98.0 85.0 176.0
77.0 89.0 79.0 147.0
85.0 97.0 65.0 168.0
78.0 60.0 142.0 166.0
120.0 68.0 74.0 161.0
113.0 78.0 64.0 138.0
65.0 102.0 84.0 148.0
131.0 93.0 52.0 156.0
89.0 101.0 62.0 149.0
86.0 98.0 64.0 159.0
116.0 78.0 62.0 168.0
138.0 43.0 133.0 186.0
66.0 127.0 72.0 157.0
84.0 69.0 102.0 163.0
134.0 48.0 108.0 177.0
52.0 88.0 150.0 202.0
85.0 93.0 67.0 167.0
67.0 85.0 98.0 163.0
119.0 51.0 112.0 177.0
103.0 52.0 128.0 178.0
79.0 106.0 66.0 137.0
101.0 79.0 69.0 141.0
58.0 78.0 134.0 144.0
115.0 75.0 66.0 141.0
90.0 57.0 138.0 165.0
51.0 95.0 122.0 169.0
63.0 71.0 145.0 143.0
56.0 98.0 104.0 170.0
94.0 70.0 86.0 146.0
95.0 83.0 69.0 169.0
121.0 116.0 49.0 131.0
79.0 84.0 83.0 161.0
99.0 85.0 62.0 164.0
46.0 109.0 145.0 187.0
46.0 131.0 123.0 156.0
86.0 104.0 61.0 155.0
80.0 67.0 113.0 179.0
87.0 92.0 67.0 138.0
138.0 96.0 50.0 156.0
105.0 83.0 62.0 156.0
81.0 89.0 71.0 174.0
66.0 78.0 110.0 148.0
83.0 98.0 66.0 156.0
124.0 76.0 61.0 149.0
157.0 54.0 86.0 175.0
66.0 105.0 78.0 148.0
133.0 60.0 83.0 165.0
91.0 95.0 64.0 145.0
75.0 82.0 88.0 158.0
110.0 72.0 75.0 152.0
120.0 63.0 83.0 166.0
89.0 97.0 64.0 167.0
89.0 90.0 67.0 149.0
130.0 49.0 113.0 159.0
103.0 77.0 69.0 152.0
60.0 91.0 100.0 151.0
75.0 61.0 146.0 185.0
126.0 71.0 67.0 163.0
57.0 94.0 100.0 166.0
55.0 113.0 92.0 159.0
138.0 69.0 65.0 144.0
128.0 84.0 56.0 153.0
62.0 76.0 134.0 159.0
103.0 58.0 104.0 168.0
72.0 94.0 81.0 163.0
113.0 57.0 93.0 160.0
139.0 66.0 72.0 164.0
97.0 58.0 114.0 131.0
102.0 74.0 76.0 172.0
53.0 85.0 139.0 159.0
144.0 66.0 70.0 149.0
90.0 82.0 74.0 143.0
116.0 101.0 50.0 144.0
89.0 60.0 115.0 145.0
74.0 117.0 66.0 153.0
64.0 72.0 141.0 173.0
140.0 107.0 48.0 159.0
77.0 67.0 123.0 156.0
92.0 76.0 80.0 153.0
104.0 74.0 73.0 156.0
124.0 46.0 131.0 168.0
137.0 52.0 93.0 156.0
51.0 111.0 108.0 152.0
109.0 95.0 56.0 155.0
79.0 82.0 86.0 148.0
96.0 86.0 61.0 166.0
101.0 63.0 96.0 168.0
78.0 86.0 76.0 173.0
93.0 56.0 137.0 162.0
113.0 63.0 87.0 169.0
79.0 92.0 69.0 171.0
73.0 92.0 82.0 159.0
104.0 50.0 143.0 184.0
53.0 110.0 104.0 157.0
64.0 70.0 154.0 162.0
47.0 103.0 138.0 181.0
106.0 68.0 78.0 175.0
71.0 131.0 67.0 152.0
68.0 119.0 70.0 144.0
106.0 55.0 107.0 171.0
77.0 99.0 70.0 163.0
132.0 46.0 122.0 166.0
157.0 51.0 95.0 167.0
54.0 122.0 94.0 149.0
54.0 90.0 123.0 168.0
105.0 71.0 79.0 156.0
55.0 88.0 114.0 163.0
86.0 59.0 133.0 182.0
59.0 103.0 92.0 171.0
111.0 62.0 89.0 160.0
111.0 72.0 74.0 136.0
81.0 72.0 100.0 162.0
140.0 49.0 102.0 168.0
57.0 78.0 145.0 198.0
109.0 66.0 83.0 161.0
148.0 78.0 57.0 159.0
59.0 85.0 113.0 154.0
46.0 115.0 130.0 166.0
58.0 82.0 119.0 135.0
72.0 68.0 129.0 152.0
71.0 89.0 87.0 162.0
123.0 67.0 76.0 178.0
122.0 125.0 48.0 163.0
70.0 65.0 150.0 174.0
121.0 55.0 94.0 155.0
96.0 74.0 80.0 159.0
53.0 111.0 103.0 167.0
55.0 99.0 107.0 166.0
114.0 54.0 101.0 153.0
65.0 103.0 82.0 156.0
