118.0 157.0 134.0 48.0
158.0 150.0 47.0 110.0
126.0 173.0 122.0 54.0
151.0 141.0 65.0 86.0
135.0 147.0 112.0 56.0
161.0 152.0 51.0 105.0
148.0 139.0 61.0 91.0
133.0 182.0 127.0 50.0
140.0 154.0 150.0 44.0
130.0 155.0 118.0 55.0
167.0 135.0 59.0 93.0
146.0 152.0 72.0 81.0
143.0 157.0 124.0 52.0
165.0 148.0 70.0 83.0
132.0 166.0 138.0 47.0
133.0 183.0 158.0 42.0
128.0 138.0 107.0 60.0
142.0 148.0 91.0 69.0
120.0 179.0 152.0 43.0
145.0 146.0 50.0 107.0
143.0 143.0 39.0 131.0
148.0 167.0 103.0 62.0
148.0 136.0 37.0 147.0
144.0 145.0 40.0 126.0
162.0 150.0 53.0 101.0
143.0 154.0 55.0 99.0
151.0 137.0 43.0 118.0
168.0 136.0 52.0 104.0
144.0 135.0 93.0 67.0
158.0 139.0 103.0 62.0
177.0 141.0 75.0 78.0
123.0 164.0 164.0 41.0
158.0 145.0 77.0 76.0
165.0 140.0 82.0 75.0
165.0 152.0 57.0 96.0
124.0 156.0 126.0 51.0
150.0 164.0 49.0 109.0
161.0 144.0 89.0 71.0
163.0 131.0 91.0 69.0
153.0 153.0 110.0 59.0
141.0 160.0 85.0 73.0
152.0 153.0 106.0 61.0
170.0 137.0 63.0 88.0
147.0 143.0 84.0 74.0
135.0 170.0 124.0 52.0
136.0 168.0 170.0 40.0
132.0 142.0 88.0 72.0
147.0 147.0 46.0 114.0
154.0 139.0 38.0 143.0
155.0 168.0 82.0 75.0
170.0 145.0 69.0 84.0
127.0 162.0 145.0 46.0
151.0 144.0 98.0 63.0
