142.0 78.0 167.0 63.0
150.0 81.0 162.0 61.0
149.0 84.0 159.0 60.0
140.0 73.0 172.0 67.0
134.0 56.0 148.0 89.0
142.0 55.0 156.0 92.0
163.0 97.0 165.0 54.0
152.0 58.0 148.0 86.0
123.0 46.0 147.0 105.0
149.0 86.0 171.0 58.0
133.0 50.0 157.0 99.0
161.0 72.0 162.0 70.0
138.0 51.0 148.0 98.0
146.0 118.0 175.0 49.0
131.0 72.0 171.0 70.0
139.0 62.0 153.0 81.0
155.0 66.0 168.0 78.0
159.0 66.0 162.0 78.0
153.0 69.0 167.0 72.0
157.0 89.0 166.0 56.0
157.0 104.0 170.0 52.0
148.0 88.0 171.0 57.0
133.0 132.0 160.0 47.0
139.0 60.0 141.0 85.0
136.0 84.0 164.0 60.0
140.0 71.0 160.0 71.0
160.0 42.0 152.0 134.0
157.0 41.0 158.0 141.0
142.0 43.0 151.0 126.0
159.0 145.0 145.0 46.0
163.0 92.0 169.0 55.0
149.0 108.0 178.0 51.0
135.0 67.0 167.0 75.0
152.0 100.0 164.0 53.0
138.0 64.0 166.0 79.0
138.0 127.0 164.0 48.0
141.0 45.0 148.0 113.0
154.0 112.0 184.0 50.0
154.0 97.0 180.0 54.0
137.0 53.0 147.0 93.0
148.0 76.0 167.0 65.0
133.0 44.0 158.0 118.0
140.0 85.0 176.0 59.0
151.0 85.0 174.0 59.0
120.0 49.0 148.0 101.0
