42.0 151.0 165.0 142.0
144.0 166.0 140.0 44.0
66.0 136.0 146.0 74.0
166.0 154.0 130.0 42.0
45.0 150.0 174.0 121.0
136.0 142.0 142.0 45.0
132.0 154.0 138.0 46.0
117.0 139.0 135.0 50.0
73.0 147.0 166.0 66.0
47.0 126.0 167.0 111.0
112.0 151.0 138.0 51.0
155.0 146.0 150.0 43.0
107.0 135.0 136.0 52.0
68.0 142.0 168.0 72.0
97.0 151.0 149.0 55.0
79.0 135.0 165.0 63.0
58.0 138.0 171.0 84.0
50.0 120.0 164.0 106.0
93.0 125.0 143.0 56.0
63.0 131.0 169.0 77.0
79.0 140.0 150.0 63.0
70.0 147.0 154.0 70.0
56.0 128.0 149.0 88.0
87.0 129.0 160.0 58.0
128.0 135.0 148.0 47.0
81.0 141.0 161.0 61.0
78.0 141.0 149.0 65.0
99.0 140.0 160.0 54.0
120.0 162.0 139.0 49.0
90.0 135.0 154.0 57.0
62.0 123.0 157.0 81.0
53.0 129.0 160.0 93.0
44.0 164.0 178.0 126.0
55.0 135.0 182.0 91.0
124.0 147.0 144.0 48.0
50.0 125.0 156.0 106.0
51.0 153.0 167.0 103.0
43.0 163.0 168.0 133.0
46.0 140.0 171.0 116.0
103.0 147.0 132.0 53.0
57.0 129.0 157.0 87.0
52.0 143.0 164.0 98.0
87.0 134.0 145.0 58.0
60.0 129.0 181.0 83.0
