80.0 95.0 149.0 82.0
101.0 49.0 133.0 127.0
73.0 135.0 167.0 63.0
80.0 128.0 153.0 63.0
67.0 124.0 170.0 80.0
108.0 61.0 157.0 88.0
54.0 133.0 156.0 99.0
119.0 95.0 147.0 56.0
157.0 65.0 156.0 68.0
51.0 122.0 169.0 112.0
127.0 48.0 150.0 104.0
86.0 64.0 136.0 108.0
88.0 108.0 155.0 66.0
108.0 92.0 159.0 63.0
76.0 147.0 171.0 58.0
63.0 126.0 141.0 86.0
131.0 107.0 156.0 47.0
81.0 57.0 123.0 137.0
72.0 83.0 125.0 99.0
61.0 126.0 169.0 91.0
48.0 136.0 160.0 128.0
167.0 70.0 155.0 63.0
101.0 146.0 150.0 44.0
81.0 104.0 153.0 74.0
121.0 97.0 147.0 54.0
56.0 129.0 173.0 98.0
111.0 119.0 159.0 47.0
136.0 81.0 153.0 57.0
98.0 74.0 147.0 82.0
121.0 100.0 145.0 53.0
141.0 37.0 163.0 136.0
95.0 64.0 141.0 100.0
71.0 64.0 130.0 146.0
80.0 100.0 143.0 79.0
95.0 100.0 173.0 66.0
47.0 122.0 165.0 171.0
67.0 106.0 134.0 92.0
152.0 70.0 160.0 64.0
111.0 62.0 139.0 86.0
57.0 143.0 153.0 89.0
123.0 124.0 150.0 42.0
103.0 104.0 150.0 60.0
102.0 138.0 169.0 42.0
107.0 42.0 142.0 138.0
101.0 47.0 141.0 134.0
106.0 42.0 149.0 164.0
129.0 99.0 141.0 50.0
128.0 62.0 134.0 75.0
91.0 99.0 134.0 70.0
89.0 111.0 149.0 63.0
132.0 59.0 175.0 81.0
138.0 63.0 156.0 73.0
101.0 98.0 148.0 64.0
110.0 69.0 143.0 77.0
102.0 53.0 132.0 113.0
153.0 57.0 149.0 75.0
62.0 187.0 173.0 70.0
83.0 78.0 137.0 93.0
86.0 56.0 145.0 124.0
105.0 88.0 130.0 69.0
66.0 80.0 155.0 115.0
123.0 54.0 146.0 91.0
69.0 114.0 143.0 80.0
105.0 51.0 142.0 112.0
61.0 79.0 141.0 128.0
58.0 130.0 176.0 94.0
155.0 80.0 151.0 55.0
76.0 124.0 167.0 70.0
61.0 162.0 152.0 72.0
60.0 116.0 155.0 98.0
56.0 86.0 131.0 137.0
48.0 120.0 153.0 134.0
102.0 47.0 132.0 131.0
65.0 73.0 133.0 125.0
110.0 115.0 150.0 49.0
94.0 113.0 137.0 59.0
117.0 71.0 155.0 74.0
110.0 153.0 158.0 38.0
126.0 78.0 172.0 65.0
56.0 116.0 163.0 102.0
94.0 73.0 148.0 88.0
91.0 106.0 152.0 64.0
109.0 54.0 153.0 97.0
88.0 89.0 146.0 76.0
59.0 102.0 143.0 109.0
102.0 73.0 134.0 81.0
106.0 71.0 151.0 80.0
94.0 125.0 166.0 53.0
47.0 126.0 149.0 154.0
110.0 45.0 133.0 123.0
138.0 51.0 142.0 88.0
108.0 90.0 133.0 65.0
147.0 39.0 158.0 124.0
129.0 66.0 144.0 70.0
59.0 108.0 160.0 105.0
54.0 187.0 175.0 86.0
134.0 90.0 158.0 53.0
55.0 83.0 139.0 153.0
54.0 113.0 164.0 110.0
106.0 96.0 167.0 62.0
108.0 99.0 160.0 60.0
68.0 110.0 153.0 87.0
112.0 103.0 142.0 55.0
64.0 164.0 154.0 70.0
89.0 119.0 138.0 61.0
153.0 107.0 152.0 41.0
78.0 97.0 137.0 82.0
92.0 53.0 140.0 122.0
108.0 43.0 127.0 136.0
85.0 51.0 133.0 142.0
54.0 101.0 147.0 122.0
62.0 83.0 146.0 121.0
62.0 85.0 150.0 115.0
76.0 62.0 147.0 130.0
72.0 158.0 173.0 59.0
120.0 38.0 140.0 155.0
69.0 106.0 136.0 88.0
80.0 132.0 162.0 59.0
77.0 101.0 132.0 81.0
152.0 50.0 146.0 89.0
151.0 84.0 156.0 51.0
122.0 107.0 144.0 49.0
126.0 50.0 152.0 97.0
58.0 99.0 148.0 113.0
119.0 89.0 153.0 60.0
102.0 79.0 141.0 76.0
79.0 95.0 132.0 83.0
81.0 147.0 170.0 56.0
81.0 80.0 126.0 90.0
117.0 47.0 144.0 110.0
141.0 54.0 148.0 85.0
62.0 147.0 170.0 78.0
94.0 58.0 130.0 109.0
141.0 71.0 148.0 65.0
136.0 121.0 168.0 40.0
87.0 100.0 141.0 73.0
73.0 62.0 141.0 141.0
65.0 153.0 165.0 67.0
91.0 77.0 152.0 87.0
92.0 94.0 161.0 72.0
106.0 46.0 138.0 128.0
172.0 63.0 161.0 68.0
110.0 51.0 140.0 108.0
105.0 63.0 147.0 89.0
123.0 66.0 131.0 76.0
92.0 64.0 154.0 101.0
99.0 124.0 146.0 52.0
119.0 65.0 140.0 80.0
108.0 47.0 130.0 120.0
147.0 50.0 145.0 91.0
98.0 102.0 135.0 64.0
139.0 54.0 156.0 86.0
136.0 82.0 144.0 55.0
73.0 116.0 126.0 74.0
103.0 57.0 134.0 106.0
162.0 58.0 162.0 73.0
126.0 56.0 166.0 88.0
95.0 124.0 162.0 56.0
85.0 97.0 159.0 76.0
108.0 125.0 154.0 46.0
104.0 61.0 145.0 92.0
54.0 93.0 129.0 129.0
80.0 83.0 151.0 94.0
89.0 49.0 123.0 138.0
109.0 48.0 146.0 112.0
75.0 61.0 142.0 139.0
54.0 89.0 138.0 139.0
70.0 85.0 136.0 103.0
58.0 91.0 152.0 116.0
83.0 117.0 140.0 65.0
140.0 140.0 163.0 36.0
93.0 158.0 167.0 44.0
65.0 125.0 161.0 83.0
111.0 40.0 135.0 148.0
77.0 120.0 132.0 68.0
103.0 128.0 152.0 46.0
160.0 107.0 139.0 40.0
80.0 120.0 135.0 65.0
85.0 109.0 162.0 66.0
85.0 115.0 157.0 65.0
52.0 103.0 150.0 127.0
59.0 147.0 154.0 83.0
69.0 78.0 140.0 117.0
126.0 107.0 157.0 48.0
61.0 106.0 167.0 100.0
68.0 146.0 163.0 66.0
90.0 49.0 130.0 134.0
107.0 46.0 148.0 124.0
59.0 128.0 173.0 94.0
64.0 131.0 155.0 83.0
65.0 90.0 134.0 103.0
59.0 88.0 147.0 122.0
72.0 107.0 136.0 80.0
58.0 102.0 163.0 110.0
68.0 112.0 166.0 84.0
63.0 76.0 137.0 126.0
71.0 138.0 164.0 68.0
147.0 107.0 149.0 43.0
120.0 106.0 151.0 50.0
56.0 107.0 151.0 114.0
82.0 97.0 145.0 78.0
84.0 95.0 153.0 78.0
63.0 78.0 123.0 124.0
57.0 85.0 143.0 129.0
62.0 119.0 154.0 90.0
88.0 88.0 150.0 79.0
60.0 132.0 160.0 90.0
127.0 77.0 148.0 65.0
57.0 103.0 162.0 114.0
98.0 133.0 150.0 50.0
119.0 88.0 136.0 61.0
68.0 66.0 147.0 152.0
105.0 112.0 145.0 55.0
48.0 107.0 135.0 150.0
126.0 42.0 152.0 122.0
67.0 66.0 148.0 164.0
138.0 32.0 136.0 177.0
100.0 95.0 142.0 67.0
105.0 104.0 147.0 57.0
113.0 43.0 143.0 122.0
115.0 54.0 152.0 95.0
96.0 68.0 124.0 90.0
87.0 74.0 152.0 91.0
138.0 112.0 142.0 41.0
75.0 124.0 157.0 71.0
95.0 45.0 142.0 154.0
53.0 110.0 172.0 115.0
84.0 55.0 133.0 136.0
64.0 93.0 159.0 103.0
116.0 39.0 132.0 147.0
71.0 109.0 161.0 81.0
98.0 96.0 143.0 68.0
68.0 105.0 146.0 92.0
93.0 100.0 169.0 68.0
63.0 124.0 165.0 88.0
154.0 55.0 148.0 77.0
146.0 118.0 130.0 38.0
134.0 115.0 158.0 41.0
94.0 52.0 123.0 124.0
63.0 88.0 146.0 109.0
77.0 61.0 159.0 135.0
52.0 129.0 175.0 108.0
132.0 73.0 146.0 64.0
85.0 53.0 129.0 132.0
129.0 41.0 135.0 124.0
101.0 119.0 141.0 53.0
133.0 96.0 155.0 52.0
128.0 44.0 153.0 115.0
123.0 52.0 149.0 95.0
143.0 57.0 135.0 78.0
107.0 126.0 149.0 45.0
134.0 55.0 149.0 80.0
112.0 50.0 135.0 111.0
58.0 104.0 149.0 108.0
61.0 113.0 150.0 94.0
134.0 78.0 143.0 62.0
111.0 65.0 128.0 85.0
127.0 38.0 150.0 138.0
163.0 45.0 167.0 100.0
63.0 156.0 189.0 71.0
84.0 76.0 142.0 92.0
102.0 123.0 141.0 51.0
60.0 167.0 169.0 75.0
81.0 124.0 149.0 64.0
55.0 147.0 160.0 92.0
120.0 52.0 141.0 96.0
63.0 101.0 143.0 101.0
144.0 42.0 145.0 111.0
150.0 71.0 150.0 62.0
96.0 75.0 142.0 81.0
120.0 45.0 145.0 117.0
121.0 48.0 146.0 108.0
124.0 78.0 143.0 67.0
122.0 58.0 151.0 87.0
87.0 86.0 122.0 80.0
74.0 86.0 152.0 96.0
85.0 72.0 142.0 96.0
60.0 128.0 165.0 91.0
108.0 72.0 138.0 78.0
65.0 147.0 143.0 73.0
84.0 60.0 157.0 120.0
91.0 94.0 162.0 73.0
101.0 67.0 140.0 88.0
104.0 92.0 148.0 64.0
90.0 80.0 127.0 84.0
77.0 85.0 141.0 95.0
122.0 79.0 153.0 66.0
101.0 117.0 163.0 54.0
130.0 79.0 138.0 61.0
71.0 120.0 155.0 78.0
125.0 76.0 133.0 67.0
58.0 119.0 159.0 99.0
84.0 51.0 141.0 170.0
52.0 122.0 158.0 109.0
151.0 104.0 133.0 43.0
110.0 41.0 133.0 154.0
114.0 107.0 151.0 51.0
93.0 145.0 174.0 45.0
71.0 85.0 138.0 99.0
51.0 109.0 151.0 128.0
121.0 108.0 144.0 48.0
160.0 76.0 149.0 57.0
118.0 138.0 173.0 40.0
81.0 110.0 134.0 70.0
53.0 142.0 146.0 99.0
79.0 61.0 151.0 133.0
127.0 132.0 169.0 40.0
119.0 114.0 153.0 48.0
123.0 36.0 148.0 179.0
108.0 121.0 160.0 49.0
78.0 71.0 126.0 105.0
111.0 66.0 143.0 82.0
76.0 116.0 129.0 71.0
100.0 115.0 167.0 55.0
91.0 83.0 150.0 80.0
88.0 58.0 143.0 112.0
59.0 138.0 166.0 88.0
101.0 65.0 145.0 89.0
56.0 96.0 140.0 120.0
126.0 53.0 152.0 94.0
79.0 92.0 157.0 84.0
93.0 50.0 147.0 132.0
61.0 178.0 161.0 71.0
61.0 127.0 142.0 90.0
71.0 89.0 151.0 96.0
143.0 135.0 154.0 36.0
62.0 104.0 168.0 103.0
105.0 79.0 150.0 74.0
125.0 36.0 128.0 159.0
147.0 119.0 145.0 37.0
73.0 130.0 161.0 68.0
100.0 84.0 141.0 70.0
132.0 69.0 150.0 67.0
100.0 111.0 146.0 57.0
65.0 68.0 149.0 152.0
134.0 87.0 145.0 54.0
63.0 73.0 147.0 132.0
52.0 98.0 149.0 135.0
61.0 142.0 176.0 79.0
105.0 114.0 151.0 51.0
125.0 79.0 142.0 64.0
137.0 114.0 155.0 39.0
55.0 149.0 148.0 90.0
64.0 101.0 144.0 98.0
66.0 97.0 136.0 98.0
72.0 148.0 161.0 65.0
122.0 88.0 143.0 59.0
98.0 70.0 144.0 87.0
110.0 89.0 153.0 62.0
72.0 70.0 149.0 120.0
74.0 79.0 149.0 101.0
109.0 103.0 152.0 57.0
117.0 41.0 137.0 125.0
141.0 111.0 139.0 39.0
116.0 47.0 129.0 114.0
58.0 134.0 163.0 89.0
64.0 81.0 136.0 119.0
77.0 66.0 120.0 122.0
59.0 123.0 160.0 96.0
93.0 102.0 135.0 65.0
61.0 78.0 143.0 132.0
56.0 163.0 163.0 81.0
113.0 114.0 154.0 49.0
121.0 72.0 150.0 68.0
99.0 135.0 175.0 47.0
102.0 49.0 138.0 126.0
76.0 78.0 137.0 101.0
95.0 76.0 137.0 83.0
132.0 50.0 147.0 92.0
144.0 161.0 171.0 35.0
120.0 103.0 158.0 53.0
131.0 83.0 164.0 59.0
97.0 50.0 133.0 123.0
110.0 58.0 151.0 95.0
68.0 131.0 159.0 76.0
119.0 94.0 140.0 57.0
125.0 43.0 133.0 119.0
92.0 128.0 166.0 54.0
85.0 60.0 133.0 113.0
95.0 135.0 170.0 48.0
68.0 88.0 144.0 102.0
91.0 65.0 148.0 98.0
118.0 130.0 152.0 42.0
68.0 96.0 151.0 94.0
121.0 50.0 149.0 101.0
95.0 120.0 142.0 57.0
88.0 51.0 139.0 131.0
92.0 112.0 152.0 61.0
148.0 101.0 147.0 45.0
92.0 47.0 133.0 137.0
83.0 75.0 142.0 97.0
104.0 44.0 132.0 139.0
136.0 77.0 157.0 60.0
109.0 74.0 143.0 77.0
84.0 129.0 170.0 58.0
78.0 152.0 162.0 57.0
127.0 93.0 153.0 55.0
84.0 126.0 159.0 62.0
69.0 113.0 151.0 81.0
84.0 98.0 141.0 76.0
138.0 43.0 154.0 113.0
103.0 47.0 145.0 128.0
132.0 53.0 142.0 90.0
114.0 56.0 144.0 90.0
91.0 54.0 136.0 117.0
91.0 116.0 143.0 60.0
113.0 102.0 165.0 54.0
101.0 114.0 142.0 55.0
144.0 88.0 159.0 53.0
109.0 47.0 149.0 116.0
61.0 92.0 152.0 109.0
94.0 99.0 142.0 67.0
90.0 131.0 154.0 53.0
73.0 94.0 160.0 90.0
114.0 68.0 129.0 75.0
129.0 42.0 139.0 116.0
75.0 116.0 132.0 73.0
50.0 163.0 162.0 104.0
72.0 94.0 137.0 93.0
53.0 129.0 164.0 105.0
103.0 46.0 127.0 134.0
75.0 73.0 116.0 106.0
153.0 96.0 145.0 46.0
85.0 123.0 150.0 61.0
104.0 101.0 141.0 61.0
55.0 106.0 166.0 115.0
65.0 174.0 162.0 65.0
131.0 85.0 155.0 58.0
87.0 66.0 156.0 105.0
88.0 52.0 136.0 127.0
117.0 46.0 146.0 116.0
145.0 45.0 136.0 102.0
121.0 37.0 134.0 144.0
70.0 166.0 186.0 63.0
99.0 69.0 147.0 85.0
87.0 85.0 136.0 81.0
82.0 65.0 157.0 113.0
64.0 75.0 128.0 129.0
151.0 105.0 156.0 42.0
56.0 112.0 154.0 107.0
88.0 70.0 152.0 95.0
65.0 71.0 142.0 148.0
114.0 39.0 152.0 167.0
57.0 81.0 141.0 142.0
69.0 92.0 117.0 97.0
124.0 56.0 161.0 89.0
69.0 111.0 151.0 84.0
105.0 43.0 132.0 145.0
124.0 149.0 183.0 38.0
50.0 114.0 148.0 128.0
100.0 49.0 139.0 128.0
81.0 53.0 151.0 160.0
78.0 85.0 132.0 90.0
94.0 72.0 140.0 90.0
87.0 78.0 165.0 88.0
84.0 74.0 145.0 98.0
144.0 60.0 148.0 75.0
139.0 36.0 157.0 138.0
140.0 90.0 151.0 48.0
128.0 47.0 143.0 100.0
78.0 101.0 138.0 77.0
97.0 124.0 167.0 54.0
107.0 86.0 152.0 68.0
104.0 83.0 128.0 71.0
102.0 52.0 139.0 115.0
65.0 98.0 141.0 95.0
78.0 80.0 128.0 97.0
102.0 111.0 155.0 56.0
83.0 133.0 154.0 58.0
100.0 125.0 158.0 51.0
114.0 59.0 133.0 89.0
67.0 105.0 142.0 93.0
126.0 63.0 149.0 79.0
95.0 97.0 144.0 68.0
76.0 86.0 151.0 93.0
57.0 130.0 166.0 97.0
121.0 65.0 170.0 78.0
83.0 108.0 132.0 69.0
77.0 129.0 154.0 65.0
90.0 109.0 149.0 65.0
63.0 79.0 155.0 122.0
51.0 115.0 160.0 119.0
57.0 161.0 162.0 78.0
80.0 98.0 144.0 80.0
96.0 66.0 137.0 95.0
156.0 35.0 165.0 144.0
105.0 73.0 146.0 80.0
70.0 73.0 127.0 120.0
115.0 50.0 150.0 103.0
82.0 69.0 145.0 109.0
66.0 71.0 122.0 130.0
140.0 119.0 158.0 38.0
121.0 70.0 137.0 74.0
126.0 57.0 141.0 86.0
132.0 98.0 144.0 49.0
112.0 102.0 143.0 56.0
133.0 48.0 145.0 99.0
50.0 105.0 140.0 131.0
84.0 78.0 136.0 89.0
154.0 48.0 157.0 92.0
137.0 58.0 155.0 77.0
71.0 128.0 152.0 71.0
73.0 80.0 127.0 102.0
88.0 120.0 145.0 59.0
82.0 58.0 126.0 131.0
104.0 75.0 140.0 79.0
130.0 108.0 149.0 46.0
81.0 99.0 148.0 76.0
92.0 74.0 149.0 90.0
132.0 92.0 162.0 53.0
86.0 70.0 132.0 100.0
88.0 81.0 138.0 85.0
75.0 98.0 137.0 85.0
86.0 105.0 140.0 69.0
79.0 60.0 134.0 134.0
81.0 112.0 154.0 67.0
139.0 68.0 148.0 69.0
111.0 116.0 165.0 48.0
96.0 45.0 127.0 140.0
103.0 99.0 173.0 63.0
87.0 81.0 130.0 86.0
120.0 94.0 162.0 55.0
80.0 148.0 176.0 52.0
87.0 104.0 132.0 68.0
48.0 159.0 172.0 124.0
91.0 47.0 133.0 151.0
85.0 102.0 151.0 71.0
79.0 114.0 139.0 70.0
81.0 85.0 140.0 89.0
76.0 73.0 148.0 103.0
54.0 149.0 159.0 93.0
118.0 93.0 156.0 59.0
71.0 103.0 137.0 87.0
82.0 56.0 127.0 133.0
90.0 101.0 176.0 68.0
103.0 107.0 159.0 57.0
100.0 100.0 155.0 63.0
135.0 76.0 152.0 61.0
63.0 110.0 160.0 97.0
63.0 96.0 150.0 103.0
93.0 92.0 144.0 69.0
82.0 138.0 172.0 55.0
116.0 60.0 138.0 88.0
124.0 57.0 137.0 88.0
50.0 101.0 130.0 144.0
66.0 76.0 133.0 123.0
83.0 107.0 130.0 70.0
96.0 63.0 154.0 96.0
156.0 53.0 159.0 80.0
73.0 148.0 160.0 62.0
63.0 82.0 145.0 116.0
84.0 66.0 136.0 109.0
140.0 39.0 151.0 130.0
168.0 105.0 147.0 41.0
135.0 134.0 178.0 38.0
59.0 82.0 141.0 133.0
66.0 94.0 160.0 102.0
93.0 65.0 144.0 97.0
114.0 46.0 157.0 117.0
100.0 50.0 141.0 122.0
92.0 77.0 150.0 84.0
130.0 70.0 152.0 69.0
82.0 64.0 133.0 116.0
76.0 101.0 149.0 82.0
103.0 76.0 148.0 79.0
75.0 81.0 135.0 98.0
72.0 64.0 130.0 132.0
95.0 112.0 142.0 60.0
112.0 88.0 149.0 62.0
78.0 145.0 168.0 59.0
150.0 93.0 149.0 47.0
79.0 55.0 143.0 163.0
77.0 99.0 162.0 83.0
101.0 60.0 147.0 95.0
103.0 62.0 142.0 94.0
66.0 84.0 142.0 112.0
81.0 96.0 133.0 80.0
74.0 61.0 157.0 175.0
114.0 40.0 134.0 140.0
96.0 51.0 134.0 125.0
80.0 114.0 133.0 69.0
140.0 127.0 170.0 37.0
148.0 87.0 146.0 53.0
83.0 146.0 167.0 54.0
112.0 126.0 157.0 44.0
73.0 127.0 160.0 71.0
106.0 105.0 156.0 55.0
133.0 126.0 177.0 40.0
111.0 130.0 148.0 43.0
133.0 53.0 143.0 89.0
84.0 69.0 147.0 104.0
88.0 49.0 143.0 141.0
112.0 56.0 142.0 96.0
100.0 110.0 170.0 58.0
140.0 61.0 149.0 74.0
56.0 91.0 139.0 125.0
110.0 99.0 144.0 58.0
82.0 53.0 142.0 158.0
115.0 41.0 130.0 138.0
51.0 96.0 155.0 150.0
61.0 128.0 161.0 88.0
138.0 35.0 162.0 152.0
74.0 69.0 143.0 111.0
105.0 50.0 149.0 114.0
56.0 148.0 163.0 86.0
124.0 102.0 148.0 52.0
154.0 33.0 143.0 165.0
123.0 69.0 156.0 72.0
67.0 84.0 128.0 110.0
116.0 85.0 137.0 65.0
76.0 114.0 136.0 73.0
88.0 136.0 159.0 52.0
103.0 72.0 147.0 81.0
122.0 40.0 152.0 132.0
76.0 60.0 151.0 140.0
110.0 68.0 142.0 82.0
134.0 54.0 158.0 88.0
54.0 164.0 159.0 88.0
131.0 127.0 164.0 40.0
95.0 57.0 139.0 111.0
64.0 98.0 148.0 101.0
57.0 132.0 155.0 93.0
123.0 49.0 155.0 102.0
57.0 94.0 167.0 121.0
74.0 110.0 157.0 78.0
82.0 103.0 158.0 71.0
87.0 118.0 169.0 62.0
53.0 121.0 149.0 112.0
120.0 133.0 171.0 40.0
69.0 150.0 167.0 65.0
124.0 127.0 137.0 41.0
101.0 58.0 141.0 106.0
54.0 127.0 172.0 102.0
94.0 86.0 145.0 77.0
57.0 174.0 155.0 77.0
61.0 134.0 155.0 83.0
106.0 76.0 157.0 78.0
100.0 54.0 133.0 116.0
67.0 130.0 161.0 79.0
89.0 66.0 144.0 102.0
76.0 161.0 173.0 57.0
60.0 87.0 146.0 116.0
55.0 96.0 146.0 128.0
77.0 67.0 130.0 118.0
150.0 88.0 161.0 51.0
100.0 103.0 128.0 62.0
57.0 99.0 159.0 116.0
77.0 82.0 148.0 97.0
125.0 60.0 148.0 82.0
83.0 102.0 149.0 74.0
147.0 132.0 138.0 36.0
105.0 56.0 156.0 99.0
109.0 57.0 142.0 96.0
115.0 53.0 139.0 102.0
133.0 39.0 155.0 131.0
90.0 126.0 155.0 55.0
46.0 155.0 166.0 137.0
74.0 83.0 148.0 98.0
66.0 121.0 163.0 85.0
67.0 139.0 157.0 72.0
65.0 151.0 157.0 72.0
65.0 121.0 177.0 86.0
68.0 76.0 135.0 119.0
123.0 51.0 155.0 99.0
76.0 68.0 132.0 120.0
118.0 39.0 140.0 137.0
116.0 55.0 157.0 94.0
129.0 75.0 164.0 64.0
65.0 161.0 169.0 66.0
54.0 118.0 156.0 105.0
114.0 111.0 154.0 49.0
60.0 152.0 169.0 80.0
68.0 69.0 133.0 122.0
98.0 84.0 150.0 72.0
125.0 45.0 142.0 111.0
144.0 73.0 143.0 61.0
99.0 78.0 157.0 77.0
118.0 117.0 159.0 43.0
111.0 51.0 147.0 104.0
143.0 38.0 140.0 132.0
75.0 101.0 140.0 84.0
85.0 91.0 136.0 77.0
105.0 110.0 136.0 56.0
80.0 76.0 127.0 100.0
57.0 109.0 154.0 107.0
65.0 72.0 138.0 146.0
55.0 87.0 147.0 138.0
64.0 125.0 159.0 87.0
114.0 125.0 157.0 45.0
83.0 118.0 164.0 63.0
141.0 40.0 146.0 116.0
115.0 91.0 152.0 61.0
54.0 108.0 154.0 114.0
101.0 100.0 153.0 62.0
74.0 105.0 160.0 82.0
57.0 89.0 157.0 125.0
69.0 88.0 144.0 100.0
64.0 114.0 171.0 90.0
114.0 95.0 153.0 60.0
100.0 59.0 138.0 104.0
79.0 173.0 183.0 56.0
157.0 46.0 151.0 98.0
68.0 168.0 160.0 64.0
80.0 58.0 136.0 138.0
59.0 75.0 136.0 136.0
89.0 110.0 172.0 64.0
105.0 125.0 164.0 47.0
46.0 151.0 182.0 154.0
101.0 54.0 140.0 110.0
88.0 62.0 133.0 103.0
79.0 103.0 124.0 76.0
145.0 57.0 134.0 76.0
151.0 35.0 138.0 147.0
56.0 101.0 138.0 117.0
49.0 117.0 146.0 124.0
92.0 117.0 153.0 58.0
75.0 103.0 145.0 81.0
113.0 117.0 168.0 47.0
53.0 88.0 126.0 148.0
99.0 111.0 143.0 58.0
99.0 96.0 142.0 66.0
80.0 65.0 140.0 117.0
109.0 79.0 140.0 72.0
94.0 67.0 156.0 92.0
130.0 84.0 153.0 59.0
80.0 146.0 164.0 58.0
137.0 105.0 134.0 45.0
128.0 84.0 155.0 60.0
128.0 78.0 148.0 64.0
66.0 67.0 135.0 134.0
94.0 48.0 133.0 133.0
95.0 110.0 157.0 61.0
154.0 78.0 142.0 56.0
140.0 42.0 160.0 115.0
97.0 143.0 167.0 46.0
126.0 76.0 158.0 66.0
137.0 60.0 136.0 76.0
104.0 57.0 130.0 105.0
67.0 79.0 146.0 118.0
51.0 97.0 130.0 148.0
116.0 91.0 157.0 60.0
60.0 114.0 137.0 101.0
131.0 88.0 162.0 56.0
129.0 44.0 136.0 112.0
125.0 160.0 175.0 36.0
96.0 115.0 162.0 56.0
109.0 51.0 135.0 111.0
117.0 52.0 137.0 102.0
108.0 53.0 137.0 105.0
116.0 66.0 140.0 78.0
71.0 104.0 153.0 85.0
83.0 69.0 131.0 106.0
121.0 39.0 148.0 133.0
78.0 88.0 147.0 89.0
134.0 43.0 141.0 115.0
97.0 126.0 168.0 51.0
90.0 116.0 171.0 62.0
169.0 44.0 154.0 104.0
99.0 51.0 144.0 120.0
85.0 58.0 127.0 123.0
54.0 103.0 163.0 118.0
125.0 51.0 159.0 97.0
64.0 119.0 150.0 89.0
60.0 75.0 137.0 133.0
98.0 62.0 137.0 96.0
146.0 55.0 133.0 78.0
76.0 100.0 167.0 83.0
92.0 51.0 130.0 130.0
74.0 126.0 150.0 71.0
106.0 49.0 139.0 117.0
131.0 130.0 176.0 39.0
97.0 85.0 131.0 77.0
72.0 150.0 169.0 60.0
100.0 70.0 144.0 84.0
75.0 62.0 140.0 131.0
134.0 96.0 150.0 50.0
91.0 82.0 162.0 83.0
120.0 60.0 143.0 85.0
57.0 98.0 152.0 118.0
97.0 56.0 140.0 108.0
63.0 90.0 132.0 107.0
84.0 87.0 126.0 82.0
122.0 47.0 148.0 105.0
83.0 68.0 136.0 111.0
67.0 91.0 169.0 102.0
105.0 59.0 149.0 94.0
81.0 117.0 134.0 66.0
113.0 57.0 141.0 92.0
63.0 112.0 155.0 95.0
110.0 140.0 165.0 39.0
155.0 130.0 132.0 36.0
130.0 120.0 129.0 41.0
144.0 67.0 146.0 68.0
51.0 144.0 150.0 106.0
120.0 37.0 146.0 174.0
49.0 152.0 172.0 114.0
61.0 105.0 143.0 102.0
84.0 64.0 148.0 115.0
93.0 108.0 158.0 62.0
55.0 134.0 178.0 98.0
71.0 71.0 133.0 112.0
122.0 70.0 139.0 73.0
53.0 96.0 136.0 139.0
80.0 118.0 142.0 67.0
108.0 80.0 142.0 69.0
101.0 109.0 150.0 57.0
79.0 113.0 155.0 71.0
130.0 37.0 147.0 137.0
127.0 149.0 163.0 36.0
92.0 88.0 134.0 74.0
125.0 97.0 151.0 52.0
81.0 79.0 136.0 94.0
91.0 48.0 149.0 144.0
157.0 36.0 160.0 130.0
95.0 80.0 122.0 82.0
78.0 135.0 168.0 61.0
89.0 126.0 146.0 58.0
110.0 96.0 153.0 60.0
138.0 64.0 146.0 71.0
128.0 58.0 161.0 82.0
136.0 101.0 157.0 46.0
105.0 46.0 139.0 132.0
113.0 135.0 174.0 41.0
100.0 56.0 148.0 107.0
121.0 89.0 157.0 56.0
136.0 33.0 140.0 173.0
80.0 75.0 118.0 102.0
49.0 137.0 172.0 119.0
139.0 84.0 159.0 54.0
96.0 87.0 164.0 73.0
100.0 48.0 126.0 131.0
134.0 51.0 151.0 91.0
89.0 55.0 130.0 123.0
86.0 63.0 139.0 112.0
174.0 97.0 141.0 45.0
99.0 80.0 131.0 75.0
79.0 66.0 142.0 119.0
87.0 102.0 155.0 69.0
110.0 110.0 158.0 51.0
127.0 60.0 142.0 80.0
77.0 97.0 139.0 84.0
62.0 110.0 162.0 98.0
112.0 44.0 159.0 129.0
144.0 104.0 163.0 45.0
113.0 72.0 152.0 76.0
126.0 82.0 154.0 62.0
103.0 123.0 153.0 48.0
114.0 80.0 153.0 67.0
89.0 141.0 171.0 49.0
119.0 59.0 145.0 87.0
71.0 88.0 142.0 97.0
78.0 89.0 145.0 87.0
105.0 44.0 139.0 135.0
142.0 80.0 151.0 56.0
90.0 121.0 163.0 57.0
70.0 77.0 144.0 116.0
98.0 53.0 141.0 120.0
55.0 100.0 165.0 122.0
155.0 117.0 153.0 38.0
110.0 44.0 135.0 131.0
55.0 86.0 136.0 144.0
113.0 63.0 148.0 81.0
75.0 91.0 135.0 88.0
148.0 53.0 144.0 81.0
63.0 169.0 182.0 70.0
86.0 138.0 177.0 54.0
129.0 90.0 147.0 54.0
90.0 68.0 156.0 95.0
165.0 61.0 168.0 70.0
62.0 89.0 154.0 111.0
114.0 86.0 144.0 66.0
63.0 108.0 142.0 98.0
77.0 104.0 178.0 80.0
116.0 77.0 140.0 68.0
79.0 79.0 152.0 98.0
107.0 113.0 154.0 53.0
84.0 68.0 146.0 106.0
148.0 81.0 150.0 54.0
56.0 131.0 164.0 97.0
115.0 48.0 145.0 110.0
132.0 34.0 146.0 158.0
104.0 80.0 159.0 74.0
95.0 86.0 153.0 76.0
76.0 109.0 156.0 74.0
67.0 151.0 165.0 69.0
110.0 64.0 137.0 87.0
66.0 88.0 142.0 106.0
54.0 146.0 166.0 94.0
114.0 61.0 149.0 85.0
87.0 131.0 151.0 56.0
148.0 60.0 140.0 73.0
166.0 99.0 133.0 44.0
157.0 152.0 171.0 35.0
129.0 45.0 138.0 108.0
82.0 52.0 144.0 169.0
91.0 76.0 154.0 89.0
103.0 113.0 169.0 55.0
52.0 135.0 149.0 102.0
86.0 94.0 139.0 76.0
69.0 74.0 147.0 118.0
146.0 75.0 164.0 60.0
89.0 61.0 149.0 111.0
53.0 90.0 150.0 144.0
65.0 97.0 170.0 100.0
102.0 46.0 129.0 136.0
143.0 54.0 152.0 83.0
92.0 46.0 135.0 145.0
78.0 58.0 128.0 149.0
140.0 51.0 146.0 86.0
82.0 84.0 136.0 85.0
138.0 72.0 144.0 63.0
87.0 67.0 113.0 104.0
106.0 67.0 143.0 84.0
141.0 109.0 141.0 42.0
78.0 133.0 163.0 63.0
92.0 87.0 150.0 78.0
71.0 67.0 143.0 121.0
140.0 98.0 141.0 46.0
136.0 46.0 140.0 100.0
100.0 43.0 138.0 148.0
150.0 101.0 153.0 44.0
119.0 80.0 146.0 63.0
88.0 130.0 180.0 56.0
53.0 123.0 163.0 108.0
112.0 64.0 145.0 83.0
139.0 38.0 161.0 135.0
111.0 87.0 155.0 66.0
85.0 50.0 143.0 164.0
64.0 111.0 160.0 93.0
69.0 72.0 139.0 121.0
84.0 72.0 166.0 103.0
98.0 66.0 135.0 93.0
112.0 41.0 121.0 139.0
111.0 45.0 140.0 119.0
59.0 105.0 141.0 106.0
66.0 110.0 165.0 90.0
126.0 135.0 157.0 39.0
147.0 76.0 149.0 58.0
51.0 160.0 185.0 105.0
68.0 159.0 156.0 65.0
91.0 60.0 143.0 102.0
93.0 140.0 165.0 51.0
57.0 108.0 154.0 109.0
125.0 77.0 153.0 66.0
89.0 73.0 147.0 92.0
51.0 102.0 142.0 135.0
68.0 107.0 163.0 88.0
137.0 94.0 162.0 51.0
128.0 92.0 142.0 54.0
121.0 103.0 151.0 50.0
77.0 137.0 165.0 62.0
99.0 90.0 150.0 71.0
60.0 96.0 151.0 113.0
112.0 87.0 168.0 64.0
71.0 122.0 159.0 72.0
90.0 79.0 140.0 85.0
73.0 99.0 149.0 87.0
117.0 81.0 150.0 63.0
149.0 66.0 149.0 66.0
127.0 81.0 148.0 61.0
121.0 71.0 149.0 73.0
102.0 83.0 140.0 73.0
73.0 111.0 146.0 75.0
94.0 144.0 170.0 48.0
78.0 81.0 126.0 95.0
96.0 57.0 142.0 110.0
68.0 79.0 155.0 113.0
75.0 87.0 122.0 91.0
118.0 60.0 152.0 87.0
53.0 99.0 161.0 126.0
62.0 174.0 180.0 71.0
122.0 45.0 147.0 115.0
124.0 137.0 173.0 39.0
70.0 78.0 135.0 111.0
56.0 83.0 148.0 138.0
89.0 92.0 149.0 75.0
56.0 88.0 158.0 134.0
91.0 69.0 146.0 93.0
144.0 107.0 143.0 44.0
81.0 89.0 153.0 86.0
69.0 136.0 148.0 73.0
121.0 44.0 142.0 116.0
112.0 96.0 144.0 58.0
79.0 67.0 147.0 114.0
141.0 44.0 151.0 105.0
98.0 104.0 159.0 62.0
59.0 87.0 155.0 125.0
59.0 97.0 140.0 113.0
157.0 61.0 153.0 71.0
123.0 87.0 141.0 60.0
59.0 84.0 158.0 131.0
154.0 58.0 147.0 74.0
120.0 51.0 152.0 102.0
88.0 56.0 126.0 118.0
99.0 114.0 161.0 57.0
98.0 120.0 148.0 54.0
102.0 58.0 146.0 100.0
86.0 50.0 138.0 139.0
79.0 84.0 138.0 92.0
143.0 43.0 140.0 112.0
65.0 107.0 158.0 91.0
59.0 131.0 173.0 91.0
126.0 100.0 154.0 51.0
97.0 66.0 145.0 94.0
50.0 118.0 158.0 115.0
69.0 164.0 169.0 64.0
126.0 87.0 144.0 57.0
94.0 82.0 150.0 79.0
58.0 89.0 136.0 120.0
67.0 132.0 174.0 76.0
125.0 147.0 182.0 37.0
106.0 103.0 140.0 59.0
98.0 106.0 160.0 59.0
103.0 152.0 165.0 41.0
56.0 110.0 138.0 112.0
122.0 115.0 157.0 46.0
94.0 129.0 151.0 52.0
63.0 147.0 156.0 74.0
71.0 121.0 171.0 74.0
82.0 127.0 141.0 60.0
87.0 57.0 127.0 120.0
101.0 44.0 142.0 147.0
65.0 126.0 143.0 82.0
132.0 49.0 143.0 93.0
107.0 52.0 155.0 109.0
96.0 56.0 150.0 115.0
72.0 131.0 154.0 67.0
131.0 45.0 137.0 106.0
132.0 40.0 158.0 125.0
75.0 60.0 129.0 154.0
99.0 66.0 134.0 89.0
98.0 61.0 126.0 101.0
60.0 99.0 161.0 104.0
93.0 73.0 130.0 90.0
55.0 112.0 165.0 111.0
55.0 119.0 154.0 102.0
127.0 95.0 148.0 53.0
117.0 62.0 138.0 84.0
158.0 86.0 149.0 49.0
68.0 81.0 142.0 105.0
123.0 70.0 161.0 71.0
73.0 75.0 138.0 104.0
89.0 54.0 139.0 125.0
132.0 36.0 160.0 147.0
64.0 80.0 151.0 121.0
88.0 181.0 157.0 50.0
72.0 95.0 135.0 91.0
108.0 60.0 156.0 93.0
58.0 82.0 138.0 135.0
96.0 97.0 149.0 66.0
66.0 124.0 153.0 84.0
52.0 92.0 140.0 153.0
145.0 38.0 153.0 130.0
86.0 122.0 163.0 61.0
58.0 77.0 127.0 137.0
74.0 63.0 149.0 136.0
135.0 47.0 137.0 99.0
74.0 106.0 168.0 81.0
57.0 146.0 158.0 88.0
68.0 90.0 159.0 101.0
116.0 104.0 151.0 52.0
98.0 82.0 141.0 77.0
59.0 160.0 147.0 82.0
50.0 133.0 158.0 110.0
155.0 102.0 140.0 42.0
111.0 74.0 141.0 73.0
80.0 161.0 169.0 51.0
60.0 148.0 154.0 82.0
81.0 78.0 138.0 96.0
84.0 150.0 174.0 51.0
66.0 95.0 143.0 101.0
114.0 55.0 155.0 96.0
69.0 65.0 145.0 133.0
99.0 104.0 170.0 61.0
93.0 59.0 132.0 111.0
81.0 62.0 147.0 121.0
62.0 95.0 155.0 104.0
98.0 124.0 178.0 53.0
57.0 120.0 174.0 99.0
51.0 170.0 159.0 101.0
85.0 90.0 129.0 81.0
66.0 96.0 155.0 100.0
90.0 155.0 167.0 48.0
97.0 90.0 167.0 72.0
73.0 151.0 172.0 59.0
69.0 125.0 161.0 78.0
103.0 105.0 140.0 58.0
67.0 120.0 166.0 82.0
56.0 133.0 159.0 96.0
128.0 55.0 154.0 85.0
105.0 77.0 141.0 75.0
120.0 46.0 134.0 111.0
70.0 120.0 171.0 79.0
115.0 44.0 143.0 118.0
136.0 64.0 144.0 73.0
62.0 107.0 160.0 99.0
114.0 50.0 137.0 105.0
134.0 95.0 135.0 52.0
58.0 84.0 141.0 133.0
67.0 114.0 152.0 85.0
87.0 51.0 120.0 135.0
86.0 67.0 141.0 105.0
166.0 38.0 149.0 128.0
56.0 136.0 156.0 92.0
129.0 51.0 145.0 93.0
87.0 128.0 160.0 58.0
93.0 84.0 140.0 78.0
69.0 100.0 124.0 89.0
94.0 106.0 151.0 63.0
97.0 113.0 160.0 58.0
110.0 78.0 157.0 71.0
83.0 88.0 147.0 82.0
77.0 116.0 161.0 69.0
75.0 125.0 163.0 66.0
96.0 124.0 143.0 55.0
153.0 90.0 151.0 47.0
112.0 94.0 153.0 61.0
65.0 83.0 160.0 114.0
72.0 171.0 166.0 58.0
94.0 111.0 157.0 61.0
71.0 112.0 147.0 79.0
87.0 70.0 146.0 96.0
96.0 130.0 152.0 51.0
86.0 113.0 139.0 64.0
101.0 105.0 153.0 59.0
109.0 70.0 149.0 82.0
100.0 128.0 149.0 49.0
108.0 116.0 145.0 50.0
100.0 55.0 146.0 113.0
106.0 56.0 143.0 98.0
101.0 133.0 157.0 45.0
135.0 53.0 146.0 88.0
109.0 99.0 160.0 59.0
71.0 145.0 180.0 66.0
82.0 101.0 134.0 75.0
97.0 147.0 172.0 44.0
102.0 74.0 120.0 80.0
74.0 88.0 149.0 94.0
125.0 85.0 153.0 60.0
94.0 91.0 141.0 73.0
74.0 87.0 161.0 95.0
91.0 115.0 158.0 62.0
60.0 81.0 145.0 123.0
79.0 63.0 147.0 123.0
68.0 65.0 150.0 158.0
101.0 64.0 145.0 92.0
83.0 100.0 154.0 75.0
75.0 97.0 139.0 87.0
59.0 116.0 152.0 100.0
64.0 85.0 135.0 114.0
127.0 57.0 146.0 83.0
118.0 57.0 158.0 89.0
155.0 34.0 148.0 153.0
53.0 178.0 172.0 92.0
49.0 104.0 128.0 140.0
71.0 161.0 158.0 63.0
88.0 67.0 138.0 99.0
69.0 126.0 155.0 74.0
149.0 108.0 142.0 42.0
133.0 118.0 165.0 41.0
154.0 69.0 151.0 65.0
126.0 106.0 150.0 49.0
64.0 107.0 140.0 96.0
65.0 85.0 142.0 108.0
114.0 77.0 150.0 70.0
55.0 97.0 140.0 126.0
163.0 100.0 148.0 43.0
153.0 74.0 156.0 59.0
102.0 89.0 159.0 69.0
90.0 55.0 137.0 119.0
54.0 91.0 162.0 135.0
65.0 134.0 150.0 74.0
52.0 148.0 159.0 97.0
127.0 35.0 124.0 163.0
141.0 89.0 153.0 53.0
129.0 85.0 160.0 59.0
98.0 98.0 149.0 65.0
150.0 41.0 161.0 113.0
143.0 122.0 161.0 37.0
163.0 62.0 148.0 70.0
81.0 128.0 168.0 60.0
83.0 52.0 128.0 140.0
97.0 104.0 158.0 64.0
65.0 128.0 160.0 80.0
67.0 108.0 156.0 89.0
79.0 119.0 150.0 68.0
137.0 127.0 148.0 38.0
69.0 177.0 162.0 63.0
85.0 136.0 162.0 57.0
93.0 87.0 134.0 77.0
69.0 87.0 125.0 102.0
107.0 141.0 168.0 41.0
134.0 110.0 146.0 42.0
93.0 75.0 144.0 88.0
53.0 118.0 171.0 113.0
73.0 92.0 145.0 95.0
64.0 87.0 137.0 112.0
92.0 98.0 153.0 70.0
103.0 77.0 144.0 76.0
97.0 109.0 167.0 60.0
108.0 107.0 155.0 54.0
77.0 145.0 165.0 60.0
89.0 129.0 157.0 57.0
76.0 174.0 166.0 56.0
72.0 144.0 147.0 66.0
65.0 106.0 170.0 93.0
86.0 75.0 123.0 95.0
68.0 122.0 145.0 79.0
88.0 149.0 152.0 51.0
89.0 95.0 130.0 71.0
80.0 80.0 147.0 96.0
146.0 106.0 159.0 44.0
52.0 130.0 157.0 107.0
84.0 91.0 144.0 80.0
87.0 112.0 146.0 65.0
86.0 86.0 157.0 81.0
129.0 34.0 145.0 186.0
105.0 95.0 151.0 63.0
120.0 85.0 148.0 62.0
110.0 66.0 146.0 85.0
65.0 115.0 133.0 88.0
106.0 50.0 136.0 113.0
79.0 115.0 160.0 69.0
51.0 131.0 157.0 107.0
54.0 86.0 135.0 147.0
76.0 65.0 137.0 124.0
75.0 165.0 164.0 57.0
54.0 140.0 163.0 95.0
109.0 45.0 149.0 130.0
55.0 117.0 175.0 107.0
125.0 109.0 156.0 44.0
97.0 62.0 135.0 101.0
107.0 76.0 132.0 74.0
101.0 90.0 162.0 66.0
61.0 89.0 162.0 115.0
94.0 76.0 131.0 87.0
99.0 65.0 131.0 95.0
60.0 135.0 170.0 83.0
106.0 45.0 124.0 133.0
113.0 49.0 150.0 107.0
155.0 62.0 133.0 71.0
108.0 101.0 147.0 58.0
55.0 90.0 131.0 133.0
106.0 82.0 147.0 72.0
126.0 64.0 150.0 74.0
76.0 94.0 147.0 85.0
50.0 158.0 170.0 109.0
122.0 51.0 154.0 100.0
103.0 97.0 128.0 65.0
79.0 105.0 148.0 72.0
135.0 127.0 158.0 39.0
120.0 61.0 144.0 80.0
105.0 55.0 140.0 107.0
87.0 115.0 137.0 63.0
104.0 48.0 138.0 125.0
119.0 55.0 162.0 91.0
144.0 47.0 139.0 94.0
70.0 96.0 150.0 91.0
156.0 68.0 142.0 64.0
98.0 71.0 140.0 85.0
61.0 141.0 152.0 81.0
81.0 93.0 134.0 81.0
90.0 107.0 152.0 67.0
129.0 36.0 152.0 151.0
72.0 98.0 134.0 88.0
73.0 64.0 137.0 128.0
90.0 83.0 155.0 83.0
86.0 79.0 142.0 88.0
86.0 98.0 145.0 74.0
145.0 66.0 150.0 69.0
89.0 48.0 125.0 146.0
127.0 136.0 170.0 37.0
47.0 136.0 152.0 133.0
60.0 160.0 167.0 79.0
68.0 93.0 151.0 99.0
80.0 54.0 129.0 145.0
65.0 78.0 125.0 120.0
119.0 116.0 140.0 47.0
77.0 115.0 151.0 72.0
63.0 135.0 151.0 78.0
97.0 72.0 134.0 85.0
130.0 104.0 141.0 48.0
143.0 79.0 139.0 59.0
75.0 90.0 137.0 90.0
70.0 66.0 127.0 129.0
73.0 102.0 157.0 84.0
86.0 127.0 148.0 59.0
75.0 105.0 146.0 79.0
105.0 49.0 131.0 124.0
90.0 66.0 146.0 98.0
133.0 108.0 150.0 45.0
70.0 132.0 155.0 71.0
73.0 164.0 165.0 58.0
128.0 75.0 142.0 66.0
83.0 96.0 154.0 79.0
131.0 65.0 140.0 72.0
80.0 78.0 127.0 99.0
149.0 58.0 139.0 75.0
99.0 94.0 139.0 68.0
79.0 100.0 142.0 81.0
106.0 98.0 144.0 61.0
69.0 141.0 158.0 71.0
47.0 166.0 156.0 127.0
125.0 64.0 142.0 79.0
109.0 40.0 134.0 160.0
90.0 77.0 158.0 89.0
126.0 123.0 145.0 41.0
58.0 118.0 147.0 100.0
130.0 60.0 145.0 78.0
71.0 135.0 135.0 70.0
77.0 63.0 140.0 127.0
148.0 103.0 151.0 44.0
87.0 68.0 136.0 99.0
139.0 48.0 151.0 98.0
114.0 118.0 146.0 46.0
130.0 72.0 157.0 67.0
135.0 92.0 151.0 52.0
101.0 68.0 153.0 87.0
70.0 108.0 137.0 84.0
115.0 72.0 139.0 70.0
55.0 132.0 147.0 101.0
73.0 103.0 139.0 83.0
63.0 103.0 160.0 99.0
59.0 141.0 150.0 85.0
106.0 55.0 144.0 105.0
78.0 125.0 156.0 64.0
112.0 60.0 153.0 91.0
61.0 149.0 159.0 73.0
105.0 113.0 141.0 54.0
60.0 111.0 145.0 102.0
109.0 78.0 141.0 73.0
59.0 98.0 158.0 112.0
83.0 74.0 137.0 99.0
67.0 92.0 115.0 101.0
146.0 33.0 149.0 171.0
146.0 41.0 148.0 115.0
60.0 97.0 145.0 108.0
70.0 144.0 160.0 67.0
72.0 63.0 132.0 140.0
95.0 49.0 140.0 129.0
101.0 53.0 136.0 117.0
61.0 73.0 135.0 143.0
119.0 47.0 155.0 109.0
53.0 109.0 170.0 121.0
98.0 119.0 167.0 55.0
71.0 79.0 152.0 104.0
60.0 121.0 147.0 93.0
85.0 54.0 126.0 128.0
52.0 96.0 142.0 140.0
56.0 99.0 157.0 118.0
133.0 98.0 154.0 47.0
149.0 109.0 147.0 40.0
145.0 79.0 155.0 58.0
80.0 60.0 132.0 128.0
108.0 66.0 149.0 86.0
117.0 100.0 163.0 54.0
77.0 143.0 174.0 61.0
123.0 46.0 142.0 110.0
77.0 59.0 141.0 155.0
109.0 43.0 135.0 132.0
156.0 60.0 155.0 72.0
53.0 97.0 154.0 131.0
85.0 82.0 146.0 84.0
153.0 98.0 141.0 45.0
77.0 77.0 159.0 100.0
53.0 155.0 156.0 94.0
114.0 97.0 160.0 55.0
135.0 44.0 149.0 110.0
77.0 106.0 152.0 78.0
52.0 171.0 175.0 95.0
58.0 127.0 161.0 95.0
60.0 133.0 157.0 86.0
130.0 113.0 162.0 42.0
72.0 100.0 127.0 86.0
146.0 63.0 143.0 69.0
56.0 126.0 155.0 100.0
96.0 53.0 134.0 121.0
82.0 73.0 140.0 101.0
96.0 52.0 147.0 122.0
63.0 132.0 144.0 84.0
85.0 71.0 150.0 100.0
58.0 113.0 165.0 104.0
58.0 124.0 162.0 97.0
81.0 76.0 152.0 99.0
119.0 53.0 138.0 98.0
83.0 58.0 135.0 125.0
127.0 104.0 153.0 49.0
75.0 107.0 153.0 78.0
84.0 83.0 150.0 88.0
108.0 82.0 159.0 67.0
143.0 108.0 153.0 43.0
52.0 108.0 151.0 122.0
113.0 42.0 145.0 130.0
80.0 62.0 138.0 126.0
133.0 74.0 151.0 63.0
75.0 141.0 168.0 62.0
108.0 75.0 132.0 77.0
57.0 154.0 162.0 83.0
56.0 87.0 148.0 135.0
103.0 118.0 161.0 50.0
107.0 85.0 151.0 69.0
58.0 125.0 154.0 96.0
70.0 153.0 193.0 64.0
140.0 41.0 144.0 122.0
96.0 80.0 147.0 78.0
51.0 117.0 149.0 118.0
148.0 89.0 140.0 52.0
55.0 162.0 141.0 89.0
53.0 107.0 161.0 124.0
113.0 97.0 153.0 56.0
117.0 134.0 167.0 42.0
142.0 69.0 147.0 66.0
78.0 114.0 142.0 72.0
103.0 68.0 133.0 84.0
