123.0 40.0 136.0 146.0
153.0 96.0 52.0 194.0
153.0 55.0 84.0 201.0
151.0 53.0 91.0 208.0
140.0 51.0 93.0 190.0
135.0 43.0 119.0 159.0
159.0 52.0 92.0 184.0
164.0 67.0 74.0 200.0
139.0 51.0 93.0 194.0
144.0 105.0 49.0 179.0
159.0 66.0 76.0 189.0
142.0 54.0 88.0 214.0
157.0 110.0 48.0 205.0
139.0 49.0 94.0 176.0
144.0 165.0 40.0 219.0
142.0 87.0 59.0 184.0
148.0 44.0 111.0 200.0
146.0 73.0 68.0 183.0
150.0 119.0 46.0 198.0
153.0 76.0 66.0 204.0
147.0 41.0 132.0 152.0
164.0 54.0 88.0 196.0
142.0 48.0 97.0 203.0
137.0 79.0 64.0 171.0
150.0 114.0 47.0 197.0
156.0 128.0 44.0 216.0
140.0 88.0 57.0 198.0
149.0 132.0 43.0 208.0
143.0 47.0 99.0 182.0
145.0 45.0 108.0 173.0
156.0 96.0 52.0 186.0
155.0 140.0 42.0 205.0
183.0 66.0 76.0 182.0
159.0 63.0 77.0 218.0
147.0 68.0 73.0 187.0
170.0 63.0 77.0 203.0
167.0 58.0 83.0 196.0
164.0 76.0 66.0 189.0
146.0 46.0 102.0 209.0
148.0 71.0 70.0 171.0
163.0 99.0 51.0 184.0
153.0 42.0 122.0 178.0
158.0 91.0 54.0 193.0
140.0 70.0 72.0 183.0
133.0 85.0 60.0 178.0
151.0 101.0 50.0 187.0
143.0 123.0 45.0 190.0
144.0 52.0 92.0 192.0
164.0 53.0 91.0 193.0
153.0 144.0 41.0 216.0
158.0 59.0 81.0 183.0
168.0 94.0 53.0 183.0
144.0 82.0 61.0 191.0
172.0 61.0 79.0 191.0
