147.0 70.0 61.0 187.0
151.0 85.0 111.0 73.0
142.0 112.0 47.0 116.0
166.0 95.0 51.0 121.0
143.0 52.0 132.0 105.0
150.0 109.0 103.0 61.0
142.0 78.0 167.0 63.0
169.0 107.0 52.0 107.0
148.0 145.0 54.0 82.0
182.0 80.0 130.0 69.0
164.0 132.0 62.0 79.0
160.0 55.0 111.0 118.0
175.0 76.0 139.0 72.0
167.0 132.0 79.0 69.0
187.0 96.0 140.0 58.0
139.0 128.0 74.0 72.0
166.0 92.0 86.0 84.0
156.0 116.0 51.0 101.0
144.0 59.0 104.0 113.0
151.0 63.0 99.0 112.0
158.0 102.0 118.0 60.0
148.0 172.0 86.0 60.0
132.0 83.0 67.0 114.0
152.0 113.0 72.0 79.0
150.0 81.0 63.0 121.0
163.0 87.0 134.0 62.0
146.0 48.0 134.0 112.0
170.0 105.0 123.0 59.0
120.0 113.0 43.0 136.0
135.0 137.0 41.0 119.0
176.0 88.0 98.0 79.0
168.0 148.0 58.0 78.0
130.0 67.0 72.0 137.0
153.0 136.0 59.0 81.0
145.0 164.0 93.0 57.0
154.0 115.0 52.0 97.0
152.0 176.0 84.0 61.0
158.0 158.0 65.0 71.0
160.0 100.0 82.0 83.0
130.0 84.0 62.0 118.0
180.0 88.0 115.0 69.0
166.0 131.0 115.0 53.0
133.0 147.0 41.0 106.0
153.0 43.0 135.0 145.0
144.0 82.0 50.0 159.0
154.0 49.0 105.0 174.0
154.0 66.0 66.0 160.0
161.0 100.0 77.0 86.0
154.0 103.0 49.0 117.0
150.0 81.0 162.0 61.0
165.0 80.0 97.0 86.0
145.0 80.0 62.0 128.0
169.0 181.0 37.0 118.0
133.0 129.0 42.0 126.0
141.0 62.0 91.0 117.0
144.0 64.0 130.0 88.0
134.0 91.0 48.0 135.0
149.0 84.0 159.0 60.0
154.0 159.0 78.0 63.0
159.0 105.0 107.0 61.0
163.0 88.0 95.0 81.0
165.0 101.0 62.0 99.0
155.0 93.0 81.0 88.0
158.0 113.0 86.0 68.0
151.0 83.0 82.0 96.0
125.0 103.0 45.0 135.0
148.0 61.0 130.0 93.0
151.0 113.0 179.0 50.0
175.0 90.0 120.0 67.0
161.0 54.0 92.0 161.0
157.0 60.0 118.0 100.0
144.0 117.0 60.0 89.0
171.0 107.0 49.0 112.0
139.0 60.0 137.0 92.0
125.0 53.0 141.0 97.0
152.0 148.0 81.0 63.0
164.0 134.0 53.0 87.0
136.0 75.0 65.0 128.0
170.0 131.0 53.0 88.0
153.0 48.0 120.0 134.0
145.0 49.0 109.0 150.0
155.0 126.0 57.0 86.0
173.0 102.0 111.0 62.0
138.0 52.0 118.0 120.0
142.0 159.0 37.0 156.0
158.0 99.0 63.0 100.0
147.0 85.0 67.0 110.0
136.0 126.0 46.0 100.0
160.0 122.0 103.0 58.0
128.0 69.0 69.0 137.0
127.0 57.0 125.0 102.0
186.0 97.0 101.0 71.0
164.0 72.0 86.0 108.0
148.0 90.0 65.0 106.0
151.0 96.0 90.0 78.0
156.0 86.0 68.0 107.0
152.0 103.0 64.0 93.0
125.0 87.0 54.0 127.0
147.0 53.0 117.0 118.0
148.0 126.0 52.0 92.0
154.0 90.0 73.0 96.0
143.0 46.0 117.0 156.0
156.0 147.0 111.0 52.0
159.0 100.0 50.0 116.0
164.0 101.0 91.0 73.0
155.0 58.0 118.0 105.0
147.0 78.0 86.0 98.0
174.0 112.0 135.0 52.0
162.0 118.0 123.0 53.0
127.0 53.0 139.0 98.0
150.0 91.0 60.0 113.0
140.0 88.0 93.0 82.0
156.0 68.0 78.0 123.0
177.0 93.0 125.0 64.0
143.0 73.0 69.0 129.0
131.0 45.0 122.0 167.0
155.0 81.0 89.0 91.0
169.0 110.0 68.0 86.0
180.0 111.0 65.0 87.0
166.0 84.0 96.0 82.0
163.0 94.0 91.0 79.0
146.0 121.0 48.0 99.0
158.0 130.0 100.0 58.0
162.0 73.0 106.0 88.0
146.0 105.0 47.0 124.0
168.0 91.0 103.0 74.0
154.0 87.0 62.0 111.0
141.0 77.0 69.0 119.0
169.0 95.0 97.0 75.0
131.0 57.0 105.0 116.0
154.0 70.0 136.0 78.0
181.0 110.0 64.0 88.0
150.0 155.0 80.0 62.0
136.0 99.0 125.0 61.0
157.0 152.0 70.0 69.0
167.0 130.0 129.0 51.0
151.0 91.0 104.0 73.0
162.0 114.0 56.0 92.0
170.0 75.0 96.0 92.0
149.0 116.0 110.0 57.0
131.0 124.0 47.0 102.0
161.0 82.0 85.0 95.0
140.0 63.0 81.0 122.0
152.0 98.0 152.0 55.0
141.0 135.0 46.0 97.0
169.0 103.0 115.0 61.0
161.0 123.0 110.0 55.0
153.0 90.0 77.0 93.0
142.0 113.0 49.0 106.0
150.0 85.0 107.0 76.0
168.0 108.0 54.0 100.0
162.0 77.0 149.0 68.0
146.0 161.0 114.0 51.0
157.0 45.0 124.0 147.0
155.0 100.0 124.0 60.0
149.0 61.0 116.0 100.0
144.0 141.0 56.0 81.0
148.0 92.0 60.0 111.0
167.0 58.0 126.0 100.0
179.0 120.0 119.0 55.0
162.0 130.0 63.0 79.0
150.0 124.0 107.0 57.0
140.0 73.0 172.0 67.0
138.0 60.0 125.0 98.0
144.0 93.0 50.0 126.0
146.0 102.0 44.0 148.0
139.0 55.0 96.0 140.0
142.0 132.0 42.0 116.0
155.0 132.0 58.0 83.0
174.0 87.0 77.0 95.0
144.0 49.0 141.0 111.0
148.0 73.0 57.0 168.0
144.0 156.0 94.0 56.0
138.0 66.0 80.0 124.0
134.0 56.0 148.0 89.0
175.0 83.0 93.0 88.0
165.0 102.0 73.0 85.0
155.0 75.0 92.0 94.0
137.0 99.0 51.0 120.0
158.0 121.0 118.0 55.0
150.0 89.0 61.0 114.0
169.0 81.0 69.0 112.0
152.0 77.0 76.0 109.0
147.0 58.0 93.0 125.0
155.0 76.0 63.0 134.0
167.0 110.0 138.0 54.0
143.0 68.0 104.0 93.0
145.0 163.0 89.0 58.0
164.0 46.0 123.0 143.0
153.0 87.0 76.0 97.0
159.0 113.0 77.0 73.0
151.0 125.0 91.0 61.0
169.0 76.0 64.0 133.0
162.0 109.0 109.0 60.0
175.0 97.0 82.0 84.0
160.0 97.0 64.0 102.0
153.0 81.0 61.0 124.0
156.0 99.0 59.0 103.0
161.0 145.0 82.0 64.0
166.0 79.0 64.0 122.0
146.0 106.0 53.0 105.0
140.0 69.0 76.0 122.0
156.0 95.0 163.0 56.0
142.0 55.0 156.0 92.0
144.0 122.0 42.0 129.0
159.0 111.0 77.0 79.0
165.0 82.0 129.0 69.0
177.0 98.0 128.0 61.0
142.0 123.0 130.0 51.0
154.0 60.0 102.0 110.0
131.0 139.0 42.0 113.0
152.0 165.0 61.0 73.0
156.0 101.0 55.0 104.0
147.0 100.0 53.0 111.0
143.0 119.0 58.0 90.0
133.0 72.0 74.0 116.0
145.0 43.0 140.0 129.0
138.0 47.0 113.0 151.0
155.0 145.0 59.0 76.0
133.0 86.0 50.0 155.0
174.0 88.0 72.0 100.0
165.0 93.0 88.0 82.0
149.0 108.0 73.0 83.0
154.0 131.0 68.0 77.0
148.0 127.0 42.0 127.0
144.0 108.0 63.0 90.0
152.0 77.0 137.0 72.0
159.0 54.0 113.0 120.0
162.0 121.0 93.0 63.0
147.0 101.0 72.0 89.0
131.0 63.0 143.0 84.0
174.0 105.0 128.0 58.0
164.0 51.0 112.0 129.0
146.0 54.0 139.0 95.0
163.0 64.0 127.0 91.0
148.0 84.0 85.0 88.0
133.0 49.0 108.0 154.0
156.0 66.0 111.0 94.0
135.0 109.0 45.0 127.0
164.0 65.0 90.0 114.0
149.0 73.0 98.0 96.0
163.0 97.0 165.0 54.0
123.0 102.0 46.0 131.0
131.0 141.0 39.0 127.0
159.0 134.0 109.0 55.0
147.0 92.0 79.0 91.0
124.0 119.0 47.0 104.0
153.0 62.0 122.0 94.0
145.0 62.0 126.0 93.0
153.0 59.0 88.0 131.0
179.0 78.0 119.0 77.0
151.0 116.0 75.0 77.0
159.0 75.0 109.0 84.0
166.0 77.0 115.0 80.0
169.0 64.0 71.0 163.0
150.0 67.0 69.0 145.0
152.0 58.0 148.0 86.0
139.0 165.0 40.0 102.0
150.0 50.0 108.0 151.0
146.0 87.0 50.0 147.0
163.0 69.0 126.0 80.0
142.0 51.0 111.0 134.0
149.0 126.0 105.0 57.0
129.0 51.0 104.0 142.0
173.0 122.0 56.0 87.0
158.0 179.0 70.0 67.0
157.0 110.0 50.0 103.0
157.0 64.0 73.0 146.0
153.0 107.0 157.0 53.0
134.0 48.0 132.0 122.0
142.0 54.0 96.0 143.0
134.0 137.0 75.0 68.0
174.0 124.0 115.0 54.0
156.0 139.0 88.0 62.0
179.0 84.0 130.0 65.0
156.0 48.0 109.0 164.0
158.0 92.0 115.0 68.0
162.0 103.0 63.0 95.0
167.0 116.0 66.0 84.0
161.0 79.0 113.0 77.0
155.0 159.0 69.0 68.0
142.0 56.0 101.0 121.0
146.0 98.0 47.0 131.0
145.0 77.0 87.0 94.0
140.0 71.0 103.0 94.0
142.0 95.0 165.0 55.0
169.0 104.0 101.0 65.0
143.0 89.0 50.0 143.0
151.0 86.0 59.0 117.0
133.0 77.0 55.0 154.0
152.0 101.0 82.0 82.0
143.0 62.0 103.0 107.0
154.0 73.0 139.0 75.0
149.0 67.0 142.0 79.0
150.0 57.0 82.0 167.0
162.0 132.0 49.0 93.0
159.0 127.0 120.0 52.0
152.0 102.0 134.0 57.0
175.0 92.0 109.0 71.0
128.0 63.0 107.0 101.0
151.0 78.0 157.0 66.0
158.0 84.0 147.0 63.0
186.0 86.0 100.0 81.0
153.0 101.0 70.0 90.0
172.0 107.0 118.0 58.0
142.0 53.0 109.0 126.0
153.0 106.0 122.0 59.0
145.0 115.0 42.0 145.0
158.0 82.0 68.0 110.0
155.0 121.0 78.0 72.0
150.0 46.0 138.0 124.0
173.0 111.0 60.0 93.0
136.0 79.0 72.0 110.0
148.0 99.0 83.0 80.0
165.0 102.0 94.0 71.0
132.0 72.0 70.0 126.0
165.0 124.0 54.0 90.0
162.0 72.0 101.0 94.0
129.0 67.0 119.0 90.0
165.0 108.0 69.0 86.0
179.0 75.0 125.0 77.0
156.0 130.0 105.0 56.0
158.0 72.0 141.0 72.0
142.0 119.0 42.0 141.0
176.0 82.0 140.0 64.0
152.0 124.0 64.0 82.0
177.0 100.0 71.0 90.0
152.0 68.0 94.0 100.0
123.0 46.0 147.0 105.0
164.0 130.0 95.0 60.0
177.0 71.0 112.0 85.0
146.0 51.0 114.0 128.0
159.0 83.0 111.0 76.0
173.0 114.0 61.0 91.0
153.0 77.0 74.0 113.0
143.0 46.0 122.0 144.0
146.0 122.0 65.0 82.0
166.0 108.0 72.0 84.0
140.0 169.0 37.0 143.0
145.0 74.0 99.0 90.0
139.0 91.0 72.0 99.0
154.0 65.0 97.0 106.0
142.0 93.0 78.0 91.0
148.0 107.0 66.0 90.0
169.0 62.0 110.0 98.0
165.0 93.0 72.0 94.0
155.0 56.0 97.0 131.0
153.0 76.0 143.0 71.0
153.0 106.0 85.0 75.0
143.0 48.0 110.0 143.0
128.0 145.0 77.0 67.0
171.0 81.0 140.0 67.0
143.0 180.0 76.0 65.0
146.0 140.0 73.0 69.0
150.0 85.0 84.0 92.0
145.0 63.0 74.0 141.0
155.0 54.0 108.0 122.0
163.0 132.0 71.0 74.0
140.0 55.0 115.0 113.0
150.0 60.0 76.0 162.0
158.0 143.0 52.0 83.0
128.0 110.0 46.0 121.0
162.0 72.0 90.0 103.0
177.0 89.0 70.0 101.0
142.0 130.0 39.0 144.0
139.0 131.0 45.0 103.0
153.0 142.0 60.0 79.0
141.0 132.0 44.0 107.0
150.0 74.0 128.0 78.0
148.0 100.0 55.0 108.0
147.0 57.0 104.0 117.0
173.0 88.0 78.0 94.0
133.0 126.0 44.0 114.0
160.0 112.0 93.0 66.0
145.0 125.0 77.0 71.0
139.0 60.0 100.0 114.0
170.0 93.0 110.0 69.0
170.0 89.0 65.0 107.0
144.0 143.0 56.0 79.0
154.0 66.0 72.0 140.0
144.0 137.0 136.0 48.0
145.0 95.0 76.0 90.0
151.0 79.0 78.0 104.0
164.0 113.0 75.0 78.0
173.0 75.0 80.0 106.0
156.0 90.0 94.0 78.0
159.0 105.0 132.0 56.0
147.0 99.0 98.0 71.0
169.0 121.0 167.0 49.0
141.0 150.0 103.0 54.0
151.0 68.0 150.0 75.0
149.0 86.0 171.0 58.0
156.0 108.0 66.0 89.0
126.0 145.0 40.0 120.0
133.0 135.0 92.0 59.0
157.0 50.0 145.0 101.0
158.0 53.0 92.0 172.0
148.0 91.0 61.0 111.0
139.0 77.0 73.0 116.0
172.0 92.0 92.0 77.0
157.0 67.0 77.0 124.0
156.0 94.0 74.0 91.0
150.0 51.0 96.0 177.0
169.0 100.0 114.0 63.0
157.0 57.0 93.0 133.0
163.0 129.0 62.0 80.0
128.0 48.0 133.0 121.0
163.0 57.0 103.0 120.0
144.0 90.0 74.0 94.0
135.0 148.0 40.0 110.0
147.0 135.0 47.0 92.0
141.0 59.0 106.0 105.0
165.0 104.0 116.0 60.0
165.0 130.0 86.0 65.0
144.0 89.0 73.0 99.0
130.0 119.0 43.0 128.0
168.0 104.0 66.0 91.0
155.0 80.0 70.0 111.0
170.0 94.0 61.0 106.0
133.0 50.0 157.0 99.0
178.0 88.0 69.0 102.0
154.0 121.0 87.0 67.0
167.0 88.0 116.0 68.0
147.0 63.0 111.0 95.0
183.0 80.0 115.0 76.0
149.0 78.0 79.0 105.0
131.0 53.0 118.0 115.0
148.0 74.0 155.0 69.0
145.0 54.0 98.0 141.0
183.0 89.0 138.0 61.0
167.0 92.0 142.0 58.0
155.0 87.0 69.0 106.0
138.0 134.0 137.0 49.0
172.0 88.0 106.0 73.0
162.0 144.0 115.0 51.0
154.0 103.0 77.0 81.0
161.0 72.0 162.0 70.0
131.0 51.0 119.0 124.0
138.0 51.0 148.0 98.0
145.0 76.0 86.0 99.0
157.0 87.0 154.0 58.0
167.0 180.0 38.0 114.0
148.0 71.0 59.0 154.0
162.0 87.0 99.0 81.0
144.0 177.0 36.0 137.0
150.0 108.0 68.0 87.0
158.0 84.0 106.0 78.0
165.0 64.0 93.0 111.0
144.0 135.0 144.0 48.0
154.0 57.0 113.0 106.0
169.0 90.0 102.0 76.0
165.0 121.0 71.0 76.0
179.0 89.0 96.0 80.0
156.0 51.0 102.0 145.0
153.0 83.0 79.0 99.0
177.0 88.0 89.0 85.0
172.0 90.0 111.0 69.0
149.0 64.0 149.0 82.0
168.0 95.0 106.0 69.0
160.0 61.0 118.0 96.0
154.0 175.0 72.0 66.0
149.0 48.0 143.0 111.0
164.0 114.0 48.0 111.0
167.0 112.0 111.0 57.0
148.0 76.0 84.0 102.0
165.0 97.0 83.0 82.0
139.0 54.0 115.0 118.0
145.0 153.0 64.0 73.0
155.0 103.0 81.0 78.0
138.0 76.0 55.0 165.0
145.0 49.0 131.0 116.0
166.0 97.0 57.0 109.0
142.0 90.0 58.0 118.0
149.0 75.0 62.0 142.0
144.0 117.0 72.0 78.0
148.0 63.0 145.0 83.0
161.0 97.0 85.0 80.0
146.0 118.0 175.0 49.0
157.0 134.0 48.0 93.0
153.0 71.0 141.0 75.0
164.0 66.0 113.0 92.0
159.0 79.0 99.0 88.0
163.0 74.0 106.0 85.0
137.0 56.0 107.0 118.0
176.0 89.0 92.0 83.0
143.0 71.0 74.0 121.0
138.0 151.0 97.0 56.0
146.0 47.0 122.0 135.0
161.0 89.0 66.0 104.0
157.0 158.0 74.0 66.0
120.0 60.0 112.0 103.0
157.0 103.0 69.0 90.0
167.0 76.0 68.0 120.0
184.0 85.0 101.0 77.0
147.0 64.0 138.0 84.0
143.0 53.0 87.0 174.0
169.0 117.0 49.0 99.0
139.0 87.0 65.0 109.0
159.0 139.0 98.0 56.0
153.0 113.0 71.0 80.0
153.0 138.0 108.0 54.0
169.0 102.0 54.0 106.0
168.0 99.0 102.0 70.0
126.0 45.0 145.0 122.0
128.0 93.0 53.0 123.0
148.0 61.0 72.0 177.0
159.0 93.0 83.0 85.0
160.0 118.0 70.0 79.0
141.0 80.0 56.0 131.0
142.0 97.0 46.0 137.0
142.0 55.0 131.0 99.0
164.0 146.0 46.0 91.0
145.0 125.0 108.0 56.0
136.0 69.0 80.0 116.0
147.0 113.0 69.0 84.0
152.0 64.0 72.0 158.0
132.0 120.0 42.0 132.0
170.0 84.0 64.0 116.0
121.0 112.0 46.0 118.0
156.0 64.0 124.0 93.0
168.0 89.0 109.0 72.0
151.0 58.0 129.0 97.0
149.0 108.0 149.0 53.0
180.0 82.0 118.0 72.0
170.0 94.0 124.0 64.0
164.0 81.0 79.0 100.0
177.0 66.0 127.0 89.0
168.0 101.0 73.0 87.0
160.0 127.0 69.0 77.0
165.0 66.0 101.0 101.0
172.0 131.0 160.0 48.0
156.0 58.0 119.0 101.0
147.0 140.0 64.0 74.0
133.0 56.0 111.0 107.0
156.0 69.0 86.0 111.0
172.0 80.0 139.0 68.0
136.0 80.0 67.0 115.0
156.0 96.0 103.0 70.0
151.0 109.0 94.0 66.0
151.0 70.0 84.0 115.0
164.0 110.0 55.0 97.0
168.0 54.0 93.0 157.0
140.0 67.0 124.0 84.0
136.0 47.0 138.0 113.0
164.0 85.0 122.0 69.0
151.0 155.0 71.0 67.0
169.0 66.0 85.0 120.0
146.0 73.0 67.0 132.0
160.0 96.0 160.0 55.0
147.0 79.0 54.0 153.0
140.0 117.0 45.0 117.0
140.0 152.0 96.0 55.0
133.0 137.0 84.0 63.0
157.0 63.0 66.0 171.0
131.0 135.0 44.0 105.0
146.0 78.0 62.0 131.0
178.0 73.0 138.0 76.0
150.0 126.0 55.0 87.0
142.0 77.0 66.0 123.0
161.0 94.0 84.0 84.0
129.0 155.0 54.0 79.0
148.0 106.0 46.0 128.0
145.0 60.0 80.0 146.0
155.0 114.0 52.0 99.0
146.0 54.0 118.0 108.0
167.0 160.0 90.0 59.0
143.0 70.0 79.0 116.0
141.0 80.0 52.0 148.0
169.0 98.0 103.0 69.0
151.0 58.0 128.0 98.0
135.0 136.0 79.0 68.0
164.0 110.0 121.0 56.0
143.0 126.0 50.0 93.0
161.0 122.0 95.0 62.0
165.0 136.0 102.0 55.0
163.0 82.0 53.0 143.0
175.0 136.0 53.0 85.0
171.0 100.0 86.0 79.0
148.0 133.0 104.0 57.0
150.0 124.0 121.0 53.0
150.0 141.0 70.0 70.0
143.0 54.0 94.0 149.0
156.0 95.0 93.0 76.0
134.0 102.0 47.0 126.0
154.0 105.0 51.0 110.0
173.0 115.0 61.0 87.0
148.0 43.0 130.0 153.0
139.0 62.0 153.0 81.0
151.0 162.0 133.0 48.0
157.0 78.0 115.0 78.0
153.0 126.0 111.0 54.0
134.0 138.0 100.0 57.0
144.0 78.0 65.0 123.0
151.0 135.0 71.0 73.0
151.0 51.0 105.0 141.0
169.0 118.0 65.0 84.0
155.0 175.0 41.0 98.0
141.0 73.0 159.0 69.0
143.0 76.0 62.0 139.0
153.0 59.0 92.0 130.0
148.0 83.0 84.0 93.0
167.0 133.0 60.0 81.0
149.0 100.0 80.0 85.0
133.0 50.0 123.0 120.0
146.0 99.0 60.0 101.0
148.0 72.0 80.0 110.0
170.0 87.0 80.0 93.0
143.0 124.0 78.0 71.0
143.0 82.0 126.0 71.0
147.0 79.0 68.0 117.0
148.0 99.0 46.0 135.0
143.0 157.0 75.0 66.0
140.0 84.0 51.0 141.0
151.0 102.0 64.0 96.0
154.0 119.0 46.0 112.0
169.0 85.0 74.0 102.0
159.0 94.0 167.0 55.0
158.0 50.0 122.0 124.0
126.0 66.0 75.0 130.0
163.0 66.0 145.0 81.0
146.0 50.0 99.0 175.0
158.0 57.0 119.0 105.0
131.0 64.0 97.0 109.0
158.0 101.0 80.0 83.0
167.0 43.0 138.0 139.0
184.0 100.0 69.0 94.0
149.0 137.0 78.0 67.0
152.0 68.0 136.0 81.0
166.0 101.0 143.0 56.0
149.0 71.0 149.0 74.0
136.0 54.0 100.0 134.0
169.0 78.0 149.0 67.0
147.0 118.0 100.0 61.0
162.0 128.0 90.0 63.0
154.0 85.0 68.0 109.0
153.0 144.0 46.0 93.0
152.0 90.0 61.0 113.0
142.0 82.0 91.0 90.0
163.0 121.0 134.0 51.0
159.0 108.0 71.0 85.0
145.0 97.0 53.0 116.0
153.0 52.0 104.0 138.0
131.0 67.0 82.0 121.0
138.0 146.0 85.0 62.0
165.0 153.0 38.0 135.0
134.0 98.0 48.0 128.0
135.0 56.0 134.0 96.0
151.0 92.0 99.0 75.0
152.0 112.0 53.0 102.0
151.0 106.0 47.0 121.0
161.0 75.0 154.0 69.0
148.0 69.0 61.0 189.0
161.0 108.0 62.0 91.0
150.0 47.0 130.0 124.0
157.0 116.0 81.0 70.0
149.0 68.0 74.0 128.0
134.0 81.0 84.0 96.0
150.0 130.0 132.0 50.0
163.0 84.0 109.0 77.0
153.0 44.0 127.0 145.0
159.0 81.0 106.0 81.0
164.0 115.0 55.0 96.0
130.0 146.0 44.0 93.0
151.0 147.0 38.0 141.0
151.0 71.0 130.0 77.0
142.0 98.0 70.0 93.0
139.0 134.0 70.0 74.0
155.0 95.0 111.0 67.0
141.0 55.0 90.0 144.0
146.0 85.0 79.0 97.0
138.0 127.0 45.0 104.0
146.0 123.0 41.0 133.0
171.0 103.0 91.0 72.0
130.0 144.0 42.0 110.0
155.0 110.0 60.0 94.0
167.0 114.0 66.0 85.0
152.0 69.0 62.0 155.0
163.0 94.0 106.0 70.0
164.0 98.0 119.0 62.0
169.0 110.0 85.0 72.0
168.0 143.0 87.0 60.0
158.0 143.0 42.0 112.0
171.0 65.0 100.0 104.0
136.0 60.0 126.0 95.0
130.0 55.0 113.0 114.0
144.0 133.0 41.0 120.0
169.0 104.0 96.0 67.0
168.0 70.0 120.0 83.0
173.0 131.0 138.0 49.0
151.0 73.0 79.0 111.0
153.0 105.0 86.0 75.0
138.0 116.0 46.0 113.0
170.0 69.0 99.0 95.0
143.0 107.0 53.0 103.0
159.0 66.0 162.0 78.0
165.0 80.0 77.0 105.0
135.0 127.0 43.0 118.0
156.0 65.0 135.0 83.0
141.0 151.0 91.0 58.0
129.0 57.0 88.0 138.0
150.0 91.0 57.0 115.0
146.0 114.0 68.0 81.0
170.0 87.0 119.0 69.0
158.0 72.0 102.0 93.0
140.0 72.0 104.0 89.0
153.0 106.0 70.0 87.0
166.0 77.0 106.0 84.0
137.0 74.0 66.0 133.0
119.0 75.0 68.0 124.0
152.0 105.0 87.0 74.0
149.0 158.0 41.0 102.0
185.0 97.0 110.0 66.0
149.0 70.0 85.0 111.0
173.0 121.0 64.0 83.0
155.0 50.0 138.0 105.0
177.0 73.0 120.0 82.0
159.0 77.0 61.0 138.0
168.0 73.0 115.0 83.0
142.0 91.0 68.0 103.0
165.0 123.0 73.0 74.0
145.0 80.0 151.0 65.0
134.0 128.0 163.0 48.0
118.0 123.0 43.0 123.0
136.0 93.0 58.0 111.0
155.0 91.0 78.0 92.0
141.0 62.0 87.0 121.0
133.0 140.0 41.0 117.0
138.0 72.0 67.0 135.0
155.0 82.0 100.0 83.0
151.0 113.0 120.0 56.0
131.0 133.0 81.0 66.0
157.0 111.0 85.0 71.0
136.0 146.0 48.0 86.0
174.0 64.0 135.0 85.0
180.0 87.0 148.0 60.0
167.0 58.0 109.0 111.0
143.0 47.0 118.0 143.0
164.0 107.0 62.0 93.0
145.0 54.0 124.0 107.0
138.0 104.0 59.0 99.0
179.0 125.0 50.0 95.0
159.0 134.0 65.0 77.0
168.0 89.0 88.0 85.0
169.0 119.0 60.0 88.0
147.0 44.0 135.0 133.0
136.0 68.0 86.0 112.0
149.0 105.0 48.0 117.0
144.0 119.0 90.0 64.0
148.0 72.0 87.0 107.0
149.0 68.0 73.0 129.0
158.0 64.0 86.0 117.0
136.0 62.0 75.0 150.0
160.0 95.0 66.0 98.0
149.0 110.0 161.0 51.0
144.0 83.0 77.0 101.0
148.0 142.0 55.0 82.0
145.0 159.0 38.0 130.0
157.0 95.0 55.0 110.0
142.0 152.0 51.0 84.0
158.0 46.0 143.0 117.0
151.0 83.0 102.0 81.0
150.0 69.0 88.0 109.0
147.0 79.0 62.0 129.0
159.0 120.0 68.0 80.0
155.0 52.0 108.0 130.0
166.0 103.0 159.0 53.0
151.0 58.0 77.0 164.0
175.0 119.0 128.0 52.0
159.0 106.0 43.0 158.0
156.0 62.0 72.0 168.0
156.0 124.0 59.0 85.0
143.0 64.0 75.0 140.0
158.0 71.0 110.0 89.0
134.0 78.0 54.0 161.0
151.0 92.0 64.0 105.0
140.0 83.0 83.0 94.0
170.0 102.0 83.0 78.0
137.0 58.0 84.0 151.0
176.0 75.0 87.0 103.0
147.0 131.0 56.0 84.0
161.0 130.0 72.0 74.0
149.0 77.0 78.0 106.0
162.0 100.0 70.0 91.0
158.0 123.0 151.0 49.0
155.0 57.0 87.0 146.0
165.0 76.0 111.0 82.0
170.0 106.0 62.0 96.0
154.0 81.0 111.0 77.0
141.0 53.0 122.0 109.0
177.0 109.0 72.0 81.0
166.0 89.0 104.0 75.0
156.0 116.0 90.0 65.0
155.0 133.0 49.0 89.0
124.0 70.0 158.0 74.0
148.0 59.0 126.0 98.0
154.0 90.0 123.0 66.0
148.0 147.0 84.0 62.0
133.0 137.0 43.0 105.0
140.0 123.0 61.0 84.0
135.0 108.0 49.0 108.0
190.0 69.0 119.0 86.0
139.0 67.0 73.0 133.0
159.0 105.0 92.0 68.0
165.0 103.0 139.0 56.0
180.0 89.0 87.0 86.0
173.0 107.0 76.0 82.0
148.0 138.0 133.0 49.0
143.0 78.0 81.0 103.0
159.0 104.0 71.0 88.0
154.0 95.0 116.0 63.0
158.0 105.0 97.0 65.0
150.0 108.0 79.0 75.0
144.0 79.0 59.0 135.0
147.0 86.0 166.0 59.0
151.0 47.0 112.0 172.0
144.0 51.0 125.0 116.0
150.0 68.0 140.0 79.0
159.0 97.0 111.0 64.0
171.0 120.0 149.0 50.0
165.0 103.0 80.0 80.0
158.0 68.0 116.0 89.0
151.0 64.0 125.0 92.0
166.0 81.0 108.0 78.0
147.0 67.0 80.0 123.0
153.0 69.0 167.0 72.0
156.0 78.0 61.0 134.0
163.0 87.0 118.0 70.0
165.0 109.0 54.0 98.0
150.0 68.0 138.0 80.0
168.0 84.0 119.0 70.0
150.0 117.0 44.0 126.0
142.0 84.0 61.0 121.0
163.0 52.0 113.0 124.0
166.0 107.0 56.0 100.0
155.0 98.0 99.0 71.0
160.0 120.0 88.0 66.0
161.0 59.0 140.0 88.0
153.0 93.0 62.0 109.0
143.0 138.0 68.0 75.0
156.0 50.0 121.0 125.0
149.0 121.0 88.0 64.0
154.0 131.0 99.0 58.0
158.0 60.0 77.0 154.0
129.0 84.0 58.0 122.0
160.0 139.0 117.0 52.0
176.0 120.0 63.0 84.0
157.0 89.0 166.0 56.0
169.0 91.0 94.0 76.0
145.0 99.0 72.0 92.0
157.0 99.0 133.0 59.0
135.0 49.0 119.0 126.0
155.0 55.0 136.0 98.0
160.0 101.0 78.0 85.0
182.0 67.0 105.0 95.0
156.0 75.0 119.0 80.0
141.0 69.0 140.0 77.0
155.0 114.0 117.0 56.0
137.0 98.0 49.0 121.0
137.0 48.0 129.0 123.0
154.0 135.0 52.0 86.0
164.0 98.0 158.0 54.0
164.0 112.0 133.0 54.0
158.0 90.0 64.0 108.0
131.0 136.0 44.0 101.0
150.0 50.0 107.0 152.0
147.0 60.0 79.0 151.0
141.0 79.0 163.0 65.0
146.0 137.0 42.0 114.0
146.0 64.0 128.0 89.0
139.0 75.0 166.0 68.0
160.0 49.0 106.0 166.0
149.0 58.0 83.0 160.0
162.0 113.0 70.0 83.0
154.0 145.0 68.0 71.0
160.0 85.0 144.0 61.0
157.0 104.0 170.0 52.0
152.0 65.0 74.0 131.0
159.0 62.0 128.0 91.0
169.0 122.0 63.0 83.0
145.0 60.0 132.0 94.0
159.0 67.0 112.0 92.0
153.0 148.0 72.0 68.0
155.0 65.0 120.0 91.0
143.0 60.0 87.0 122.0
145.0 82.0 95.0 87.0
150.0 86.0 70.0 104.0
163.0 73.0 112.0 84.0
140.0 140.0 59.0 80.0
154.0 65.0 149.0 79.0
156.0 64.0 103.0 97.0
151.0 62.0 77.0 149.0
156.0 97.0 75.0 87.0
148.0 88.0 171.0 57.0
151.0 55.0 83.0 169.0
154.0 92.0 61.0 110.0
160.0 45.0 126.0 141.0
157.0 44.0 150.0 123.0
149.0 80.0 110.0 81.0
172.0 121.0 66.0 81.0
137.0 132.0 45.0 101.0
169.0 93.0 106.0 72.0
153.0 106.0 57.0 98.0
156.0 89.0 81.0 92.0
146.0 50.0 110.0 140.0
143.0 70.0 162.0 73.0
154.0 105.0 165.0 52.0
142.0 145.0 42.0 107.0
160.0 114.0 65.0 86.0
143.0 155.0 123.0 49.0
181.0 88.0 86.0 87.0
132.0 147.0 43.0 97.0
167.0 78.0 83.0 101.0
141.0 166.0 39.0 106.0
132.0 85.0 61.0 116.0
169.0 74.0 88.0 99.0
154.0 100.0 57.0 104.0
154.0 119.0 74.0 77.0
159.0 79.0 139.0 69.0
149.0 76.0 154.0 67.0
136.0 138.0 80.0 66.0
161.0 73.0 121.0 81.0
161.0 80.0 161.0 64.0
133.0 132.0 160.0 47.0
168.0 66.0 97.0 102.0
152.0 58.0 137.0 94.0
158.0 140.0 57.0 82.0
160.0 112.0 94.0 64.0
121.0 130.0 44.0 109.0
147.0 148.0 95.0 57.0
153.0 122.0 70.0 76.0
132.0 149.0 62.0 74.0
144.0 67.0 139.0 80.0
136.0 46.0 146.0 113.0
177.0 116.0 53.0 94.0
159.0 84.0 110.0 75.0
171.0 97.0 135.0 59.0
147.0 115.0 48.0 104.0
178.0 76.0 123.0 75.0
130.0 80.0 55.0 143.0
156.0 115.0 62.0 86.0
154.0 45.0 147.0 121.0
131.0 51.0 121.0 120.0
155.0 84.0 74.0 103.0
143.0 127.0 39.0 158.0
156.0 139.0 104.0 54.0
159.0 52.0 117.0 122.0
166.0 122.0 51.0 93.0
156.0 57.0 110.0 113.0
159.0 101.0 150.0 54.0
159.0 122.0 155.0 49.0
151.0 93.0 126.0 62.0
152.0 77.0 95.0 91.0
144.0 52.0 138.0 100.0
163.0 102.0 82.0 79.0
134.0 141.0 121.0 51.0
155.0 109.0 67.0 88.0
133.0 85.0 65.0 112.0
139.0 118.0 41.0 149.0
154.0 65.0 70.0 144.0
173.0 99.0 64.0 99.0
132.0 96.0 50.0 123.0
163.0 128.0 81.0 68.0
129.0 134.0 95.0 58.0
155.0 93.0 85.0 84.0
143.0 54.0 103.0 126.0
158.0 60.0 75.0 183.0
151.0 76.0 145.0 70.0
133.0 119.0 45.0 114.0
149.0 108.0 78.0 79.0
161.0 133.0 63.0 78.0
141.0 128.0 117.0 53.0
169.0 95.0 73.0 93.0
183.0 91.0 132.0 62.0
167.0 81.0 96.0 85.0
150.0 55.0 129.0 103.0
149.0 71.0 92.0 101.0
184.0 89.0 113.0 70.0
126.0 109.0 47.0 117.0
163.0 62.0 109.0 102.0
143.0 126.0 75.0 73.0
139.0 55.0 98.0 127.0
157.0 112.0 61.0 92.0
153.0 42.0 139.0 146.0
158.0 124.0 49.0 96.0
146.0 107.0 61.0 96.0
146.0 126.0 45.0 109.0
145.0 92.0 83.0 86.0
155.0 66.0 69.0 151.0
139.0 60.0 141.0 85.0
129.0 151.0 39.0 114.0
141.0 48.0 124.0 131.0
161.0 96.0 129.0 61.0
176.0 94.0 62.0 105.0
163.0 89.0 100.0 78.0
152.0 103.0 100.0 67.0
137.0 138.0 40.0 123.0
140.0 107.0 46.0 124.0
172.0 75.0 148.0 71.0
144.0 60.0 98.0 117.0
151.0 84.0 65.0 114.0
156.0 117.0 128.0 54.0
170.0 93.0 82.0 87.0
167.0 83.0 124.0 71.0
170.0 109.0 130.0 55.0
161.0 62.0 108.0 104.0
142.0 157.0 116.0 50.0
166.0 81.0 101.0 84.0
129.0 125.0 45.0 111.0
159.0 97.0 92.0 72.0
129.0 71.0 69.0 131.0
174.0 79.0 123.0 74.0
154.0 70.0 75.0 123.0
164.0 75.0 113.0 81.0
156.0 52.0 110.0 127.0
145.0 53.0 99.0 136.0
158.0 77.0 121.0 77.0
151.0 59.0 133.0 93.0
143.0 103.0 95.0 69.0
160.0 59.0 121.0 99.0
160.0 101.0 68.0 94.0
151.0 143.0 47.0 89.0
143.0 114.0 47.0 113.0
170.0 117.0 64.0 85.0
140.0 71.0 160.0 71.0
168.0 88.0 105.0 74.0
160.0 42.0 152.0 134.0
150.0 98.0 61.0 105.0
157.0 41.0 158.0 141.0
167.0 103.0 143.0 54.0
155.0 60.0 81.0 141.0
150.0 164.0 77.0 64.0
155.0 62.0 81.0 127.0
161.0 112.0 85.0 69.0
158.0 51.0 106.0 137.0
149.0 111.0 115.0 59.0
164.0 110.0 63.0 89.0
153.0 51.0 97.0 163.0
129.0 89.0 60.0 116.0
139.0 70.0 64.0 146.0
148.0 71.0 153.0 73.0
160.0 115.0 81.0 72.0
157.0 103.0 127.0 59.0
153.0 94.0 63.0 103.0
170.0 78.0 100.0 86.0
157.0 177.0 39.0 102.0
137.0 59.0 84.0 133.0
175.0 79.0 112.0 80.0
142.0 60.0 111.0 104.0
149.0 50.0 117.0 129.0
132.0 88.0 49.0 160.0
164.0 103.0 76.0 83.0
153.0 56.0 80.0 179.0
172.0 103.0 82.0 77.0
162.0 114.0 141.0 51.0
144.0 98.0 45.0 141.0
134.0 99.0 54.0 109.0
175.0 143.0 97.0 57.0
142.0 50.0 109.0 141.0
133.0 56.0 136.0 95.0
149.0 55.0 95.0 143.0
164.0 87.0 100.0 79.0
149.0 70.0 67.0 143.0
164.0 79.0 138.0 70.0
151.0 68.0 63.0 148.0
147.0 118.0 153.0 50.0
149.0 78.0 144.0 70.0
151.0 61.0 83.0 135.0
130.0 55.0 109.0 119.0
167.0 126.0 107.0 56.0
150.0 116.0 76.0 76.0
152.0 119.0 122.0 55.0
142.0 71.0 158.0 72.0
160.0 85.0 71.0 108.0
147.0 55.0 105.0 124.0
165.0 48.0 123.0 133.0
145.0 119.0 81.0 69.0
165.0 101.0 142.0 57.0
151.0 141.0 61.0 75.0
142.0 43.0 151.0 126.0
149.0 142.0 124.0 50.0
151.0 68.0 70.0 133.0
139.0 66.0 138.0 82.0
170.0 61.0 73.0 172.0
142.0 77.0 67.0 122.0
137.0 109.0 48.0 112.0
155.0 79.0 108.0 82.0
128.0 129.0 43.0 115.0
161.0 55.0 97.0 135.0
176.0 82.0 101.0 82.0
160.0 44.0 134.0 141.0
133.0 50.0 127.0 111.0
159.0 90.0 53.0 124.0
150.0 96.0 86.0 81.0
163.0 121.0 84.0 68.0
157.0 52.0 107.0 132.0
163.0 42.0 141.0 137.0
168.0 101.0 86.0 78.0
140.0 98.0 79.0 86.0
151.0 164.0 68.0 69.0
130.0 152.0 57.0 78.0
162.0 67.0 94.0 109.0
127.0 124.0 46.0 107.0
140.0 131.0 51.0 90.0
168.0 76.0 117.0 80.0
129.0 44.0 144.0 127.0
130.0 71.0 71.0 122.0
143.0 114.0 168.0 50.0
167.0 94.0 136.0 59.0
148.0 47.0 126.0 127.0
143.0 117.0 103.0 60.0
167.0 117.0 59.0 90.0
166.0 100.0 98.0 68.0
148.0 61.0 129.0 94.0
184.0 81.0 115.0 73.0
150.0 76.0 70.0 118.0
164.0 91.0 119.0 66.0
171.0 171.0 37.0 131.0
163.0 78.0 145.0 69.0
154.0 76.0 136.0 73.0
165.0 92.0 87.0 83.0
154.0 139.0 65.0 75.0
168.0 117.0 134.0 53.0
159.0 112.0 102.0 61.0
166.0 54.0 89.0 165.0
141.0 67.0 148.0 77.0
166.0 109.0 140.0 54.0
160.0 122.0 133.0 50.0
181.0 79.0 125.0 72.0
148.0 79.0 105.0 83.0
158.0 71.0 81.0 111.0
145.0 58.0 105.0 112.0
162.0 81.0 129.0 70.0
153.0 68.0 131.0 82.0
151.0 90.0 63.0 109.0
138.0 139.0 81.0 65.0
146.0 64.0 102.0 108.0
165.0 91.0 63.0 108.0
142.0 58.0 88.0 137.0
165.0 91.0 139.0 60.0
161.0 120.0 79.0 71.0
126.0 120.0 46.0 108.0
137.0 143.0 51.0 85.0
165.0 100.0 109.0 64.0
155.0 100.0 104.0 67.0
148.0 61.0 133.0 87.0
161.0 80.0 102.0 85.0
131.0 49.0 142.0 103.0
172.0 147.0 85.0 61.0
161.0 101.0 132.0 58.0
166.0 79.0 57.0 137.0
134.0 52.0 126.0 110.0
133.0 50.0 100.0 154.0
148.0 100.0 68.0 95.0
134.0 139.0 109.0 53.0
145.0 127.0 76.0 72.0
159.0 145.0 145.0 46.0
163.0 92.0 169.0 55.0
154.0 102.0 81.0 81.0
159.0 121.0 105.0 58.0
141.0 72.0 91.0 102.0
153.0 61.0 100.0 110.0
136.0 88.0 54.0 125.0
162.0 63.0 90.0 117.0
173.0 76.0 130.0 74.0
157.0 97.0 59.0 108.0
128.0 50.0 136.0 108.0
155.0 53.0 111.0 122.0
141.0 76.0 79.0 107.0
145.0 52.0 121.0 116.0
160.0 76.0 101.0 89.0
140.0 54.0 117.0 112.0
155.0 59.0 95.0 118.0
172.0 101.0 112.0 63.0
143.0 53.0 93.0 159.0
147.0 118.0 96.0 63.0
159.0 166.0 42.0 98.0
145.0 47.0 117.0 144.0
156.0 95.0 102.0 71.0
169.0 143.0 78.0 65.0
148.0 104.0 58.0 101.0
157.0 88.0 68.0 104.0
160.0 92.0 108.0 72.0
144.0 77.0 56.0 142.0
155.0 129.0 58.0 85.0
141.0 125.0 70.0 75.0
135.0 80.0 63.0 126.0
156.0 121.0 70.0 78.0
146.0 104.0 124.0 59.0
149.0 116.0 47.0 108.0
152.0 112.0 127.0 55.0
128.0 52.0 143.0 99.0
148.0 102.0 74.0 84.0
149.0 120.0 61.0 86.0
149.0 108.0 178.0 51.0
133.0 96.0 46.0 151.0
128.0 57.0 85.0 160.0
137.0 81.0 95.0 88.0
160.0 100.0 105.0 66.0
172.0 78.0 71.0 113.0
146.0 81.0 72.0 109.0
132.0 151.0 42.0 100.0
153.0 102.0 84.0 77.0
144.0 108.0 47.0 118.0
158.0 131.0 123.0 51.0
155.0 84.0 93.0 85.0
160.0 109.0 73.0 80.0
162.0 88.0 84.0 90.0
170.0 74.0 133.0 75.0
168.0 136.0 48.0 91.0
164.0 108.0 96.0 66.0
167.0 94.0 68.0 102.0
158.0 96.0 92.0 75.0
134.0 152.0 41.0 104.0
160.0 72.0 122.0 79.0
146.0 109.0 46.0 122.0
165.0 128.0 52.0 89.0
168.0 115.0 65.0 85.0
150.0 66.0 120.0 90.0
155.0 176.0 40.0 98.0
151.0 77.0 127.0 74.0
145.0 156.0 101.0 54.0
142.0 61.0 98.0 116.0
155.0 96.0 75.0 90.0
151.0 78.0 70.0 115.0
130.0 134.0 86.0 63.0
138.0 101.0 69.0 91.0
133.0 78.0 69.0 116.0
158.0 106.0 59.0 97.0
165.0 69.0 90.0 106.0
155.0 134.0 103.0 57.0
136.0 67.0 76.0 126.0
128.0 89.0 56.0 120.0
145.0 97.0 70.0 94.0
146.0 133.0 129.0 50.0
157.0 69.0 114.0 87.0
164.0 90.0 152.0 57.0
164.0 96.0 146.0 56.0
142.0 67.0 64.0 157.0
117.0 170.0 50.0 85.0
139.0 89.0 51.0 133.0
130.0 112.0 43.0 145.0
172.0 93.0 99.0 73.0
154.0 105.0 69.0 88.0
146.0 125.0 76.0 73.0
145.0 65.0 147.0 82.0
172.0 93.0 70.0 98.0
138.0 61.0 84.0 127.0
169.0 103.0 65.0 92.0
135.0 67.0 167.0 75.0
173.0 75.0 103.0 88.0
167.0 114.0 123.0 55.0
162.0 94.0 115.0 65.0
176.0 122.0 54.0 92.0
152.0 100.0 164.0 53.0
172.0 93.0 114.0 66.0
160.0 139.0 89.0 61.0
146.0 136.0 140.0 47.0
167.0 77.0 141.0 71.0
129.0 45.0 134.0 125.0
159.0 84.0 81.0 95.0
155.0 70.0 98.0 98.0
134.0 135.0 83.0 64.0
142.0 124.0 87.0 66.0
138.0 64.0 166.0 79.0
152.0 127.0 149.0 49.0
143.0 81.0 51.0 152.0
164.0 144.0 60.0 77.0
166.0 83.0 134.0 66.0
149.0 44.0 137.0 131.0
147.0 63.0 101.0 109.0
151.0 52.0 123.0 115.0
154.0 80.0 81.0 98.0
137.0 133.0 157.0 48.0
157.0 79.0 134.0 71.0
171.0 97.0 52.0 120.0
144.0 105.0 72.0 86.0
152.0 170.0 38.0 119.0
148.0 113.0 76.0 77.0
137.0 110.0 44.0 131.0
167.0 78.0 126.0 74.0
153.0 53.0 130.0 102.0
153.0 137.0 38.0 154.0
152.0 74.0 91.0 97.0
155.0 56.0 86.0 156.0
137.0 88.0 52.0 129.0
153.0 109.0 58.0 96.0
160.0 41.0 147.0 144.0
152.0 73.0 72.0 117.0
142.0 90.0 57.0 119.0
156.0 93.0 49.0 130.0
161.0 127.0 60.0 82.0
140.0 126.0 40.0 137.0
166.0 67.0 91.0 111.0
130.0 130.0 42.0 119.0
160.0 89.0 144.0 59.0
165.0 79.0 91.0 93.0
149.0 77.0 71.0 117.0
122.0 154.0 41.0 103.0
165.0 134.0 119.0 52.0
154.0 81.0 76.0 103.0
166.0 93.0 69.0 99.0
142.0 46.0 125.0 133.0
163.0 69.0 68.0 140.0
173.0 99.0 127.0 60.0
140.0 125.0 79.0 70.0
146.0 81.0 107.0 80.0
163.0 86.0 120.0 69.0
151.0 91.0 120.0 65.0
143.0 101.0 79.0 84.0
184.0 86.0 125.0 66.0
175.0 103.0 102.0 64.0
160.0 80.0 87.0 93.0
152.0 125.0 82.0 66.0
139.0 46.0 120.0 154.0
166.0 57.0 81.0 175.0
174.0 83.0 130.0 68.0
173.0 84.0 71.0 109.0
138.0 53.0 114.0 119.0
157.0 165.0 43.0 94.0
143.0 132.0 72.0 73.0
156.0 65.0 130.0 86.0
156.0 84.0 72.0 107.0
153.0 81.0 153.0 64.0
118.0 139.0 45.0 97.0
169.0 56.0 126.0 102.0
138.0 165.0 41.0 99.0
134.0 96.0 80.0 88.0
162.0 107.0 97.0 62.0
161.0 86.0 137.0 64.0
179.0 83.0 99.0 83.0
173.0 86.0 66.0 109.0
151.0 159.0 40.0 106.0
143.0 50.0 111.0 137.0
163.0 99.0 81.0 84.0
149.0 147.0 75.0 67.0
163.0 82.0 57.0 126.0
166.0 72.0 83.0 109.0
138.0 127.0 164.0 48.0
155.0 116.0 129.0 54.0
143.0 81.0 55.0 135.0
153.0 72.0 79.0 115.0
167.0 67.0 95.0 108.0
132.0 58.0 91.0 132.0
169.0 62.0 74.0 167.0
147.0 59.0 81.0 152.0
154.0 137.0 73.0 71.0
147.0 52.0 109.0 129.0
158.0 64.0 65.0 178.0
139.0 99.0 48.0 125.0
169.0 92.0 55.0 115.0
162.0 66.0 129.0 85.0
143.0 57.0 140.0 91.0
155.0 43.0 134.0 146.0
165.0 80.0 86.0 97.0
159.0 81.0 65.0 119.0
141.0 45.0 148.0 113.0
150.0 74.0 153.0 70.0
154.0 112.0 184.0 50.0
158.0 129.0 66.0 78.0
168.0 101.0 129.0 59.0
146.0 154.0 108.0 53.0
147.0 90.0 54.0 120.0
166.0 51.0 137.0 103.0
125.0 66.0 94.0 110.0
169.0 71.0 106.0 91.0
122.0 87.0 56.0 124.0
150.0 65.0 117.0 92.0
139.0 54.0 91.0 162.0
146.0 78.0 55.0 146.0
141.0 89.0 47.0 149.0
139.0 56.0 109.0 114.0
153.0 95.0 98.0 74.0
158.0 122.0 75.0 75.0
149.0 62.0 71.0 184.0
155.0 66.0 96.0 107.0
140.0 144.0 120.0 50.0
162.0 103.0 87.0 76.0
134.0 150.0 67.0 72.0
170.0 87.0 115.0 71.0
134.0 103.0 51.0 112.0
141.0 61.0 114.0 102.0
138.0 136.0 40.0 124.0
157.0 68.0 92.0 110.0
157.0 102.0 89.0 74.0
145.0 76.0 57.0 157.0
156.0 152.0 79.0 64.0
152.0 74.0 98.0 94.0
137.0 53.0 147.0 93.0
141.0 52.0 96.0 149.0
148.0 57.0 90.0 134.0
154.0 121.0 124.0 52.0
130.0 106.0 50.0 110.0
173.0 96.0 65.0 100.0
155.0 78.0 114.0 79.0
161.0 115.0 57.0 91.0
156.0 78.0 111.0 81.0
141.0 60.0 139.0 86.0
144.0 77.0 63.0 127.0
137.0 51.0 129.0 109.0
155.0 65.0 121.0 90.0
120.0 72.0 68.0 132.0
171.0 104.0 83.0 76.0
152.0 115.0 51.0 102.0
160.0 109.0 124.0 57.0
169.0 72.0 94.0 98.0
153.0 52.0 124.0 113.0
172.0 113.0 153.0 51.0
174.0 121.0 55.0 88.0
135.0 120.0 44.0 118.0
136.0 92.0 47.0 139.0
161.0 104.0 61.0 97.0
156.0 127.0 64.0 80.0
160.0 76.0 102.0 88.0
181.0 97.0 105.0 67.0
149.0 132.0 61.0 80.0
142.0 66.0 148.0 80.0
170.0 71.0 93.0 99.0
147.0 107.0 113.0 60.0
175.0 102.0 128.0 59.0
146.0 133.0 84.0 65.0
141.0 129.0 144.0 49.0
143.0 73.0 62.0 152.0
160.0 98.0 87.0 79.0
164.0 82.0 137.0 68.0
168.0 89.0 129.0 63.0
137.0 49.0 123.0 123.0
162.0 81.0 141.0 66.0
130.0 133.0 90.0 61.0
170.0 104.0 92.0 70.0
150.0 137.0 69.0 72.0
134.0 49.0 107.0 157.0
161.0 120.0 62.0 85.0
152.0 106.0 72.0 85.0
164.0 73.0 100.0 94.0
163.0 98.0 62.0 104.0
158.0 81.0 73.0 105.0
158.0 117.0 116.0 56.0
144.0 55.0 112.0 117.0
166.0 80.0 66.0 118.0
137.0 139.0 90.0 60.0
166.0 100.0 139.0 58.0
157.0 91.0 116.0 67.0
131.0 149.0 71.0 69.0
148.0 71.0 63.0 137.0
145.0 69.0 144.0 76.0
135.0 93.0 54.0 115.0
176.0 117.0 54.0 93.0
156.0 107.0 83.0 73.0
182.0 94.0 79.0 89.0
147.0 96.0 59.0 109.0
148.0 57.0 108.0 114.0
133.0 67.0 83.0 118.0
145.0 90.0 49.0 147.0
138.0 93.0 65.0 103.0
148.0 76.0 167.0 65.0
163.0 163.0 38.0 122.0
150.0 93.0 71.0 95.0
146.0 102.0 61.0 100.0
137.0 138.0 60.0 80.0
162.0 92.0 89.0 82.0
153.0 83.0 94.0 86.0
144.0 136.0 43.0 110.0
140.0 140.0 39.0 131.0
171.0 111.0 70.0 84.0
169.0 103.0 133.0 57.0
175.0 107.0 128.0 56.0
152.0 120.0 104.0 59.0
164.0 78.0 139.0 71.0
156.0 136.0 61.0 79.0
154.0 70.0 89.0 104.0
174.0 77.0 120.0 78.0
168.0 79.0 145.0 66.0
134.0 66.0 95.0 109.0
151.0 86.0 90.0 85.0
143.0 146.0 53.0 80.0
152.0 68.0 122.0 88.0
153.0 70.0 111.0 90.0
146.0 107.0 71.0 86.0
151.0 95.0 83.0 83.0
152.0 109.0 142.0 53.0
160.0 113.0 106.0 59.0
174.0 120.0 69.0 79.0
160.0 76.0 108.0 83.0
150.0 111.0 58.0 95.0
138.0 119.0 76.0 75.0
160.0 72.0 116.0 84.0
165.0 98.0 59.0 107.0
154.0 52.0 95.0 170.0
147.0 69.0 108.0 92.0
143.0 134.0 147.0 48.0
124.0 144.0 41.0 116.0
147.0 68.0 62.0 182.0
147.0 135.0 66.0 76.0
147.0 130.0 69.0 76.0
132.0 76.0 66.0 127.0
158.0 97.0 88.0 75.0
139.0 52.0 119.0 118.0
137.0 62.0 78.0 128.0
159.0 115.0 110.0 58.0
153.0 113.0 68.0 85.0
155.0 101.0 105.0 65.0
160.0 85.0 53.0 132.0
165.0 108.0 87.0 71.0
145.0 74.0 67.0 125.0
153.0 139.0 74.0 70.0
151.0 73.0 83.0 104.0
153.0 83.0 152.0 62.0
134.0 48.0 119.0 136.0
142.0 98.0 52.0 114.0
153.0 65.0 131.0 85.0
145.0 141.0 127.0 49.0
147.0 61.0 80.0 141.0
157.0 61.0 75.0 170.0
144.0 65.0 73.0 139.0
149.0 72.0 58.0 161.0
150.0 61.0 131.0 88.0
151.0 125.0 67.0 78.0
138.0 83.0 52.0 137.0
124.0 155.0 40.0 107.0
133.0 44.0 158.0 118.0
146.0 91.0 70.0 100.0
139.0 77.0 54.0 172.0
152.0 82.0 149.0 63.0
142.0 74.0 131.0 76.0
156.0 54.0 87.0 173.0
154.0 46.0 139.0 121.0
157.0 67.0 96.0 106.0
155.0 74.0 75.0 111.0
170.0 84.0 116.0 72.0
153.0 67.0 100.0 99.0
144.0 46.0 129.0 125.0
168.0 123.0 50.0 97.0
145.0 161.0 68.0 70.0
158.0 128.0 47.0 95.0
135.0 99.0 58.0 105.0
155.0 90.0 90.0 81.0
161.0 96.0 89.0 79.0
138.0 164.0 42.0 99.0
152.0 57.0 83.0 163.0
135.0 130.0 41.0 130.0
158.0 121.0 120.0 54.0
151.0 85.0 174.0 59.0
162.0 73.0 88.0 103.0
134.0 125.0 65.0 81.0
171.0 99.0 144.0 55.0
162.0 45.0 130.0 133.0
141.0 135.0 43.0 114.0
154.0 97.0 69.0 96.0
156.0 87.0 106.0 74.0
203.0 74.0 114.0 83.0
123.0 74.0 69.0 124.0
149.0 74.0 56.0 175.0
158.0 59.0 83.0 150.0
157.0 88.0 74.0 97.0
153.0 77.0 166.0 66.0
157.0 106.0 90.0 70.0
151.0 75.0 121.0 79.0
146.0 88.0 82.0 92.0
149.0 65.0 69.0 156.0
140.0 144.0 43.0 103.0
157.0 105.0 91.0 70.0
150.0 118.0 107.0 58.0
147.0 133.0 75.0 70.0
144.0 64.0 161.0 80.0
151.0 69.0 72.0 129.0
162.0 133.0 54.0 83.0
123.0 113.0 45.0 122.0
146.0 167.0 36.0 150.0
189.0 96.0 69.0 97.0
149.0 167.0 87.0 59.0
140.0 54.0 95.0 147.0
164.0 74.0 152.0 71.0
156.0 141.0 116.0 52.0
168.0 104.0 74.0 83.0
160.0 63.0 127.0 92.0
148.0 121.0 97.0 59.0
141.0 67.0 162.0 76.0
152.0 61.0 82.0 139.0
139.0 65.0 92.0 112.0
159.0 48.0 117.0 141.0
149.0 58.0 133.0 96.0
131.0 86.0 56.0 129.0
157.0 107.0 82.0 74.0
152.0 100.0 63.0 97.0
149.0 67.0 89.0 116.0
153.0 121.0 53.0 93.0
138.0 99.0 67.0 97.0
137.0 56.0 94.0 132.0
132.0 101.0 48.0 122.0
151.0 53.0 105.0 128.0
168.0 109.0 71.0 83.0
147.0 57.0 127.0 99.0
148.0 161.0 63.0 72.0
152.0 84.0 76.0 100.0
168.0 77.0 101.0 87.0
134.0 107.0 58.0 97.0
162.0 176.0 45.0 92.0
163.0 78.0 92.0 89.0
159.0 128.0 65.0 79.0
131.0 143.0 67.0 73.0
137.0 62.0 148.0 84.0
164.0 79.0 67.0 118.0
166.0 123.0 53.0 91.0
191.0 82.0 105.0 80.0
138.0 62.0 93.0 114.0
183.0 96.0 81.0 86.0
158.0 111.0 136.0 54.0
136.0 108.0 44.0 146.0
128.0 57.0 131.0 97.0
160.0 75.0 139.0 74.0
147.0 83.0 64.0 120.0
172.0 102.0 65.0 94.0
173.0 147.0 76.0 66.0
146.0 89.0 82.0 90.0
142.0 108.0 45.0 128.0
143.0 90.0 46.0 153.0
170.0 105.0 133.0 55.0
138.0 54.0 116.0 114.0
156.0 58.0 94.0 123.0
120.0 49.0 148.0 101.0
150.0 135.0 80.0 68.0
160.0 99.0 73.0 91.0
159.0 44.0 133.0 143.0
146.0 91.0 69.0 101.0
166.0 83.0 114.0 75.0
136.0 55.0 119.0 106.0
144.0 49.0 128.0 121.0
142.0 63.0 151.0 82.0
164.0 89.0 83.0 89.0
169.0 98.0 104.0 68.0
148.0 127.0 44.0 113.0
163.0 107.0 88.0 67.0
144.0 157.0 66.0 71.0
147.0 106.0 68.0 89.0
141.0 57.0 98.0 125.0
165.0 113.0 56.0 94.0
151.0 99.0 74.0 90.0
145.0 74.0 59.0 143.0
137.0 94.0 53.0 119.0
151.0 87.0 94.0 83.0
169.0 84.0 80.0 97.0
139.0 49.0 114.0 131.0
167.0 174.0 60.0 74.0
146.0 51.0 100.0 153.0
149.0 53.0 126.0 107.0
144.0 108.0 154.0 52.0
169.0 132.0 54.0 87.0
