126.0 57.0 102.0 195.0
61.0 92.0 147.0 167.0
154.0 69.0 55.0 174.0
155.0 107.0 42.0 142.0
54.0 92.0 182.0 178.0
54.0 131.0 109.0 181.0
127.0 85.0 59.0 127.0
100.0 63.0 157.0 168.0
62.0 116.0 108.0 146.0
174.0 94.0 42.0 157.0
120.0 132.0 49.0 145.0
48.0 110.0 156.0 162.0
64.0 129.0 96.0 189.0
150.0 56.0 72.0 186.0
120.0 94.0 57.0 150.0
104.0 65.0 116.0 186.0
56.0 90.0 186.0 173.0
164.0 53.0 69.0 166.0
88.0 109.0 77.0 151.0
63.0 113.0 112.0 151.0
134.0 65.0 73.0 180.0
66.0 108.0 109.0 156.0
65.0 148.0 87.0 171.0
116.0 98.0 62.0 143.0
70.0 81.0 143.0 181.0
59.0 111.0 123.0 173.0
86.0 113.0 79.0 181.0
108.0 95.0 69.0 142.0
115.0 70.0 87.0 182.0
178.0 43.0 123.0 156.0
89.0 69.0 142.0 153.0
69.0 104.0 107.0 151.0
132.0 99.0 49.0 159.0
152.0 81.0 50.0 154.0
53.0 103.0 151.0 169.0
45.0 105.0 175.0 163.0
164.0 123.0 37.0 166.0
114.0 84.0 70.0 143.0
75.0 73.0 183.0 175.0
66.0 123.0 94.0 167.0
130.0 101.0 51.0 168.0
67.0 84.0 146.0 196.0
129.0 95.0 54.0 158.0
127.0 91.0 56.0 142.0
50.0 107.0 155.0 163.0
195.0 42.0 106.0 189.0
114.0 94.0 66.0 136.0
74.0 94.0 105.0 162.0
76.0 80.0 126.0 183.0
44.0 157.0 130.0 178.0
147.0 50.0 99.0 190.0
96.0 94.0 81.0 176.0
130.0 71.0 69.0 174.0
53.0 102.0 158.0 169.0
72.0 76.0 161.0 183.0
73.0 84.0 128.0 188.0
61.0 101.0 130.0 168.0
80.0 72.0 161.0 186.0
118.0 84.0 69.0 144.0
122.0 69.0 82.0 194.0
150.0 50.0 91.0 186.0
122.0 83.0 65.0 144.0
102.0 95.0 74.0 169.0
69.0 82.0 147.0 183.0
152.0 71.0 57.0 158.0
140.0 56.0 86.0 173.0
104.0 62.0 143.0 158.0
103.0 64.0 124.0 183.0
128.0 107.0 49.0 154.0
124.0 65.0 83.0 181.0
173.0 46.0 85.0 174.0
62.0 99.0 128.0 159.0
49.0 126.0 131.0 160.0
56.0 93.0 172.0 182.0
73.0 153.0 78.0 180.0
90.0 136.0 68.0 167.0
57.0 93.0 161.0 173.0
112.0 60.0 123.0 182.0
126.0 60.0 90.0 158.0
69.0 126.0 91.0 176.0
45.0 164.0 124.0 155.0
105.0 65.0 112.0 174.0
57.0 98.0 146.0 180.0
91.0 73.0 122.0 189.0
124.0 82.0 66.0 151.0
65.0 156.0 86.0 183.0
116.0 94.0 65.0 150.0
120.0 62.0 97.0 157.0
79.0 88.0 107.0 164.0
146.0 48.0 101.0 182.0
111.0 58.0 138.0 185.0
171.0 78.0 46.0 147.0
147.0 92.0 46.0 147.0
64.0 83.0 165.0 189.0
109.0 89.0 73.0 153.0
46.0 150.0 122.0 179.0
149.0 65.0 59.0 169.0
142.0 72.0 61.0 154.0
160.0 59.0 62.0 186.0
49.0 117.0 137.0 159.0
135.0 54.0 88.0 175.0
98.0 71.0 109.0 188.0
123.0 91.0 60.0 158.0
183.0 85.0 43.0 148.0
113.0 145.0 52.0 175.0
45.0 160.0 125.0 180.0
75.0 84.0 120.0 158.0
51.0 108.0 147.0 151.0
145.0 85.0 49.0 152.0
73.0 81.0 134.0 175.0
73.0 127.0 83.0 170.0
171.0 72.0 49.0 154.0
99.0 70.0 110.0 175.0
161.0 129.0 37.0 163.0
117.0 106.0 57.0 165.0
43.0 136.0 141.0 162.0
88.0 120.0 73.0 163.0
155.0 130.0 39.0 168.0
109.0 64.0 105.0 175.0
66.0 112.0 105.0 171.0
50.0 101.0 166.0 159.0
40.0 120.0 180.0 164.0
68.0 90.0 131.0 178.0
93.0 69.0 132.0 178.0
53.0 94.0 188.0 178.0
58.0 110.0 127.0 181.0
121.0 84.0 66.0 134.0
141.0 107.0 46.0 160.0
76.0 105.0 95.0 162.0
54.0 163.0 98.0 175.0
123.0 66.0 82.0 167.0
147.0 65.0 63.0 190.0
62.0 96.0 137.0 192.0
145.0 100.0 45.0 157.0
78.0 76.0 147.0 204.0
142.0 49.0 113.0 190.0
47.0 130.0 133.0 175.0
65.0 105.0 114.0 169.0
52.0 124.0 121.0 159.0
122.0 64.0 87.0 157.0
140.0 69.0 66.0 170.0
121.0 64.0 92.0 192.0
121.0 70.0 81.0 162.0
127.0 61.0 88.0 165.0
46.0 184.0 115.0 157.0
72.0 82.0 137.0 174.0
60.0 98.0 139.0 181.0
92.0 142.0 64.0 178.0
57.0 111.0 127.0 155.0
143.0 64.0 66.0 176.0
64.0 118.0 105.0 193.0
61.0 89.0 159.0 178.0
133.0 148.0 43.0 160.0
108.0 123.0 57.0 180.0
130.0 62.0 84.0 195.0
151.0 60.0 68.0 164.0
167.0 74.0 50.0 143.0
50.0 120.0 128.0 163.0
52.0 146.0 105.0 184.0
74.0 86.0 122.0 181.0
94.0 105.0 75.0 163.0
107.0 63.0 117.0 184.0
75.0 127.0 79.0 182.0
112.0 75.0 82.0 161.0
45.0 109.0 173.0 195.0
91.0 112.0 74.0 149.0
64.0 88.0 145.0 162.0
143.0 84.0 52.0 132.0
79.0 74.0 152.0 200.0
59.0 114.0 119.0 150.0
90.0 99.0 81.0 166.0
69.0 88.0 131.0 169.0
162.0 61.0 57.0 179.0
126.0 90.0 58.0 158.0
91.0 93.0 83.0 152.0
78.0 73.0 160.0 177.0
86.0 72.0 137.0 199.0
75.0 93.0 110.0 180.0
59.0 119.0 112.0 157.0
56.0 114.0 124.0 145.0
100.0 83.0 86.0 173.0
122.0 74.0 76.0 190.0
113.0 82.0 77.0 156.0
148.0 46.0 136.0 180.0
48.0 108.0 166.0 151.0
113.0 86.0 72.0 142.0
47.0 169.0 114.0 159.0
181.0 54.0 66.0 145.0
102.0 62.0 148.0 203.0
68.0 142.0 84.0 178.0
62.0 97.0 136.0 170.0
76.0 121.0 82.0 172.0
49.0 102.0 162.0 178.0
70.0 107.0 102.0 157.0
131.0 70.0 70.0 167.0
77.0 93.0 106.0 176.0
73.0 106.0 99.0 163.0
115.0 77.0 79.0 179.0
100.0 65.0 132.0 166.0
146.0 51.0 85.0 174.0
82.0 113.0 82.0 175.0
41.0 111.0 213.0 181.0
143.0 48.0 114.0 177.0
84.0 141.0 70.0 179.0
68.0 120.0 97.0 148.0
78.0 119.0 82.0 180.0
151.0 53.0 77.0 180.0
94.0 90.0 84.0 156.0
45.0 151.0 127.0 171.0
74.0 80.0 136.0 182.0
80.0 87.0 104.0 182.0
143.0 66.0 64.0 150.0
89.0 70.0 138.0 180.0
169.0 99.0 40.0 152.0
59.0 95.0 148.0 177.0
68.0 95.0 122.0 160.0
71.0 137.0 84.0 176.0
80.0 99.0 93.0 161.0
149.0 49.0 97.0 184.0
71.0 79.0 155.0 175.0
42.0 121.0 174.0 174.0
63.0 89.0 148.0 167.0
58.0 117.0 115.0 145.0
112.0 124.0 54.0 165.0
103.0 105.0 68.0 174.0
121.0 55.0 135.0 178.0
83.0 125.0 73.0 169.0
191.0 43.0 92.0 183.0
83.0 83.0 102.0 177.0
113.0 90.0 68.0 159.0
71.0 83.0 139.0 197.0
39.0 155.0 149.0 163.0
107.0 88.0 77.0 143.0
68.0 104.0 111.0 157.0
139.0 109.0 46.0 172.0
120.0 114.0 53.0 155.0
89.0 92.0 89.0 160.0
78.0 93.0 101.0 184.0
141.0 58.0 78.0 181.0
70.0 89.0 128.0 179.0
73.0 103.0 100.0 152.0
44.0 133.0 144.0 175.0
173.0 90.0 43.0 136.0
78.0 134.0 75.0 175.0
63.0 117.0 106.0 168.0
45.0 165.0 121.0 159.0
141.0 140.0 42.0 161.0
144.0 56.0 76.0 171.0
43.0 147.0 134.0 170.0
179.0 117.0 37.0 147.0
125.0 61.0 89.0 171.0
120.0 59.0 106.0 171.0
84.0 77.0 115.0 178.0
76.0 92.0 109.0 171.0
86.0 152.0 68.0 186.0
165.0 65.0 56.0 154.0
52.0 113.0 135.0 154.0
69.0 140.0 86.0 171.0
113.0 102.0 61.0 155.0
130.0 79.0 63.0 157.0
91.0 86.0 92.0 155.0
67.0 140.0 87.0 175.0
68.0 99.0 117.0 166.0
54.0 101.0 152.0 168.0
42.0 145.0 140.0 144.0
129.0 67.0 75.0 160.0
116.0 91.0 66.0 147.0
72.0 101.0 105.0 161.0
102.0 69.0 108.0 159.0
79.0 80.0 117.0 177.0
122.0 134.0 47.0 166.0
108.0 103.0 64.0 175.0
103.0 76.0 92.0 165.0
63.0 139.0 94.0 126.0
67.0 93.0 128.0 170.0
140.0 60.0 72.0 165.0
72.0 88.0 124.0 170.0
70.0 92.0 119.0 175.0
77.0 149.0 75.0 176.0
113.0 89.0 70.0 136.0
81.0 119.0 80.0 157.0
101.0 108.0 66.0 177.0
72.0 79.0 141.0 192.0
76.0 96.0 102.0 179.0
63.0 115.0 111.0 168.0
148.0 90.0 46.0 154.0
79.0 87.0 108.0 165.0
127.0 156.0 44.0 160.0
46.0 111.0 171.0 146.0
110.0 60.0 135.0 149.0
124.0 76.0 71.0 154.0
56.0 118.0 119.0 151.0
76.0 134.0 78.0 165.0
111.0 114.0 57.0 157.0
81.0 71.0 167.0 174.0
78.0 113.0 87.0 161.0
92.0 98.0 77.0 151.0
59.0 109.0 125.0 166.0
43.0 118.0 163.0 179.0
128.0 71.0 73.0 195.0
40.0 113.0 206.0 178.0
71.0 124.0 88.0 179.0
143.0 102.0 46.0 164.0
184.0 93.0 40.0 133.0
80.0 115.0 82.0 155.0
138.0 101.0 48.0 172.0
105.0 71.0 93.0 186.0
174.0 115.0 39.0 155.0
86.0 91.0 94.0 176.0
128.0 55.0 97.0 186.0
116.0 77.0 78.0 182.0
51.0 138.0 116.0 170.0
41.0 168.0 136.0 168.0
146.0 59.0 74.0 171.0
99.0 87.0 84.0 163.0
64.0 107.0 113.0 170.0
45.0 115.0 160.0 158.0
160.0 57.0 67.0 170.0
60.0 97.0 141.0 169.0
48.0 101.0 173.0 158.0
115.0 65.0 97.0 168.0
77.0 74.0 158.0 161.0
134.0 66.0 72.0 180.0
71.0 88.0 125.0 174.0
60.0 112.0 120.0 173.0
141.0 152.0 41.0 165.0
62.0 104.0 125.0 163.0
85.0 100.0 87.0 165.0
109.0 58.0 154.0 167.0
149.0 56.0 75.0 179.0
118.0 65.0 86.0 164.0
49.0 108.0 160.0 166.0
64.0 100.0 124.0 165.0
70.0 141.0 82.0 172.0
79.0 137.0 74.0 181.0
131.0 92.0 55.0 135.0
53.0 101.0 159.0 165.0
71.0 112.0 97.0 154.0
55.0 90.0 197.0 182.0
99.0 115.0 65.0 170.0
163.0 67.0 53.0 172.0
39.0 124.0 175.0 174.0
39.0 165.0 145.0 168.0
88.0 73.0 123.0 197.0
109.0 134.0 54.0 177.0
74.0 76.0 156.0 166.0
53.0 142.0 110.0 186.0
54.0 119.0 123.0 177.0
139.0 96.0 48.0 160.0
62.0 110.0 119.0 200.0
77.0 152.0 74.0 163.0
64.0 115.0 108.0 156.0
119.0 81.0 70.0 150.0
56.0 97.0 155.0 148.0
40.0 163.0 143.0 141.0
56.0 105.0 140.0 166.0
59.0 86.0 178.0 184.0
85.0 73.0 135.0 202.0
56.0 123.0 111.0 176.0
65.0 86.0 148.0 185.0
98.0 64.0 161.0 189.0
147.0 69.0 59.0 178.0
47.0 113.0 158.0 182.0
156.0 71.0 54.0 173.0
84.0 114.0 79.0 166.0
60.0 94.0 144.0 175.0
141.0 64.0 70.0 197.0
68.0 86.0 139.0 179.0
68.0 106.0 110.0 150.0
145.0 73.0 60.0 162.0
77.0 88.0 110.0 176.0
104.0 63.0 134.0 187.0
132.0 70.0 68.0 167.0
140.0 90.0 49.0 150.0
53.0 93.0 200.0 191.0
118.0 107.0 55.0 163.0
166.0 55.0 67.0 174.0
69.0 99.0 113.0 186.0
66.0 83.0 156.0 210.0
116.0 63.0 96.0 164.0
145.0 94.0 48.0 170.0
47.0 108.0 170.0 164.0
101.0 113.0 64.0 175.0
40.0 167.0 141.0 161.0
100.0 138.0 59.0 172.0
154.0 96.0 45.0 159.0
177.0 66.0 47.0 144.0
97.0 83.0 90.0 162.0
124.0 101.0 55.0 165.0
93.0 66.0 168.0 188.0
76.0 83.0 122.0 165.0
72.0 94.0 115.0 184.0
50.0 145.0 113.0 179.0
104.0 92.0 74.0 162.0
162.0 48.0 85.0 191.0
87.0 112.0 78.0 149.0
91.0 113.0 73.0 163.0
38.0 157.0 155.0 163.0
43.0 119.0 159.0 155.0
158.0 55.0 72.0 177.0
54.0 109.0 136.0 169.0
142.0 51.0 95.0 160.0
146.0 73.0 57.0 164.0
43.0 108.0 195.0 184.0
65.0 127.0 98.0 171.0
98.0 140.0 61.0 198.0
108.0 148.0 54.0 165.0
115.0 66.0 91.0 194.0
114.0 74.0 84.0 180.0
65.0 169.0 84.0 153.0
90.0 138.0 67.0 168.0
85.0 76.0 117.0 191.0
97.0 95.0 79.0 162.0
99.0 66.0 128.0 167.0
48.0 111.0 155.0 184.0
128.0 51.0 146.0 201.0
123.0 56.0 119.0 168.0
80.0 95.0 98.0 155.0
123.0 75.0 74.0 169.0
66.0 119.0 99.0 161.0
182.0 44.0 96.0 189.0
72.0 97.0 109.0 178.0
134.0 93.0 53.0 142.0
152.0 136.0 39.0 165.0
50.0 114.0 140.0 169.0
62.0 95.0 139.0 171.0
116.0 72.0 80.0 165.0
156.0 50.0 81.0 188.0
76.0 93.0 108.0 185.0
123.0 58.0 104.0 155.0
149.0 122.0 42.0 155.0
150.0 121.0 41.0 141.0
80.0 129.0 74.0 179.0
69.0 92.0 126.0 175.0
85.0 124.0 74.0 155.0
90.0 72.0 125.0 182.0
118.0 76.0 75.0 154.0
60.0 162.0 88.0 161.0
74.0 82.0 127.0 175.0
90.0 103.0 80.0 171.0
70.0 76.0 171.0 182.0
104.0 72.0 92.0 199.0
62.0 122.0 102.0 169.0
92.0 92.0 86.0 150.0
160.0 52.0 74.0 188.0
38.0 152.0 157.0 146.0
55.0 155.0 99.0 178.0
127.0 56.0 103.0 182.0
70.0 119.0 91.0 181.0
150.0 101.0 44.0 154.0
41.0 147.0 144.0 150.0
138.0 59.0 78.0 180.0
179.0 96.0 41.0 130.0
135.0 51.0 115.0 183.0
93.0 97.0 80.0 149.0
168.0 46.0 91.0 189.0
93.0 72.0 117.0 154.0
58.0 111.0 126.0 187.0
132.0 60.0 83.0 184.0
144.0 88.0 49.0 155.0
111.0 60.0 124.0 186.0
83.0 87.0 100.0 165.0
142.0 103.0 46.0 175.0
105.0 69.0 100.0 173.0
97.0 82.0 91.0 187.0
173.0 51.0 70.0 144.0
50.0 130.0 118.0 158.0
109.0 115.0 57.0 169.0
174.0 120.0 38.0 144.0
52.0 136.0 116.0 162.0
100.0 113.0 66.0 171.0
50.0 97.0 206.0 186.0
44.0 113.0 168.0 205.0
66.0 80.0 174.0 163.0
65.0 93.0 136.0 158.0
65.0 88.0 144.0 186.0
138.0 88.0 50.0 151.0
44.0 171.0 124.0 166.0
157.0 78.0 50.0 152.0
67.0 101.0 115.0 175.0
134.0 131.0 45.0 176.0
67.0 113.0 104.0 153.0
145.0 99.0 47.0 145.0
51.0 158.0 106.0 172.0
167.0 95.0 42.0 153.0
146.0 131.0 41.0 158.0
41.0 178.0 134.0 161.0
166.0 71.0 52.0 149.0
62.0 118.0 107.0 163.0
141.0 55.0 81.0 168.0
141.0 68.0 66.0 185.0
126.0 106.0 50.0 159.0
171.0 91.0 43.0 149.0
101.0 86.0 82.0 146.0
68.0 112.0 98.0 176.0
82.0 96.0 92.0 164.0
50.0 124.0 123.0 169.0
112.0 103.0 61.0 149.0
150.0 79.0 54.0 130.0
92.0 72.0 124.0 178.0
146.0 91.0 47.0 159.0
53.0 109.0 142.0 171.0
107.0 82.0 83.0 173.0
90.0 89.0 89.0 169.0
173.0 68.0 49.0 145.0
174.0 56.0 59.0 166.0
128.0 64.0 80.0 187.0
84.0 88.0 96.0 176.0
142.0 53.0 87.0 175.0
119.0 103.0 57.0 140.0
85.0 136.0 70.0 171.0
112.0 63.0 112.0 183.0
74.0 135.0 82.0 154.0
117.0 71.0 83.0 163.0
58.0 106.0 134.0 163.0
71.0 80.0 145.0 194.0
87.0 71.0 138.0 186.0
99.0 98.0 73.0 142.0
48.0 149.0 118.0 169.0
129.0 103.0 51.0 167.0
62.0 121.0 104.0 187.0
104.0 97.0 70.0 163.0
102.0 93.0 76.0 174.0
115.0 95.0 65.0 133.0
67.0 133.0 89.0 160.0
95.0 101.0 75.0 159.0
36.0 144.0 168.0 162.0
144.0 47.0 161.0 192.0
156.0 74.0 52.0 165.0
153.0 72.0 55.0 177.0
53.0 126.0 116.0 153.0
54.0 91.0 194.0 191.0
50.0 108.0 154.0 148.0
63.0 138.0 95.0 170.0
156.0 105.0 42.0 149.0
140.0 59.0 77.0 194.0
131.0 61.0 82.0 197.0
143.0 95.0 48.0 148.0
96.0 65.0 154.0 163.0
52.0 97.0 175.0 163.0
81.0 78.0 123.0 161.0
121.0 109.0 53.0 176.0
57.0 100.0 141.0 177.0
163.0 100.0 42.0 151.0
64.0 96.0 129.0 159.0
58.0 112.0 125.0 162.0
61.0 103.0 128.0 172.0
42.0 160.0 135.0 165.0
115.0 69.0 90.0 166.0
147.0 115.0 43.0 173.0
68.0 108.0 103.0 179.0
154.0 62.0 63.0 177.0
142.0 63.0 71.0 184.0
137.0 65.0 71.0 157.0
92.0 107.0 71.0 165.0
73.0 115.0 89.0 176.0
54.0 154.0 102.0 177.0
71.0 104.0 101.0 174.0
71.0 111.0 99.0 167.0
56.0 158.0 95.0 178.0
96.0 71.0 116.0 176.0
76.0 109.0 93.0 172.0
136.0 92.0 52.0 167.0
43.0 146.0 136.0 150.0
124.0 78.0 69.0 171.0
138.0 49.0 128.0 194.0
76.0 141.0 77.0 170.0
174.0 64.0 53.0 133.0
77.0 110.0 90.0 160.0
61.0 137.0 97.0 155.0
52.0 98.0 160.0 173.0
110.0 96.0 65.0 154.0
94.0 86.0 88.0 166.0
127.0 83.0 61.0 153.0
103.0 69.0 103.0 176.0
89.0 130.0 69.0 173.0
150.0 57.0 69.0 164.0
78.0 94.0 100.0 190.0
133.0 61.0 81.0 169.0
122.0 58.0 107.0 189.0
105.0 130.0 58.0 177.0
76.0 113.0 91.0 175.0
57.0 145.0 95.0 174.0
136.0 87.0 53.0 131.0
42.0 129.0 150.0 172.0
78.0 81.0 120.0 176.0
95.0 83.0 92.0 169.0
155.0 54.0 73.0 172.0
61.0 93.0 146.0 188.0
95.0 72.0 107.0 155.0
136.0 66.0 68.0 159.0
43.0 112.0 179.0 185.0
126.0 68.0 78.0 175.0
37.0 120.0 191.0 184.0
127.0 80.0 63.0 139.0
110.0 100.0 64.0 170.0
167.0 54.0 68.0 161.0
127.0 63.0 85.0 185.0
105.0 93.0 73.0 175.0
97.0 67.0 131.0 168.0
101.0 82.0 87.0 160.0
62.0 159.0 87.0 163.0
98.0 68.0 117.0 192.0
115.0 62.0 106.0 171.0
136.0 82.0 57.0 143.0
86.0 131.0 70.0 176.0
55.0 121.0 117.0 150.0
40.0 116.0 181.0 190.0
132.0 81.0 60.0 134.0
38.0 151.0 161.0 171.0
107.0 91.0 73.0 140.0
39.0 136.0 165.0 168.0
56.0 109.0 132.0 166.0
44.0 118.0 160.0 168.0
125.0 71.0 74.0 153.0
107.0 92.0 72.0 150.0
85.0 162.0 68.0 167.0
64.0 146.0 88.0 187.0
147.0 77.0 56.0 154.0
77.0 73.0 161.0 186.0
65.0 103.0 118.0 160.0
155.0 151.0 37.0 156.0
51.0 112.0 146.0 188.0
66.0 133.0 92.0 176.0
163.0 47.0 88.0 173.0
75.0 116.0 88.0 165.0
124.0 66.0 79.0 157.0
115.0 115.0 54.0 145.0
79.0 92.0 105.0 154.0
137.0 91.0 50.0 154.0
159.0 45.0 98.0 169.0
93.0 70.0 124.0 197.0
87.0 150.0 68.0 178.0
67.0 131.0 91.0 172.0
58.0 102.0 136.0 165.0
56.0 94.0 162.0 182.0
77.0 91.0 108.0 191.0
141.0 74.0 62.0 152.0
66.0 81.0 166.0 176.0
46.0 164.0 116.0 167.0
69.0 100.0 112.0 164.0
77.0 115.0 86.0 162.0
68.0 92.0 127.0 179.0
172.0 71.0 45.0 139.0
80.0 148.0 73.0 161.0
126.0 119.0 48.0 162.0
38.0 165.0 150.0 158.0
101.0 70.0 107.0 172.0
175.0 70.0 47.0 153.0
103.0 85.0 79.0 154.0
131.0 57.0 91.0 148.0
170.0 58.0 61.0 167.0
109.0 100.0 65.0 169.0
45.0 127.0 134.0 185.0
134.0 73.0 67.0 161.0
105.0 115.0 60.0 177.0
88.0 69.0 150.0 181.0
63.0 110.0 116.0 163.0
59.0 169.0 89.0 177.0
42.0 154.0 137.0 167.0
185.0 81.0 43.0 139.0
55.0 142.0 103.0 179.0
103.0 63.0 135.0 191.0
84.0 71.0 145.0 175.0
48.0 119.0 145.0 162.0
72.0 84.0 129.0 164.0
90.0 120.0 70.0 168.0
42.0 168.0 133.0 166.0
110.0 64.0 99.0 188.0
128.0 58.0 96.0 165.0
50.0 151.0 111.0 158.0
91.0 69.0 133.0 183.0
107.0 96.0 70.0 153.0
104.0 107.0 64.0 170.0
60.0 148.0 93.0 182.0
121.0 60.0 97.0 188.0
72.0 91.0 120.0 176.0
65.0 162.0 85.0 171.0
39.0 140.0 163.0 165.0
131.0 63.0 80.0 161.0
137.0 52.0 103.0 178.0
76.0 73.0 170.0 196.0
75.0 81.0 130.0 185.0
95.0 81.0 94.0 167.0
102.0 105.0 69.0 177.0
58.0 103.0 135.0 152.0
102.0 89.0 80.0 161.0
68.0 107.0 107.0 160.0
180.0 86.0 41.0 134.0
63.0 94.0 135.0 169.0
109.0 78.0 83.0 165.0
78.0 97.0 99.0 163.0
152.0 63.0 61.0 167.0
42.0 126.0 152.0 160.0
61.0 114.0 114.0 173.0
110.0 67.0 91.0 184.0
87.0 116.0 74.0 181.0
47.0 161.0 117.0 185.0
84.0 104.0 82.0 155.0
122.0 56.0 123.0 201.0
39.0 177.0 142.0 156.0
90.0 111.0 75.0 179.0
145.0 49.0 100.0 195.0
103.0 77.0 90.0 172.0
49.0 159.0 114.0 179.0
135.0 53.0 101.0 184.0
58.0 116.0 120.0 171.0
121.0 79.0 70.0 146.0
90.0 71.0 132.0 180.0
103.0 94.0 73.0 159.0
75.0 89.0 114.0 165.0
64.0 154.0 87.0 169.0
120.0 75.0 77.0 173.0
70.0 95.0 112.0 161.0
92.0 73.0 116.0 167.0
62.0 153.0 88.0 175.0
101.0 84.0 85.0 162.0
133.0 84.0 54.0 146.0
61.0 124.0 104.0 177.0
46.0 114.0 163.0 160.0
90.0 105.0 76.0 172.0
155.0 143.0 38.0 151.0
143.0 57.0 80.0 150.0
139.0 50.0 113.0 156.0
47.0 111.0 159.0 157.0
69.0 101.0 111.0 183.0
106.0 125.0 58.0 172.0
99.0 107.0 70.0 182.0
56.0 119.0 116.0 170.0
58.0 141.0 100.0 176.0
68.0 168.0 82.0 170.0
84.0 97.0 91.0 182.0
64.0 134.0 95.0 162.0
88.0 132.0 69.0 161.0
108.0 99.0 67.0 159.0
109.0 108.0 61.0 183.0
100.0 127.0 61.0 185.0
93.0 75.0 105.0 175.0
73.0 86.0 123.0 185.0
90.0 67.0 175.0 180.0
57.0 105.0 135.0 161.0
98.0 76.0 95.0 164.0
181.0 44.0 105.0 160.0
110.0 92.0 69.0 148.0
151.0 117.0 42.0 159.0
96.0 135.0 62.0 184.0
108.0 79.0 83.0 176.0
58.0 107.0 131.0 186.0
114.0 85.0 68.0 163.0
41.0 143.0 145.0 150.0
123.0 104.0 54.0 160.0
150.0 61.0 66.0 174.0
66.0 145.0 85.0 176.0
56.0 88.0 191.0 182.0
95.0 67.0 135.0 188.0
55.0 98.0 151.0 167.0
72.0 122.0 89.0 171.0
55.0 112.0 130.0 172.0
136.0 53.0 89.0 162.0
128.0 59.0 94.0 180.0
114.0 62.0 109.0 180.0
167.0 63.0 56.0 161.0
122.0 59.0 98.0 175.0
141.0 70.0 64.0 159.0
128.0 63.0 82.0 176.0
48.0 109.0 158.0 156.0
51.0 98.0 171.0 182.0
51.0 147.0 108.0 173.0
98.0 82.0 89.0 167.0
38.0 140.0 166.0 162.0
135.0 69.0 70.0 165.0
124.0 56.0 104.0 185.0
76.0 100.0 98.0 162.0
105.0 97.0 68.0 161.0
51.0 117.0 135.0 161.0
111.0 91.0 70.0 171.0
51.0 144.0 112.0 184.0
101.0 80.0 91.0 183.0
112.0 57.0 166.0 201.0
157.0 119.0 40.0 153.0
61.0 110.0 120.0 156.0
91.0 89.0 87.0 176.0
59.0 99.0 140.0 158.0
119.0 88.0 65.0 155.0
162.0 54.0 69.0 181.0
102.0 67.0 110.0 193.0
86.0 109.0 81.0 156.0
63.0 91.0 146.0 167.0
86.0 97.0 84.0 158.0
62.0 90.0 150.0 190.0
110.0 63.0 115.0 169.0
41.0 112.0 186.0 180.0
60.0 93.0 152.0 167.0
152.0 55.0 76.0 162.0
38.0 184.0 147.0 151.0
152.0 48.0 91.0 184.0
166.0 156.0 36.0 153.0
117.0 96.0 61.0 145.0
80.0 75.0 139.0 168.0
81.0 89.0 102.0 172.0
86.0 69.0 151.0 168.0
61.0 141.0 94.0 172.0
52.0 173.0 101.0 167.0
109.0 74.0 87.0 176.0
57.0 115.0 121.0 172.0
130.0 65.0 75.0 166.0
101.0 95.0 75.0 126.0
103.0 140.0 58.0 184.0
97.0 108.0 70.0 162.0
151.0 75.0 56.0 146.0
140.0 123.0 43.0 158.0
64.0 101.0 122.0 174.0
60.0 92.0 157.0 165.0
73.0 83.0 131.0 177.0
133.0 137.0 45.0 170.0
56.0 146.0 98.0 163.0
94.0 73.0 106.0 168.0
85.0 88.0 95.0 173.0
111.0 145.0 53.0 171.0
41.0 117.0 178.0 199.0
67.0 143.0 86.0 171.0
118.0 62.0 102.0 175.0
39.0 150.0 151.0 146.0
76.0 150.0 75.0 148.0
36.0 142.0 174.0 158.0
128.0 65.0 79.0 187.0
170.0 44.0 113.0 184.0
123.0 95.0 56.0 164.0
134.0 50.0 145.0 202.0
74.0 98.0 100.0 168.0
156.0 61.0 64.0 187.0
86.0 121.0 74.0 182.0
75.0 95.0 104.0 163.0
145.0 52.0 84.0 187.0
90.0 128.0 69.0 166.0
123.0 63.0 92.0 156.0
130.0 106.0 49.0 164.0
92.0 119.0 70.0 178.0
79.0 83.0 113.0 159.0
91.0 76.0 99.0 173.0
82.0 159.0 70.0 155.0
52.0 128.0 117.0 186.0
125.0 133.0 47.0 165.0
144.0 59.0 75.0 189.0
52.0 139.0 113.0 167.0
43.0 133.0 146.0 160.0
129.0 71.0 71.0 175.0
122.0 70.0 80.0 202.0
146.0 63.0 65.0 158.0
88.0 111.0 76.0 149.0
174.0 49.0 71.0 168.0
47.0 104.0 180.0 165.0
139.0 80.0 57.0 151.0
63.0 93.0 141.0 161.0
83.0 73.0 142.0 193.0
60.0 152.0 90.0 152.0
91.0 82.0 93.0 181.0
89.0 94.0 87.0 167.0
114.0 138.0 52.0 172.0
63.0 107.0 119.0 160.0
137.0 58.0 84.0 141.0
67.0 110.0 108.0 191.0
68.0 83.0 144.0 173.0
100.0 106.0 68.0 156.0
97.0 87.0 85.0 148.0
101.0 64.0 133.0 191.0
120.0 76.0 73.0 168.0
69.0 95.0 118.0 180.0
91.0 121.0 68.0 163.0
117.0 110.0 56.0 172.0
67.0 80.0 162.0 174.0
92.0 67.0 145.0 178.0
65.0 101.0 119.0 163.0
158.0 59.0 66.0 154.0
140.0 77.0 58.0 161.0
59.0 105.0 127.0 169.0
125.0 102.0 52.0 159.0
106.0 86.0 78.0 177.0
46.0 112.0 169.0 162.0
66.0 143.0 87.0 189.0
175.0 44.0 112.0 160.0
91.0 70.0 131.0 188.0
72.0 133.0 83.0 165.0
65.0 110.0 112.0 160.0
129.0 70.0 74.0 182.0
110.0 71.0 87.0 172.0
119.0 124.0 50.0 169.0
152.0 73.0 55.0 183.0
101.0 67.0 116.0 180.0
47.0 137.0 130.0 141.0
108.0 78.0 85.0 165.0
163.0 76.0 47.0 154.0
48.0 123.0 132.0 180.0
80.0 102.0 89.0 174.0
53.0 105.0 147.0 181.0
98.0 67.0 127.0 180.0
63.0 145.0 92.0 157.0
112.0 99.0 64.0 158.0
116.0 60.0 107.0 183.0
157.0 60.0 66.0 161.0
94.0 126.0 64.0 177.0
125.0 131.0 48.0 169.0
89.0 66.0 181.0 180.0
74.0 78.0 147.0 189.0
135.0 95.0 50.0 151.0
50.0 111.0 151.0 158.0
62.0 130.0 97.0 160.0
110.0 101.0 63.0 153.0
105.0 82.0 85.0 146.0
89.0 77.0 104.0 173.0
92.0 68.0 134.0 170.0
92.0 81.0 96.0 174.0
63.0 98.0 127.0 168.0
138.0 52.0 102.0 159.0
130.0 50.0 157.0 198.0
101.0 146.0 58.0 148.0
58.0 122.0 108.0 165.0
124.0 63.0 91.0 153.0
91.0 116.0 71.0 174.0
160.0 102.0 42.0 138.0
56.0 113.0 127.0 172.0
80.0 125.0 77.0 160.0
76.0 111.0 92.0 165.0
60.0 132.0 99.0 148.0
62.0 107.0 120.0 165.0
95.0 137.0 63.0 194.0
77.0 119.0 84.0 165.0
83.0 135.0 71.0 178.0
103.0 89.0 75.0 149.0
121.0 74.0 78.0 145.0
48.0 140.0 122.0 199.0
69.0 129.0 87.0 163.0
61.0 87.0 164.0 155.0
81.0 107.0 83.0 173.0
110.0 59.0 137.0 198.0
114.0 121.0 53.0 182.0
82.0 72.0 153.0 198.0
161.0 56.0 68.0 157.0
67.0 88.0 136.0 156.0
97.0 63.0 170.0 175.0
87.0 68.0 167.0 167.0
152.0 113.0 43.0 173.0
141.0 66.0 67.0 157.0
83.0 79.0 110.0 178.0
109.0 84.0 74.0 134.0
81.0 106.0 87.0 170.0
134.0 75.0 65.0 164.0
87.0 77.0 106.0 172.0
71.0 143.0 79.0 156.0
168.0 73.0 47.0 140.0
60.0 84.0 186.0 186.0
53.0 110.0 138.0 164.0
101.0 81.0 88.0 172.0
68.0 89.0 134.0 153.0
107.0 73.0 90.0 169.0
146.0 68.0 63.0 182.0
81.0 93.0 97.0 158.0
113.0 63.0 106.0 168.0
92.0 71.0 127.0 164.0
118.0 87.0 66.0 160.0
96.0 74.0 105.0 177.0
85.0 69.0 175.0 190.0
85.0 81.0 100.0 188.0
55.0 94.0 170.0 164.0
134.0 51.0 121.0 174.0
114.0 75.0 80.0 175.0
71.0 75.0 175.0 159.0
123.0 72.0 76.0 156.0
135.0 76.0 63.0 154.0
127.0 76.0 70.0 155.0
136.0 62.0 77.0 175.0
133.0 79.0 58.0 158.0
117.0 58.0 116.0 177.0
103.0 103.0 69.0 164.0
95.0 152.0 61.0 175.0
130.0 58.0 90.0 161.0
81.0 72.0 155.0 184.0
58.0 87.0 191.0 210.0
137.0 111.0 46.0 157.0
92.0 134.0 65.0 186.0
54.0 108.0 138.0 173.0
155.0 77.0 53.0 179.0
179.0 55.0 65.0 136.0
118.0 130.0 51.0 168.0
53.0 97.0 164.0 154.0
92.0 88.0 91.0 164.0
165.0 75.0 51.0 174.0
100.0 111.0 67.0 172.0
132.0 54.0 96.0 161.0
60.0 85.0 185.0 166.0
65.0 111.0 110.0 163.0
175.0 153.0 36.0 153.0
185.0 45.0 86.0 185.0
160.0 72.0 53.0 156.0
76.0 78.0 134.0 193.0
58.0 94.0 155.0 159.0
155.0 124.0 40.0 170.0
91.0 102.0 77.0 166.0
85.0 78.0 111.0 172.0
61.0 97.0 139.0 181.0
72.0 93.0 116.0 170.0
83.0 70.0 159.0 151.0
51.0 101.0 164.0 152.0
60.0 89.0 161.0 180.0
150.0 46.0 110.0 167.0
125.0 53.0 119.0 171.0
98.0 122.0 62.0 171.0
130.0 68.0 73.0 174.0
113.0 60.0 114.0 172.0
74.0 136.0 81.0 157.0
135.0 119.0 44.0 160.0
45.0 104.0 187.0 176.0
56.0 138.0 107.0 165.0
118.0 148.0 49.0 168.0
140.0 75.0 61.0 165.0
117.0 77.0 77.0 173.0
40.0 146.0 148.0 150.0
82.0 71.0 158.0 164.0
117.0 115.0 53.0 168.0
164.0 83.0 46.0 171.0
97.0 88.0 82.0 156.0
52.0 112.0 139.0 178.0
114.0 58.0 136.0 182.0
48.0 105.0 169.0 185.0
125.0 100.0 55.0 153.0
105.0 105.0 65.0 162.0
83.0 112.0 81.0 168.0
77.0 87.0 112.0 176.0
179.0 62.0 53.0 134.0
75.0 88.0 115.0 164.0
64.0 93.0 137.0 176.0
98.0 99.0 75.0 168.0
58.0 91.0 166.0 160.0
152.0 52.0 78.0 167.0
138.0 50.0 118.0 184.0
64.0 128.0 98.0 146.0
141.0 49.0 122.0 175.0
61.0 129.0 101.0 179.0
152.0 97.0 44.0 158.0
139.0 77.0 61.0 169.0
47.0 115.0 150.0 194.0
106.0 102.0 65.0 168.0
75.0 79.0 140.0 159.0
61.0 116.0 113.0 179.0
36.0 149.0 166.0 179.0
77.0 112.0 88.0 162.0
135.0 50.0 122.0 161.0
120.0 80.0 67.0 148.0
91.0 67.0 157.0 191.0
117.0 59.0 108.0 170.0
90.0 97.0 83.0 159.0
71.0 115.0 96.0 171.0
84.0 94.0 94.0 177.0
77.0 83.0 121.0 189.0
126.0 59.0 95.0 182.0
56.0 107.0 134.0 162.0
68.0 82.0 158.0 190.0
102.0 78.0 90.0 183.0
151.0 79.0 51.0 132.0
112.0 70.0 90.0 186.0
118.0 98.0 59.0 166.0
58.0 121.0 111.0 146.0
42.0 149.0 139.0 150.0
136.0 75.0 62.0 164.0
176.0 52.0 67.0 163.0
84.0 72.0 143.0 179.0
127.0 52.0 130.0 168.0
42.0 119.0 176.0 191.0
47.0 150.0 121.0 158.0
90.0 119.0 71.0 145.0
97.0 129.0 63.0 174.0
117.0 56.0 130.0 176.0
83.0 74.0 131.0 185.0
85.0 92.0 90.0 159.0
117.0 94.0 63.0 159.0
160.0 100.0 43.0 156.0
96.0 66.0 140.0 194.0
44.0 148.0 131.0 144.0
93.0 106.0 72.0 165.0
137.0 50.0 121.0 175.0
71.0 129.0 85.0 168.0
69.0 81.0 155.0 170.0
48.0 121.0 137.0 166.0
152.0 58.0 67.0 179.0
102.0 66.0 117.0 178.0
154.0 75.0 54.0 182.0
104.0 76.0 88.0 187.0
72.0 120.0 90.0 183.0
84.0 102.0 87.0 178.0
158.0 63.0 59.0 180.0
60.0 102.0 129.0 173.0
67.0 128.0 93.0 174.0
44.0 120.0 148.0 175.0
106.0 136.0 56.0 166.0
125.0 55.0 105.0 172.0
119.0 62.0 101.0 187.0
67.0 90.0 134.0 173.0
186.0 48.0 77.0 178.0
108.0 91.0 72.0 176.0
36.0 135.0 184.0 177.0
43.0 161.0 128.0 158.0
131.0 55.0 95.0 174.0
85.0 146.0 69.0 188.0
126.0 80.0 64.0 164.0
96.0 118.0 64.0 187.0
134.0 64.0 75.0 169.0
92.0 103.0 76.0 179.0
75.0 112.0 93.0 181.0
101.0 68.0 109.0 206.0
116.0 95.0 64.0 149.0
62.0 147.0 90.0 158.0
47.0 116.0 146.0 170.0
168.0 122.0 39.0 141.0
60.0 120.0 107.0 140.0
123.0 54.0 137.0 168.0
122.0 72.0 78.0 154.0
112.0 129.0 53.0 159.0
106.0 65.0 106.0 187.0
78.0 124.0 78.0 164.0
100.0 104.0 70.0 182.0
148.0 57.0 74.0 192.0
55.0 102.0 143.0 166.0
148.0 80.0 54.0 182.0
60.0 113.0 117.0 146.0
76.0 107.0 94.0 163.0
103.0 61.0 149.0 190.0
55.0 140.0 105.0 180.0
120.0 54.0 155.0 196.0
87.0 90.0 94.0 175.0
155.0 87.0 45.0 155.0
107.0 81.0 84.0 159.0
58.0 108.0 130.0 156.0
120.0 115.0 52.0 171.0
67.0 97.0 120.0 169.0
49.0 132.0 119.0 191.0
139.0 52.0 94.0 185.0
51.0 142.0 114.0 183.0
79.0 153.0 73.0 156.0
92.0 122.0 67.0 182.0
103.0 148.0 56.0 169.0
137.0 71.0 63.0 160.0
65.0 126.0 99.0 162.0
46.0 133.0 131.0 143.0
142.0 68.0 64.0 179.0
55.0 139.0 106.0 174.0
130.0 76.0 67.0 169.0
103.0 79.0 86.0 155.0
167.0 43.0 136.0 184.0
62.0 81.0 181.0 162.0
69.0 148.0 83.0 184.0
154.0 84.0 48.0 152.0
40.0 123.0 161.0 160.0
87.0 73.0 124.0 186.0
126.0 58.0 99.0 166.0
103.0 66.0 114.0 170.0
70.0 84.0 139.0 163.0
179.0 93.0 42.0 142.0
52.0 106.0 145.0 171.0
143.0 61.0 67.0 163.0
118.0 104.0 57.0 146.0
103.0 83.0 81.0 141.0
174.0 81.0 44.0 142.0
119.0 78.0 74.0 165.0
105.0 110.0 61.0 159.0
108.0 84.0 75.0 170.0
89.0 112.0 75.0 176.0
91.0 68.0 144.0 191.0
153.0 47.0 92.0 171.0
66.0 131.0 93.0 134.0
125.0 60.0 94.0 195.0
102.0 64.0 131.0 167.0
84.0 116.0 78.0 167.0
80.0 73.0 150.0 178.0
61.0 107.0 123.0 178.0
125.0 69.0 78.0 155.0
76.0 114.0 90.0 161.0
179.0 43.0 111.0 171.0
45.0 125.0 146.0 178.0
44.0 108.0 182.0 170.0
129.0 62.0 86.0 172.0
65.0 100.0 120.0 185.0
116.0 68.0 84.0 177.0
166.0 79.0 46.0 162.0
43.0 116.0 171.0 167.0
102.0 74.0 96.0 174.0
48.0 131.0 130.0 171.0
53.0 127.0 113.0 181.0
133.0 52.0 107.0 158.0
153.0 55.0 74.0 178.0
65.0 130.0 94.0 162.0
70.0 99.0 107.0 167.0
68.0 79.0 164.0 187.0
53.0 123.0 118.0 175.0
146.0 116.0 44.0 167.0
86.0 138.0 69.0 190.0
127.0 57.0 99.0 180.0
55.0 119.0 118.0 153.0
117.0 149.0 50.0 172.0
146.0 47.0 130.0 182.0
130.0 60.0 86.0 171.0
83.0 132.0 72.0 191.0
65.0 116.0 100.0 181.0
114.0 98.0 63.0 151.0
58.0 97.0 147.0 175.0
147.0 87.0 48.0 151.0
53.0 96.0 172.0 153.0
153.0 51.0 84.0 176.0
59.0 118.0 113.0 167.0
129.0 53.0 114.0 157.0
55.0 93.0 174.0 152.0
65.0 83.0 161.0 174.0
56.0 111.0 130.0 177.0
113.0 118.0 54.0 170.0
101.0 118.0 63.0 187.0
170.0 117.0 39.0 156.0
43.0 125.0 155.0 162.0
102.0 155.0 57.0 172.0
61.0 123.0 106.0 182.0
144.0 74.0 59.0 168.0
81.0 116.0 81.0 162.0
74.0 108.0 94.0 151.0
95.0 69.0 124.0 189.0
147.0 46.0 145.0 181.0
102.0 90.0 79.0 183.0
50.0 189.0 107.0 156.0
64.0 119.0 100.0 141.0
79.0 115.0 84.0 155.0
160.0 83.0 47.0 147.0
55.0 107.0 137.0 169.0
101.0 99.0 72.0 163.0
104.0 116.0 60.0 169.0
94.0 67.0 142.0 172.0
66.0 89.0 141.0 168.0
114.0 100.0 61.0 163.0
52.0 120.0 127.0 171.0
88.0 142.0 67.0 170.0
95.0 85.0 89.0 153.0
147.0 111.0 44.0 153.0
63.0 85.0 162.0 166.0
37.0 138.0 168.0 173.0
88.0 76.0 108.0 179.0
105.0 63.0 123.0 184.0
61.0 105.0 126.0 183.0
56.0 143.0 102.0 174.0
105.0 66.0 105.0 200.0
121.0 62.0 96.0 170.0
44.0 140.0 140.0 150.0
108.0 118.0 58.0 185.0
111.0 66.0 92.0 171.0
108.0 82.0 81.0 151.0
124.0 89.0 59.0 154.0
40.0 151.0 146.0 167.0
154.0 45.0 143.0 185.0
153.0 45.0 157.0 182.0
114.0 61.0 111.0 181.0
59.0 89.0 169.0 183.0
115.0 134.0 51.0 162.0
60.0 106.0 124.0 179.0
119.0 55.0 141.0 173.0
130.0 52.0 125.0 176.0
59.0 104.0 131.0 153.0
143.0 134.0 40.0 155.0
93.0 115.0 66.0 179.0
71.0 126.0 87.0 188.0
112.0 86.0 73.0 158.0
161.0 67.0 56.0 144.0
40.0 141.0 155.0 177.0
82.0 98.0 91.0 157.0
70.0 91.0 126.0 179.0
39.0 131.0 174.0 183.0
97.0 65.0 141.0 181.0
114.0 63.0 105.0 184.0
117.0 102.0 59.0 156.0
171.0 81.0 45.0 135.0
84.0 110.0 81.0 181.0
124.0 74.0 73.0 147.0
72.0 99.0 106.0 168.0
123.0 61.0 95.0 184.0
63.0 104.0 120.0 170.0
100.0 69.0 111.0 175.0
73.0 89.0 117.0 175.0
109.0 109.0 59.0 169.0
56.0 157.0 96.0 162.0
106.0 61.0 147.0 187.0
155.0 45.0 115.0 178.0
105.0 62.0 138.0 177.0
113.0 104.0 60.0 157.0
74.0 146.0 77.0 164.0
94.0 66.0 149.0 164.0
148.0 50.0 98.0 171.0
99.0 67.0 122.0 198.0
120.0 89.0 61.0 153.0
105.0 119.0 59.0 181.0
90.0 74.0 106.0 190.0
56.0 92.0 178.0 168.0
140.0 48.0 136.0 195.0
57.0 135.0 106.0 152.0
139.0 58.0 79.0 167.0
156.0 56.0 71.0 160.0
95.0 110.0 69.0 173.0
110.0 77.0 81.0 180.0
142.0 54.0 82.0 155.0
92.0 94.0 82.0 165.0
127.0 82.0 62.0 137.0
52.0 108.0 144.0 172.0
118.0 60.0 105.0 174.0
128.0 77.0 68.0 164.0
73.0 77.0 152.0 189.0
140.0 65.0 69.0 167.0
49.0 128.0 123.0 164.0
107.0 123.0 58.0 187.0
69.0 96.0 116.0 163.0
167.0 65.0 51.0 171.0
74.0 91.0 112.0 176.0
78.0 78.0 124.0 194.0
46.0 123.0 139.0 175.0
87.0 72.0 135.0 194.0
41.0 130.0 147.0 170.0
47.0 141.0 126.0 168.0
64.0 84.0 164.0 179.0
108.0 90.0 73.0 154.0
41.0 180.0 133.0 156.0
96.0 109.0 70.0 173.0
152.0 68.0 58.0 154.0
105.0 96.0 71.0 157.0
97.0 66.0 134.0 189.0
40.0 136.0 157.0 160.0
113.0 59.0 136.0 172.0
113.0 91.0 67.0 130.0
127.0 58.0 98.0 147.0
123.0 70.0 78.0 182.0
85.0 70.0 150.0 181.0
101.0 62.0 163.0 176.0
148.0 54.0 80.0 168.0
116.0 119.0 52.0 174.0
84.0 122.0 75.0 162.0
118.0 89.0 65.0 152.0
80.0 89.0 103.0 175.0
86.0 75.0 113.0 189.0
134.0 59.0 79.0 172.0
79.0 97.0 98.0 151.0
117.0 101.0 60.0 161.0
88.0 139.0 68.0 183.0
159.0 55.0 70.0 142.0
129.0 98.0 53.0 156.0
99.0 133.0 60.0 169.0
163.0 51.0 76.0 180.0
52.0 105.0 153.0 166.0
57.0 131.0 107.0 170.0
114.0 140.0 51.0 169.0
116.0 65.0 92.0 181.0
100.0 91.0 77.0 149.0
115.0 58.0 133.0 171.0
141.0 86.0 51.0 148.0
58.0 88.0 178.0 171.0
60.0 138.0 96.0 164.0
70.0 87.0 132.0 164.0
108.0 104.0 63.0 156.0
87.0 87.0 98.0 170.0
52.0 104.0 157.0 164.0
57.0 92.0 169.0 158.0
124.0 70.0 76.0 181.0
130.0 77.0 64.0 147.0
44.0 117.0 166.0 181.0
116.0 57.0 129.0 189.0
109.0 69.0 94.0 189.0
76.0 87.0 117.0 171.0
154.0 145.0 38.0 162.0
110.0 62.0 118.0 180.0
116.0 107.0 57.0 167.0
75.0 158.0 76.0 176.0
75.0 75.0 162.0 192.0
52.0 141.0 111.0 178.0
68.0 156.0 83.0 186.0
88.0 104.0 80.0 162.0
145.0 126.0 42.0 152.0
98.0 93.0 78.0 179.0
79.0 110.0 88.0 156.0
136.0 105.0 47.0 163.0
44.0 161.0 125.0 167.0
62.0 85.0 167.0 178.0
93.0 73.0 115.0 166.0
63.0 97.0 133.0 161.0
90.0 69.0 139.0 167.0
89.0 80.0 103.0 171.0
173.0 45.0 95.0 188.0
174.0 42.0 125.0 198.0
66.0 77.0 178.0 181.0
42.0 170.0 132.0 161.0
87.0 122.0 72.0 167.0
128.0 69.0 75.0 175.0
162.0 57.0 64.0 153.0
89.0 115.0 73.0 171.0
49.0 143.0 115.0 172.0
125.0 108.0 51.0 174.0
59.0 90.0 167.0 183.0
100.0 66.0 123.0 185.0
44.0 143.0 135.0 165.0
196.0 47.0 83.0 181.0
78.0 74.0 155.0 175.0
187.0 43.0 103.0 178.0
142.0 77.0 57.0 128.0
58.0 113.0 123.0 167.0
127.0 78.0 65.0 165.0
120.0 85.0 63.0 136.0
103.0 98.0 70.0 173.0
60.0 139.0 95.0 170.0
119.0 113.0 54.0 177.0
78.0 103.0 89.0 162.0
85.0 72.0 142.0 190.0
45.0 146.0 128.0 157.0
147.0 72.0 58.0 171.0
117.0 76.0 79.0 169.0
121.0 114.0 49.0 164.0
62.0 92.0 142.0 186.0
68.0 100.0 113.0 167.0
126.0 126.0 46.0 162.0
59.0 108.0 126.0 159.0
142.0 106.0 45.0 146.0
96.0 114.0 67.0 168.0
142.0 66.0 66.0 170.0
64.0 116.0 106.0 138.0
82.0 73.0 148.0 176.0
62.0 113.0 113.0 171.0
95.0 84.0 91.0 178.0
131.0 88.0 56.0 162.0
83.0 104.0 87.0 178.0
101.0 65.0 129.0 180.0
95.0 65.0 164.0 182.0
75.0 83.0 124.0 185.0
112.0 61.0 115.0 197.0
127.0 96.0 54.0 153.0
77.0 79.0 128.0 196.0
106.0 62.0 126.0 164.0
117.0 67.0 85.0 164.0
89.0 148.0 66.0 171.0
47.0 139.0 127.0 178.0
114.0 72.0 85.0 179.0
123.0 55.0 128.0 179.0
77.0 126.0 76.0 171.0
95.0 97.0 79.0 170.0
67.0 139.0 88.0 186.0
179.0 58.0 58.0 148.0
140.0 51.0 103.0 179.0
87.0 70.0 149.0 183.0
83.0 99.0 88.0 156.0
152.0 115.0 42.0 155.0
77.0 77.0 138.0 170.0
82.0 91.0 100.0 166.0
54.0 115.0 129.0 160.0
98.0 70.0 113.0 181.0
69.0 149.0 81.0 169.0
79.0 118.0 83.0 153.0
105.0 60.0 160.0 187.0
104.0 75.0 90.0 183.0
151.0 50.0 88.0 190.0
128.0 75.0 69.0 183.0
70.0 82.0 140.0 192.0
73.0 125.0 84.0 177.0
104.0 133.0 57.0 181.0
107.0 95.0 71.0 173.0
99.0 64.0 155.0 186.0
81.0 86.0 105.0 177.0
163.0 157.0 35.0 155.0
97.0 73.0 104.0 175.0
117.0 92.0 65.0 139.0
99.0 101.0 72.0 172.0
66.0 100.0 117.0 150.0
57.0 97.0 150.0 175.0
99.0 96.0 75.0 168.0
81.0 75.0 136.0 182.0
97.0 69.0 116.0 205.0
157.0 62.0 61.0 171.0
61.0 111.0 115.0 175.0
161.0 58.0 63.0 166.0
54.0 142.0 105.0 162.0
138.0 51.0 104.0 165.0
45.0 112.0 172.0 149.0
57.0 88.0 180.0 173.0
66.0 104.0 113.0 165.0
128.0 99.0 52.0 169.0
55.0 108.0 136.0 175.0
148.0 58.0 71.0 171.0
82.0 156.0 71.0 168.0
124.0 112.0 52.0 167.0
53.0 116.0 126.0 158.0
120.0 58.0 108.0 191.0
99.0 71.0 100.0 156.0
74.0 88.0 121.0 180.0
89.0 113.0 74.0 161.0
138.0 48.0 149.0 191.0
44.0 126.0 145.0 165.0
60.0 88.0 167.0 160.0
120.0 121.0 50.0 167.0
50.0 99.0 171.0 169.0
134.0 62.0 78.0 177.0
119.0 117.0 52.0 171.0
62.0 105.0 123.0 159.0
132.0 94.0 53.0 171.0
119.0 74.0 79.0 170.0
43.0 181.0 125.0 161.0
74.0 85.0 124.0 160.0
144.0 130.0 42.0 168.0
70.0 109.0 101.0 150.0
47.0 122.0 144.0 150.0
62.0 87.0 159.0 191.0
98.0 111.0 68.0 150.0
89.0 100.0 82.0 166.0
133.0 57.0 86.0 189.0
81.0 137.0 73.0 183.0
97.0 68.0 123.0 179.0
130.0 113.0 48.0 161.0
93.0 65.0 174.0 181.0
65.0 82.0 162.0 169.0
115.0 57.0 137.0 169.0
70.0 138.0 85.0 157.0
133.0 106.0 48.0 161.0
37.0 161.0 158.0 177.0
35.0 159.0 184.0 177.0
105.0 101.0 67.0 145.0
122.0 62.0 94.0 197.0
63.0 165.0 86.0 169.0
38.0 150.0 162.0 154.0
109.0 80.0 79.0 148.0
96.0 70.0 117.0 208.0
167.0 48.0 83.0 190.0
57.0 171.0 92.0 169.0
38.0 160.0 152.0 141.0
48.0 154.0 115.0 180.0
112.0 112.0 55.0 163.0
63.0 108.0 118.0 167.0
165.0 50.0 75.0 174.0
83.0 116.0 79.0 155.0
82.0 133.0 72.0 163.0
118.0 92.0 62.0 157.0
163.0 102.0 41.0 150.0
108.0 61.0 131.0 170.0
89.0 88.0 93.0 158.0
132.0 108.0 47.0 163.0
80.0 79.0 119.0 184.0
52.0 163.0 103.0 158.0
55.0 110.0 133.0 167.0
57.0 140.0 101.0 168.0
97.0 90.0 80.0 169.0
54.0 102.0 146.0 161.0
69.0 94.0 125.0 175.0
59.0 138.0 99.0 180.0
142.0 52.0 92.0 173.0
116.0 78.0 77.0 165.0
47.0 109.0 166.0 200.0
102.0 70.0 102.0 189.0
109.0 65.0 98.0 201.0
148.0 64.0 63.0 173.0
88.0 127.0 71.0 178.0
108.0 100.0 66.0 169.0
119.0 106.0 56.0 176.0
101.0 63.0 143.0 179.0
86.0 78.0 110.0 174.0
58.0 126.0 103.0 171.0
120.0 63.0 95.0 202.0
46.0 146.0 126.0 165.0
66.0 91.0 135.0 187.0
80.0 110.0 85.0 166.0
147.0 47.0 119.0 199.0
53.0 160.0 104.0 177.0
132.0 124.0 46.0 184.0
77.0 106.0 91.0 179.0
100.0 64.0 134.0 173.0
53.0 120.0 121.0 164.0
82.0 77.0 117.0 195.0
67.0 81.0 159.0 185.0
41.0 122.0 164.0 162.0
90.0 145.0 65.0 183.0
158.0 116.0 40.0 149.0
70.0 113.0 97.0 165.0
98.0 98.0 76.0 144.0
71.0 96.0 111.0 162.0
115.0 111.0 56.0 152.0
97.0 77.0 92.0 166.0
54.0 151.0 103.0 178.0
158.0 46.0 97.0 182.0
77.0 75.0 148.0 183.0
129.0 58.0 93.0 188.0
144.0 71.0 62.0 171.0
41.0 158.0 137.0 158.0
107.0 129.0 55.0 163.0
93.0 150.0 63.0 154.0
58.0 114.0 122.0 161.0
133.0 63.0 77.0 190.0
65.0 79.0 181.0 194.0
188.0 42.0 110.0 179.0
55.0 95.0 162.0 165.0
89.0 117.0 72.0 165.0
46.0 117.0 153.0 154.0
140.0 81.0 53.0 147.0
143.0 50.0 103.0 170.0
69.0 117.0 92.0 175.0
116.0 82.0 72.0 151.0
45.0 135.0 132.0 176.0
83.0 72.0 144.0 188.0
76.0 88.0 111.0 181.0
116.0 106.0 58.0 147.0
70.0 80.0 153.0 168.0
39.0 146.0 157.0 157.0
99.0 105.0 71.0 157.0
56.0 99.0 149.0 164.0
115.0 56.0 152.0 176.0
118.0 57.0 124.0 144.0
112.0 88.0 72.0 159.0
83.0 118.0 76.0 174.0
107.0 59.0 162.0 190.0
85.0 74.0 129.0 183.0
126.0 163.0 45.0 163.0
110.0 83.0 77.0 132.0
48.0 138.0 126.0 151.0
109.0 98.0 66.0 150.0
73.0 99.0 102.0 162.0
97.0 144.0 61.0 165.0
161.0 84.0 44.0 157.0
118.0 100.0 58.0 155.0
105.0 78.0 87.0 158.0
78.0 85.0 113.0 178.0
63.0 146.0 91.0 163.0
134.0 141.0 42.0 157.0
68.0 130.0 88.0 183.0
36.0 172.0 165.0 159.0
77.0 84.0 119.0 175.0
59.0 98.0 145.0 175.0
111.0 129.0 54.0 179.0
113.0 57.0 149.0 182.0
59.0 125.0 107.0 146.0
149.0 104.0 44.0 158.0
96.0 102.0 73.0 169.0
81.0 123.0 79.0 153.0
126.0 98.0 54.0 172.0
109.0 61.0 122.0 186.0
138.0 116.0 45.0 163.0
70.0 150.0 80.0 172.0
129.0 61.0 87.0 163.0
52.0 116.0 132.0 177.0
142.0 101.0 47.0 150.0
82.0 128.0 75.0 171.0
66.0 171.0 83.0 168.0
54.0 96.0 158.0 184.0
64.0 136.0 90.0 178.0
136.0 114.0 46.0 167.0
72.0 109.0 95.0 173.0
96.0 75.0 99.0 183.0
74.0 74.0 167.0 176.0
100.0 121.0 63.0 188.0
120.0 104.0 56.0 155.0
75.0 76.0 154.0 193.0
76.0 76.0 153.0 182.0
101.0 125.0 60.0 179.0
102.0 65.0 123.0 196.0
134.0 121.0 46.0 154.0
79.0 76.0 135.0 191.0
54.0 161.0 101.0 187.0
159.0 76.0 49.0 172.0
85.0 103.0 85.0 153.0
50.0 105.0 159.0 146.0
144.0 120.0 43.0 158.0
81.0 82.0 107.0 187.0
95.0 68.0 127.0 181.0
66.0 86.0 143.0 173.0
98.0 96.0 77.0 170.0
67.0 153.0 84.0 180.0
158.0 61.0 62.0 165.0
152.0 76.0 54.0 166.0
80.0 108.0 87.0 175.0
96.0 100.0 74.0 159.0
89.0 68.0 152.0 186.0
63.0 88.0 156.0 171.0
110.0 76.0 83.0 176.0
115.0 63.0 103.0 152.0
77.0 123.0 81.0 183.0
55.0 164.0 97.0 178.0
153.0 110.0 43.0 180.0
58.0 168.0 90.0 174.0
134.0 56.0 90.0 179.0
69.0 78.0 159.0 188.0
78.0 92.0 107.0 165.0
55.0 123.0 113.0 159.0
73.0 138.0 79.0 162.0
181.0 42.0 118.0 158.0
109.0 62.0 119.0 175.0
121.0 63.0 94.0 166.0
40.0 187.0 138.0 151.0
107.0 67.0 99.0 170.0
106.0 89.0 74.0 145.0
57.0 117.0 119.0 151.0
55.0 153.0 100.0 162.0
53.0 169.0 100.0 184.0
79.0 84.0 109.0 176.0
128.0 74.0 71.0 179.0
110.0 105.0 59.0 168.0
106.0 105.0 63.0 175.0
104.0 64.0 122.0 197.0
172.0 51.0 74.0 160.0
151.0 153.0 39.0 153.0
57.0 138.0 105.0 174.0
44.0 107.0 194.0 183.0
113.0 62.0 110.0 194.0
70.0 103.0 104.0 167.0
51.0 116.0 138.0 176.0
162.0 72.0 52.0 182.0
96.0 67.0 133.0 202.0
121.0 57.0 109.0 178.0
37.0 153.0 163.0 176.0
91.0 98.0 82.0 180.0
156.0 108.0 41.0 171.0
107.0 60.0 148.0 174.0
72.0 138.0 81.0 170.0
108.0 116.0 59.0 180.0
104.0 68.0 108.0 182.0
64.0 87.0 155.0 149.0
48.0 139.0 124.0 171.0
66.0 168.0 84.0 181.0
129.0 54.0 98.0 173.0
63.0 84.0 165.0 155.0
144.0 100.0 46.0 160.0
63.0 100.0 125.0 164.0
102.0 122.0 59.0 171.0
79.0 101.0 93.0 157.0
107.0 128.0 57.0 182.0
54.0 105.0 141.0 163.0
121.0 56.0 125.0 162.0
126.0 64.0 84.0 198.0
118.0 55.0 144.0 199.0
59.0 134.0 100.0 181.0
67.0 164.0 83.0 141.0
59.0 115.0 117.0 151.0
162.0 68.0 55.0 139.0
51.0 105.0 156.0 151.0
95.0 78.0 97.0 166.0
70.0 88.0 129.0 189.0
65.0 96.0 125.0 179.0
65.0 91.0 141.0 184.0
94.0 71.0 118.0 183.0
130.0 82.0 60.0 135.0
158.0 90.0 44.0 154.0
114.0 59.0 115.0 159.0
122.0 105.0 53.0 166.0
73.0 85.0 126.0 174.0
83.0 76.0 121.0 172.0
99.0 62.0 173.0 195.0
64.0 85.0 158.0 199.0
110.0 127.0 55.0 170.0
49.0 112.0 147.0 173.0
63.0 102.0 122.0 174.0
160.0 129.0 39.0 152.0
65.0 112.0 107.0 169.0
65.0 94.0 133.0 183.0
140.0 57.0 83.0 170.0
88.0 108.0 78.0 164.0
148.0 67.0 61.0 131.0
119.0 141.0 48.0 165.0
50.0 156.0 109.0 188.0
156.0 44.0 116.0 165.0
132.0 78.0 62.0 162.0
115.0 90.0 67.0 129.0
144.0 117.0 44.0 160.0
100.0 62.0 164.0 185.0
47.0 101.0 184.0 167.0
103.0 114.0 63.0 166.0
70.0 90.0 127.0 160.0
64.0 177.0 85.0 181.0
150.0 76.0 55.0 166.0
127.0 73.0 73.0 187.0
79.0 77.0 134.0 189.0
122.0 68.0 83.0 168.0
138.0 83.0 54.0 163.0
71.0 84.0 133.0 175.0
160.0 53.0 71.0 166.0
106.0 64.0 116.0 197.0
110.0 73.0 85.0 192.0
101.0 72.0 97.0 176.0
77.0 98.0 95.0 163.0
61.0 84.0 177.0 192.0
158.0 56.0 69.0 155.0
128.0 54.0 113.0 170.0
113.0 108.0 57.0 176.0
156.0 79.0 48.0 153.0
106.0 68.0 98.0 183.0
133.0 75.0 67.0 182.0
131.0 97.0 52.0 166.0
74.0 102.0 97.0 168.0
131.0 52.0 118.0 172.0
47.0 151.0 119.0 153.0
35.0 161.0 176.0 141.0
84.0 95.0 93.0 166.0
101.0 61.0 165.0 172.0
152.0 72.0 56.0 184.0
67.0 122.0 98.0 149.0
40.0 144.0 151.0 157.0
123.0 69.0 79.0 160.0
59.0 120.0 110.0 151.0
90.0 93.0 88.0 173.0
52.0 96.0 183.0 162.0
73.0 114.0 91.0 162.0
66.0 85.0 146.0 162.0
156.0 103.0 43.0 150.0
107.0 61.0 144.0 176.0
132.0 53.0 106.0 171.0
98.0 72.0 99.0 169.0
103.0 118.0 61.0 181.0
58.0 96.0 154.0 175.0
100.0 87.0 81.0 159.0
176.0 88.0 43.0 135.0
126.0 100.0 52.0 140.0
47.0 163.0 116.0 180.0
115.0 103.0 60.0 168.0
126.0 84.0 61.0 144.0
55.0 129.0 108.0 148.0
172.0 67.0 50.0 153.0
59.0 159.0 91.0 168.0
147.0 83.0 52.0 151.0
55.0 116.0 125.0 166.0
82.0 94.0 96.0 171.0
61.0 108.0 122.0 156.0
69.0 85.0 137.0 156.0
83.0 106.0 86.0 171.0
108.0 109.0 62.0 148.0
137.0 60.0 74.0 170.0
137.0 49.0 142.0 191.0
64.0 105.0 117.0 180.0
122.0 53.0 168.0 203.0
166.0 105.0 40.0 149.0
94.0 69.0 126.0 194.0
124.0 54.0 118.0 184.0
109.0 93.0 68.0 139.0
153.0 114.0 41.0 168.0
67.0 105.0 112.0 166.0
129.0 59.0 90.0 176.0
58.0 136.0 101.0 180.0
113.0 99.0 63.0 162.0
160.0 112.0 40.0 153.0
114.0 79.0 74.0 155.0
74.0 120.0 83.0 175.0
149.0 47.0 109.0 180.0
132.0 83.0 58.0 150.0
125.0 62.0 87.0 168.0
95.0 95.0 80.0 160.0
116.0 96.0 63.0 136.0
117.0 61.0 104.0 187.0
81.0 74.0 141.0 184.0
61.0 99.0 138.0 164.0
78.0 72.0 162.0 173.0
68.0 124.0 92.0 154.0
97.0 71.0 115.0 169.0
67.0 85.0 145.0 186.0
89.0 71.0 134.0 189.0
130.0 146.0 45.0 162.0
44.0 183.0 123.0 152.0
57.0 128.0 109.0 185.0
115.0 104.0 59.0 160.0
75.0 77.0 142.0 190.0
49.0 164.0 108.0 185.0
172.0 52.0 69.0 157.0
88.0 70.0 141.0 166.0
108.0 59.0 153.0 180.0
151.0 154.0 38.0 158.0
85.0 102.0 86.0 150.0
68.0 84.0 142.0 181.0
111.0 72.0 86.0 179.0
82.0 92.0 97.0 178.0
59.0 91.0 159.0 184.0
41.0 153.0 142.0 146.0
175.0 110.0 38.0 148.0
59.0 101.0 132.0 163.0
64.0 135.0 94.0 168.0
59.0 150.0 93.0 168.0
97.0 84.0 86.0 161.0
66.0 95.0 130.0 193.0
48.0 168.0 109.0 168.0
80.0 76.0 130.0 187.0
63.0 82.0 175.0 203.0
99.0 65.0 133.0 186.0
38.0 130.0 176.0 167.0
62.0 103.0 127.0 160.0
126.0 86.0 60.0 143.0
89.0 84.0 95.0 170.0
98.0 141.0 60.0 177.0
114.0 107.0 58.0 164.0
128.0 115.0 48.0 150.0
65.0 81.0 177.0 185.0
94.0 148.0 63.0 180.0
74.0 104.0 96.0 161.0
84.0 75.0 123.0 188.0
85.0 111.0 80.0 164.0
91.0 128.0 66.0 192.0
76.0 75.0 154.0 184.0
152.0 87.0 46.0 143.0
80.0 83.0 111.0 189.0
131.0 51.0 126.0 163.0
104.0 95.0 72.0 161.0
87.0 105.0 79.0 172.0
109.0 91.0 71.0 155.0
60.0 87.0 175.0 164.0
138.0 98.0 49.0 156.0
62.0 140.0 93.0 157.0
117.0 55.0 164.0 192.0
95.0 71.0 117.0 187.0
100.0 100.0 71.0 163.0
152.0 132.0 40.0 155.0
147.0 58.0 75.0 158.0
99.0 108.0 69.0 168.0
53.0 137.0 111.0 190.0
80.0 155.0 72.0 175.0
86.0 93.0 89.0 172.0
157.0 49.0 82.0 175.0
