97.0 114.0 54.0 145.0
92.0 117.0 55.0 133.0
46.0 140.0 120.0 145.0
91.0 114.0 56.0 143.0
130.0 144.0 46.0 144.0
50.0 128.0 105.0 145.0
48.0 140.0 112.0 149.0
137.0 152.0 45.0 128.0
45.0 137.0 126.0 151.0
107.0 126.0 51.0 144.0
53.0 125.0 95.0 154.0
40.0 161.0 167.0 166.0
103.0 116.0 52.0 150.0
43.0 128.0 137.0 158.0
44.0 131.0 131.0 152.0
56.0 117.0 87.0 154.0
80.0 127.0 60.0 150.0
52.0 142.0 99.0 155.0
98.0 128.0 53.0 131.0
98.0 117.0 53.0 135.0
81.0 130.0 59.0 140.0
91.0 121.0 56.0 140.0
97.0 125.0 54.0 141.0
85.0 110.0 58.0 142.0
61.0 130.0 79.0 157.0
47.0 133.0 118.0 154.0
113.0 137.0 49.0 142.0
41.0 147.0 156.0 142.0
42.0 123.0 149.0 171.0
89.0 134.0 57.0 139.0
57.0 119.0 84.0 158.0
130.0 154.0 46.0 138.0
55.0 134.0 91.0 155.0
89.0 106.0 57.0 159.0
74.0 123.0 62.0 149.0
73.0 120.0 63.0 159.0
51.0 112.0 101.0 157.0
141.0 135.0 44.0 139.0
70.0 128.0 68.0 162.0
123.0 135.0 47.0 158.0
120.0 135.0 48.0 132.0
62.0 113.0 75.0 156.0
66.0 127.0 72.0 157.0
71.0 131.0 67.0 152.0
68.0 119.0 70.0 144.0
54.0 122.0 94.0 149.0
