122.0 155.0 47.0 164.0
73.0 153.0 78.0 180.0
113.0 145.0 52.0 175.0
54.0 163.0 98.0 175.0
46.0 184.0 115.0 157.0
92.0 142.0 64.0 178.0
133.0 148.0 43.0 160.0
47.0 169.0 114.0 159.0
45.0 165.0 121.0 159.0
122.0 134.0 47.0 166.0
127.0 156.0 44.0 160.0
141.0 152.0 41.0 165.0
77.0 152.0 74.0 163.0
100.0 138.0 59.0 172.0
108.0 148.0 54.0 165.0
65.0 169.0 84.0 153.0
60.0 162.0 88.0 161.0
51.0 158.0 106.0 172.0
111.0 161.0 53.0 156.0
56.0 158.0 95.0 178.0
62.0 159.0 87.0 163.0
85.0 162.0 68.0 167.0
155.0 151.0 37.0 156.0
59.0 169.0 89.0 177.0
90.0 161.0 65.0 178.0
39.0 177.0 142.0 156.0
68.0 168.0 82.0 170.0
100.0 152.0 59.0 171.0
38.0 184.0 147.0 151.0
52.0 173.0 101.0 167.0
111.0 145.0 53.0 171.0
76.0 150.0 75.0 148.0
82.0 159.0 70.0 155.0
88.0 159.0 67.0 157.0
80.0 171.0 72.0 170.0
101.0 146.0 58.0 148.0
98.0 157.0 60.0 172.0
71.0 143.0 79.0 156.0
100.0 153.0 59.0 151.0
88.0 143.0 67.0 162.0
95.0 152.0 61.0 175.0
118.0 148.0 49.0 168.0
71.0 159.0 79.0 151.0
113.0 147.0 52.0 172.0
79.0 153.0 73.0 156.0
103.0 148.0 56.0 169.0
117.0 149.0 50.0 172.0
102.0 155.0 57.0 172.0
50.0 189.0 107.0 156.0
88.0 142.0 67.0 170.0
74.0 162.0 77.0 159.0
143.0 134.0 40.0 155.0
74.0 146.0 77.0 164.0
41.0 180.0 133.0 156.0
114.0 140.0 51.0 169.0
75.0 158.0 76.0 176.0
42.0 170.0 132.0 161.0
89.0 148.0 66.0 171.0
69.0 149.0 81.0 169.0
163.0 157.0 35.0 155.0
43.0 181.0 125.0 161.0
51.0 174.0 106.0 158.0
37.0 161.0 158.0 177.0
63.0 165.0 86.0 169.0
57.0 171.0 92.0 169.0
68.0 172.0 82.0 161.0
90.0 145.0 65.0 183.0
107.0 129.0 55.0 163.0
93.0 150.0 63.0 154.0
77.0 168.0 74.0 158.0
126.0 163.0 45.0 163.0
134.0 141.0 42.0 157.0
36.0 172.0 165.0 159.0
70.0 150.0 80.0 172.0
66.0 171.0 83.0 168.0
55.0 164.0 97.0 178.0
58.0 168.0 90.0 174.0
40.0 187.0 138.0 151.0
53.0 169.0 100.0 184.0
73.0 173.0 78.0 148.0
42.0 180.0 132.0 152.0
119.0 141.0 48.0 165.0
64.0 177.0 85.0 181.0
35.0 161.0 176.0 141.0
44.0 183.0 123.0 152.0
49.0 164.0 108.0 185.0
151.0 154.0 38.0 158.0
48.0 168.0 109.0 168.0
98.0 141.0 60.0 177.0
80.0 155.0 72.0 175.0
