180.0 108.0 64.0 91.0
179.0 76.0 64.0 168.0
176.0 129.0 52.0 95.0
165.0 84.0 64.0 131.0
193.0 59.0 143.0 98.0
185.0 84.0 73.0 109.0
173.0 93.0 97.0 74.0
167.0 111.0 66.0 86.0
184.0 107.0 76.0 80.0
169.0 92.0 58.0 141.0
167.0 96.0 103.0 68.0
177.0 96.0 70.0 96.0
170.0 150.0 119.0 45.0
189.0 153.0 45.0 99.0
170.0 144.0 44.0 105.0
167.0 110.0 59.0 101.0
170.0 109.0 48.0 143.0
154.0 137.0 130.0 46.0
155.0 151.0 104.0 46.0
180.0 90.0 119.0 67.0
170.0 107.0 55.0 117.0
159.0 119.0 57.0 94.0
169.0 95.0 79.0 84.0
157.0 108.0 66.0 90.0
177.0 113.0 70.0 82.0
173.0 123.0 67.0 79.0
180.0 44.0 124.0 151.0
157.0 134.0 105.0 52.0
168.0 105.0 76.0 81.0
178.0 82.0 69.0 121.0
188.0 131.0 54.0 86.0
175.0 61.0 103.0 116.0
188.0 142.0 50.0 89.0
188.0 79.0 150.0 74.0
161.0 149.0 116.0 46.0
180.0 104.0 80.0 77.0
184.0 127.0 47.0 112.0
179.0 51.0 117.0 132.0
178.0 130.0 45.0 112.0
176.0 59.0 101.0 123.0
147.0 96.0 134.0 63.0
180.0 91.0 111.0 70.0
155.0 57.0 120.0 112.0
174.0 58.0 95.0 132.0
171.0 89.0 71.0 103.0
156.0 82.0 63.0 142.0
159.0 109.0 53.0 124.0
165.0 81.0 144.0 72.0
163.0 90.0 59.0 149.0
190.0 140.0 58.0 79.0
150.0 139.0 109.0 48.0
178.0 89.0 54.0 175.0
169.0 111.0 69.0 84.0
192.0 106.0 51.0 137.0
178.0 102.0 74.0 83.0
160.0 123.0 87.0 64.0
160.0 126.0 70.0 75.0
185.0 130.0 118.0 49.0
172.0 123.0 68.0 77.0
163.0 85.0 85.0 89.0
175.0 132.0 71.0 72.0
173.0 85.0 65.0 128.0
165.0 77.0 143.0 78.0
171.0 92.0 66.0 111.0
171.0 41.0 129.0 161.0
163.0 123.0 47.0 118.0
157.0 117.0 69.0 81.0
161.0 102.0 109.0 63.0
195.0 124.0 41.0 153.0
188.0 145.0 37.0 162.0
167.0 115.0 65.0 85.0
158.0 104.0 60.0 106.0
151.0 172.0 98.0 44.0
168.0 143.0 128.0 44.0
198.0 49.0 112.0 141.0
151.0 43.0 164.0 142.0
183.0 90.0 68.0 108.0
148.0 162.0 91.0 50.0
170.0 77.0 120.0 81.0
181.0 64.0 81.0 145.0
183.0 49.0 114.0 137.0
182.0 70.0 65.0 173.0
161.0 98.0 134.0 62.0
172.0 109.0 142.0 52.0
187.0 92.0 114.0 66.0
180.0 60.0 84.0 140.0
183.0 94.0 120.0 64.0
188.0 62.0 89.0 126.0
145.0 150.0 91.0 52.0
154.0 95.0 103.0 70.0
184.0 136.0 123.0 48.0
171.0 70.0 110.0 95.0
171.0 141.0 88.0 56.0
167.0 106.0 92.0 70.0
153.0 159.0 122.0 43.0
172.0 137.0 80.0 65.0
182.0 74.0 68.0 153.0
169.0 118.0 137.0 49.0
164.0 128.0 79.0 66.0
168.0 149.0 89.0 54.0
161.0 139.0 45.0 108.0
151.0 99.0 62.0 107.0
186.0 45.0 134.0 137.0
174.0 129.0 96.0 57.0
190.0 61.0 86.0 134.0
209.0 118.0 52.0 112.0
182.0 83.0 62.0 146.0
159.0 132.0 85.0 61.0
142.0 161.0 80.0 55.0
169.0 77.0 87.0 104.0
189.0 100.0 68.0 94.0
178.0 90.0 138.0 65.0
169.0 108.0 57.0 111.0
165.0 98.0 53.0 148.0
177.0 55.0 92.0 149.0
190.0 68.0 72.0 148.0
157.0 143.0 104.0 50.0
183.0 98.0 70.0 92.0
186.0 161.0 46.0 95.0
176.0 42.0 128.0 163.0
182.0 116.0 110.0 57.0
189.0 70.0 67.0 160.0
152.0 49.0 143.0 120.0
179.0 145.0 57.0 82.0
161.0 46.0 138.0 134.0
165.0 40.0 169.0 167.0
191.0 109.0 50.0 130.0
179.0 102.0 54.0 136.0
182.0 96.0 96.0 72.0
179.0 109.0 76.0 76.0
179.0 80.0 62.0 159.0
159.0 134.0 98.0 55.0
157.0 106.0 55.0 119.0
165.0 52.0 157.0 110.0
172.0 145.0 160.0 42.0
156.0 168.0 88.0 50.0
161.0 81.0 91.0 90.0
173.0 121.0 56.0 91.0
178.0 59.0 123.0 105.0
155.0 105.0 62.0 102.0
161.0 74.0 93.0 101.0
176.0 82.0 84.0 98.0
177.0 139.0 58.0 81.0
171.0 83.0 98.0 82.0
164.0 55.0 110.0 121.0
160.0 70.0 83.0 111.0
183.0 64.0 77.0 147.0
179.0 52.0 115.0 124.0
177.0 150.0 49.0 90.0
188.0 131.0 38.0 172.0
198.0 109.0 74.0 79.0
151.0 162.0 64.0 72.0
169.0 134.0 90.0 57.0
155.0 125.0 108.0 54.0
194.0 103.0 48.0 157.0
173.0 124.0 87.0 62.0
151.0 157.0 80.0 58.0
148.0 164.0 78.0 57.0
175.0 99.0 124.0 63.0
185.0 77.0 79.0 106.0
183.0 56.0 86.0 162.0
182.0 127.0 74.0 70.0
170.0 126.0 51.0 101.0
156.0 156.0 101.0 47.0
183.0 92.0 73.0 97.0
178.0 98.0 135.0 58.0
165.0 131.0 99.0 55.0
154.0 168.0 67.0 67.0
163.0 151.0 96.0 50.0
180.0 46.0 105.0 190.0
176.0 92.0 54.0 169.0
161.0 78.0 136.0 77.0
175.0 96.0 56.0 136.0
168.0 100.0 99.0 69.0
149.0 100.0 73.0 90.0
183.0 123.0 53.0 94.0
166.0 139.0 41.0 130.0
176.0 79.0 63.0 155.0
175.0 152.0 45.0 101.0
150.0 122.0 93.0 59.0
171.0 134.0 38.0 166.0
173.0 161.0 37.0 155.0
164.0 69.0 111.0 96.0
180.0 114.0 45.0 137.0
166.0 129.0 93.0 58.0
186.0 119.0 147.0 47.0
177.0 112.0 105.0 58.0
161.0 91.0 59.0 140.0
184.0 73.0 88.0 107.0
180.0 145.0 40.0 127.0
151.0 96.0 67.0 99.0
181.0 130.0 82.0 65.0
188.0 82.0 72.0 118.0
167.0 131.0 61.0 80.0
180.0 116.0 88.0 67.0
159.0 88.0 73.0 104.0
175.0 107.0 79.0 77.0
183.0 89.0 73.0 102.0
158.0 81.0 62.0 156.0
173.0 60.0 118.0 109.0
176.0 49.0 123.0 133.0
169.0 109.0 55.0 111.0
168.0 61.0 106.0 115.0
181.0 60.0 87.0 139.0
188.0 128.0 160.0 44.0
173.0 76.0 149.0 77.0
164.0 102.0 91.0 73.0
161.0 129.0 55.0 88.0
172.0 66.0 70.0 162.0
160.0 159.0 97.0 48.0
142.0 132.0 101.0 53.0
174.0 138.0 40.0 138.0
163.0 135.0 81.0 64.0
165.0 66.0 110.0 100.0
152.0 86.0 96.0 82.0
189.0 68.0 80.0 129.0
182.0 63.0 98.0 110.0
210.0 56.0 105.0 126.0
170.0 100.0 89.0 75.0
169.0 118.0 60.0 88.0
157.0 78.0 153.0 75.0
160.0 133.0 59.0 83.0
154.0 166.0 95.0 48.0
191.0 92.0 161.0 63.0
180.0 96.0 79.0 83.0
166.0 139.0 104.0 51.0
172.0 67.0 65.0 174.0
165.0 104.0 125.0 57.0
152.0 158.0 87.0 54.0
186.0 157.0 52.0 86.0
151.0 75.0 88.0 103.0
156.0 111.0 50.0 121.0
170.0 142.0 130.0 45.0
183.0 63.0 82.0 135.0
173.0 41.0 125.0 176.0
172.0 103.0 94.0 68.0
178.0 125.0 44.0 130.0
172.0 98.0 54.0 145.0
166.0 122.0 115.0 53.0
156.0 101.0 57.0 121.0
167.0 77.0 68.0 144.0
161.0 122.0 50.0 106.0
162.0 91.0 85.0 81.0
140.0 176.0 62.0 73.0
178.0 105.0 125.0 55.0
189.0 101.0 76.0 82.0
171.0 125.0 53.0 91.0
138.0 117.0 105.0 57.0
173.0 84.0 93.0 84.0
189.0 52.0 92.0 171.0
166.0 126.0 60.0 84.0
173.0 136.0 47.0 96.0
186.0 124.0 67.0 77.0
180.0 81.0 65.0 143.0
179.0 116.0 89.0 65.0
174.0 40.0 122.0 190.0
182.0 78.0 125.0 78.0
159.0 139.0 81.0 63.0
175.0 151.0 69.0 70.0
168.0 91.0 55.0 157.0
173.0 118.0 50.0 114.0
207.0 75.0 87.0 106.0
179.0 143.0 38.0 162.0
163.0 124.0 85.0 65.0
178.0 111.0 45.0 140.0
154.0 79.0 66.0 146.0
183.0 58.0 106.0 121.0
188.0 67.0 154.0 85.0
169.0 89.0 60.0 136.0
198.0 85.0 126.0 70.0
154.0 96.0 63.0 116.0
183.0 90.0 98.0 72.0
179.0 132.0 149.0 44.0
164.0 163.0 77.0 59.0
164.0 119.0 86.0 67.0
166.0 120.0 49.0 112.0
183.0 62.0 96.0 117.0
176.0 123.0 121.0 50.0
169.0 82.0 62.0 148.0
176.0 72.0 62.0 170.0
166.0 138.0 71.0 69.0
150.0 84.0 85.0 91.0
142.0 64.0 142.0 94.0
163.0 67.0 115.0 95.0
188.0 63.0 95.0 119.0
167.0 111.0 58.0 99.0
135.0 72.0 117.0 90.0
162.0 148.0 74.0 66.0
166.0 96.0 102.0 71.0
169.0 117.0 101.0 59.0
179.0 47.0 131.0 129.0
198.0 108.0 45.0 153.0
190.0 85.0 150.0 67.0
160.0 59.0 130.0 103.0
190.0 60.0 89.0 136.0
158.0 116.0 57.0 99.0
168.0 96.0 77.0 87.0
152.0 168.0 65.0 68.0
182.0 69.0 70.0 161.0
158.0 97.0 59.0 117.0
186.0 137.0 62.0 76.0
174.0 119.0 63.0 86.0
190.0 72.0 74.0 139.0
180.0 45.0 113.0 152.0
167.0 157.0 84.0 55.0
167.0 99.0 114.0 65.0
157.0 87.0 86.0 85.0
204.0 66.0 102.0 109.0
183.0 104.0 58.0 114.0
183.0 66.0 156.0 88.0
176.0 73.0 70.0 142.0
183.0 127.0 49.0 105.0
182.0 87.0 65.0 126.0
160.0 80.0 118.0 79.0
148.0 160.0 83.0 55.0
151.0 173.0 124.0 41.0
156.0 195.0 89.0 47.0
166.0 131.0 98.0 56.0
169.0 131.0 63.0 79.0
183.0 81.0 67.0 134.0
143.0 64.0 132.0 95.0
160.0 90.0 63.0 130.0
159.0 112.0 52.0 118.0
153.0 123.0 143.0 48.0
153.0 126.0 50.0 103.0
184.0 128.0 84.0 63.0
177.0 145.0 52.0 87.0
182.0 99.0 69.0 95.0
175.0 62.0 104.0 115.0
186.0 43.0 122.0 162.0
142.0 154.0 71.0 65.0
178.0 52.0 134.0 118.0
191.0 100.0 97.0 70.0
187.0 48.0 105.0 152.0
186.0 71.0 81.0 114.0
176.0 103.0 63.0 94.0
169.0 108.0 102.0 60.0
188.0 93.0 65.0 116.0
191.0 119.0 69.0 79.0
177.0 83.0 137.0 72.0
170.0 121.0 54.0 98.0
147.0 162.0 39.0 123.0
164.0 154.0 119.0 44.0
172.0 79.0 74.0 116.0
203.0 58.0 128.0 107.0
149.0 136.0 96.0 55.0
171.0 114.0 70.0 81.0
148.0 73.0 101.0 93.0
157.0 66.0 97.0 111.0
179.0 148.0 57.0 80.0
169.0 71.0 74.0 143.0
158.0 83.0 72.0 113.0
185.0 69.0 75.0 146.0
172.0 112.0 141.0 51.0
165.0 132.0 51.0 91.0
182.0 113.0 131.0 52.0
158.0 86.0 67.0 121.0
149.0 102.0 58.0 117.0
155.0 159.0 39.0 127.0
170.0 110.0 62.0 93.0
178.0 98.0 102.0 68.0
165.0 90.0 84.0 85.0
178.0 79.0 71.0 125.0
196.0 60.0 75.0 177.0
164.0 106.0 71.0 84.0
155.0 90.0 64.0 125.0
161.0 145.0 85.0 57.0
168.0 68.0 96.0 104.0
156.0 114.0 51.0 119.0
157.0 165.0 38.0 132.0
169.0 104.0 176.0 54.0
148.0 80.0 89.0 92.0
173.0 103.0 49.0 148.0
162.0 103.0 59.0 112.0
162.0 166.0 120.0 43.0
162.0 129.0 126.0 49.0
161.0 118.0 110.0 54.0
167.0 54.0 111.0 125.0
177.0 95.0 113.0 68.0
157.0 108.0 67.0 89.0
163.0 102.0 63.0 96.0
191.0 101.0 95.0 69.0
181.0 69.0 96.0 102.0
181.0 134.0 141.0 45.0
171.0 48.0 111.0 144.0
164.0 126.0 83.0 67.0
184.0 143.0 49.0 91.0
155.0 40.0 164.0 168.0
175.0 133.0 49.0 96.0
155.0 163.0 137.0 42.0
152.0 164.0 90.0 50.0
161.0 83.0 68.0 130.0
173.0 44.0 130.0 148.0
154.0 115.0 48.0 125.0
152.0 167.0 37.0 147.0
174.0 62.0 88.0 129.0
179.0 59.0 102.0 119.0
189.0 65.0 92.0 116.0
146.0 197.0 83.0 51.0
177.0 148.0 38.0 133.0
153.0 69.0 95.0 108.0
175.0 104.0 93.0 69.0
181.0 133.0 67.0 74.0
182.0 117.0 52.0 113.0
175.0 125.0 142.0 48.0
149.0 191.0 121.0 41.0
181.0 120.0 45.0 132.0
165.0 61.0 96.0 122.0
170.0 100.0 100.0 68.0
155.0 63.0 110.0 106.0
157.0 73.0 140.0 83.0
187.0 138.0 98.0 54.0
156.0 94.0 79.0 86.0
158.0 102.0 114.0 61.0
181.0 67.0 79.0 141.0
172.0 140.0 65.0 74.0
174.0 109.0 91.0 68.0
173.0 97.0 91.0 76.0
183.0 76.0 69.0 142.0
186.0 107.0 74.0 81.0
188.0 137.0 53.0 86.0
186.0 50.0 109.0 138.0
164.0 40.0 123.0 183.0
161.0 123.0 45.0 119.0
140.0 72.0 108.0 92.0
152.0 106.0 53.0 125.0
170.0 50.0 121.0 132.0
170.0 81.0 98.0 84.0
180.0 65.0 105.0 103.0
190.0 59.0 94.0 124.0
171.0 128.0 48.0 99.0
166.0 87.0 66.0 122.0
163.0 61.0 131.0 100.0
151.0 99.0 75.0 86.0
188.0 116.0 48.0 120.0
174.0 112.0 48.0 138.0
180.0 143.0 55.0 84.0
161.0 108.0 91.0 70.0
206.0 55.0 90.0 152.0
160.0 98.0 63.0 112.0
158.0 61.0 114.0 109.0
175.0 132.0 49.0 98.0
173.0 71.0 83.0 109.0
167.0 73.0 93.0 104.0
160.0 82.0 109.0 80.0
178.0 69.0 158.0 82.0
177.0 44.0 140.0 145.0
186.0 45.0 125.0 143.0
177.0 84.0 150.0 69.0
160.0 70.0 128.0 87.0
174.0 65.0 85.0 117.0
180.0 112.0 58.0 97.0
183.0 125.0 58.0 88.0
176.0 46.0 142.0 129.0
161.0 103.0 53.0 136.0
157.0 151.0 82.0 58.0
153.0 86.0 73.0 105.0
186.0 68.0 133.0 88.0
187.0 89.0 62.0 135.0
186.0 94.0 97.0 72.0
176.0 99.0 68.0 96.0
156.0 130.0 62.0 81.0
181.0 61.0 99.0 119.0
161.0 120.0 50.0 111.0
172.0 101.0 97.0 66.0
179.0 79.0 120.0 78.0
162.0 63.0 80.0 146.0
177.0 51.0 118.0 126.0
182.0 124.0 100.0 56.0
180.0 84.0 60.0 151.0
163.0 105.0 58.0 104.0
140.0 134.0 114.0 50.0
181.0 136.0 164.0 43.0
169.0 155.0 148.0 42.0
167.0 84.0 104.0 79.0
168.0 124.0 83.0 68.0
179.0 151.0 114.0 45.0
161.0 122.0 64.0 84.0
183.0 108.0 49.0 133.0
203.0 123.0 40.0 161.0
158.0 67.0 98.0 107.0
191.0 50.0 107.0 140.0
153.0 84.0 88.0 88.0
152.0 136.0 89.0 57.0
177.0 139.0 139.0 44.0
167.0 89.0 55.0 160.0
165.0 134.0 107.0 51.0
145.0 163.0 99.0 47.0
194.0 92.0 146.0 64.0
160.0 117.0 50.0 116.0
164.0 120.0 51.0 105.0
181.0 64.0 88.0 126.0
156.0 77.0 110.0 86.0
168.0 54.0 131.0 112.0
146.0 75.0 105.0 90.0
147.0 61.0 120.0 105.0
164.0 158.0 80.0 56.0
151.0 107.0 103.0 61.0
145.0 180.0 122.0 41.0
174.0 123.0 64.0 82.0
176.0 57.0 145.0 103.0
171.0 98.0 94.0 74.0
168.0 108.0 101.0 63.0
180.0 46.0 109.0 163.0
160.0 82.0 75.0 112.0
166.0 148.0 118.0 46.0
157.0 80.0 98.0 86.0
188.0 153.0 70.0 68.0
169.0 140.0 94.0 55.0
169.0 68.0 90.0 114.0
192.0 59.0 158.0 96.0
184.0 71.0 141.0 81.0
165.0 87.0 96.0 80.0
167.0 88.0 76.0 99.0
166.0 181.0 80.0 53.0
170.0 149.0 70.0 69.0
188.0 53.0 97.0 138.0
165.0 79.0 65.0 148.0
179.0 46.0 116.0 138.0
160.0 120.0 57.0 92.0
159.0 78.0 96.0 90.0
194.0 126.0 84.0 66.0
172.0 95.0 91.0 77.0
176.0 69.0 67.0 162.0
192.0 61.0 107.0 114.0
146.0 170.0 86.0 52.0
177.0 102.0 50.0 146.0
151.0 73.0 111.0 90.0
160.0 73.0 78.0 119.0
161.0 82.0 101.0 81.0
159.0 58.0 127.0 109.0
190.0 97.0 93.0 75.0
181.0 55.0 93.0 139.0
176.0 88.0 103.0 73.0
148.0 147.0 75.0 66.0
169.0 62.0 95.0 122.0
151.0 72.0 87.0 108.0
166.0 113.0 58.0 93.0
156.0 117.0 60.0 90.0
171.0 55.0 152.0 104.0
177.0 79.0 128.0 77.0
178.0 133.0 51.0 89.0
165.0 101.0 74.0 85.0
146.0 91.0 63.0 120.0
175.0 99.0 51.0 144.0
181.0 60.0 120.0 107.0
188.0 54.0 93.0 141.0
188.0 47.0 102.0 166.0
188.0 133.0 71.0 70.0
156.0 79.0 107.0 83.0
203.0 67.0 104.0 102.0
182.0 134.0 50.0 92.0
151.0 177.0 120.0 42.0
170.0 92.0 63.0 118.0
162.0 80.0 105.0 83.0
182.0 102.0 73.0 84.0
192.0 87.0 125.0 71.0
159.0 127.0 86.0 63.0
178.0 54.0 87.0 181.0
158.0 52.0 138.0 114.0
164.0 127.0 62.0 82.0
138.0 120.0 118.0 52.0
157.0 141.0 107.0 49.0
165.0 164.0 109.0 44.0
171.0 103.0 114.0 59.0
179.0 50.0 138.0 120.0
175.0 91.0 81.0 86.0
189.0 65.0 81.0 137.0
164.0 157.0 78.0 59.0
175.0 101.0 141.0 56.0
171.0 148.0 37.0 156.0
154.0 92.0 62.0 121.0
151.0 104.0 53.0 128.0
134.0 62.0 134.0 97.0
176.0 103.0 113.0 60.0
169.0 132.0 46.0 103.0
172.0 106.0 75.0 81.0
170.0 145.0 120.0 45.0
179.0 51.0 129.0 121.0
154.0 146.0 76.0 64.0
193.0 97.0 79.0 81.0
158.0 177.0 92.0 47.0
156.0 68.0 81.0 123.0
177.0 164.0 41.0 109.0
161.0 87.0 72.0 106.0
184.0 126.0 63.0 83.0
181.0 101.0 52.0 139.0
160.0 120.0 56.0 93.0
156.0 141.0 45.0 104.0
190.0 132.0 73.0 70.0
177.0 122.0 55.0 94.0
177.0 90.0 57.0 152.0
157.0 128.0 101.0 54.0
168.0 77.0 153.0 76.0
169.0 104.0 52.0 136.0
140.0 138.0 80.0 64.0
176.0 77.0 129.0 79.0
160.0 130.0 125.0 48.0
200.0 77.0 155.0 73.0
155.0 183.0 97.0 44.0
179.0 103.0 52.0 137.0
177.0 70.0 111.0 94.0
174.0 133.0 84.0 61.0
183.0 67.0 72.0 152.0
180.0 56.0 106.0 123.0
170.0 86.0 122.0 73.0
171.0 144.0 116.0 47.0
175.0 43.0 131.0 149.0
148.0 43.0 151.0 144.0
193.0 89.0 151.0 64.0
168.0 97.0 62.0 114.0
162.0 155.0 99.0 48.0
188.0 113.0 53.0 112.0
164.0 105.0 81.0 75.0
173.0 101.0 113.0 65.0
174.0 140.0 45.0 106.0
176.0 126.0 65.0 79.0
170.0 126.0 49.0 107.0
168.0 125.0 117.0 52.0
175.0 135.0 45.0 110.0
168.0 124.0 52.0 98.0
185.0 136.0 63.0 77.0
149.0 121.0 45.0 130.0
169.0 42.0 136.0 155.0
186.0 51.0 114.0 133.0
192.0 108.0 75.0 80.0
164.0 139.0 68.0 73.0
189.0 116.0 51.0 118.0
172.0 112.0 93.0 66.0
199.0 69.0 133.0 86.0
147.0 167.0 70.0 64.0
183.0 79.0 132.0 76.0
196.0 59.0 91.0 133.0
173.0 59.0 109.0 115.0
189.0 89.0 96.0 77.0
173.0 130.0 59.0 85.0
149.0 195.0 117.0 42.0
182.0 153.0 36.0 157.0
179.0 95.0 81.0 82.0
195.0 88.0 132.0 68.0
183.0 76.0 146.0 78.0
142.0 86.0 66.0 124.0
189.0 68.0 147.0 86.0
158.0 82.0 77.0 107.0
166.0 98.0 60.0 114.0
182.0 119.0 66.0 80.0
188.0 126.0 139.0 47.0
162.0 90.0 81.0 88.0
174.0 120.0 55.0 96.0
178.0 137.0 117.0 48.0
174.0 84.0 128.0 71.0
168.0 56.0 153.0 101.0
164.0 94.0 71.0 98.0
185.0 93.0 93.0 78.0
159.0 113.0 55.0 110.0
154.0 110.0 73.0 81.0
153.0 78.0 68.0 134.0
158.0 139.0 101.0 52.0
165.0 84.0 117.0 75.0
146.0 67.0 131.0 92.0
182.0 70.0 103.0 100.0
165.0 114.0 54.0 109.0
169.0 69.0 118.0 93.0
157.0 65.0 125.0 97.0
186.0 119.0 75.0 72.0
162.0 86.0 59.0 152.0
173.0 59.0 108.0 116.0
172.0 89.0 66.0 115.0
164.0 95.0 62.0 120.0
170.0 100.0 50.0 157.0
172.0 76.0 79.0 108.0
179.0 76.0 71.0 129.0
187.0 158.0 53.0 85.0
175.0 101.0 93.0 72.0
154.0 71.0 126.0 88.0
178.0 81.0 74.0 115.0
192.0 119.0 78.0 70.0
184.0 99.0 94.0 72.0
174.0 96.0 119.0 64.0
182.0 101.0 114.0 64.0
145.0 76.0 107.0 88.0
183.0 159.0 56.0 80.0
179.0 124.0 43.0 136.0
184.0 73.0 95.0 102.0
155.0 123.0 52.0 100.0
186.0 111.0 125.0 54.0
195.0 49.0 108.0 145.0
170.0 109.0 67.0 87.0
155.0 48.0 142.0 123.0
165.0 150.0 125.0 43.0
178.0 132.0 42.0 132.0
183.0 119.0 85.0 68.0
164.0 144.0 80.0 59.0
178.0 86.0 99.0 76.0
192.0 110.0 76.0 74.0
176.0 134.0 43.0 122.0
167.0 137.0 74.0 67.0
159.0 83.0 86.0 93.0
186.0 88.0 59.0 151.0
157.0 147.0 108.0 47.0
166.0 71.0 117.0 91.0
186.0 62.0 106.0 114.0
172.0 53.0 111.0 128.0
187.0 76.0 155.0 75.0
188.0 94.0 103.0 71.0
140.0 154.0 69.0 66.0
171.0 124.0 77.0 71.0
175.0 54.0 159.0 108.0
169.0 170.0 87.0 51.0
176.0 126.0 64.0 80.0
165.0 134.0 95.0 56.0
144.0 146.0 97.0 51.0
161.0 156.0 139.0 42.0
165.0 154.0 103.0 47.0
137.0 188.0 88.0 49.0
177.0 137.0 118.0 47.0
195.0 56.0 88.0 143.0
159.0 126.0 133.0 48.0
180.0 87.0 133.0 69.0
179.0 121.0 86.0 66.0
180.0 54.0 154.0 110.0
167.0 97.0 76.0 87.0
163.0 108.0 70.0 83.0
168.0 132.0 67.0 76.0
169.0 87.0 115.0 72.0
158.0 150.0 114.0 46.0
169.0 115.0 79.0 71.0
141.0 188.0 109.0 43.0
166.0 127.0 50.0 101.0
142.0 150.0 104.0 48.0
174.0 41.0 136.0 156.0
174.0 91.0 114.0 68.0
173.0 149.0 134.0 43.0
178.0 83.0 113.0 78.0
178.0 59.0 137.0 101.0
173.0 131.0 42.0 137.0
156.0 127.0 110.0 52.0
164.0 125.0 81.0 68.0
160.0 163.0 91.0 49.0
157.0 89.0 83.0 87.0
157.0 99.0 100.0 70.0
168.0 74.0 127.0 82.0
149.0 198.0 82.0 52.0
158.0 62.0 124.0 100.0
164.0 58.0 151.0 101.0
146.0 151.0 73.0 65.0
169.0 75.0 65.0 154.0
185.0 111.0 49.0 130.0
134.0 71.0 110.0 92.0
194.0 151.0 57.0 79.0
178.0 83.0 119.0 76.0
180.0 65.0 82.0 126.0
158.0 57.0 124.0 111.0
162.0 128.0 112.0 51.0
162.0 43.0 127.0 150.0
172.0 119.0 52.0 108.0
165.0 92.0 69.0 102.0
173.0 84.0 146.0 70.0
180.0 89.0 114.0 71.0
192.0 55.0 86.0 173.0
166.0 70.0 95.0 106.0
188.0 102.0 93.0 70.0
154.0 136.0 44.0 115.0
169.0 70.0 149.0 82.0
173.0 134.0 59.0 82.0
160.0 116.0 90.0 64.0
168.0 92.0 60.0 134.0
183.0 71.0 137.0 84.0
183.0 105.0 54.0 125.0
162.0 72.0 119.0 89.0
174.0 69.0 76.0 143.0
177.0 104.0 84.0 71.0
171.0 99.0 125.0 62.0
180.0 108.0 60.0 99.0
162.0 140.0 96.0 52.0
165.0 50.0 115.0 133.0
173.0 114.0 139.0 50.0
169.0 152.0 43.0 103.0
177.0 134.0 39.0 143.0
179.0 148.0 106.0 48.0
154.0 107.0 62.0 96.0
184.0 79.0 159.0 71.0
171.0 94.0 140.0 62.0
181.0 128.0 46.0 117.0
165.0 96.0 61.0 122.0
144.0 161.0 82.0 54.0
167.0 107.0 64.0 93.0
176.0 139.0 146.0 43.0
177.0 113.0 92.0 64.0
189.0 51.0 105.0 143.0
160.0 83.0 70.0 118.0
175.0 83.0 60.0 159.0
151.0 149.0 107.0 47.0
179.0 107.0 61.0 103.0
146.0 153.0 67.0 71.0
182.0 110.0 53.0 119.0
159.0 130.0 47.0 110.0
191.0 101.0 77.0 79.0
175.0 134.0 48.0 94.0
158.0 76.0 98.0 93.0
174.0 111.0 60.0 97.0
164.0 117.0 102.0 58.0
168.0 51.0 156.0 113.0
165.0 89.0 74.0 94.0
181.0 114.0 121.0 52.0
149.0 81.0 76.0 109.0
177.0 107.0 71.0 82.0
140.0 135.0 124.0 48.0
188.0 154.0 55.0 83.0
151.0 144.0 106.0 49.0
166.0 128.0 91.0 59.0
170.0 109.0 66.0 88.0
184.0 77.0 62.0 166.0
169.0 169.0 38.0 125.0
177.0 131.0 47.0 106.0
172.0 153.0 42.0 107.0
171.0 93.0 165.0 62.0
170.0 141.0 67.0 72.0
144.0 88.0 83.0 89.0
148.0 69.0 123.0 90.0
162.0 117.0 120.0 54.0
182.0 122.0 71.0 75.0
174.0 82.0 91.0 88.0
166.0 143.0 92.0 55.0
172.0 71.0 68.0 154.0
168.0 95.0 153.0 60.0
159.0 115.0 67.0 84.0
176.0 67.0 80.0 131.0
172.0 93.0 57.0 145.0
178.0 76.0 76.0 117.0
166.0 60.0 110.0 114.0
150.0 71.0 99.0 97.0
167.0 94.0 53.0 156.0
140.0 163.0 63.0 75.0
179.0 71.0 80.0 118.0
170.0 118.0 59.0 90.0
151.0 95.0 72.0 93.0
182.0 117.0 78.0 73.0
151.0 94.0 59.0 138.0
163.0 41.0 126.0 169.0
188.0 108.0 79.0 75.0
195.0 135.0 50.0 90.0
164.0 181.0 78.0 54.0
182.0 150.0 66.0 73.0
159.0 143.0 41.0 129.0
176.0 143.0 121.0 45.0
159.0 89.0 68.0 110.0
162.0 59.0 112.0 110.0
139.0 45.0 155.0 136.0
179.0 50.0 126.0 124.0
166.0 131.0 69.0 75.0
184.0 67.0 109.0 101.0
171.0 94.0 54.0 148.0
149.0 139.0 96.0 54.0
161.0 108.0 54.0 114.0
161.0 114.0 65.0 86.0
168.0 64.0 105.0 108.0
164.0 96.0 72.0 91.0
171.0 93.0 55.0 149.0
180.0 81.0 175.0 70.0
170.0 123.0 60.0 87.0
171.0 70.0 141.0 83.0
170.0 88.0 86.0 83.0
171.0 134.0 57.0 83.0
189.0 48.0 118.0 136.0
169.0 121.0 89.0 63.0
163.0 124.0 107.0 55.0
162.0 78.0 92.0 98.0
153.0 140.0 83.0 58.0
183.0 86.0 169.0 66.0
165.0 91.0 69.0 105.0
168.0 111.0 72.0 81.0
179.0 113.0 65.0 88.0
172.0 88.0 71.0 109.0
168.0 117.0 45.0 134.0
169.0 85.0 57.0 156.0
171.0 89.0 82.0 90.0
161.0 81.0 88.0 96.0
154.0 160.0 78.0 58.0
144.0 164.0 100.0 46.0
165.0 137.0 100.0 53.0
139.0 123.0 105.0 56.0
153.0 127.0 91.0 61.0
193.0 128.0 73.0 72.0
194.0 95.0 52.0 160.0
160.0 87.0 60.0 138.0
159.0 70.0 100.0 101.0
186.0 113.0 97.0 62.0
188.0 61.0 101.0 117.0
148.0 176.0 37.0 143.0
168.0 113.0 121.0 54.0
186.0 109.0 77.0 75.0
177.0 130.0 116.0 50.0
186.0 118.0 126.0 51.0
161.0 121.0 84.0 68.0
190.0 140.0 135.0 45.0
184.0 139.0 42.0 121.0
180.0 93.0 104.0 70.0
159.0 75.0 98.0 96.0
172.0 56.0 115.0 119.0
170.0 130.0 88.0 58.0
182.0 55.0 101.0 127.0
155.0 134.0 115.0 49.0
158.0 81.0 117.0 80.0
139.0 157.0 89.0 52.0
168.0 75.0 69.0 146.0
189.0 52.0 99.0 134.0
204.0 56.0 87.0 154.0
203.0 57.0 83.0 178.0
180.0 41.0 119.0 178.0
177.0 127.0 83.0 65.0
187.0 67.0 150.0 88.0
173.0 76.0 86.0 106.0
197.0 145.0 38.0 146.0
175.0 130.0 54.0 88.0
179.0 84.0 76.0 100.0
168.0 90.0 90.0 80.0
145.0 184.0 118.0 42.0
169.0 93.0 82.0 82.0
182.0 56.0 97.0 130.0
160.0 153.0 79.0 59.0
167.0 79.0 75.0 115.0
204.0 73.0 168.0 77.0
148.0 151.0 75.0 64.0
191.0 77.0 76.0 115.0
185.0 57.0 135.0 105.0
169.0 137.0 76.0 66.0
170.0 122.0 53.0 96.0
173.0 158.0 112.0 45.0
167.0 50.0 122.0 130.0
172.0 67.0 92.0 110.0
159.0 172.0 133.0 41.0
184.0 92.0 72.0 100.0
164.0 146.0 93.0 53.0
164.0 129.0 66.0 78.0
177.0 61.0 136.0 95.0
175.0 61.0 89.0 128.0
190.0 63.0 74.0 156.0
183.0 66.0 77.0 143.0
189.0 104.0 113.0 58.0
170.0 143.0 78.0 64.0
159.0 86.0 70.0 114.0
174.0 74.0 74.0 129.0
158.0 110.0 51.0 128.0
151.0 146.0 41.0 119.0
193.0 54.0 99.0 133.0
140.0 65.0 118.0 101.0
159.0 127.0 43.0 123.0
166.0 76.0 73.0 124.0
201.0 114.0 53.0 110.0
184.0 68.0 141.0 87.0
169.0 147.0 104.0 49.0
173.0 136.0 62.0 78.0
181.0 115.0 101.0 61.0
190.0 96.0 113.0 66.0
158.0 102.0 124.0 60.0
175.0 70.0 79.0 131.0
165.0 132.0 52.0 90.0
173.0 96.0 55.0 147.0
161.0 126.0 76.0 71.0
168.0 73.0 145.0 79.0
166.0 80.0 82.0 99.0
156.0 77.0 85.0 105.0
188.0 86.0 149.0 68.0
162.0 170.0 81.0 53.0
182.0 68.0 94.0 109.0
163.0 87.0 103.0 75.0
162.0 67.0 125.0 94.0
152.0 88.0 75.0 101.0
192.0 136.0 60.0 81.0
169.0 49.0 127.0 123.0
154.0 171.0 126.0 42.0
145.0 187.0 83.0 52.0
178.0 100.0 95.0 71.0
181.0 91.0 83.0 84.0
166.0 58.0 123.0 110.0
165.0 89.0 138.0 67.0
194.0 108.0 118.0 57.0
149.0 126.0 128.0 49.0
160.0 84.0 65.0 130.0
161.0 127.0 109.0 53.0
197.0 131.0 52.0 92.0
159.0 157.0 123.0 43.0
176.0 157.0 64.0 73.0
163.0 101.0 73.0 88.0
156.0 108.0 55.0 113.0
171.0 79.0 70.0 132.0
173.0 62.0 109.0 110.0
155.0 78.0 112.0 84.0
195.0 124.0 68.0 76.0
184.0 90.0 71.0 101.0
149.0 77.0 92.0 100.0
171.0 82.0 68.0 132.0
158.0 73.0 92.0 106.0
175.0 96.0 92.0 76.0
168.0 137.0 69.0 71.0
188.0 135.0 48.0 92.0
175.0 95.0 60.0 126.0
180.0 116.0 65.0 83.0
170.0 55.0 111.0 120.0
182.0 98.0 57.0 133.0
174.0 78.0 95.0 92.0
169.0 74.0 69.0 151.0
174.0 54.0 108.0 126.0
165.0 81.0 69.0 123.0
183.0 116.0 154.0 46.0
133.0 156.0 67.0 70.0
142.0 76.0 104.0 91.0
173.0 78.0 77.0 112.0
177.0 92.0 76.0 88.0
181.0 95.0 67.0 104.0
176.0 102.0 68.0 88.0
182.0 48.0 103.0 159.0
187.0 107.0 83.0 72.0
148.0 109.0 89.0 69.0
183.0 116.0 43.0 164.0
170.0 72.0 123.0 85.0
168.0 100.0 128.0 61.0
173.0 111.0 95.0 65.0
185.0 119.0 43.0 161.0
161.0 106.0 69.0 87.0
162.0 140.0 123.0 46.0
160.0 79.0 84.0 101.0
155.0 187.0 93.0 45.0
160.0 133.0 58.0 84.0
185.0 83.0 163.0 70.0
184.0 126.0 53.0 89.0
176.0 71.0 67.0 158.0
192.0 80.0 120.0 76.0
192.0 105.0 66.0 93.0
144.0 146.0 107.0 48.0
159.0 122.0 68.0 79.0
161.0 131.0 149.0 45.0
143.0 164.0 74.0 61.0
194.0 117.0 88.0 65.0
185.0 66.0 143.0 92.0
151.0 176.0 94.0 45.0
157.0 169.0 96.0 45.0
180.0 111.0 63.0 91.0
172.0 77.0 100.0 90.0
190.0 112.0 73.0 78.0
161.0 110.0 89.0 67.0
174.0 106.0 48.0 144.0
168.0 100.0 53.0 143.0
177.0 60.0 108.0 115.0
197.0 131.0 39.0 156.0
165.0 129.0 45.0 114.0
173.0 60.0 106.0 118.0
150.0 75.0 150.0 78.0
177.0 102.0 57.0 119.0
171.0 161.0 42.0 102.0
182.0 54.0 120.0 121.0
157.0 103.0 57.0 118.0
165.0 85.0 99.0 78.0
186.0 112.0 95.0 63.0
146.0 140.0 77.0 65.0
185.0 75.0 112.0 86.0
164.0 79.0 87.0 97.0
159.0 98.0 58.0 127.0
162.0 111.0 56.0 105.0
158.0 109.0 114.0 57.0
141.0 199.0 87.0 49.0
163.0 128.0 52.0 97.0
163.0 50.0 159.0 119.0
177.0 81.0 124.0 75.0
174.0 122.0 44.0 132.0
190.0 119.0 48.0 117.0
178.0 122.0 103.0 57.0
157.0 165.0 100.0 44.0
179.0 118.0 57.0 96.0
148.0 140.0 79.0 64.0
140.0 139.0 83.0 60.0
194.0 114.0 52.0 116.0
174.0 72.0 90.0 107.0
187.0 54.0 106.0 127.0
166.0 73.0 75.0 128.0
168.0 120.0 65.0 81.0
131.0 182.0 113.0 43.0
176.0 151.0 64.0 74.0
171.0 113.0 88.0 68.0
174.0 121.0 50.0 109.0
157.0 129.0 88.0 60.0
140.0 64.0 122.0 98.0
189.0 60.0 159.0 93.0
160.0 92.0 70.0 101.0
184.0 130.0 52.0 94.0
173.0 111.0 98.0 63.0
183.0 97.0 126.0 63.0
149.0 158.0 102.0 46.0
183.0 70.0 105.0 97.0
168.0 153.0 100.0 49.0
190.0 82.0 124.0 73.0
194.0 115.0 142.0 49.0
175.0 104.0 70.0 85.0
178.0 54.0 89.0 162.0
150.0 123.0 85.0 67.0
159.0 100.0 61.0 108.0
182.0 94.0 82.0 80.0
146.0 164.0 76.0 58.0
144.0 157.0 65.0 69.0
161.0 71.0 135.0 85.0
145.0 67.0 141.0 91.0
155.0 77.0 104.0 89.0
160.0 83.0 93.0 86.0
180.0 151.0 56.0 82.0
193.0 57.0 129.0 106.0
199.0 49.0 103.0 150.0
182.0 139.0 37.0 167.0
173.0 78.0 61.0 165.0
186.0 57.0 101.0 126.0
183.0 44.0 131.0 146.0
166.0 161.0 111.0 44.0
170.0 111.0 146.0 49.0
169.0 84.0 62.0 144.0
162.0 139.0 66.0 74.0
186.0 130.0 70.0 73.0
160.0 125.0 92.0 60.0
160.0 164.0 128.0 42.0
169.0 73.0 64.0 169.0
183.0 77.0 64.0 154.0
196.0 65.0 77.0 145.0
166.0 96.0 142.0 61.0
167.0 78.0 80.0 103.0
147.0 48.0 168.0 121.0
161.0 105.0 55.0 120.0
150.0 156.0 74.0 62.0
171.0 94.0 69.0 101.0
175.0 130.0 126.0 47.0
172.0 79.0 96.0 88.0
167.0 55.0 106.0 125.0
166.0 68.0 77.0 142.0
149.0 95.0 58.0 128.0
149.0 187.0 59.0 78.0
157.0 76.0 120.0 83.0
173.0 124.0 99.0 57.0
180.0 138.0 86.0 60.0
197.0 59.0 79.0 153.0
168.0 90.0 83.0 86.0
174.0 79.0 136.0 75.0
182.0 69.0 90.0 112.0
152.0 184.0 90.0 47.0
167.0 70.0 75.0 132.0
179.0 42.0 122.0 164.0
148.0 44.0 165.0 139.0
177.0 112.0 53.0 115.0
146.0 157.0 67.0 68.0
183.0 88.0 148.0 66.0
144.0 168.0 96.0 47.0
161.0 115.0 55.0 103.0
158.0 138.0 99.0 53.0
150.0 161.0 86.0 53.0
165.0 66.0 104.0 107.0
178.0 63.0 71.0 183.0
178.0 115.0 54.0 107.0
138.0 152.0 68.0 70.0
176.0 76.0 65.0 150.0
188.0 58.0 97.0 126.0
170.0 120.0 54.0 100.0
156.0 107.0 102.0 62.0
175.0 66.0 92.0 115.0
167.0 93.0 58.0 140.0
165.0 86.0 80.0 91.0
190.0 123.0 55.0 92.0
179.0 61.0 80.0 147.0
170.0 89.0 98.0 74.0
154.0 76.0 68.0 146.0
140.0 81.0 111.0 81.0
191.0 120.0 43.0 150.0
175.0 85.0 114.0 76.0
165.0 159.0 88.0 51.0
171.0 137.0 42.0 127.0
185.0 128.0 63.0 81.0
183.0 66.0 76.0 149.0
158.0 112.0 88.0 70.0
175.0 141.0 40.0 130.0
166.0 107.0 65.0 91.0
158.0 94.0 64.0 109.0
144.0 142.0 79.0 63.0
171.0 84.0 72.0 111.0
173.0 54.0 117.0 123.0
160.0 94.0 108.0 69.0
177.0 143.0 47.0 93.0
157.0 80.0 114.0 81.0
152.0 90.0 65.0 122.0
146.0 88.0 68.0 112.0
182.0 101.0 94.0 71.0
174.0 146.0 85.0 55.0
165.0 64.0 110.0 104.0
155.0 89.0 90.0 82.0
171.0 129.0 75.0 69.0
174.0 163.0 87.0 52.0
167.0 69.0 131.0 89.0
151.0 127.0 79.0 68.0
140.0 150.0 71.0 68.0
185.0 100.0 102.0 67.0
165.0 126.0 199.0 45.0
164.0 97.0 67.0 97.0
163.0 166.0 39.0 118.0
171.0 117.0 57.0 97.0
196.0 51.0 93.0 156.0
157.0 90.0 95.0 78.0
182.0 70.0 71.0 152.0
158.0 141.0 106.0 50.0
173.0 60.0 130.0 101.0
180.0 48.0 101.0 194.0
181.0 107.0 80.0 74.0
174.0 130.0 55.0 86.0
189.0 74.0 70.0 140.0
159.0 122.0 52.0 102.0
171.0 74.0 122.0 87.0
174.0 103.0 109.0 61.0
156.0 158.0 91.0 51.0
196.0 47.0 107.0 147.0
175.0 145.0 61.0 77.0
157.0 109.0 61.0 96.0
180.0 144.0 68.0 71.0
157.0 85.0 113.0 77.0
177.0 100.0 77.0 81.0
165.0 82.0 119.0 78.0
162.0 44.0 142.0 141.0
164.0 103.0 84.0 73.0
170.0 147.0 143.0 43.0
156.0 174.0 84.0 51.0
196.0 64.0 82.0 133.0
180.0 96.0 86.0 77.0
170.0 79.0 154.0 73.0
187.0 114.0 68.0 82.0
160.0 58.0 108.0 118.0
149.0 92.0 82.0 85.0
173.0 108.0 77.0 77.0
160.0 170.0 79.0 54.0
164.0 91.0 76.0 90.0
165.0 106.0 47.0 162.0
183.0 119.0 59.0 88.0
148.0 159.0 70.0 65.0
173.0 121.0 57.0 90.0
168.0 59.0 120.0 109.0
167.0 111.0 73.0 79.0
166.0 78.0 62.0 164.0
184.0 101.0 87.0 74.0
186.0 128.0 61.0 83.0
160.0 148.0 40.0 114.0
179.0 75.0 76.0 123.0
167.0 89.0 119.0 69.0
171.0 59.0 87.0 140.0
178.0 108.0 50.0 132.0
156.0 173.0 118.0 43.0
185.0 84.0 126.0 72.0
188.0 98.0 125.0 63.0
151.0 135.0 99.0 54.0
197.0 58.0 84.0 141.0
163.0 170.0 40.0 111.0
183.0 95.0 138.0 63.0
164.0 76.0 88.0 101.0
173.0 93.0 70.0 99.0
165.0 84.0 63.0 140.0
155.0 99.0 99.0 71.0
189.0 131.0 108.0 53.0
154.0 80.0 106.0 82.0
190.0 106.0 102.0 63.0
170.0 91.0 73.0 99.0
179.0 115.0 104.0 59.0
180.0 80.0 75.0 113.0
173.0 89.0 64.0 127.0
152.0 135.0 138.0 45.0
169.0 113.0 68.0 84.0
172.0 84.0 109.0 78.0
168.0 74.0 77.0 120.0
188.0 55.0 98.0 136.0
147.0 89.0 63.0 132.0
161.0 144.0 98.0 51.0
165.0 70.0 68.0 158.0
184.0 89.0 56.0 155.0
162.0 103.0 70.0 87.0
182.0 74.0 91.0 106.0
195.0 69.0 91.0 109.0
175.0 112.0 135.0 53.0
180.0 44.0 108.0 195.0
167.0 123.0 51.0 103.0
158.0 116.0 129.0 50.0
178.0 122.0 48.0 114.0
151.0 72.0 106.0 95.0
168.0 147.0 76.0 62.0
175.0 120.0 47.0 121.0
187.0 98.0 81.0 76.0
169.0 107.0 52.0 125.0
182.0 163.0 37.0 154.0
181.0 43.0 112.0 171.0
178.0 107.0 51.0 134.0
197.0 61.0 77.0 169.0
164.0 74.0 98.0 99.0
173.0 97.0 55.0 137.0
162.0 63.0 144.0 90.0
168.0 125.0 118.0 51.0
190.0 114.0 92.0 62.0
138.0 153.0 95.0 51.0
174.0 57.0 112.0 119.0
152.0 158.0 88.0 53.0
172.0 43.0 126.0 157.0
148.0 117.0 110.0 56.0
188.0 100.0 156.0 55.0
175.0 57.0 97.0 128.0
166.0 167.0 84.0 53.0
189.0 105.0 93.0 67.0
165.0 118.0 93.0 60.0
181.0 112.0 72.0 79.0
169.0 147.0 41.0 115.0
175.0 92.0 85.0 79.0
200.0 83.0 148.0 71.0
178.0 120.0 72.0 75.0
157.0 110.0 52.0 122.0
132.0 63.0 129.0 97.0
170.0 138.0 42.0 126.0
165.0 138.0 41.0 133.0
144.0 95.0 61.0 124.0
182.0 55.0 125.0 112.0
174.0 56.0 109.0 122.0
158.0 174.0 86.0 50.0
171.0 95.0 64.0 107.0
173.0 62.0 163.0 91.0
152.0 189.0 75.0 59.0
187.0 132.0 142.0 45.0
166.0 70.0 80.0 120.0
179.0 62.0 75.0 159.0
178.0 51.0 107.0 139.0
166.0 116.0 53.0 101.0
180.0 56.0 129.0 108.0
176.0 103.0 51.0 141.0
182.0 153.0 43.0 101.0
168.0 60.0 99.0 121.0
160.0 135.0 47.0 98.0
146.0 155.0 74.0 64.0
165.0 97.0 135.0 60.0
188.0 121.0 129.0 49.0
165.0 113.0 57.0 101.0
171.0 123.0 43.0 137.0
161.0 119.0 55.0 98.0
161.0 109.0 56.0 108.0
177.0 42.0 139.0 147.0
149.0 75.0 160.0 77.0
169.0 126.0 74.0 72.0
176.0 94.0 57.0 139.0
170.0 118.0 104.0 57.0
155.0 123.0 100.0 58.0
158.0 159.0 71.0 63.0
172.0 127.0 133.0 46.0
176.0 118.0 87.0 67.0
166.0 122.0 62.0 85.0
173.0 92.0 94.0 77.0
191.0 121.0 72.0 73.0
161.0 98.0 78.0 82.0
145.0 103.0 60.0 108.0
153.0 97.0 60.0 116.0
175.0 83.0 66.0 138.0
190.0 148.0 61.0 76.0
180.0 57.0 108.0 120.0
164.0 124.0 47.0 116.0
154.0 156.0 75.0 60.0
164.0 148.0 83.0 57.0
147.0 115.0 90.0 66.0
183.0 109.0 130.0 54.0
167.0 131.0 50.0 97.0
151.0 117.0 47.0 126.0
168.0 77.0 97.0 94.0
151.0 168.0 63.0 72.0
167.0 69.0 80.0 126.0
164.0 100.0 75.0 84.0
190.0 62.0 82.0 137.0
163.0 101.0 68.0 90.0
171.0 148.0 73.0 67.0
161.0 173.0 123.0 42.0
194.0 76.0 67.0 149.0
184.0 130.0 75.0 67.0
169.0 77.0 125.0 80.0
160.0 100.0 93.0 74.0
180.0 107.0 69.0 85.0
196.0 105.0 52.0 135.0
165.0 80.0 60.0 160.0
169.0 100.0 117.0 63.0
170.0 110.0 61.0 94.0
185.0 132.0 44.0 120.0
199.0 72.0 170.0 80.0
166.0 118.0 64.0 85.0
184.0 113.0 82.0 71.0
161.0 150.0 102.0 49.0
172.0 115.0 49.0 122.0
134.0 146.0 103.0 50.0
169.0 142.0 45.0 102.0
183.0 105.0 107.0 63.0
172.0 84.0 75.0 104.0
163.0 58.0 113.0 113.0
172.0 96.0 52.0 153.0
161.0 154.0 78.0 61.0
159.0 111.0 141.0 53.0
178.0 90.0 74.0 92.0
180.0 84.0 116.0 77.0
172.0 55.0 117.0 117.0
159.0 137.0 82.0 62.0
174.0 62.0 153.0 92.0
148.0 114.0 55.0 105.0
175.0 84.0 67.0 128.0
156.0 78.0 102.0 85.0
179.0 156.0 60.0 77.0
172.0 105.0 50.0 139.0
153.0 106.0 65.0 93.0
175.0 87.0 112.0 74.0
174.0 106.0 83.0 74.0
192.0 66.0 80.0 137.0
185.0 102.0 97.0 64.0
162.0 117.0 70.0 79.0
164.0 73.0 121.0 88.0
171.0 72.0 95.0 104.0
138.0 175.0 94.0 47.0
182.0 100.0 118.0 62.0
175.0 60.0 90.0 130.0
188.0 106.0 149.0 53.0
175.0 138.0 46.0 99.0
197.0 120.0 70.0 78.0
178.0 114.0 82.0 70.0
192.0 49.0 110.0 144.0
175.0 40.0 133.0 170.0
175.0 127.0 41.0 140.0
175.0 99.0 156.0 57.0
159.0 108.0 142.0 54.0
186.0 92.0 57.0 149.0
195.0 52.0 96.0 143.0
179.0 114.0 58.0 91.0
178.0 97.0 174.0 57.0
165.0 124.0 97.0 58.0
167.0 108.0 62.0 94.0
176.0 85.0 123.0 73.0
154.0 51.0 135.0 118.0
175.0 81.0 132.0 74.0
161.0 128.0 130.0 48.0
150.0 47.0 167.0 124.0
153.0 174.0 90.0 49.0
182.0 135.0 56.0 85.0
157.0 110.0 146.0 51.0
162.0 68.0 78.0 132.0
156.0 147.0 94.0 52.0
149.0 66.0 137.0 94.0
166.0 139.0 87.0 59.0
163.0 109.0 96.0 65.0
166.0 143.0 39.0 132.0
153.0 75.0 73.0 126.0
167.0 138.0 44.0 113.0
157.0 55.0 131.0 109.0
178.0 58.0 155.0 99.0
172.0 65.0 78.0 143.0
170.0 86.0 113.0 75.0
152.0 112.0 57.0 103.0
155.0 62.0 114.0 103.0
175.0 93.0 144.0 63.0
168.0 106.0 62.0 100.0
172.0 118.0 75.0 74.0
169.0 121.0 71.0 77.0
189.0 125.0 77.0 69.0
196.0 113.0 72.0 77.0
147.0 92.0 61.0 132.0
180.0 98.0 76.0 85.0
166.0 129.0 40.0 142.0
165.0 113.0 85.0 70.0
166.0 102.0 59.0 113.0
182.0 88.0 115.0 70.0
150.0 97.0 74.0 90.0
137.0 138.0 109.0 50.0
170.0 74.0 140.0 81.0
178.0 57.0 119.0 113.0
171.0 153.0 149.0 42.0
184.0 113.0 113.0 56.0
171.0 101.0 130.0 59.0
177.0 146.0 46.0 98.0
188.0 49.0 99.0 161.0
167.0 50.0 125.0 129.0
169.0 118.0 66.0 82.0
157.0 143.0 79.0 61.0
187.0 93.0 94.0 75.0
174.0 99.0 78.0 80.0
179.0 118.0 78.0 72.0
174.0 57.0 140.0 104.0
193.0 90.0 169.0 63.0
189.0 91.0 58.0 142.0
181.0 45.0 123.0 151.0
129.0 153.0 71.0 67.0
168.0 94.0 67.0 106.0
167.0 87.0 69.0 115.0
152.0 45.0 159.0 135.0
188.0 88.0 57.0 153.0
183.0 145.0 44.0 103.0
171.0 83.0 77.0 105.0
175.0 76.0 93.0 96.0
180.0 112.0 101.0 62.0
163.0 98.0 74.0 88.0
144.0 176.0 77.0 57.0
147.0 114.0 164.0 48.0
176.0 99.0 57.0 132.0
183.0 63.0 92.0 120.0
187.0 112.0 60.0 95.0
172.0 78.0 74.0 119.0
170.0 61.0 110.0 112.0
174.0 152.0 66.0 72.0
184.0 125.0 60.0 86.0
196.0 106.0 54.0 123.0
182.0 54.0 122.0 115.0
165.0 111.0 65.0 89.0
178.0 106.0 57.0 116.0
164.0 112.0 136.0 52.0
192.0 71.0 78.0 123.0
172.0 53.0 123.0 114.0
162.0 129.0 64.0 79.0
178.0 52.0 90.0 186.0
159.0 152.0 124.0 43.0
181.0 43.0 121.0 165.0
160.0 118.0 49.0 119.0
153.0 83.0 78.0 97.0
172.0 96.0 78.0 85.0
165.0 94.0 81.0 84.0
178.0 139.0 51.0 88.0
204.0 49.0 101.0 155.0
188.0 75.0 172.0 75.0
154.0 110.0 57.0 104.0
171.0 60.0 121.0 106.0
167.0 106.0 80.0 76.0
167.0 109.0 59.0 103.0
185.0 76.0 142.0 79.0
154.0 81.0 158.0 71.0
170.0 115.0 154.0 48.0
172.0 74.0 112.0 88.0
155.0 81.0 73.0 118.0
163.0 98.0 109.0 66.0
152.0 85.0 80.0 93.0
178.0 133.0 52.0 88.0
159.0 98.0 90.0 75.0
187.0 74.0 107.0 91.0
179.0 56.0 144.0 106.0
190.0 82.0 164.0 69.0
186.0 125.0 114.0 53.0
160.0 68.0 106.0 98.0
194.0 113.0 71.0 80.0
190.0 64.0 69.0 168.0
173.0 94.0 60.0 129.0
150.0 93.0 60.0 132.0
172.0 123.0 61.0 84.0
174.0 84.0 57.0 179.0
170.0 87.0 145.0 67.0
171.0 140.0 70.0 70.0
161.0 79.0 67.0 135.0
162.0 77.0 119.0 85.0
183.0 126.0 40.0 148.0
195.0 50.0 95.0 145.0
181.0 146.0 113.0 47.0
185.0 76.0 163.0 74.0
172.0 40.0 126.0 175.0
186.0 48.0 115.0 139.0
155.0 132.0 81.0 65.0
196.0 76.0 133.0 80.0
141.0 155.0 75.0 62.0
169.0 72.0 70.0 146.0
187.0 106.0 77.0 78.0
175.0 165.0 51.0 87.0
176.0 88.0 96.0 79.0
175.0 81.0 72.0 120.0
177.0 53.0 91.0 151.0
184.0 84.0 70.0 116.0
159.0 126.0 48.0 110.0
150.0 78.0 85.0 100.0
179.0 94.0 72.0 96.0
182.0 131.0 73.0 71.0
170.0 141.0 145.0 43.0
176.0 141.0 72.0 68.0
168.0 88.0 95.0 81.0
186.0 130.0 66.0 77.0
166.0 134.0 131.0 46.0
192.0 111.0 75.0 78.0
181.0 96.0 161.0 59.0
186.0 137.0 41.0 137.0
188.0 97.0 56.0 134.0
181.0 45.0 109.0 166.0
160.0 154.0 82.0 56.0
155.0 53.0 139.0 111.0
178.0 164.0 45.0 98.0
153.0 100.0 55.0 124.0
174.0 97.0 81.0 78.0
160.0 93.0 179.0 61.0
169.0 95.0 96.0 74.0
164.0 142.0 42.0 108.0
194.0 119.0 44.0 145.0
165.0 155.0 92.0 50.0
174.0 129.0 59.0 87.0
140.0 158.0 72.0 64.0
183.0 58.0 103.0 123.0
191.0 55.0 148.0 108.0
173.0 144.0 95.0 53.0
194.0 66.0 157.0 87.0
193.0 82.0 65.0 141.0
167.0 102.0 49.0 158.0
173.0 114.0 49.0 127.0
164.0 51.0 113.0 137.0
177.0 97.0 65.0 102.0
189.0 56.0 91.0 134.0
166.0 75.0 94.0 100.0
148.0 174.0 94.0 48.0
183.0 49.0 113.0 140.0
190.0 62.0 79.0 150.0
169.0 117.0 64.0 89.0
159.0 83.0 75.0 106.0
178.0 150.0 46.0 96.0
149.0 73.0 71.0 138.0
166.0 156.0 93.0 49.0
178.0 161.0 44.0 100.0
170.0 97.0 70.0 94.0
158.0 149.0 72.0 67.0
166.0 75.0 78.0 118.0
166.0 93.0 72.0 98.0
186.0 129.0 77.0 67.0
174.0 136.0 111.0 50.0
162.0 162.0 145.0 41.0
182.0 116.0 79.0 69.0
185.0 48.0 122.0 135.0
195.0 51.0 106.0 142.0
170.0 91.0 95.0 76.0
175.0 104.0 59.0 110.0
169.0 112.0 123.0 56.0
180.0 117.0 51.0 114.0
166.0 84.0 78.0 95.0
203.0 83.0 167.0 68.0
190.0 132.0 175.0 43.0
147.0 61.0 121.0 102.0
185.0 120.0 108.0 56.0
184.0 57.0 114.0 116.0
166.0 91.0 56.0 151.0
187.0 44.0 112.0 157.0
158.0 113.0 116.0 55.0
183.0 140.0 39.0 138.0
138.0 167.0 63.0 74.0
176.0 64.0 92.0 118.0
