38.0 150.0 136.0 162.0
41.0 169.0 109.0 162.0
109.0 165.0 46.0 137.0
40.0 174.0 115.0 163.0
54.0 137.0 80.0 153.0
59.0 158.0 73.0 157.0
57.0 140.0 74.0 157.0
72.0 159.0 64.0 161.0
116.0 160.0 43.0 161.0
122.0 168.0 41.0 142.0
42.0 164.0 106.0 157.0
50.0 146.0 87.0 154.0
121.0 157.0 42.0 143.0
136.0 166.0 37.0 137.0
76.0 151.0 61.0 157.0
56.0 167.0 75.0 159.0
82.0 163.0 58.0 166.0
99.0 141.0 50.0 152.0
107.0 165.0 47.0 159.0
102.0 146.0 49.0 157.0
85.0 148.0 57.0 164.0
37.0 145.0 141.0 156.0
128.0 141.0 40.0 141.0
87.0 135.0 55.0 165.0
52.0 137.0 82.0 142.0
96.0 131.0 52.0 161.0
51.0 146.0 86.0 143.0
63.0 145.0 69.0 179.0
62.0 121.0 71.0 152.0
97.0 142.0 51.0 160.0
143.0 162.0 36.0 124.0
78.0 176.0 60.0 158.0
66.0 136.0 67.0 177.0
59.0 148.0 73.0 169.0
130.0 158.0 39.0 156.0
80.0 138.0 59.0 165.0
134.0 149.0 38.0 122.0
93.0 143.0 53.0 146.0
39.0 169.0 120.0 157.0
74.0 134.0 62.0 169.0
44.0 160.0 101.0 135.0
49.0 129.0 89.0 139.0
112.0 144.0 45.0 157.0
55.0 143.0 77.0 132.0
68.0 161.0 66.0 178.0
91.0 143.0 54.0 168.0
45.0 151.0 99.0 142.0
45.0 147.0 99.0 159.0
65.0 170.0 68.0 180.0
47.0 142.0 97.0 145.0
109.0 159.0 46.0 157.0
115.0 149.0 44.0 131.0
47.0 143.0 97.0 133.0
70.0 134.0 65.0 160.0
103.0 157.0 48.0 156.0
48.0 138.0 91.0 132.0
