161.0 92.0 163.0 61.0
153.0 51.0 148.0 102.0
167.0 68.0 68.0 140.0
154.0 116.0 120.0 61.0
163.0 70.0 141.0 78.0
166.0 105.0 165.0 55.0
134.0 120.0 128.0 59.0
145.0 51.0 122.0 108.0
148.0 96.0 89.0 85.0
177.0 80.0 59.0 130.0
175.0 73.0 79.0 111.0
160.0 48.0 180.0 105.0
158.0 62.0 82.0 119.0
153.0 123.0 89.0 75.0
164.0 125.0 40.0 148.0
136.0 55.0 90.0 122.0
180.0 103.0 53.0 118.0
168.0 125.0 46.0 120.0
152.0 48.0 125.0 110.0
167.0 81.0 101.0 86.0
141.0 110.0 116.0 64.0
158.0 112.0 62.0 102.0
166.0 60.0 82.0 127.0
172.0 111.0 96.0 74.0
138.0 46.0 109.0 133.0
193.0 98.0 57.0 116.0
158.0 56.0 87.0 126.0
187.0 95.0 53.0 120.0
138.0 66.0 108.0 99.0
139.0 89.0 128.0 70.0
172.0 88.0 55.0 141.0
159.0 124.0 53.0 105.0
176.0 72.0 90.0 103.0
163.0 85.0 177.0 63.0
163.0 82.0 57.0 144.0
162.0 82.0 136.0 71.0
188.0 107.0 63.0 100.0
158.0 103.0 113.0 66.0
171.0 120.0 66.0 94.0
178.0 119.0 52.0 108.0
158.0 90.0 144.0 64.0
174.0 111.0 45.0 142.0
146.0 54.0 168.0 94.0
118.0 157.0 134.0 48.0
190.0 80.0 58.0 139.0
142.0 46.0 94.0 141.0
169.0 77.0 68.0 117.0
161.0 68.0 77.0 120.0
151.0 118.0 97.0 71.0
160.0 103.0 130.0 63.0
142.0 49.0 89.0 153.0
165.0 95.0 148.0 60.0
155.0 82.0 103.0 85.0
169.0 89.0 58.0 124.0
167.0 122.0 106.0 64.0
173.0 90.0 55.0 131.0
158.0 72.0 139.0 75.0
134.0 158.0 143.0 47.0
170.0 50.0 193.0 100.0
145.0 106.0 128.0 62.0
178.0 96.0 72.0 98.0
153.0 49.0 92.0 133.0
147.0 134.0 105.0 62.0
133.0 66.0 146.0 83.0
154.0 57.0 82.0 134.0
148.0 132.0 129.0 54.0
157.0 91.0 113.0 76.0
146.0 52.0 87.0 144.0
144.0 126.0 86.0 76.0
160.0 123.0 117.0 61.0
175.0 117.0 73.0 87.0
144.0 123.0 127.0 58.0
156.0 88.0 127.0 71.0
183.0 68.0 165.0 75.0
161.0 63.0 78.0 121.0
155.0 60.0 171.0 85.0
160.0 77.0 127.0 79.0
156.0 61.0 108.0 100.0
164.0 67.0 137.0 84.0
167.0 74.0 79.0 106.0
157.0 55.0 85.0 136.0
142.0 129.0 91.0 72.0
132.0 147.0 167.0 43.0
164.0 65.0 70.0 132.0
148.0 85.0 137.0 70.0
141.0 72.0 113.0 89.0
170.0 137.0 68.0 86.0
154.0 103.0 104.0 71.0
169.0 102.0 73.0 95.0
169.0 61.0 160.0 85.0
191.0 107.0 53.0 116.0
166.0 81.0 68.0 113.0
153.0 50.0 91.0 130.0
147.0 97.0 92.0 83.0
148.0 72.0 158.0 72.0
175.0 76.0 74.0 110.0
180.0 93.0 67.0 106.0
150.0 74.0 117.0 84.0
164.0 111.0 72.0 93.0
187.0 121.0 71.0 89.0
165.0 56.0 150.0 93.0
177.0 68.0 73.0 124.0
142.0 60.0 112.0 100.0
181.0 112.0 69.0 92.0
152.0 88.0 91.0 89.0
146.0 47.0 122.0 114.0
177.0 83.0 184.0 63.0
160.0 127.0 101.0 65.0
145.0 67.0 97.0 101.0
133.0 145.0 145.0 48.0
157.0 137.0 40.0 131.0
167.0 84.0 71.0 109.0
154.0 58.0 74.0 147.0
155.0 118.0 143.0 54.0
144.0 150.0 123.0 54.0
154.0 86.0 131.0 71.0
185.0 81.0 93.0 90.0
153.0 116.0 89.0 76.0
154.0 111.0 136.0 56.0
179.0 102.0 62.0 106.0
140.0 65.0 103.0 101.0
179.0 94.0 58.0 116.0
175.0 86.0 69.0 108.0
171.0 94.0 142.0 63.0
158.0 150.0 47.0 110.0
148.0 61.0 136.0 90.0
152.0 76.0 115.0 81.0
162.0 106.0 73.0 94.0
180.0 97.0 68.0 104.0
152.0 73.0 126.0 82.0
162.0 117.0 62.0 100.0
128.0 132.0 125.0 57.0
152.0 96.0 107.0 74.0
141.0 60.0 77.0 128.0
178.0 105.0 180.0 54.0
136.0 134.0 160.0 48.0
161.0 62.0 136.0 89.0
138.0 45.0 125.0 127.0
150.0 81.0 137.0 73.0
173.0 109.0 45.0 158.0
154.0 47.0 150.0 110.0
143.0 53.0 124.0 105.0
152.0 65.0 147.0 82.0
147.0 52.0 127.0 105.0
138.0 123.0 100.0 67.0
149.0 70.0 91.0 102.0
177.0 85.0 55.0 150.0
150.0 103.0 90.0 82.0
180.0 109.0 50.0 125.0
184.0 102.0 48.0 135.0
159.0 116.0 82.0 79.0
152.0 76.0 134.0 75.0
152.0 76.0 153.0 72.0
168.0 69.0 74.0 115.0
156.0 112.0 111.0 67.0
135.0 119.0 104.0 67.0
174.0 73.0 71.0 122.0
148.0 71.0 117.0 89.0
157.0 110.0 82.0 85.0
140.0 72.0 102.0 93.0
172.0 144.0 48.0 110.0
162.0 113.0 45.0 132.0
148.0 117.0 93.0 74.0
151.0 97.0 71.0 100.0
173.0 78.0 62.0 128.0
177.0 84.0 63.0 116.0
159.0 104.0 47.0 137.0
182.0 85.0 62.0 118.0
142.0 122.0 71.0 88.0
158.0 137.0 72.0 84.0
152.0 105.0 86.0 82.0
168.0 98.0 69.0 100.0
122.0 108.0 157.0 55.0
152.0 67.0 107.0 97.0
146.0 72.0 109.0 90.0
146.0 57.0 148.0 91.0
126.0 173.0 122.0 54.0
137.0 53.0 135.0 102.0
134.0 48.0 149.0 109.0
167.0 67.0 151.0 80.0
176.0 74.0 91.0 100.0
158.0 54.0 123.0 105.0
151.0 141.0 65.0 86.0
168.0 79.0 93.0 93.0
161.0 76.0 156.0 71.0
155.0 105.0 60.0 108.0
167.0 58.0 164.0 87.0
179.0 80.0 104.0 86.0
135.0 147.0 112.0 56.0
150.0 88.0 160.0 63.0
159.0 66.0 69.0 139.0
152.0 70.0 93.0 98.0
160.0 61.0 82.0 125.0
135.0 78.0 130.0 75.0
185.0 108.0 59.0 105.0
161.0 152.0 51.0 105.0
146.0 50.0 124.0 109.0
166.0 53.0 169.0 95.0
149.0 52.0 126.0 106.0
157.0 65.0 133.0 88.0
165.0 131.0 44.0 118.0
132.0 152.0 134.0 51.0
139.0 122.0 126.0 59.0
145.0 55.0 124.0 102.0
158.0 79.0 97.0 91.0
122.0 144.0 127.0 53.0
150.0 58.0 139.0 93.0
149.0 46.0 135.0 119.0
144.0 93.0 101.0 79.0
169.0 113.0 51.0 113.0
176.0 79.0 163.0 69.0
129.0 56.0 111.0 108.0
146.0 67.0 155.0 79.0
149.0 50.0 149.0 103.0
159.0 52.0 162.0 98.0
155.0 100.0 159.0 57.0
158.0 83.0 168.0 65.0
165.0 104.0 137.0 60.0
143.0 60.0 137.0 93.0
168.0 137.0 75.0 81.0
146.0 135.0 77.0 81.0
151.0 58.0 160.0 89.0
153.0 128.0 139.0 51.0
169.0 98.0 93.0 82.0
143.0 60.0 75.0 135.0
180.0 106.0 55.0 110.0
144.0 70.0 153.0 77.0
150.0 58.0 117.0 101.0
172.0 116.0 97.0 72.0
151.0 95.0 156.0 59.0
148.0 114.0 89.0 77.0
168.0 108.0 70.0 94.0
176.0 144.0 54.0 101.0
181.0 86.0 71.0 105.0
177.0 129.0 54.0 102.0
166.0 72.0 63.0 159.0
157.0 74.0 102.0 90.0
155.0 112.0 98.0 73.0
156.0 49.0 102.0 124.0
152.0 58.0 102.0 108.0
176.0 85.0 92.0 91.0
159.0 49.0 99.0 127.0
172.0 128.0 59.0 97.0
154.0 71.0 131.0 82.0
151.0 117.0 151.0 53.0
131.0 128.0 116.0 60.0
173.0 79.0 77.0 107.0
172.0 99.0 54.0 119.0
146.0 96.0 109.0 73.0
143.0 49.0 112.0 115.0
161.0 125.0 89.0 74.0
171.0 89.0 159.0 63.0
152.0 58.0 76.0 140.0
150.0 114.0 87.0 80.0
169.0 55.0 165.0 93.0
140.0 83.0 100.0 87.0
155.0 81.0 112.0 77.0
157.0 89.0 167.0 62.0
145.0 130.0 75.0 82.0
151.0 63.0 87.0 116.0
141.0 113.0 155.0 53.0
148.0 45.0 101.0 135.0
153.0 107.0 77.0 90.0
155.0 134.0 87.0 73.0
163.0 82.0 76.0 101.0
174.0 108.0 96.0 75.0
148.0 139.0 61.0 91.0
132.0 61.0 122.0 96.0
173.0 101.0 52.0 120.0
134.0 120.0 91.0 74.0
163.0 73.0 135.0 77.0
175.0 99.0 65.0 107.0
155.0 56.0 125.0 101.0
170.0 92.0 141.0 65.0
147.0 108.0 122.0 62.0
156.0 138.0 78.0 80.0
132.0 79.0 121.0 80.0
182.0 86.0 54.0 152.0
173.0 98.0 48.0 137.0
157.0 104.0 108.0 70.0
186.0 110.0 53.0 109.0
156.0 132.0 82.0 76.0
166.0 111.0 67.0 96.0
161.0 108.0 77.0 87.0
141.0 60.0 106.0 104.0
153.0 129.0 44.0 125.0
141.0 154.0 120.0 55.0
152.0 73.0 131.0 81.0
143.0 62.0 97.0 108.0
144.0 95.0 100.0 80.0
170.0 136.0 64.0 89.0
130.0 124.0 173.0 47.0
153.0 72.0 123.0 84.0
135.0 133.0 89.0 72.0
145.0 106.0 103.0 71.0
143.0 135.0 160.0 47.0
161.0 53.0 87.0 134.0
148.0 53.0 105.0 113.0
182.0 126.0 72.0 86.0
188.0 107.0 74.0 91.0
140.0 61.0 96.0 110.0
154.0 102.0 138.0 61.0
167.0 61.0 94.0 113.0
151.0 113.0 112.0 65.0
141.0 73.0 122.0 83.0
144.0 145.0 136.0 49.0
147.0 126.0 140.0 53.0
135.0 84.0 135.0 72.0
132.0 95.0 138.0 63.0
134.0 54.0 147.0 95.0
133.0 182.0 127.0 50.0
170.0 78.0 171.0 67.0
158.0 60.0 123.0 98.0
167.0 98.0 51.0 124.0
152.0 94.0 139.0 64.0
159.0 67.0 120.0 88.0
144.0 67.0 111.0 95.0
172.0 68.0 153.0 79.0
166.0 73.0 132.0 80.0
139.0 139.0 162.0 44.0
174.0 97.0 63.0 108.0
180.0 107.0 60.0 103.0
153.0 115.0 98.0 72.0
156.0 56.0 85.0 132.0
136.0 107.0 123.0 63.0
171.0 91.0 87.0 87.0
141.0 95.0 129.0 67.0
165.0 77.0 143.0 71.0
166.0 68.0 85.0 110.0
164.0 125.0 52.0 107.0
149.0 94.0 131.0 66.0
175.0 97.0 95.0 81.0
152.0 107.0 142.0 57.0
160.0 130.0 129.0 56.0
169.0 70.0 73.0 120.0
163.0 135.0 53.0 102.0
150.0 120.0 75.0 84.0
161.0 62.0 153.0 85.0
155.0 114.0 115.0 62.0
147.0 126.0 133.0 54.0
159.0 64.0 135.0 88.0
150.0 69.0 132.0 82.0
149.0 61.0 87.0 117.0
137.0 74.0 98.0 93.0
163.0 82.0 146.0 69.0
143.0 54.0 118.0 106.0
148.0 50.0 120.0 113.0
148.0 87.0 148.0 66.0
178.0 82.0 169.0 66.0
150.0 105.0 95.0 78.0
154.0 109.0 146.0 56.0
140.0 154.0 150.0 44.0
172.0 79.0 60.0 128.0
146.0 99.0 162.0 58.0
163.0 63.0 76.0 128.0
176.0 89.0 59.0 116.0
157.0 108.0 51.0 121.0
158.0 134.0 59.0 96.0
126.0 85.0 151.0 67.0
137.0 66.0 132.0 87.0
163.0 83.0 164.0 66.0
151.0 103.0 133.0 62.0
176.0 62.0 130.0 93.0
140.0 101.0 83.0 88.0
157.0 104.0 110.0 69.0
190.0 97.0 75.0 94.0
178.0 98.0 50.0 136.0
142.0 73.0 145.0 74.0
158.0 56.0 141.0 96.0
138.0 126.0 121.0 59.0
142.0 87.0 165.0 63.0
168.0 86.0 90.0 91.0
142.0 68.0 103.0 97.0
147.0 109.0 167.0 53.0
162.0 60.0 110.0 103.0
167.0 114.0 73.0 88.0
190.0 62.0 158.0 84.0
157.0 67.0 103.0 98.0
130.0 156.0 159.0 42.0
128.0 59.0 115.0 104.0
170.0 79.0 62.0 121.0
149.0 63.0 136.0 88.0
144.0 113.0 150.0 54.0
123.0 132.0 178.0 46.0
137.0 98.0 131.0 64.0
140.0 72.0 135.0 79.0
181.0 125.0 63.0 94.0
169.0 61.0 142.0 88.0
156.0 89.0 117.0 75.0
162.0 84.0 56.0 146.0
158.0 92.0 102.0 80.0
148.0 112.0 115.0 65.0
143.0 72.0 127.0 82.0
161.0 123.0 48.0 112.0
172.0 83.0 67.0 115.0
130.0 155.0 118.0 55.0
158.0 118.0 63.0 95.0
151.0 55.0 95.0 121.0
171.0 75.0 80.0 103.0
156.0 57.0 136.0 95.0
156.0 122.0 49.0 110.0
127.0 140.0 137.0 50.0
156.0 49.0 135.0 109.0
167.0 135.0 59.0 93.0
131.0 127.0 130.0 55.0
178.0 99.0 47.0 139.0
163.0 100.0 87.0 85.0
186.0 113.0 48.0 124.0
163.0 61.0 74.0 132.0
140.0 63.0 92.0 108.0
172.0 93.0 105.0 77.0
135.0 82.0 134.0 73.0
148.0 128.0 45.0 123.0
161.0 89.0 98.0 85.0
182.0 75.0 81.0 102.0
149.0 113.0 123.0 60.0
154.0 56.0 83.0 137.0
159.0 109.0 154.0 54.0
123.0 49.0 110.0 119.0
159.0 163.0 183.0 41.0
144.0 112.0 88.0 80.0
135.0 84.0 159.0 66.0
147.0 58.0 81.0 134.0
167.0 69.0 66.0 126.0
179.0 101.0 49.0 133.0
167.0 90.0 65.0 109.0
162.0 104.0 87.0 82.0
182.0 130.0 53.0 104.0
174.0 96.0 58.0 115.0
174.0 79.0 71.0 110.0
146.0 69.0 90.0 104.0
168.0 113.0 42.0 145.0
163.0 86.0 117.0 76.0
148.0 149.0 125.0 54.0
153.0 124.0 146.0 51.0
181.0 129.0 60.0 93.0
167.0 73.0 98.0 95.0
163.0 107.0 162.0 55.0
171.0 87.0 161.0 64.0
189.0 132.0 62.0 91.0
147.0 91.0 106.0 77.0
173.0 74.0 71.0 121.0
146.0 152.0 72.0 81.0
151.0 120.0 152.0 52.0
181.0 96.0 98.0 79.0
163.0 120.0 95.0 73.0
158.0 78.0 59.0 172.0
155.0 132.0 55.0 101.0
161.0 115.0 185.0 49.0
175.0 112.0 70.0 90.0
153.0 74.0 88.0 102.0
132.0 114.0 189.0 51.0
181.0 92.0 52.0 124.0
162.0 54.0 84.0 144.0
175.0 100.0 68.0 97.0
160.0 48.0 153.0 106.0
145.0 104.0 128.0 63.0
151.0 45.0 131.0 126.0
157.0 132.0 128.0 56.0
136.0 60.0 86.0 118.0
154.0 98.0 97.0 80.0
141.0 124.0 103.0 64.0
158.0 92.0 99.0 81.0
143.0 157.0 124.0 52.0
179.0 99.0 66.0 101.0
177.0 133.0 70.0 86.0
149.0 84.0 129.0 73.0
159.0 140.0 51.0 107.0
149.0 115.0 142.0 55.0
161.0 66.0 67.0 146.0
180.0 100.0 56.0 114.0
177.0 115.0 96.0 73.0
192.0 96.0 52.0 122.0
122.0 66.0 156.0 80.0
174.0 66.0 66.0 155.0
138.0 71.0 85.0 109.0
170.0 84.0 119.0 75.0
161.0 125.0 70.0 89.0
148.0 113.0 135.0 58.0
154.0 70.0 134.0 80.0
169.0 91.0 91.0 85.0
170.0 126.0 96.0 68.0
178.0 74.0 160.0 71.0
168.0 113.0 74.0 89.0
148.0 64.0 86.0 113.0
176.0 104.0 179.0 55.0
183.0 95.0 50.0 152.0
148.0 133.0 108.0 60.0
160.0 54.0 86.0 135.0
157.0 69.0 105.0 93.0
155.0 43.0 127.0 135.0
145.0 43.0 151.0 127.0
173.0 79.0 57.0 148.0
171.0 94.0 128.0 68.0
138.0 122.0 137.0 55.0
170.0 110.0 68.0 95.0
154.0 53.0 148.0 96.0
158.0 134.0 177.0 45.0
164.0 85.0 56.0 141.0
135.0 95.0 127.0 69.0
175.0 83.0 91.0 92.0
167.0 57.0 96.0 118.0
141.0 43.0 108.0 150.0
143.0 51.0 136.0 103.0
142.0 90.0 120.0 74.0
166.0 84.0 110.0 80.0
160.0 90.0 75.0 100.0
181.0 73.0 61.0 135.0
170.0 64.0 140.0 84.0
166.0 87.0 104.0 79.0
161.0 117.0 79.0 83.0
158.0 66.0 93.0 104.0
173.0 115.0 50.0 120.0
137.0 131.0 81.0 77.0
151.0 91.0 119.0 73.0
126.0 161.0 186.0 41.0
151.0 73.0 113.0 86.0
165.0 148.0 70.0 83.0
143.0 64.0 124.0 92.0
166.0 109.0 76.0 89.0
159.0 102.0 82.0 88.0
147.0 89.0 89.0 90.0
180.0 80.0 150.0 69.0
164.0 110.0 139.0 58.0
143.0 119.0 96.0 72.0
161.0 75.0 130.0 77.0
142.0 68.0 114.0 92.0
169.0 80.0 70.0 112.0
162.0 134.0 170.0 46.0
179.0 57.0 178.0 88.0
132.0 166.0 138.0 47.0
193.0 123.0 57.0 101.0
174.0 75.0 115.0 85.0
162.0 124.0 73.0 86.0
150.0 59.0 73.0 142.0
142.0 60.0 103.0 107.0
133.0 183.0 158.0 42.0
155.0 99.0 117.0 66.0
134.0 143.0 152.0 47.0
178.0 112.0 80.0 81.0
186.0 95.0 66.0 106.0
155.0 100.0 97.0 78.0
139.0 131.0 163.0 48.0
172.0 102.0 83.0 86.0
146.0 131.0 112.0 60.0
172.0 68.0 89.0 106.0
167.0 66.0 129.0 88.0
167.0 96.0 76.0 96.0
132.0 126.0 127.0 57.0
165.0 77.0 96.0 95.0
156.0 70.0 125.0 86.0
162.0 91.0 83.0 94.0
160.0 120.0 101.0 66.0
148.0 118.0 168.0 49.0
143.0 67.0 112.0 94.0
176.0 95.0 102.0 77.0
149.0 137.0 153.0 46.0
128.0 138.0 107.0 60.0
175.0 108.0 90.0 77.0
168.0 97.0 66.0 105.0
154.0 67.0 91.0 106.0
150.0 51.0 192.0 99.0
188.0 91.0 55.0 127.0
152.0 132.0 52.0 106.0
140.0 49.0 152.0 105.0
157.0 107.0 87.0 81.0
163.0 72.0 71.0 125.0
176.0 88.0 147.0 67.0
141.0 119.0 131.0 58.0
145.0 53.0 143.0 98.0
168.0 91.0 78.0 95.0
136.0 116.0 101.0 71.0
150.0 103.0 123.0 65.0
150.0 64.0 126.0 91.0
151.0 93.0 94.0 83.0
148.0 100.0 143.0 59.0
156.0 87.0 71.0 102.0
153.0 65.0 97.0 102.0
121.0 65.0 135.0 87.0
167.0 85.0 80.0 99.0
125.0 129.0 118.0 59.0
156.0 71.0 87.0 105.0
148.0 59.0 122.0 99.0
174.0 86.0 99.0 82.0
187.0 56.0 187.0 88.0
150.0 92.0 104.0 78.0
135.0 65.0 107.0 100.0
157.0 116.0 111.0 62.0
134.0 97.0 124.0 69.0
120.0 179.0 152.0 43.0
158.0 121.0 99.0 70.0
130.0 46.0 143.0 118.0
157.0 62.0 74.0 130.0
132.0 46.0 157.0 117.0
138.0 58.0 107.0 105.0
135.0 97.0 127.0 68.0
169.0 69.0 64.0 133.0
132.0 73.0 133.0 79.0
137.0 94.0 172.0 58.0
175.0 109.0 48.0 126.0
131.0 153.0 131.0 51.0
153.0 129.0 166.0 48.0
177.0 54.0 174.0 93.0
160.0 95.0 60.0 110.0
187.0 112.0 58.0 103.0
158.0 139.0 41.0 126.0
145.0 146.0 50.0 107.0
143.0 145.0 161.0 44.0
152.0 58.0 129.0 99.0
182.0 123.0 85.0 77.0
154.0 87.0 97.0 86.0
136.0 63.0 141.0 85.0
175.0 135.0 73.0 83.0
173.0 78.0 166.0 68.0
165.0 59.0 80.0 137.0
156.0 62.0 142.0 86.0
172.0 81.0 70.0 111.0
145.0 52.0 88.0 143.0
147.0 66.0 106.0 100.0
159.0 80.0 99.0 88.0
143.0 143.0 39.0 131.0
156.0 78.0 104.0 87.0
169.0 86.0 55.0 143.0
177.0 83.0 64.0 120.0
163.0 70.0 130.0 83.0
151.0 75.0 86.0 101.0
157.0 70.0 139.0 79.0
173.0 134.0 46.0 116.0
168.0 133.0 39.0 143.0
144.0 87.0 123.0 74.0
150.0 100.0 93.0 79.0
170.0 71.0 148.0 75.0
156.0 71.0 82.0 111.0
143.0 126.0 155.0 49.0
178.0 85.0 86.0 93.0
161.0 107.0 89.0 78.0
154.0 74.0 131.0 79.0
172.0 67.0 82.0 117.0
157.0 68.0 101.0 100.0
145.0 78.0 142.0 70.0
189.0 96.0 73.0 97.0
141.0 147.0 145.0 47.0
171.0 80.0 87.0 94.0
171.0 69.0 156.0 75.0
137.0 82.0 84.0 97.0
137.0 123.0 176.0 48.0
151.0 98.0 125.0 65.0
179.0 68.0 71.0 131.0
160.0 64.0 118.0 95.0
151.0 76.0 85.0 97.0
153.0 73.0 107.0 91.0
145.0 96.0 147.0 59.0
149.0 100.0 105.0 73.0
138.0 143.0 130.0 52.0
134.0 138.0 149.0 48.0
151.0 141.0 70.0 84.0
147.0 66.0 114.0 93.0
174.0 88.0 53.0 148.0
161.0 45.0 107.0 134.0
164.0 102.0 101.0 73.0
179.0 63.0 173.0 80.0
154.0 129.0 87.0 74.0
163.0 69.0 164.0 74.0
157.0 81.0 154.0 67.0
147.0 62.0 92.0 109.0
158.0 91.0 96.0 82.0
145.0 67.0 143.0 83.0
133.0 133.0 100.0 65.0
156.0 106.0 150.0 58.0
168.0 75.0 69.0 120.0
153.0 72.0 115.0 87.0
161.0 55.0 137.0 97.0
151.0 54.0 113.0 107.0
162.0 56.0 127.0 100.0
162.0 61.0 133.0 91.0
136.0 88.0 131.0 69.0
172.0 99.0 50.0 126.0
150.0 137.0 123.0 57.0
156.0 45.0 170.0 117.0
148.0 136.0 37.0 147.0
137.0 50.0 133.0 107.0
190.0 85.0 66.0 112.0
172.0 106.0 63.0 102.0
153.0 121.0 43.0 139.0
138.0 72.0 84.0 105.0
157.0 56.0 84.0 133.0
134.0 55.0 121.0 105.0
174.0 78.0 67.0 119.0
141.0 50.0 137.0 106.0
168.0 124.0 81.0 79.0
177.0 68.0 86.0 109.0
165.0 84.0 81.0 98.0
142.0 111.0 91.0 76.0
181.0 115.0 75.0 87.0
152.0 68.0 116.0 91.0
152.0 140.0 127.0 54.0
155.0 79.0 89.0 95.0
147.0 51.0 107.0 115.0
153.0 85.0 83.0 96.0
178.0 101.0 79.0 89.0
139.0 103.0 136.0 61.0
140.0 56.0 145.0 95.0
176.0 127.0 43.0 130.0
142.0 128.0 94.0 71.0
141.0 56.0 147.0 94.0
154.0 72.0 108.0 91.0
134.0 59.0 97.0 113.0
154.0 68.0 95.0 103.0
124.0 117.0 176.0 51.0
145.0 92.0 116.0 71.0
123.0 51.0 88.0 153.0
149.0 56.0 164.0 92.0
141.0 119.0 160.0 51.0
167.0 126.0 73.0 85.0
160.0 64.0 112.0 98.0
144.0 145.0 40.0 126.0
149.0 97.0 116.0 70.0
154.0 136.0 147.0 49.0
132.0 55.0 149.0 94.0
151.0 61.0 116.0 99.0
158.0 57.0 86.0 123.0
165.0 50.0 109.0 119.0
140.0 51.0 131.0 106.0
165.0 100.0 91.0 83.0
156.0 127.0 84.0 77.0
150.0 53.0 88.0 133.0
164.0 114.0 76.0 84.0
143.0 87.0 118.0 75.0
151.0 125.0 97.0 70.0
172.0 103.0 72.0 95.0
143.0 58.0 130.0 96.0
154.0 88.0 106.0 78.0
197.0 106.0 58.0 107.0
158.0 93.0 114.0 73.0
162.0 130.0 38.0 147.0
144.0 152.0 170.0 42.0
186.0 93.0 51.0 126.0
169.0 76.0 63.0 124.0
132.0 134.0 137.0 53.0
151.0 138.0 86.0 74.0
152.0 101.0 90.0 83.0
137.0 106.0 164.0 55.0
171.0 101.0 74.0 95.0
131.0 73.0 88.0 104.0
158.0 73.0 81.0 109.0
162.0 150.0 53.0 101.0
154.0 60.0 125.0 95.0
173.0 84.0 59.0 127.0
161.0 73.0 90.0 102.0
128.0 143.0 119.0 56.0
176.0 100.0 92.0 82.0
166.0 125.0 87.0 75.0
158.0 99.0 172.0 57.0
175.0 83.0 69.0 111.0
143.0 62.0 100.0 103.0
172.0 117.0 90.0 75.0
171.0 125.0 95.0 71.0
166.0 101.0 53.0 119.0
144.0 79.0 127.0 78.0
177.0 102.0 76.0 93.0
159.0 64.0 172.0 79.0
161.0 55.0 84.0 140.0
176.0 82.0 66.0 117.0
162.0 86.0 166.0 64.0
147.0 74.0 129.0 80.0
152.0 67.0 83.0 114.0
145.0 88.0 121.0 73.0
148.0 85.0 144.0 68.0
139.0 64.0 138.0 86.0
143.0 154.0 55.0 99.0
160.0 81.0 149.0 68.0
150.0 58.0 93.0 119.0
192.0 81.0 65.0 119.0
151.0 137.0 43.0 118.0
161.0 115.0 47.0 126.0
165.0 105.0 98.0 74.0
165.0 85.0 152.0 66.0
144.0 131.0 109.0 63.0
149.0 59.0 91.0 114.0
132.0 129.0 150.0 50.0
180.0 113.0 77.0 85.0
175.0 119.0 86.0 78.0
167.0 110.0 86.0 81.0
146.0 79.0 108.0 82.0
171.0 59.0 155.0 89.0
166.0 94.0 111.0 74.0
138.0 125.0 142.0 53.0
168.0 139.0 71.0 83.0
168.0 106.0 62.0 104.0
163.0 124.0 47.0 118.0
129.0 67.0 130.0 87.0
152.0 90.0 115.0 76.0
175.0 118.0 61.0 96.0
117.0 147.0 121.0 55.0
155.0 66.0 166.0 77.0
157.0 53.0 95.0 128.0
168.0 64.0 78.0 119.0
155.0 68.0 137.0 83.0
156.0 127.0 79.0 79.0
168.0 75.0 90.0 98.0
155.0 50.0 89.0 139.0
133.0 66.0 110.0 97.0
170.0 69.0 72.0 122.0
145.0 80.0 123.0 79.0
156.0 87.0 132.0 70.0
181.0 74.0 75.0 112.0
145.0 54.0 124.0 103.0
156.0 93.0 113.0 75.0
170.0 81.0 72.0 102.0
144.0 75.0 128.0 79.0
137.0 126.0 122.0 58.0
164.0 91.0 136.0 66.0
136.0 88.0 140.0 68.0
189.0 106.0 54.0 113.0
162.0 50.0 138.0 105.0
155.0 70.0 128.0 84.0
167.0 92.0 129.0 69.0
154.0 88.0 85.0 91.0
174.0 84.0 76.0 100.0
150.0 65.0 116.0 93.0
149.0 53.0 127.0 103.0
175.0 117.0 49.0 112.0
149.0 70.0 103.0 93.0
163.0 91.0 173.0 61.0
176.0 107.0 46.0 132.0
154.0 44.0 108.0 138.0
147.0 52.0 141.0 99.0
129.0 141.0 134.0 52.0
153.0 104.0 89.0 79.0
139.0 44.0 110.0 130.0
161.0 56.0 118.0 105.0
178.0 120.0 100.0 70.0
168.0 136.0 52.0 104.0
155.0 83.0 103.0 84.0
140.0 52.0 81.0 146.0
162.0 67.0 84.0 113.0
168.0 85.0 71.0 108.0
154.0 64.0 132.0 90.0
145.0 123.0 161.0 49.0
166.0 55.0 171.0 92.0
148.0 54.0 93.0 125.0
168.0 85.0 109.0 80.0
150.0 120.0 193.0 48.0
160.0 62.0 80.0 126.0
182.0 103.0 59.0 111.0
152.0 59.0 139.0 91.0
169.0 97.0 100.0 78.0
167.0 123.0 45.0 125.0
185.0 103.0 55.0 117.0
165.0 127.0 41.0 143.0
145.0 47.0 129.0 111.0
177.0 62.0 160.0 82.0
155.0 89.0 121.0 72.0
160.0 55.0 109.0 109.0
132.0 123.0 145.0 52.0
139.0 50.0 108.0 121.0
161.0 98.0 111.0 69.0
143.0 53.0 85.0 145.0
156.0 51.0 156.0 100.0
185.0 83.0 60.0 123.0
148.0 65.0 159.0 80.0
135.0 61.0 103.0 106.0
149.0 64.0 87.0 110.0
136.0 72.0 99.0 96.0
163.0 108.0 63.0 97.0
164.0 86.0 167.0 63.0
149.0 85.0 126.0 74.0
164.0 93.0 79.0 94.0
142.0 65.0 110.0 98.0
184.0 91.0 174.0 60.0
152.0 107.0 52.0 119.0
162.0 105.0 126.0 63.0
158.0 92.0 76.0 99.0
180.0 110.0 47.0 128.0
147.0 75.0 96.0 96.0
155.0 57.0 117.0 105.0
162.0 60.0 153.0 88.0
166.0 112.0 109.0 68.0
149.0 92.0 114.0 75.0
176.0 74.0 92.0 98.0
192.0 122.0 64.0 90.0
166.0 116.0 46.0 128.0
175.0 99.0 57.0 112.0
175.0 86.0 60.0 119.0
144.0 96.0 94.0 82.0
157.0 104.0 153.0 56.0
151.0 99.0 108.0 71.0
152.0 60.0 95.0 112.0
149.0 89.0 149.0 64.0
160.0 75.0 117.0 81.0
174.0 89.0 61.0 110.0
144.0 135.0 93.0 67.0
164.0 109.0 101.0 72.0
147.0 115.0 86.0 80.0
164.0 56.0 94.0 120.0
160.0 61.0 164.0 83.0
159.0 54.0 134.0 101.0
124.0 94.0 154.0 62.0
152.0 84.0 104.0 82.0
135.0 77.0 122.0 80.0
183.0 116.0 56.0 105.0
158.0 139.0 103.0 62.0
161.0 56.0 97.0 117.0
163.0 53.0 110.0 112.0
156.0 74.0 72.0 118.0
154.0 42.0 139.0 147.0
149.0 82.0 128.0 74.0
150.0 68.0 155.0 78.0
152.0 121.0 141.0 54.0
137.0 71.0 138.0 78.0
116.0 89.0 139.0 67.0
138.0 55.0 105.0 110.0
177.0 141.0 75.0 78.0
171.0 63.0 89.0 113.0
165.0 74.0 77.0 109.0
151.0 124.0 160.0 49.0
170.0 85.0 99.0 86.0
165.0 72.0 82.0 108.0
156.0 130.0 41.0 134.0
148.0 42.0 135.0 154.0
163.0 71.0 128.0 83.0
164.0 125.0 57.0 99.0
172.0 105.0 84.0 85.0
168.0 75.0 78.0 107.0
123.0 164.0 164.0 41.0
184.0 105.0 55.0 111.0
161.0 75.0 60.0 146.0
144.0 59.0 85.0 123.0
152.0 69.0 152.0 78.0
193.0 77.0 167.0 69.0
167.0 106.0 97.0 77.0
144.0 103.0 86.0 84.0
158.0 145.0 77.0 76.0
153.0 60.0 157.0 86.0
142.0 114.0 109.0 66.0
164.0 105.0 46.0 139.0
148.0 69.0 92.0 101.0
160.0 59.0 138.0 93.0
134.0 69.0 101.0 97.0
139.0 52.0 90.0 130.0
165.0 140.0 82.0 75.0
139.0 85.0 131.0 72.0
156.0 126.0 80.0 80.0
137.0 136.0 131.0 53.0
178.0 77.0 66.0 121.0
139.0 135.0 155.0 48.0
158.0 100.0 103.0 76.0
175.0 128.0 80.0 78.0
138.0 63.0 113.0 96.0
188.0 96.0 78.0 90.0
165.0 152.0 57.0 96.0
150.0 112.0 99.0 72.0
135.0 61.0 121.0 98.0
163.0 117.0 102.0 70.0
139.0 93.0 118.0 70.0
124.0 156.0 126.0 51.0
184.0 87.0 78.0 99.0
151.0 105.0 120.0 65.0
179.0 56.0 170.0 90.0
150.0 164.0 49.0 109.0
156.0 48.0 103.0 127.0
151.0 68.0 142.0 82.0
147.0 142.0 160.0 45.0
162.0 67.0 87.0 108.0
161.0 86.0 108.0 77.0
159.0 87.0 53.0 176.0
167.0 118.0 48.0 122.0
163.0 70.0 94.0 97.0
158.0 87.0 92.0 90.0
176.0 91.0 53.0 138.0
163.0 109.0 73.0 93.0
152.0 91.0 135.0 67.0
149.0 74.0 106.0 88.0
182.0 105.0 49.0 129.0
155.0 47.0 99.0 137.0
183.0 95.0 69.0 104.0
171.0 94.0 157.0 60.0
156.0 92.0 112.0 76.0
161.0 144.0 89.0 71.0
173.0 92.0 84.0 91.0
149.0 64.0 150.0 81.0
143.0 46.0 110.0 120.0
182.0 86.0 81.0 95.0
185.0 85.0 65.0 114.0
146.0 83.0 124.0 75.0
162.0 63.0 70.0 144.0
154.0 119.0 41.0 145.0
180.0 88.0 64.0 114.0
165.0 57.0 81.0 135.0
152.0 100.0 100.0 77.0
156.0 73.0 97.0 96.0
181.0 90.0 58.0 118.0
149.0 83.0 132.0 73.0
163.0 131.0 91.0 69.0
165.0 95.0 79.0 92.0
169.0 93.0 76.0 97.0
149.0 143.0 73.0 81.0
139.0 105.0 136.0 60.0
185.0 94.0 60.0 113.0
140.0 52.0 104.0 120.0
132.0 85.0 142.0 69.0
139.0 121.0 130.0 57.0
142.0 84.0 145.0 68.0
145.0 54.0 97.0 118.0
140.0 100.0 153.0 58.0
170.0 75.0 97.0 95.0
164.0 106.0 83.0 82.0
167.0 116.0 177.0 51.0
175.0 80.0 61.0 123.0
158.0 61.0 83.0 122.0
138.0 127.0 116.0 61.0
180.0 121.0 58.0 102.0
137.0 122.0 144.0 53.0
153.0 153.0 110.0 59.0
158.0 122.0 139.0 54.0
162.0 67.0 77.0 124.0
171.0 111.0 73.0 92.0
166.0 88.0 68.0 106.0
140.0 49.0 179.0 104.0
161.0 69.0 111.0 92.0
141.0 160.0 85.0 73.0
168.0 132.0 74.0 84.0
151.0 55.0 78.0 154.0
151.0 130.0 165.0 47.0
154.0 139.0 47.0 113.0
162.0 62.0 69.0 153.0
152.0 153.0 106.0 61.0
149.0 74.0 67.0 124.0
175.0 90.0 90.0 89.0
168.0 90.0 91.0 87.0
147.0 130.0 78.0 81.0
162.0 80.0 105.0 84.0
162.0 133.0 42.0 130.0
146.0 61.0 100.0 109.0
137.0 48.0 118.0 117.0
165.0 91.0 72.0 100.0
138.0 68.0 125.0 87.0
158.0 63.0 99.0 104.0
132.0 122.0 99.0 69.0
170.0 116.0 50.0 110.0
129.0 72.0 136.0 78.0
164.0 110.0 112.0 68.0
170.0 137.0 63.0 88.0
159.0 62.0 72.0 137.0
172.0 119.0 44.0 135.0
164.0 51.0 106.0 118.0
147.0 143.0 84.0 74.0
148.0 80.0 167.0 67.0
183.0 99.0 85.0 87.0
169.0 59.0 78.0 138.0
141.0 109.0 130.0 59.0
186.0 92.0 54.0 123.0
147.0 60.0 155.0 87.0
171.0 112.0 52.0 117.0
176.0 106.0 80.0 87.0
153.0 55.0 132.0 98.0
130.0 59.0 128.0 97.0
166.0 137.0 57.0 97.0
140.0 71.0 127.0 84.0
160.0 62.0 71.0 146.0
162.0 121.0 48.0 121.0
163.0 122.0 84.0 78.0
163.0 101.0 64.0 107.0
173.0 126.0 66.0 88.0
134.0 52.0 125.0 107.0
194.0 93.0 55.0 120.0
168.0 116.0 88.0 77.0
132.0 55.0 86.0 133.0
129.0 90.0 148.0 63.0
136.0 168.0 170.0 40.0
144.0 140.0 86.0 73.0
152.0 43.0 134.0 131.0
128.0 48.0 117.0 118.0
135.0 140.0 124.0 56.0
166.0 76.0 106.0 85.0
152.0 75.0 100.0 89.0
180.0 90.0 54.0 139.0
150.0 72.0 147.0 74.0
178.0 92.0 165.0 60.0
135.0 65.0 91.0 109.0
163.0 92.0 92.0 84.0
155.0 138.0 139.0 50.0
181.0 109.0 54.0 107.0
170.0 80.0 73.0 106.0
172.0 119.0 47.0 124.0
139.0 54.0 101.0 116.0
143.0 74.0 111.0 86.0
152.0 66.0 127.0 90.0
158.0 122.0 42.0 141.0
139.0 55.0 80.0 142.0
185.0 106.0 76.0 91.0
196.0 117.0 59.0 101.0
168.0 114.0 105.0 68.0
149.0 71.0 113.0 91.0
155.0 80.0 113.0 81.0
172.0 116.0 43.0 141.0
139.0 43.0 122.0 144.0
150.0 111.0 127.0 61.0
158.0 103.0 99.0 74.0
137.0 109.0 121.0 64.0
133.0 136.0 157.0 47.0
162.0 60.0 146.0 89.0
175.0 78.0 60.0 137.0
156.0 146.0 179.0 43.0
177.0 103.0 74.0 93.0
180.0 119.0 60.0 98.0
177.0 102.0 64.0 97.0
126.0 70.0 127.0 85.0
153.0 92.0 125.0 70.0
170.0 88.0 79.0 97.0
174.0 91.0 77.0 97.0
147.0 56.0 102.0 114.0
170.0 91.0 56.0 125.0
135.0 94.0 137.0 65.0
149.0 96.0 129.0 65.0
155.0 49.0 142.0 106.0
165.0 108.0 163.0 54.0
132.0 142.0 88.0 72.0
148.0 71.0 119.0 85.0
158.0 75.0 159.0 70.0
164.0 61.0 90.0 116.0
158.0 133.0 146.0 50.0
142.0 65.0 118.0 91.0
150.0 90.0 97.0 85.0
158.0 97.0 77.0 92.0
160.0 63.0 120.0 94.0
175.0 122.0 78.0 82.0
139.0 69.0 115.0 90.0
147.0 147.0 46.0 114.0
167.0 115.0 44.0 139.0
132.0 77.0 133.0 74.0
139.0 57.0 139.0 94.0
179.0 113.0 75.0 88.0
143.0 88.0 183.0 61.0
147.0 68.0 105.0 96.0
143.0 138.0 138.0 52.0
158.0 60.0 139.0 90.0
161.0 92.0 82.0 94.0
148.0 79.0 139.0 71.0
150.0 99.0 140.0 60.0
168.0 78.0 129.0 77.0
149.0 105.0 125.0 64.0
148.0 68.0 143.0 80.0
154.0 139.0 38.0 143.0
147.0 106.0 124.0 63.0
177.0 83.0 57.0 136.0
134.0 54.0 89.0 131.0
135.0 67.0 165.0 76.0
179.0 73.0 63.0 128.0
141.0 122.0 161.0 50.0
155.0 121.0 109.0 64.0
178.0 102.0 51.0 122.0
138.0 54.0 130.0 102.0
171.0 76.0 61.0 131.0
169.0 92.0 132.0 68.0
145.0 68.0 109.0 93.0
158.0 136.0 70.0 85.0
147.0 53.0 100.0 119.0
144.0 51.0 105.0 123.0
155.0 127.0 132.0 54.0
121.0 161.0 148.0 46.0
136.0 57.0 107.0 107.0
138.0 60.0 84.0 125.0
152.0 117.0 119.0 60.0
161.0 68.0 88.0 107.0
129.0 44.0 134.0 122.0
177.0 119.0 57.0 103.0
140.0 122.0 164.0 49.0
136.0 62.0 113.0 98.0
134.0 47.0 106.0 123.0
136.0 53.0 111.0 111.0
147.0 63.0 98.0 105.0
181.0 89.0 55.0 138.0
155.0 70.0 122.0 87.0
138.0 53.0 86.0 138.0
169.0 105.0 107.0 69.0
156.0 61.0 144.0 86.0
184.0 122.0 56.0 104.0
157.0 115.0 132.0 56.0
156.0 114.0 147.0 54.0
162.0 115.0 94.0 74.0
144.0 77.0 89.0 96.0
165.0 70.0 84.0 112.0
172.0 90.0 70.0 101.0
139.0 138.0 121.0 57.0
155.0 77.0 171.0 68.0
161.0 118.0 69.0 90.0
170.0 50.0 166.0 101.0
152.0 56.0 78.0 148.0
150.0 131.0 56.0 99.0
145.0 151.0 173.0 42.0
144.0 147.0 153.0 45.0
181.0 104.0 60.0 109.0
172.0 112.0 64.0 95.0
165.0 84.0 95.0 87.0
186.0 57.0 166.0 89.0
146.0 55.0 130.0 100.0
152.0 64.0 110.0 99.0
176.0 119.0 54.0 106.0
194.0 115.0 59.0 102.0
167.0 60.0 138.0 92.0
153.0 54.0 90.0 129.0
157.0 93.0 84.0 89.0
136.0 58.0 135.0 94.0
159.0 111.0 104.0 70.0
158.0 108.0 134.0 59.0
173.0 110.0 74.0 90.0
172.0 72.0 78.0 113.0
135.0 99.0 134.0 63.0
145.0 68.0 130.0 85.0
145.0 86.0 151.0 65.0
186.0 83.0 70.0 110.0
126.0 130.0 187.0 46.0
168.0 101.0 88.0 84.0
163.0 57.0 83.0 126.0
164.0 112.0 151.0 55.0
157.0 106.0 134.0 61.0
170.0 119.0 129.0 59.0
160.0 104.0 59.0 110.0
169.0 126.0 56.0 101.0
150.0 91.0 189.0 58.0
151.0 95.0 141.0 62.0
169.0 63.0 151.0 82.0
162.0 122.0 46.0 123.0
150.0 104.0 96.0 78.0
185.0 88.0 56.0 129.0
172.0 106.0 171.0 54.0
145.0 118.0 105.0 66.0
169.0 87.0 93.0 89.0
142.0 107.0 132.0 61.0
137.0 93.0 128.0 69.0
143.0 99.0 83.0 89.0
144.0 130.0 115.0 58.0
160.0 59.0 82.0 133.0
169.0 107.0 106.0 70.0
131.0 134.0 125.0 56.0
139.0 101.0 104.0 74.0
155.0 54.0 87.0 132.0
152.0 123.0 136.0 54.0
174.0 130.0 85.0 75.0
144.0 52.0 96.0 121.0
155.0 84.0 152.0 67.0
139.0 66.0 92.0 106.0
144.0 65.0 95.0 107.0
168.0 97.0 176.0 57.0
149.0 130.0 46.0 118.0
158.0 93.0 164.0 59.0
171.0 57.0 161.0 90.0
134.0 111.0 166.0 52.0
172.0 94.0 82.0 93.0
179.0 111.0 102.0 71.0
146.0 69.0 128.0 86.0
156.0 116.0 72.0 88.0
164.0 104.0 63.0 104.0
148.0 114.0 107.0 67.0
134.0 63.0 129.0 91.0
169.0 99.0 61.0 108.0
146.0 101.0 129.0 64.0
165.0 113.0 68.0 94.0
152.0 58.0 148.0 90.0
175.0 78.0 84.0 101.0
170.0 145.0 69.0 84.0
144.0 66.0 161.0 79.0
131.0 48.0 95.0 129.0
136.0 66.0 102.0 101.0
151.0 90.0 158.0 62.0
145.0 63.0 103.0 102.0
165.0 57.0 98.0 111.0
142.0 127.0 141.0 52.0
170.0 124.0 42.0 134.0
123.0 146.0 113.0 59.0
159.0 124.0 76.0 82.0
156.0 89.0 146.0 66.0
178.0 116.0 67.0 91.0
150.0 130.0 148.0 49.0
164.0 80.0 82.0 100.0
141.0 115.0 159.0 52.0
146.0 56.0 100.0 116.0
152.0 105.0 152.0 57.0
151.0 64.0 85.0 117.0
158.0 96.0 69.0 101.0
165.0 61.0 72.0 139.0
133.0 139.0 129.0 53.0
157.0 85.0 100.0 84.0
153.0 121.0 92.0 73.0
174.0 91.0 52.0 156.0
188.0 122.0 58.0 99.0
134.0 62.0 120.0 97.0
166.0 65.0 68.0 141.0
147.0 125.0 94.0 72.0
145.0 50.0 121.0 111.0
154.0 57.0 119.0 100.0
135.0 111.0 118.0 63.0
144.0 123.0 129.0 57.0
163.0 59.0 180.0 85.0
151.0 137.0 114.0 59.0
162.0 47.0 118.0 119.0
170.0 103.0 68.0 96.0
181.0 112.0 49.0 122.0
149.0 71.0 137.0 79.0
130.0 58.0 96.0 116.0
127.0 162.0 145.0 46.0
185.0 79.0 59.0 137.0
159.0 68.0 79.0 113.0
153.0 67.0 156.0 78.0
135.0 140.0 126.0 55.0
160.0 59.0 127.0 98.0
184.0 85.0 57.0 125.0
148.0 95.0 146.0 61.0
170.0 68.0 74.0 121.0
154.0 52.0 113.0 109.0
151.0 144.0 98.0 63.0
172.0 96.0 105.0 75.0
184.0 136.0 80.0 77.0
149.0 120.0 110.0 64.0
165.0 74.0 90.0 101.0
111.0 148.0 129.0 52.0
144.0 141.0 143.0 49.0
144.0 103.0 76.0 92.0
133.0 90.0 130.0 69.0
143.0 57.0 135.0 96.0
175.0 87.0 65.0 112.0
147.0 83.0 56.0 174.0
151.0 130.0 98.0 66.0
162.0 65.0 72.0 125.0
143.0 49.0 121.0 113.0
180.0 95.0 111.0 72.0
166.0 93.0 132.0 66.0
145.0 59.0 130.0 94.0
164.0 92.0 173.0 59.0
159.0 62.0 131.0 92.0
177.0 132.0 68.0 87.0
172.0 78.0 72.0 114.0
170.0 101.0 170.0 56.0
