138.0 54.0 102.0 146.0
165.0 85.0 64.0 156.0
128.0 148.0 68.0 98.0
161.0 79.0 140.0 67.0
142.0 63.0 155.0 77.0
124.0 107.0 59.0 138.0
121.0 146.0 75.0 90.0
131.0 128.0 97.0 66.0
174.0 57.0 117.0 115.0
126.0 66.0 82.0 158.0
127.0 92.0 61.0 148.0
141.0 86.0 117.0 76.0
146.0 129.0 51.0 159.0
132.0 53.0 163.0 85.0
162.0 169.0 57.0 123.0
137.0 91.0 115.0 72.0
147.0 83.0 72.0 138.0
149.0 151.0 125.0 48.0
126.0 116.0 80.0 89.0
129.0 126.0 104.0 59.0
120.0 84.0 76.0 128.0
147.0 65.0 149.0 75.0
158.0 128.0 113.0 53.0
146.0 118.0 48.0 176.0
129.0 99.0 69.0 118.0
132.0 145.0 90.0 70.0
151.0 106.0 112.0 64.0
142.0 52.0 152.0 93.0
137.0 59.0 100.0 135.0
154.0 78.0 130.0 74.0
168.0 104.0 122.0 57.0
166.0 46.0 106.0 207.0
147.0 65.0 135.0 87.0
138.0 85.0 61.0 166.0
154.0 72.0 75.0 162.0
150.0 114.0 49.0 174.0
125.0 150.0 60.0 119.0
155.0 153.0 57.0 126.0
143.0 81.0 77.0 127.0
125.0 123.0 71.0 104.0
119.0 72.0 79.0 142.0
124.0 135.0 82.0 78.0
149.0 98.0 110.0 73.0
162.0 67.0 106.0 110.0
152.0 153.0 49.0 158.0
164.0 67.0 96.0 122.0
132.0 56.0 123.0 109.0
149.0 88.0 92.0 100.0
110.0 66.0 97.0 125.0
158.0 96.0 122.0 66.0
148.0 72.0 158.0 65.0
127.0 109.0 83.0 90.0
130.0 75.0 118.0 87.0
145.0 84.0 64.0 160.0
141.0 51.0 154.0 92.0
148.0 127.0 55.0 140.0
130.0 68.0 117.0 96.0
139.0 96.0 106.0 77.0
143.0 113.0 102.0 66.0
166.0 56.0 107.0 134.0
131.0 109.0 122.0 55.0
143.0 111.0 60.0 132.0
136.0 91.0 101.0 87.0
154.0 106.0 99.0 75.0
134.0 51.0 124.0 120.0
139.0 57.0 126.0 104.0
142.0 108.0 99.0 71.0
156.0 116.0 64.0 119.0
124.0 112.0 55.0 150.0
154.0 81.0 100.0 96.0
138.0 115.0 77.0 96.0
131.0 42.0 148.0 127.0
123.0 89.0 87.0 104.0
142.0 106.0 71.0 109.0
131.0 70.0 135.0 78.0
134.0 125.0 95.0 69.0
138.0 113.0 66.0 117.0
159.0 93.0 128.0 63.0
134.0 52.0 93.0 164.0
152.0 55.0 164.0 82.0
126.0 77.0 140.0 68.0
124.0 58.0 128.0 100.0
162.0 59.0 87.0 168.0
141.0 97.0 55.0 165.0
112.0 82.0 83.0 118.0
159.0 158.0 100.0 57.0
128.0 141.0 66.0 107.0
147.0 71.0 77.0 156.0
147.0 77.0 151.0 63.0
135.0 83.0 145.0 62.0
142.0 62.0 89.0 152.0
134.0 120.0 47.0 179.0
164.0 174.0 64.0 104.0
117.0 84.0 88.0 108.0
125.0 85.0 96.0 97.0
126.0 78.0 98.0 105.0
142.0 75.0 69.0 170.0
137.0 52.0 97.0 162.0
123.0 77.0 122.0 80.0
149.0 56.0 114.0 120.0
153.0 168.0 86.0 69.0
132.0 143.0 54.0 136.0
139.0 56.0 139.0 94.0
132.0 63.0 131.0 91.0
146.0 120.0 73.0 101.0
127.0 86.0 129.0 68.0
144.0 96.0 54.0 170.0
137.0 69.0 76.0 164.0
118.0 73.0 86.0 128.0
135.0 93.0 100.0 87.0
148.0 64.0 115.0 102.0
145.0 82.0 63.0 174.0
156.0 83.0 83.0 112.0
132.0 46.0 131.0 123.0
142.0 100.0 57.0 155.0
125.0 160.0 65.0 105.0
157.0 101.0 117.0 65.0
114.0 57.0 95.0 147.0
145.0 71.0 160.0 66.0
156.0 68.0 107.0 107.0
139.0 132.0 47.0 174.0
139.0 117.0 82.0 85.0
141.0 58.0 111.0 121.0
138.0 61.0 119.0 101.0
116.0 75.0 82.0 130.0
146.0 89.0 98.0 92.0
135.0 112.0 97.0 74.0
107.0 68.0 110.0 105.0
110.0 47.0 119.0 138.0
123.0 40.0 136.0 146.0
155.0 62.0 166.0 70.0
136.0 67.0 95.0 126.0
144.0 64.0 154.0 75.0
132.0 155.0 59.0 119.0
148.0 77.0 170.0 60.0
128.0 69.0 92.0 127.0
150.0 78.0 99.0 102.0
160.0 54.0 116.0 123.0
153.0 60.0 139.0 90.0
152.0 113.0 56.0 145.0
138.0 93.0 57.0 170.0
139.0 101.0 120.0 64.0
139.0 83.0 111.0 84.0
115.0 47.0 133.0 119.0
126.0 94.0 66.0 136.0
129.0 123.0 87.0 81.0
131.0 71.0 151.0 69.0
153.0 69.0 144.0 76.0
140.0 99.0 79.0 104.0
197.0 154.0 174.0 40.0
140.0 61.0 87.0 156.0
110.0 65.0 89.0 145.0
140.0 91.0 57.0 185.0
150.0 90.0 100.0 88.0
150.0 45.0 116.0 152.0
157.0 71.0 150.0 70.0
156.0 136.0 66.0 108.0
108.0 50.0 147.0 96.0
160.0 103.0 115.0 64.0
147.0 48.0 121.0 135.0
142.0 138.0 51.0 152.0
144.0 58.0 89.0 158.0
133.0 99.0 60.0 143.0
133.0 146.0 73.0 93.0
133.0 73.0 98.0 113.0
137.0 70.0 81.0 151.0
142.0 57.0 129.0 101.0
170.0 45.0 153.0 109.0
139.0 100.0 117.0 66.0
149.0 153.0 41.0 213.0
146.0 109.0 89.0 82.0
143.0 92.0 104.0 81.0
144.0 81.0 101.0 93.0
143.0 155.0 56.0 129.0
138.0 54.0 173.0 80.0
148.0 107.0 84.0 89.0
144.0 88.0 71.0 130.0
144.0 58.0 98.0 141.0
117.0 148.0 70.0 95.0
138.0 82.0 66.0 149.0
111.0 51.0 135.0 108.0
118.0 60.0 144.0 84.0
143.0 47.0 126.0 126.0
148.0 54.0 112.0 127.0
158.0 90.0 66.0 145.0
122.0 78.0 115.0 87.0
121.0 125.0 72.0 101.0
124.0 85.0 111.0 82.0
134.0 121.0 64.0 114.0
143.0 77.0 100.0 103.0
132.0 86.0 116.0 77.0
153.0 169.0 134.0 43.0
129.0 48.0 136.0 112.0
183.0 133.0 129.0 46.0
158.0 127.0 54.0 143.0
140.0 75.0 102.0 101.0
150.0 55.0 168.0 81.0
150.0 101.0 74.0 112.0
145.0 91.0 96.0 91.0
162.0 92.0 172.0 51.0
128.0 71.0 79.0 152.0
114.0 139.0 63.0 113.0
122.0 74.0 116.0 88.0
154.0 72.0 149.0 69.0
127.0 55.0 95.0 155.0
125.0 85.0 124.0 73.0
174.0 170.0 87.0 67.0
134.0 48.0 104.0 167.0
137.0 145.0 61.0 118.0
142.0 71.0 108.0 99.0
141.0 67.0 76.0 176.0
141.0 73.0 75.0 155.0
106.0 83.0 79.0 123.0
136.0 54.0 148.0 92.0
136.0 87.0 85.0 110.0
127.0 69.0 77.0 161.0
130.0 95.0 59.0 155.0
111.0 55.0 146.0 93.0
134.0 134.0 97.0 62.0
119.0 66.0 132.0 86.0
119.0 146.0 82.0 75.0
152.0 54.0 154.0 85.0
142.0 69.0 128.0 83.0
149.0 89.0 81.0 108.0
141.0 75.0 71.0 160.0
117.0 66.0 131.0 88.0
126.0 62.0 95.0 139.0
137.0 52.0 101.0 154.0
142.0 70.0 104.0 109.0
144.0 144.0 42.0 193.0
140.0 114.0 52.0 161.0
146.0 49.0 110.0 149.0
146.0 75.0 134.0 74.0
141.0 66.0 161.0 69.0
115.0 48.0 127.0 124.0
119.0 73.0 113.0 95.0
156.0 45.0 128.0 126.0
119.0 114.0 81.0 90.0
134.0 88.0 123.0 69.0
119.0 73.0 76.0 148.0
152.0 140.0 44.0 185.0
111.0 63.0 141.0 84.0
140.0 68.0 111.0 103.0
161.0 101.0 124.0 58.0
161.0 135.0 44.0 191.0
120.0 69.0 112.0 101.0
133.0 98.0 66.0 129.0
140.0 87.0 102.0 88.0
133.0 42.0 125.0 160.0
144.0 124.0 86.0 81.0
125.0 47.0 111.0 147.0
128.0 129.0 97.0 65.0
140.0 179.0 73.0 87.0
168.0 42.0 160.0 126.0
154.0 136.0 54.0 140.0
137.0 172.0 40.0 213.0
150.0 145.0 51.0 148.0
145.0 93.0 78.0 111.0
119.0 78.0 84.0 123.0
129.0 44.0 129.0 136.0
106.0 70.0 100.0 115.0
142.0 122.0 86.0 82.0
135.0 85.0 79.0 121.0
153.0 55.0 84.0 201.0
116.0 68.0 120.0 92.0
127.0 77.0 84.0 129.0
133.0 108.0 79.0 94.0
115.0 68.0 133.0 84.0
171.0 173.0 79.0 80.0
143.0 65.0 78.0 164.0
194.0 157.0 157.0 41.0
118.0 83.0 95.0 98.0
137.0 106.0 69.0 112.0
149.0 110.0 95.0 76.0
137.0 64.0 108.0 110.0
143.0 137.0 46.0 174.0
166.0 84.0 153.0 59.0
142.0 130.0 93.0 71.0
150.0 132.0 99.0 61.0
135.0 138.0 72.0 95.0
141.0 50.0 118.0 133.0
148.0 124.0 98.0 67.0
156.0 132.0 50.0 162.0
128.0 98.0 55.0 162.0
139.0 90.0 120.0 71.0
123.0 53.0 97.0 153.0
128.0 95.0 118.0 68.0
145.0 67.0 79.0 163.0
145.0 88.0 80.0 112.0
130.0 150.0 89.0 65.0
125.0 79.0 109.0 91.0
133.0 82.0 97.0 101.0
146.0 117.0 99.0 68.0
147.0 121.0 104.0 62.0
158.0 82.0 142.0 65.0
143.0 110.0 85.0 87.0
150.0 99.0 129.0 54.0
124.0 75.0 107.0 100.0
149.0 57.0 167.0 78.0
158.0 134.0 137.0 45.0
152.0 126.0 45.0 188.0
138.0 133.0 80.0 85.0
120.0 144.0 49.0 162.0
145.0 51.0 109.0 140.0
133.0 68.0 76.0 167.0
123.0 50.0 140.0 103.0
130.0 144.0 48.0 165.0
136.0 48.0 116.0 137.0
125.0 118.0 62.0 122.0
133.0 162.0 65.0 103.0
136.0 81.0 97.0 103.0
130.0 70.0 115.0 93.0
148.0 59.0 115.0 111.0
99.0 64.0 97.0 127.0
141.0 102.0 74.0 111.0
119.0 123.0 52.0 159.0
139.0 121.0 101.0 66.0
125.0 67.0 83.0 149.0
107.0 68.0 97.0 121.0
151.0 94.0 80.0 103.0
137.0 148.0 92.0 66.0
120.0 75.0 94.0 116.0
130.0 92.0 59.0 166.0
137.0 59.0 131.0 96.0
155.0 77.0 117.0 86.0
174.0 152.0 126.0 47.0
144.0 58.0 141.0 90.0
144.0 83.0 158.0 59.0
153.0 74.0 140.0 73.0
144.0 63.0 114.0 103.0
135.0 53.0 122.0 120.0
137.0 55.0 127.0 105.0
132.0 112.0 96.0 75.0
109.0 78.0 85.0 120.0
138.0 79.0 150.0 61.0
147.0 83.0 112.0 83.0
145.0 119.0 57.0 139.0
130.0 58.0 122.0 108.0
142.0 83.0 62.0 173.0
140.0 144.0 45.0 178.0
149.0 73.0 125.0 81.0
139.0 57.0 87.0 175.0
138.0 50.0 98.0 170.0
152.0 56.0 113.0 124.0
147.0 107.0 62.0 129.0
140.0 115.0 59.0 131.0
136.0 58.0 100.0 139.0
127.0 53.0 118.0 127.0
143.0 53.0 116.0 129.0
135.0 94.0 56.0 170.0
109.0 73.0 77.0 145.0
116.0 69.0 95.0 124.0
129.0 60.0 85.0 168.0
130.0 80.0 112.0 87.0
171.0 85.0 162.0 56.0
128.0 82.0 127.0 73.0
123.0 103.0 93.0 82.0
135.0 67.0 148.0 74.0
136.0 154.0 66.0 101.0
147.0 79.0 134.0 71.0
140.0 92.0 58.0 169.0
138.0 55.0 140.0 95.0
133.0 91.0 102.0 85.0
150.0 106.0 146.0 50.0
130.0 91.0 88.0 100.0
129.0 50.0 109.0 149.0
131.0 71.0 116.0 90.0
118.0 58.0 91.0 152.0
131.0 60.0 98.0 139.0
134.0 112.0 54.0 153.0
148.0 121.0 49.0 168.0
131.0 103.0 73.0 113.0
169.0 115.0 149.0 45.0
137.0 88.0 87.0 106.0
161.0 59.0 159.0 77.0
142.0 86.0 64.0 151.0
149.0 56.0 89.0 174.0
149.0 120.0 102.0 65.0
139.0 108.0 91.0 83.0
166.0 95.0 127.0 62.0
129.0 69.0 96.0 119.0
135.0 55.0 125.0 111.0
145.0 135.0 108.0 53.0
151.0 92.0 109.0 80.0
140.0 51.0 93.0 190.0
128.0 72.0 128.0 79.0
134.0 96.0 74.0 114.0
144.0 49.0 120.0 130.0
150.0 116.0 71.0 105.0
124.0 70.0 98.0 116.0
144.0 85.0 88.0 106.0
161.0 108.0 121.0 56.0
121.0 58.0 151.0 83.0
138.0 108.0 71.0 108.0
140.0 66.0 113.0 102.0
122.0 83.0 90.0 106.0
131.0 91.0 120.0 69.0
130.0 70.0 73.0 180.0
155.0 106.0 109.0 65.0
122.0 56.0 103.0 135.0
138.0 58.0 164.0 78.0
146.0 113.0 90.0 79.0
136.0 46.0 113.0 158.0
111.0 67.0 147.0 76.0
149.0 65.0 116.0 99.0
139.0 109.0 50.0 170.0
152.0 97.0 57.0 161.0
135.0 43.0 119.0 159.0
161.0 66.0 174.0 68.0
147.0 106.0 68.0 115.0
132.0 80.0 107.0 91.0
155.0 44.0 118.0 160.0
118.0 57.0 99.0 140.0
135.0 108.0 83.0 91.0
137.0 144.0 92.0 67.0
133.0 79.0 144.0 66.0
121.0 82.0 87.0 113.0
148.0 50.0 132.0 115.0
131.0 147.0 65.0 107.0
124.0 60.0 91.0 148.0
137.0 142.0 52.0 147.0
138.0 71.0 71.0 168.0
139.0 52.0 112.0 135.0
131.0 49.0 138.0 107.0
142.0 49.0 98.0 174.0
129.0 79.0 137.0 70.0
137.0 72.0 85.0 135.0
138.0 126.0 51.0 160.0
139.0 50.0 122.0 125.0
143.0 100.0 61.0 140.0
124.0 82.0 75.0 132.0
158.0 157.0 105.0 55.0
158.0 81.0 76.0 137.0
139.0 89.0 119.0 72.0
159.0 52.0 92.0 184.0
127.0 51.0 103.0 147.0
122.0 51.0 116.0 133.0
121.0 71.0 142.0 73.0
106.0 61.0 116.0 107.0
128.0 80.0 81.0 126.0
152.0 71.0 101.0 107.0
134.0 124.0 84.0 82.0
137.0 63.0 103.0 120.0
154.0 96.0 155.0 50.0
151.0 57.0 157.0 82.0
130.0 57.0 125.0 105.0
149.0 117.0 103.0 64.0
137.0 58.0 130.0 99.0
164.0 67.0 74.0 200.0
150.0 109.0 49.0 177.0
138.0 147.0 50.0 151.0
120.0 54.0 96.0 153.0
146.0 47.0 171.0 95.0
166.0 107.0 124.0 55.0
120.0 64.0 93.0 138.0
141.0 87.0 90.0 102.0
123.0 96.0 79.0 105.0
146.0 97.0 126.0 63.0
159.0 80.0 136.0 69.0
120.0 81.0 128.0 72.0
168.0 57.0 170.0 75.0
119.0 105.0 71.0 115.0
137.0 80.0 72.0 144.0
121.0 138.0 74.0 91.0
167.0 120.0 56.0 141.0
157.0 49.0 163.0 88.0
127.0 152.0 64.0 107.0
130.0 50.0 134.0 112.0
116.0 86.0 78.0 118.0
135.0 102.0 51.0 168.0
124.0 58.0 106.0 128.0
149.0 70.0 152.0 69.0
168.0 67.0 75.0 198.0
126.0 54.0 144.0 94.0
114.0 75.0 132.0 76.0
144.0 105.0 49.0 179.0
130.0 96.0 69.0 126.0
162.0 123.0 53.0 153.0
133.0 78.0 89.0 116.0
131.0 101.0 58.0 149.0
137.0 92.0 60.0 151.0
144.0 168.0 98.0 59.0
154.0 64.0 132.0 88.0
140.0 156.0 41.0 205.0
113.0 63.0 92.0 144.0
140.0 129.0 82.0 83.0
146.0 88.0 138.0 62.0
141.0 77.0 116.0 87.0
147.0 62.0 96.0 136.0
161.0 91.0 130.0 64.0
151.0 43.0 151.0 116.0
143.0 115.0 56.0 143.0
124.0 160.0 55.0 130.0
128.0 53.0 107.0 139.0
139.0 72.0 92.0 120.0
142.0 90.0 157.0 54.0
128.0 171.0 65.0 101.0
126.0 67.0 103.0 114.0
122.0 91.0 73.0 123.0
150.0 96.0 62.0 144.0
163.0 58.0 142.0 89.0
153.0 107.0 118.0 58.0
140.0 58.0 143.0 88.0
125.0 63.0 89.0 151.0
157.0 117.0 58.0 136.0
158.0 64.0 79.0 184.0
124.0 108.0 97.0 76.0
143.0 77.0 103.0 99.0
163.0 61.0 174.0 70.0
156.0 99.0 114.0 67.0
127.0 57.0 94.0 150.0
142.0 113.0 61.0 125.0
145.0 101.0 116.0 66.0
128.0 54.0 101.0 147.0
114.0 136.0 63.0 114.0
149.0 91.0 146.0 54.0
128.0 73.0 85.0 131.0
145.0 135.0 48.0 168.0
130.0 61.0 92.0 147.0
129.0 73.0 104.0 102.0
157.0 110.0 48.0 205.0
134.0 127.0 94.0 70.0
168.0 176.0 143.0 42.0
118.0 54.0 123.0 116.0
166.0 74.0 162.0 63.0
112.0 57.0 119.0 112.0
139.0 49.0 94.0 176.0
114.0 56.0 143.0 92.0
157.0 89.0 115.0 77.0
148.0 132.0 78.0 88.0
155.0 121.0 46.0 187.0
145.0 68.0 115.0 98.0
147.0 150.0 48.0 162.0
131.0 82.0 138.0 66.0
144.0 165.0 40.0 219.0
151.0 81.0 98.0 101.0
141.0 129.0 99.0 64.0
140.0 68.0 116.0 97.0
135.0 103.0 61.0 139.0
134.0 78.0 124.0 75.0
167.0 162.0 134.0 44.0
130.0 105.0 55.0 151.0
141.0 107.0 52.0 164.0
159.0 64.0 149.0 77.0
146.0 73.0 74.0 159.0
141.0 76.0 98.0 107.0
144.0 88.0 158.0 55.0
134.0 107.0 58.0 141.0
136.0 134.0 90.0 71.0
139.0 154.0 132.0 45.0
138.0 121.0 50.0 165.0
161.0 98.0 52.0 175.0
139.0 94.0 132.0 60.0
167.0 158.0 105.0 53.0
164.0 179.0 125.0 44.0
142.0 87.0 59.0 184.0
108.0 60.0 128.0 96.0
137.0 93.0 101.0 85.0
128.0 133.0 81.0 82.0
133.0 85.0 102.0 91.0
124.0 74.0 88.0 127.0
122.0 88.0 70.0 132.0
157.0 81.0 122.0 77.0
148.0 90.0 67.0 142.0
169.0 59.0 168.0 75.0
135.0 65.0 88.0 147.0
126.0 85.0 127.0 69.0
143.0 139.0 44.0 189.0
156.0 75.0 90.0 120.0
131.0 58.0 115.0 117.0
154.0 54.0 127.0 111.0
140.0 78.0 100.0 99.0
142.0 104.0 78.0 99.0
169.0 118.0 127.0 48.0
129.0 122.0 73.0 100.0
156.0 167.0 57.0 124.0
165.0 75.0 141.0 70.0
154.0 98.0 148.0 52.0
160.0 165.0 124.0 45.0
134.0 90.0 93.0 95.0
135.0 101.0 57.0 154.0
145.0 112.0 57.0 145.0
142.0 80.0 106.0 94.0
138.0 71.0 82.0 148.0
133.0 65.0 86.0 148.0
120.0 76.0 78.0 138.0
137.0 113.0 67.0 113.0
156.0 162.0 69.0 94.0
128.0 77.0 107.0 95.0
139.0 99.0 119.0 65.0
117.0 81.0 83.0 123.0
105.0 70.0 93.0 123.0
127.0 75.0 150.0 66.0
169.0 76.0 87.0 126.0
116.0 125.0 60.0 124.0
148.0 44.0 111.0 200.0
101.0 65.0 93.0 135.0
138.0 66.0 101.0 120.0
146.0 73.0 68.0 183.0
148.0 89.0 134.0 61.0
141.0 117.0 54.0 149.0
145.0 113.0 96.0 74.0
130.0 107.0 99.0 74.0
149.0 106.0 93.0 81.0
144.0 119.0 105.0 59.0
115.0 160.0 60.0 116.0
136.0 81.0 114.0 83.0
138.0 52.0 126.0 114.0
132.0 131.0 63.0 115.0
126.0 61.0 150.0 80.0
144.0 51.0 133.0 109.0
121.0 127.0 80.0 86.0
142.0 131.0 51.0 158.0
166.0 117.0 117.0 52.0
155.0 73.0 157.0 65.0
146.0 140.0 79.0 86.0
119.0 77.0 85.0 124.0
115.0 108.0 82.0 93.0
142.0 138.0 84.0 75.0
121.0 113.0 72.0 105.0
167.0 43.0 140.0 120.0
135.0 150.0 59.0 122.0
145.0 125.0 68.0 108.0
109.0 70.0 113.0 96.0
131.0 44.0 116.0 169.0
147.0 54.0 111.0 128.0
134.0 86.0 122.0 74.0
149.0 108.0 57.0 146.0
140.0 89.0 118.0 74.0
152.0 83.0 143.0 63.0
135.0 176.0 55.0 128.0
144.0 179.0 53.0 139.0
162.0 72.0 136.0 74.0
143.0 89.0 108.0 83.0
140.0 70.0 78.0 155.0
179.0 176.0 151.0 41.0
167.0 128.0 133.0 47.0
151.0 102.0 55.0 155.0
186.0 154.0 166.0 41.0
138.0 90.0 141.0 56.0
143.0 149.0 92.0 64.0
136.0 124.0 60.0 125.0
150.0 119.0 46.0 198.0
129.0 136.0 60.0 122.0
170.0 63.0 142.0 83.0
129.0 103.0 75.0 104.0
132.0 145.0 85.0 74.0
126.0 51.0 158.0 89.0
137.0 119.0 70.0 105.0
156.0 76.0 92.0 114.0
152.0 53.0 176.0 81.0
153.0 102.0 81.0 97.0
151.0 48.0 108.0 157.0
137.0 104.0 73.0 107.0
132.0 80.0 90.0 108.0
136.0 65.0 112.0 103.0
141.0 86.0 95.0 96.0
144.0 58.0 87.0 174.0
128.0 77.0 106.0 97.0
166.0 140.0 112.0 52.0
129.0 90.0 97.0 92.0
155.0 97.0 121.0 65.0
127.0 60.0 107.0 119.0
155.0 78.0 170.0 59.0
144.0 90.0 92.0 98.0
117.0 146.0 57.0 127.0
124.0 82.0 108.0 90.0
148.0 152.0 94.0 60.0
137.0 42.0 143.0 130.0
150.0 60.0 146.0 82.0
155.0 82.0 62.0 177.0
167.0 138.0 43.0 202.0
167.0 61.0 179.0 69.0
153.0 66.0 118.0 97.0
118.0 67.0 111.0 105.0
121.0 135.0 94.0 63.0
127.0 80.0 117.0 79.0
137.0 128.0 81.0 84.0
146.0 80.0 75.0 138.0
139.0 58.0 112.0 120.0
120.0 85.0 97.0 96.0
134.0 55.0 149.0 89.0
129.0 48.0 123.0 127.0
148.0 91.0 55.0 190.0
149.0 43.0 125.0 151.0
128.0 116.0 51.0 164.0
170.0 166.0 137.0 43.0
118.0 50.0 104.0 153.0
162.0 92.0 101.0 86.0
135.0 104.0 116.0 63.0
150.0 96.0 116.0 68.0
117.0 53.0 111.0 134.0
128.0 88.0 144.0 57.0
127.0 67.0 124.0 90.0
136.0 87.0 91.0 101.0
106.0 71.0 99.0 114.0
145.0 117.0 53.0 157.0
121.0 54.0 142.0 95.0
159.0 95.0 167.0 51.0
152.0 174.0 58.0 116.0
135.0 92.0 86.0 98.0
133.0 120.0 59.0 127.0
144.0 77.0 66.0 178.0
146.0 116.0 105.0 63.0
162.0 110.0 127.0 53.0
151.0 130.0 46.0 180.0
165.0 53.0 188.0 80.0
146.0 55.0 119.0 114.0
129.0 83.0 105.0 91.0
142.0 189.0 66.0 100.0
192.0 143.0 143.0 44.0
140.0 135.0 59.0 126.0
163.0 49.0 118.0 135.0
148.0 58.0 136.0 92.0
144.0 90.0 57.0 186.0
150.0 104.0 109.0 66.0
123.0 96.0 92.0 91.0
128.0 66.0 98.0 124.0
129.0 61.0 83.0 164.0
139.0 139.0 93.0 68.0
137.0 51.0 129.0 112.0
134.0 98.0 113.0 70.0
131.0 89.0 60.0 158.0
153.0 52.0 167.0 82.0
146.0 129.0 53.0 146.0
154.0 43.0 135.0 125.0
139.0 124.0 55.0 142.0
117.0 73.0 123.0 83.0
170.0 142.0 107.0 51.0
144.0 85.0 146.0 57.0
138.0 127.0 98.0 66.0
144.0 59.0 88.0 162.0
150.0 114.0 100.0 69.0
146.0 52.0 147.0 95.0
158.0 102.0 96.0 81.0
143.0 80.0 139.0 67.0
167.0 171.0 72.0 89.0
143.0 62.0 139.0 86.0
131.0 126.0 52.0 154.0
142.0 48.0 128.0 122.0
145.0 108.0 105.0 67.0
136.0 101.0 100.0 80.0
141.0 50.0 154.0 93.0
125.0 84.0 105.0 90.0
162.0 98.0 126.0 61.0
164.0 138.0 45.0 182.0
127.0 88.0 88.0 103.0
153.0 99.0 103.0 77.0
147.0 98.0 122.0 63.0
147.0 48.0 134.0 115.0
129.0 50.0 115.0 136.0
138.0 107.0 103.0 71.0
133.0 161.0 73.0 89.0
133.0 100.0 82.0 97.0
125.0 92.0 87.0 95.0
137.0 50.0 156.0 91.0
147.0 41.0 132.0 152.0
135.0 147.0 49.0 161.0
131.0 58.0 140.0 91.0
150.0 62.0 112.0 107.0
139.0 62.0 120.0 98.0
133.0 74.0 108.0 98.0
137.0 91.0 80.0 111.0
115.0 55.0 110.0 134.0
147.0 116.0 57.0 140.0
136.0 120.0 74.0 98.0
145.0 151.0 77.0 86.0
119.0 99.0 77.0 105.0
152.0 127.0 100.0 64.0
161.0 55.0 87.0 196.0
147.0 130.0 76.0 92.0
157.0 64.0 129.0 89.0
120.0 58.0 102.0 134.0
164.0 54.0 88.0 196.0
148.0 102.0 113.0 65.0
174.0 50.0 108.0 151.0
132.0 86.0 74.0 127.0
148.0 59.0 146.0 87.0
133.0 95.0 89.0 93.0
162.0 179.0 148.0 41.0
121.0 103.0 64.0 131.0
122.0 81.0 112.0 85.0
146.0 52.0 139.0 101.0
152.0 77.0 68.0 170.0
142.0 113.0 91.0 77.0
159.0 78.0 67.0 169.0
135.0 70.0 80.0 154.0
131.0 135.0 50.0 161.0
144.0 99.0 56.0 156.0
155.0 99.0 121.0 61.0
157.0 59.0 106.0 127.0
137.0 96.0 95.0 82.0
142.0 138.0 53.0 143.0
124.0 66.0 138.0 80.0
113.0 63.0 107.0 115.0
152.0 77.0 69.0 163.0
163.0 98.0 112.0 71.0
148.0 47.0 125.0 127.0
132.0 71.0 140.0 76.0
139.0 50.0 125.0 122.0
141.0 103.0 80.0 98.0
137.0 47.0 140.0 107.0
132.0 84.0 145.0 60.0
113.0 61.0 97.0 131.0
114.0 45.0 135.0 119.0
135.0 104.0 87.0 84.0
117.0 75.0 89.0 122.0
112.0 59.0 94.0 147.0
139.0 54.0 120.0 118.0
178.0 60.0 84.0 175.0
145.0 94.0 55.0 173.0
124.0 110.0 68.0 114.0
145.0 54.0 151.0 89.0
133.0 117.0 76.0 95.0
106.0 73.0 89.0 124.0
134.0 94.0 140.0 53.0
145.0 46.0 152.0 101.0
142.0 82.0 129.0 69.0
157.0 122.0 54.0 148.0
138.0 110.0 53.0 161.0
126.0 69.0 114.0 94.0
153.0 62.0 80.0 171.0
173.0 131.0 163.0 42.0
159.0 78.0 175.0 58.0
126.0 61.0 102.0 126.0
134.0 160.0 54.0 133.0
147.0 60.0 123.0 97.0
158.0 143.0 59.0 123.0
151.0 106.0 59.0 140.0
116.0 105.0 65.0 123.0
140.0 58.0 116.0 115.0
155.0 148.0 52.0 144.0
123.0 62.0 131.0 92.0
105.0 52.0 141.0 99.0
154.0 95.0 130.0 57.0
154.0 118.0 88.0 79.0
151.0 98.0 92.0 90.0
149.0 102.0 155.0 49.0
135.0 82.0 120.0 77.0
148.0 108.0 70.0 111.0
135.0 51.0 179.0 84.0
126.0 64.0 139.0 82.0
148.0 143.0 60.0 120.0
111.0 90.0 88.0 101.0
139.0 64.0 82.0 162.0
147.0 59.0 178.0 72.0
170.0 105.0 60.0 141.0
144.0 82.0 180.0 56.0
153.0 95.0 116.0 70.0
175.0 85.0 63.0 159.0
145.0 176.0 60.0 112.0
149.0 52.0 125.0 115.0
110.0 97.0 72.0 118.0
164.0 121.0 149.0 44.0
134.0 52.0 164.0 85.0
134.0 101.0 89.0 85.0
131.0 91.0 110.0 79.0
151.0 85.0 113.0 80.0
146.0 72.0 109.0 98.0
164.0 124.0 46.0 185.0
149.0 84.0 73.0 133.0
132.0 59.0 125.0 99.0
145.0 120.0 104.0 63.0
150.0 85.0 109.0 85.0
171.0 170.0 91.0 64.0
159.0 72.0 114.0 93.0
146.0 91.0 62.0 149.0
102.0 75.0 93.0 117.0
133.0 78.0 150.0 65.0
172.0 156.0 121.0 48.0
115.0 134.0 66.0 109.0
120.0 95.0 99.0 85.0
136.0 54.0 109.0 135.0
107.0 57.0 142.0 91.0
157.0 90.0 58.0 180.0
138.0 98.0 54.0 165.0
127.0 84.0 87.0 111.0
146.0 90.0 133.0 62.0
134.0 97.0 107.0 76.0
135.0 42.0 131.0 136.0
135.0 137.0 93.0 69.0
132.0 60.0 140.0 89.0
144.0 102.0 71.0 117.0
145.0 87.0 60.0 168.0
142.0 48.0 97.0 203.0
132.0 45.0 122.0 141.0
150.0 90.0 130.0 65.0
154.0 65.0 144.0 79.0
137.0 79.0 64.0 171.0
144.0 74.0 110.0 95.0
156.0 77.0 131.0 73.0
137.0 58.0 103.0 129.0
124.0 57.0 101.0 138.0
135.0 102.0 118.0 64.0
156.0 48.0 113.0 144.0
163.0 106.0 169.0 48.0
141.0 108.0 114.0 60.0
158.0 44.0 136.0 124.0
113.0 92.0 71.0 120.0
119.0 49.0 139.0 104.0
151.0 74.0 111.0 94.0
137.0 85.0 99.0 92.0
138.0 127.0 67.0 107.0
161.0 116.0 66.0 116.0
119.0 91.0 75.0 115.0
146.0 116.0 121.0 53.0
131.0 161.0 84.0 74.0
155.0 106.0 119.0 57.0
125.0 46.0 114.0 149.0
144.0 89.0 111.0 79.0
127.0 43.0 126.0 142.0
137.0 94.0 100.0 86.0
144.0 100.0 107.0 69.0
122.0 62.0 133.0 91.0
143.0 73.0 91.0 121.0
135.0 158.0 125.0 47.0
151.0 122.0 101.0 63.0
142.0 58.0 109.0 122.0
126.0 79.0 90.0 113.0
147.0 113.0 63.0 122.0
145.0 94.0 135.0 57.0
140.0 126.0 70.0 104.0
134.0 60.0 106.0 123.0
138.0 59.0 120.0 106.0
139.0 89.0 82.0 105.0
131.0 148.0 61.0 117.0
131.0 122.0 57.0 133.0
123.0 91.0 92.0 96.0
126.0 79.0 93.0 111.0
129.0 56.0 124.0 108.0
138.0 92.0 67.0 133.0
128.0 46.0 118.0 147.0
146.0 97.0 113.0 72.0
175.0 85.0 167.0 55.0
151.0 76.0 145.0 69.0
123.0 139.0 58.0 127.0
142.0 80.0 89.0 111.0
150.0 114.0 47.0 197.0
125.0 88.0 109.0 81.0
135.0 176.0 61.0 109.0
156.0 128.0 44.0 216.0
153.0 53.0 123.0 117.0
110.0 128.0 75.0 94.0
137.0 88.0 63.0 152.0
120.0 150.0 62.0 115.0
159.0 69.0 145.0 74.0
154.0 50.0 136.0 111.0
168.0 67.0 174.0 67.0
166.0 83.0 82.0 115.0
129.0 133.0 60.0 123.0
170.0 155.0 136.0 44.0
129.0 71.0 80.0 149.0
109.0 77.0 86.0 121.0
133.0 50.0 166.0 85.0
121.0 87.0 94.0 98.0
144.0 71.0 95.0 120.0
161.0 56.0 161.0 81.0
114.0 56.0 131.0 101.0
166.0 120.0 125.0 51.0
106.0 54.0 139.0 99.0
132.0 72.0 97.0 116.0
136.0 76.0 133.0 73.0
139.0 114.0 76.0 98.0
139.0 106.0 94.0 78.0
132.0 73.0 99.0 110.0
127.0 104.0 74.0 104.0
139.0 87.0 123.0 72.0
158.0 56.0 117.0 118.0
143.0 161.0 79.0 81.0
148.0 93.0 56.0 173.0
153.0 171.0 74.0 85.0
137.0 145.0 57.0 128.0
138.0 127.0 46.0 181.0
116.0 60.0 100.0 130.0
140.0 88.0 57.0 198.0
145.0 67.0 135.0 82.0
114.0 98.0 68.0 125.0
138.0 68.0 114.0 99.0
133.0 76.0 100.0 105.0
147.0 88.0 129.0 66.0
160.0 41.0 155.0 131.0
105.0 69.0 132.0 82.0
133.0 114.0 65.0 120.0
150.0 88.0 93.0 99.0
129.0 52.0 151.0 94.0
138.0 95.0 121.0 67.0
147.0 88.0 59.0 177.0
147.0 141.0 52.0 148.0
145.0 112.0 67.0 115.0
128.0 94.0 107.0 77.0
123.0 55.0 138.0 97.0
113.0 54.0 103.0 143.0
164.0 84.0 162.0 57.0
140.0 99.0 104.0 76.0
126.0 74.0 94.0 118.0
132.0 104.0 79.0 96.0
144.0 93.0 54.0 183.0
127.0 88.0 64.0 149.0
133.0 139.0 57.0 130.0
130.0 53.0 136.0 102.0
110.0 84.0 77.0 125.0
162.0 60.0 155.0 80.0
130.0 151.0 79.0 82.0
128.0 99.0 62.0 136.0
119.0 65.0 83.0 156.0
148.0 66.0 153.0 73.0
157.0 106.0 60.0 139.0
134.0 124.0 116.0 53.0
163.0 91.0 162.0 52.0
147.0 83.0 93.0 105.0
160.0 84.0 157.0 58.0
125.0 98.0 63.0 138.0
144.0 162.0 63.0 106.0
159.0 79.0 98.0 104.0
131.0 157.0 75.0 87.0
153.0 51.0 155.0 91.0
127.0 124.0 71.0 102.0
142.0 132.0 48.0 170.0
142.0 91.0 112.0 74.0
144.0 141.0 55.0 133.0
149.0 76.0 118.0 85.0
150.0 123.0 77.0 93.0
145.0 72.0 90.0 127.0
145.0 54.0 141.0 97.0
120.0 157.0 77.0 84.0
161.0 41.0 147.0 133.0
171.0 132.0 141.0 45.0
154.0 114.0 50.0 168.0
154.0 85.0 81.0 118.0
121.0 120.0 84.0 84.0
142.0 53.0 150.0 91.0
114.0 76.0 139.0 71.0
124.0 55.0 126.0 110.0
128.0 81.0 106.0 92.0
135.0 105.0 129.0 53.0
158.0 63.0 82.0 163.0
174.0 114.0 161.0 46.0
117.0 133.0 83.0 79.0
144.0 135.0 46.0 179.0
131.0 112.0 76.0 100.0
127.0 138.0 92.0 69.0
151.0 130.0 49.0 167.0
141.0 102.0 56.0 152.0
132.0 91.0 72.0 126.0
162.0 111.0 117.0 57.0
132.0 139.0 91.0 70.0
149.0 132.0 43.0 208.0
134.0 48.0 137.0 108.0
143.0 43.0 134.0 135.0
112.0 65.0 91.0 142.0
135.0 57.0 134.0 98.0
139.0 79.0 73.0 143.0
132.0 88.0 69.0 135.0
170.0 51.0 114.0 136.0
143.0 47.0 99.0 182.0
111.0 75.0 128.0 78.0
132.0 139.0 81.0 81.0
145.0 45.0 108.0 173.0
141.0 70.0 144.0 74.0
156.0 96.0 52.0 186.0
149.0 84.0 133.0 67.0
149.0 48.0 157.0 92.0
134.0 51.0 99.0 156.0
161.0 106.0 58.0 143.0
130.0 70.0 137.0 77.0
137.0 89.0 104.0 84.0
140.0 145.0 52.0 145.0
129.0 144.0 89.0 71.0
124.0 44.0 119.0 142.0
139.0 168.0 41.0 202.0
134.0 116.0 73.0 102.0
143.0 95.0 93.0 89.0
129.0 87.0 87.0 107.0
152.0 72.0 124.0 84.0
137.0 68.0 118.0 95.0
153.0 69.0 75.0 167.0
124.0 91.0 86.0 103.0
151.0 107.0 51.0 167.0
150.0 71.0 135.0 77.0
145.0 51.0 187.0 83.0
117.0 52.0 119.0 124.0
126.0 105.0 64.0 126.0
143.0 93.0 130.0 62.0
140.0 101.0 75.0 109.0
122.0 91.0 94.0 92.0
122.0 137.0 70.0 98.0
134.0 141.0 56.0 130.0
155.0 65.0 106.0 116.0
120.0 82.0 135.0 67.0
138.0 111.0 48.0 180.0
118.0 86.0 109.0 83.0
154.0 73.0 100.0 109.0
129.0 53.0 128.0 112.0
132.0 63.0 84.0 157.0
137.0 60.0 143.0 87.0
130.0 126.0 81.0 86.0
163.0 128.0 50.0 164.0
129.0 59.0 157.0 79.0
140.0 127.0 101.0 60.0
143.0 78.0 88.0 119.0
114.0 69.0 101.0 117.0
137.0 100.0 87.0 92.0
130.0 85.0 144.0 61.0
155.0 51.0 123.0 122.0
188.0 144.0 160.0 42.0
149.0 93.0 118.0 69.0
122.0 79.0 78.0 128.0
143.0 99.0 59.0 146.0
147.0 89.0 117.0 75.0
134.0 54.0 128.0 110.0
128.0 48.0 152.0 97.0
134.0 60.0 118.0 102.0
135.0 91.0 97.0 88.0
130.0 88.0 79.0 114.0
132.0 58.0 119.0 110.0
129.0 113.0 85.0 86.0
157.0 45.0 148.0 114.0
136.0 123.0 48.0 171.0
154.0 170.0 70.0 93.0
117.0 73.0 143.0 72.0
115.0 59.0 114.0 113.0
149.0 104.0 95.0 79.0
119.0 69.0 91.0 132.0
140.0 59.0 95.0 143.0
126.0 56.0 94.0 151.0
157.0 183.0 135.0 42.0
158.0 61.0 152.0 78.0
130.0 146.0 80.0 78.0
127.0 63.0 134.0 90.0
151.0 67.0 81.0 155.0
145.0 51.0 118.0 130.0
132.0 147.0 89.0 69.0
139.0 54.0 124.0 114.0
138.0 109.0 104.0 70.0
157.0 107.0 61.0 132.0
119.0 69.0 103.0 111.0
154.0 54.0 165.0 82.0
131.0 131.0 62.0 117.0
127.0 77.0 94.0 113.0
133.0 63.0 123.0 93.0
161.0 158.0 113.0 50.0
134.0 73.0 81.0 136.0
120.0 61.0 139.0 88.0
139.0 104.0 54.0 158.0
129.0 83.0 118.0 76.0
143.0 73.0 84.0 135.0
136.0 119.0 65.0 117.0
151.0 98.0 53.0 172.0
125.0 72.0 91.0 124.0
151.0 73.0 152.0 66.0
154.0 99.0 55.0 159.0
151.0 77.0 156.0 62.0
155.0 140.0 42.0 205.0
134.0 103.0 86.0 92.0
130.0 67.0 118.0 96.0
147.0 100.0 52.0 165.0
134.0 57.0 112.0 123.0
145.0 153.0 58.0 123.0
113.0 62.0 91.0 145.0
156.0 84.0 103.0 92.0
143.0 120.0 58.0 130.0
120.0 71.0 144.0 72.0
124.0 98.0 67.0 128.0
150.0 70.0 96.0 118.0
146.0 60.0 131.0 95.0
127.0 54.0 105.0 142.0
140.0 93.0 80.0 108.0
148.0 104.0 67.0 122.0
136.0 94.0 76.0 108.0
133.0 51.0 142.0 99.0
121.0 74.0 121.0 83.0
145.0 74.0 151.0 66.0
134.0 94.0 98.0 87.0
151.0 62.0 161.0 71.0
156.0 73.0 73.0 162.0
141.0 131.0 61.0 120.0
161.0 95.0 56.0 167.0
153.0 58.0 153.0 81.0
151.0 69.0 84.0 145.0
146.0 63.0 111.0 112.0
137.0 85.0 137.0 65.0
124.0 55.0 115.0 124.0
143.0 67.0 129.0 85.0
183.0 66.0 76.0 182.0
121.0 54.0 132.0 106.0
145.0 50.0 111.0 141.0
136.0 122.0 78.0 91.0
111.0 64.0 90.0 145.0
143.0 56.0 87.0 178.0
130.0 90.0 96.0 94.0
140.0 64.0 136.0 86.0
133.0 64.0 122.0 95.0
122.0 55.0 99.0 147.0
144.0 112.0 79.0 93.0
110.0 109.0 75.0 101.0
142.0 109.0 117.0 59.0
109.0 52.0 145.0 96.0
136.0 91.0 140.0 57.0
144.0 53.0 112.0 132.0
125.0 53.0 139.0 100.0
148.0 114.0 59.0 134.0
119.0 140.0 69.0 97.0
158.0 71.0 175.0 65.0
133.0 92.0 62.0 147.0
137.0 48.0 109.0 151.0
144.0 118.0 89.0 76.0
157.0 54.0 98.0 152.0
127.0 137.0 77.0 90.0
144.0 77.0 165.0 61.0
140.0 66.0 85.0 152.0
169.0 56.0 85.0 184.0
110.0 76.0 79.0 135.0
107.0 71.0 85.0 141.0
148.0 104.0 92.0 83.0
138.0 55.0 128.0 104.0
146.0 46.0 144.0 103.0
116.0 149.0 74.0 88.0
130.0 79.0 115.0 84.0
128.0 152.0 77.0 85.0
113.0 91.0 93.0 93.0
116.0 86.0 134.0 64.0
149.0 86.0 107.0 85.0
133.0 68.0 146.0 76.0
128.0 61.0 90.0 149.0
135.0 67.0 123.0 92.0
141.0 71.0 155.0 67.0
115.0 76.0 109.0 92.0
149.0 75.0 114.0 91.0
147.0 128.0 47.0 175.0
180.0 61.0 82.0 175.0
141.0 112.0 64.0 124.0
126.0 82.0 68.0 145.0
144.0 91.0 66.0 143.0
129.0 88.0 98.0 94.0
110.0 72.0 95.0 119.0
133.0 61.0 134.0 91.0
128.0 173.0 62.0 109.0
129.0 52.0 110.0 138.0
115.0 59.0 124.0 104.0
128.0 92.0 68.0 130.0
150.0 78.0 163.0 60.0
136.0 74.0 113.0 92.0
149.0 124.0 54.0 145.0
162.0 70.0 147.0 72.0
174.0 44.0 153.0 113.0
140.0 64.0 103.0 118.0
127.0 59.0 91.0 149.0
150.0 110.0 98.0 72.0
113.0 60.0 94.0 146.0
157.0 142.0 49.0 163.0
138.0 140.0 50.0 157.0
159.0 54.0 89.0 185.0
120.0 63.0 90.0 147.0
125.0 79.0 77.0 138.0
130.0 103.0 119.0 62.0
177.0 111.0 166.0 46.0
137.0 125.0 83.0 84.0
141.0 94.0 81.0 100.0
124.0 143.0 83.0 77.0
150.0 83.0 154.0 60.0
126.0 53.0 101.0 151.0
120.0 105.0 56.0 148.0
158.0 60.0 150.0 81.0
129.0 100.0 66.0 128.0
129.0 67.0 99.0 121.0
158.0 111.0 92.0 81.0
124.0 65.0 99.0 123.0
144.0 63.0 138.0 86.0
150.0 70.0 150.0 71.0
157.0 53.0 95.0 161.0
140.0 118.0 77.0 94.0
151.0 102.0 73.0 114.0
126.0 77.0 90.0 116.0
147.0 85.0 98.0 95.0
130.0 78.0 121.0 82.0
128.0 83.0 94.0 101.0
119.0 129.0 61.0 122.0
130.0 114.0 53.0 158.0
148.0 102.0 76.0 105.0
147.0 68.0 73.0 187.0
124.0 64.0 143.0 81.0
135.0 118.0 50.0 167.0
143.0 96.0 124.0 64.0
158.0 77.0 72.0 156.0
130.0 125.0 96.0 67.0
132.0 123.0 62.0 120.0
169.0 167.0 85.0 71.0
163.0 148.0 133.0 45.0
149.0 78.0 68.0 166.0
135.0 69.0 82.0 153.0
129.0 65.0 160.0 72.0
147.0 126.0 75.0 95.0
143.0 110.0 66.0 118.0
138.0 71.0 106.0 104.0
147.0 67.0 104.0 111.0
143.0 75.0 147.0 68.0
103.0 53.0 129.0 110.0
121.0 57.0 106.0 130.0
136.0 87.0 124.0 68.0
117.0 69.0 137.0 80.0
150.0 61.0 106.0 122.0
139.0 112.0 74.0 101.0
156.0 64.0 151.0 76.0
136.0 100.0 73.0 116.0
112.0 67.0 139.0 78.0
143.0 68.0 155.0 71.0
138.0 74.0 68.0 174.0
146.0 110.0 106.0 65.0
144.0 136.0 55.0 137.0
141.0 113.0 58.0 138.0
141.0 133.0 52.0 150.0
133.0 75.0 74.0 155.0
165.0 117.0 97.0 70.0
157.0 179.0 77.0 81.0
145.0 104.0 86.0 87.0
141.0 110.0 54.0 155.0
162.0 74.0 97.0 108.0
158.0 56.0 174.0 77.0
170.0 63.0 77.0 203.0
120.0 63.0 118.0 98.0
140.0 47.0 135.0 115.0
123.0 92.0 70.0 123.0
134.0 127.0 77.0 92.0
146.0 114.0 108.0 60.0
124.0 61.0 122.0 100.0
109.0 64.0 126.0 90.0
129.0 123.0 51.0 162.0
126.0 154.0 63.0 109.0
153.0 90.0 126.0 66.0
161.0 105.0 114.0 64.0
143.0 76.0 73.0 145.0
126.0 98.0 78.0 107.0
136.0 160.0 63.0 108.0
116.0 52.0 105.0 143.0
123.0 140.0 64.0 112.0
145.0 51.0 161.0 86.0
161.0 99.0 138.0 53.0
136.0 92.0 103.0 83.0
130.0 128.0 109.0 55.0
130.0 113.0 86.0 83.0
136.0 107.0 72.0 108.0
135.0 63.0 156.0 76.0
131.0 82.0 109.0 88.0
148.0 105.0 108.0 67.0
142.0 79.0 114.0 88.0
149.0 101.0 139.0 51.0
117.0 127.0 70.0 101.0
131.0 83.0 140.0 65.0
132.0 102.0 66.0 127.0
132.0 99.0 107.0 72.0
150.0 120.0 72.0 102.0
148.0 65.0 102.0 117.0
167.0 58.0 83.0 196.0
135.0 56.0 156.0 84.0
143.0 123.0 88.0 76.0
130.0 146.0 90.0 68.0
145.0 81.0 67.0 162.0
133.0 79.0 113.0 89.0
135.0 71.0 121.0 87.0
146.0 124.0 108.0 58.0
120.0 74.0 101.0 106.0
124.0 55.0 137.0 99.0
164.0 76.0 66.0 189.0
169.0 142.0 147.0 44.0
157.0 95.0 129.0 61.0
127.0 133.0 103.0 58.0
145.0 90.0 75.0 120.0
138.0 104.0 68.0 119.0
142.0 66.0 92.0 131.0
147.0 60.0 111.0 118.0
111.0 41.0 137.0 137.0
124.0 63.0 97.0 130.0
139.0 79.0 146.0 65.0
165.0 106.0 128.0 52.0
116.0 87.0 77.0 117.0
145.0 78.0 116.0 85.0
146.0 46.0 102.0 209.0
130.0 84.0 107.0 89.0
144.0 106.0 106.0 67.0
135.0 67.0 80.0 160.0
148.0 95.0 109.0 74.0
153.0 151.0 86.0 71.0
109.0 56.0 97.0 149.0
117.0 81.0 87.0 116.0
139.0 68.0 78.0 162.0
150.0 75.0 101.0 104.0
134.0 69.0 83.0 148.0
140.0 95.0 114.0 72.0
155.0 90.0 74.0 123.0
151.0 110.0 118.0 54.0
131.0 61.0 108.0 118.0
161.0 82.0 161.0 59.0
148.0 89.0 174.0 53.0
150.0 115.0 47.0 189.0
151.0 88.0 134.0 63.0
145.0 124.0 53.0 151.0
130.0 50.0 110.0 147.0
154.0 96.0 53.0 173.0
121.0 116.0 75.0 97.0
154.0 91.0 65.0 146.0
153.0 49.0 112.0 139.0
135.0 78.0 83.0 126.0
141.0 48.0 122.0 130.0
123.0 54.0 100.0 151.0
138.0 65.0 98.0 125.0
143.0 108.0 78.0 97.0
165.0 56.0 166.0 80.0
150.0 64.0 178.0 69.0
131.0 57.0 151.0 85.0
122.0 66.0 96.0 126.0
136.0 116.0 58.0 137.0
132.0 73.0 72.0 164.0
128.0 74.0 69.0 171.0
171.0 88.0 58.0 190.0
129.0 107.0 114.0 63.0
164.0 95.0 58.0 158.0
152.0 83.0 61.0 176.0
124.0 86.0 87.0 110.0
127.0 129.0 87.0 75.0
140.0 81.0 89.0 107.0
148.0 59.0 148.0 83.0
145.0 90.0 106.0 82.0
148.0 71.0 70.0 171.0
173.0 66.0 77.0 179.0
130.0 61.0 89.0 154.0
139.0 180.0 68.0 96.0
163.0 99.0 51.0 184.0
153.0 42.0 122.0 178.0
150.0 91.0 56.0 188.0
110.0 80.0 138.0 68.0
142.0 113.0 57.0 142.0
150.0 50.0 155.0 92.0
158.0 164.0 148.0 42.0
125.0 72.0 107.0 101.0
158.0 94.0 54.0 180.0
155.0 121.0 48.0 174.0
115.0 98.0 64.0 135.0
134.0 63.0 143.0 82.0
162.0 121.0 110.0 54.0
123.0 78.0 70.0 150.0
143.0 124.0 99.0 66.0
167.0 44.0 167.0 112.0
145.0 93.0 158.0 52.0
142.0 122.0 95.0 70.0
141.0 73.0 144.0 70.0
123.0 100.0 83.0 94.0
111.0 67.0 127.0 87.0
146.0 108.0 108.0 63.0
154.0 82.0 146.0 64.0
140.0 102.0 112.0 67.0
109.0 65.0 84.0 153.0
119.0 51.0 108.0 142.0
158.0 140.0 86.0 74.0
144.0 93.0 133.0 58.0
134.0 104.0 102.0 73.0
121.0 51.0 153.0 93.0
144.0 101.0 88.0 88.0
164.0 121.0 117.0 51.0
156.0 54.0 159.0 84.0
114.0 62.0 103.0 122.0
149.0 64.0 94.0 136.0
161.0 68.0 162.0 66.0
118.0 99.0 63.0 133.0
143.0 123.0 47.0 177.0
147.0 97.0 108.0 74.0
163.0 131.0 115.0 49.0
177.0 47.0 118.0 146.0
132.0 117.0 89.0 81.0
123.0 77.0 115.0 88.0
148.0 91.0 59.0 168.0
119.0 100.0 67.0 125.0
154.0 136.0 52.0 149.0
128.0 50.0 153.0 94.0
127.0 75.0 109.0 96.0
145.0 71.0 179.0 64.0
143.0 98.0 65.0 132.0
123.0 61.0 126.0 94.0
139.0 132.0 45.0 183.0
120.0 87.0 115.0 78.0
132.0 87.0 67.0 145.0
163.0 59.0 171.0 74.0
147.0 130.0 44.0 192.0
131.0 60.0 160.0 74.0
114.0 136.0 75.0 92.0
144.0 72.0 98.0 114.0
134.0 50.0 143.0 102.0
123.0 64.0 83.0 159.0
155.0 122.0 55.0 144.0
129.0 51.0 138.0 102.0
135.0 79.0 71.0 149.0
158.0 91.0 54.0 193.0
136.0 56.0 109.0 125.0
124.0 64.0 119.0 97.0
126.0 123.0 67.0 110.0
126.0 86.0 123.0 73.0
153.0 110.0 65.0 121.0
148.0 82.0 65.0 152.0
140.0 70.0 72.0 183.0
130.0 70.0 143.0 76.0
118.0 71.0 133.0 79.0
146.0 66.0 135.0 85.0
115.0 60.0 89.0 157.0
159.0 73.0 118.0 89.0
164.0 64.0 107.0 114.0
147.0 115.0 92.0 75.0
145.0 110.0 102.0 70.0
136.0 66.0 128.0 89.0
118.0 59.0 109.0 121.0
153.0 58.0 161.0 80.0
126.0 87.0 76.0 120.0
134.0 68.0 102.0 113.0
114.0 66.0 105.0 115.0
133.0 101.0 65.0 130.0
135.0 110.0 103.0 69.0
139.0 137.0 99.0 58.0
129.0 64.0 84.0 155.0
148.0 87.0 121.0 73.0
135.0 87.0 61.0 165.0
131.0 83.0 63.0 170.0
127.0 79.0 65.0 168.0
152.0 56.0 144.0 89.0
155.0 80.0 67.0 165.0
133.0 85.0 60.0 178.0
141.0 138.0 57.0 132.0
156.0 61.0 110.0 114.0
149.0 76.0 99.0 106.0
154.0 64.0 183.0 68.0
159.0 49.0 156.0 95.0
110.0 75.0 96.0 111.0
142.0 134.0 85.0 78.0
138.0 119.0 93.0 72.0
138.0 48.0 141.0 104.0
130.0 80.0 68.0 160.0
138.0 152.0 62.0 110.0
131.0 75.0 155.0 65.0
143.0 59.0 173.0 73.0
148.0 117.0 72.0 104.0
149.0 111.0 68.0 110.0
141.0 98.0 93.0 87.0
135.0 141.0 44.0 182.0
123.0 82.0 96.0 103.0
127.0 95.0 62.0 145.0
151.0 101.0 50.0 187.0
113.0 76.0 105.0 99.0
147.0 63.0 148.0 80.0
122.0 86.0 75.0 124.0
138.0 82.0 64.0 169.0
141.0 61.0 157.0 77.0
147.0 157.0 88.0 69.0
136.0 115.0 95.0 73.0
154.0 120.0 136.0 46.0
134.0 114.0 77.0 97.0
121.0 53.0 135.0 103.0
142.0 118.0 47.0 182.0
120.0 54.0 152.0 87.0
146.0 107.0 50.0 172.0
125.0 65.0 120.0 94.0
137.0 68.0 74.0 184.0
115.0 70.0 86.0 131.0
144.0 65.0 141.0 81.0
132.0 49.0 144.0 99.0
124.0 51.0 141.0 100.0
125.0 90.0 115.0 75.0
106.0 81.0 73.0 142.0
124.0 129.0 69.0 100.0
155.0 132.0 51.0 157.0
136.0 69.0 107.0 102.0
127.0 49.0 133.0 117.0
141.0 135.0 49.0 164.0
135.0 95.0 100.0 83.0
120.0 65.0 92.0 141.0
124.0 55.0 91.0 157.0
146.0 52.0 123.0 119.0
130.0 87.0 103.0 85.0
143.0 123.0 45.0 190.0
159.0 91.0 157.0 53.0
149.0 73.0 112.0 96.0
149.0 64.0 81.0 165.0
121.0 110.0 81.0 92.0
171.0 71.0 84.0 144.0
116.0 64.0 87.0 149.0
140.0 49.0 153.0 96.0
137.0 76.0 131.0 74.0
127.0 145.0 73.0 94.0
154.0 55.0 116.0 119.0
136.0 51.0 98.0 164.0
145.0 131.0 92.0 70.0
144.0 49.0 124.0 126.0
124.0 114.0 78.0 94.0
149.0 99.0 126.0 58.0
149.0 111.0 111.0 60.0
144.0 134.0 58.0 128.0
133.0 86.0 82.0 113.0
144.0 166.0 61.0 111.0
151.0 50.0 119.0 126.0
143.0 150.0 51.0 147.0
132.0 86.0 65.0 148.0
161.0 115.0 107.0 61.0
139.0 84.0 74.0 130.0
121.0 69.0 154.0 70.0
165.0 68.0 123.0 90.0
130.0 144.0 76.0 87.0
154.0 122.0 97.0 68.0
124.0 49.0 103.0 162.0
125.0 79.0 72.0 146.0
133.0 81.0 78.0 124.0
159.0 190.0 122.0 47.0
128.0 57.0 147.0 86.0
157.0 120.0 57.0 138.0
162.0 74.0 157.0 64.0
137.0 74.0 143.0 71.0
124.0 77.0 129.0 75.0
135.0 50.0 103.0 157.0
127.0 46.0 111.0 163.0
126.0 95.0 72.0 119.0
147.0 45.0 136.0 117.0
103.0 75.0 85.0 128.0
118.0 76.0 104.0 100.0
137.0 55.0 142.0 94.0
114.0 77.0 89.0 118.0
138.0 53.0 133.0 107.0
115.0 65.0 146.0 77.0
131.0 83.0 108.0 88.0
131.0 124.0 75.0 96.0
120.0 161.0 67.0 99.0
138.0 52.0 154.0 91.0
128.0 144.0 87.0 73.0
133.0 70.0 76.0 161.0
142.0 54.0 138.0 100.0
139.0 88.0 139.0 61.0
150.0 73.0 110.0 97.0
169.0 64.0 138.0 85.0
152.0 96.0 129.0 58.0
157.0 57.0 121.0 111.0
135.0 60.0 165.0 73.0
120.0 75.0 95.0 114.0
130.0 140.0 67.0 100.0
127.0 64.0 147.0 79.0
146.0 53.0 159.0 86.0
129.0 72.0 78.0 145.0
126.0 74.0 75.0 153.0
147.0 48.0 142.0 103.0
126.0 60.0 90.0 156.0
150.0 55.0 132.0 100.0
128.0 55.0 158.0 84.0
126.0 68.0 100.0 120.0
131.0 134.0 62.0 116.0
147.0 54.0 137.0 101.0
168.0 66.0 90.0 137.0
133.0 139.0 79.0 87.0
114.0 59.0 122.0 105.0
133.0 123.0 89.0 73.0
160.0 90.0 135.0 58.0
132.0 126.0 85.0 79.0
133.0 46.0 139.0 108.0
133.0 78.0 69.0 153.0
140.0 100.0 79.0 103.0
135.0 103.0 57.0 151.0
110.0 53.0 148.0 93.0
145.0 105.0 63.0 130.0
173.0 106.0 150.0 49.0
125.0 49.0 160.0 89.0
141.0 69.0 136.0 81.0
146.0 44.0 130.0 131.0
145.0 117.0 62.0 123.0
133.0 58.0 117.0 113.0
109.0 62.0 137.0 88.0
150.0 152.0 53.0 140.0
145.0 109.0 60.0 135.0
140.0 59.0 116.0 109.0
166.0 79.0 162.0 59.0
146.0 72.0 103.0 103.0
127.0 123.0 74.0 97.0
138.0 94.0 106.0 80.0
119.0 78.0 93.0 113.0
138.0 151.0 65.0 106.0
141.0 84.0 70.0 136.0
157.0 78.0 120.0 84.0
154.0 61.0 136.0 90.0
147.0 93.0 111.0 76.0
132.0 97.0 120.0 66.0
110.0 69.0 86.0 134.0
123.0 70.0 77.0 158.0
113.0 85.0 106.0 87.0
145.0 126.0 46.0 182.0
143.0 70.0 85.0 144.0
126.0 127.0 76.0 94.0
146.0 94.0 75.0 111.0
117.0 126.0 65.0 111.0
125.0 68.0 101.0 118.0
140.0 81.0 164.0 58.0
150.0 97.0 105.0 78.0
152.0 113.0 60.0 128.0
142.0 132.0 71.0 97.0
131.0 102.0 64.0 132.0
132.0 91.0 123.0 65.0
132.0 127.0 78.0 89.0
123.0 79.0 87.0 117.0
148.0 47.0 134.0 117.0
137.0 53.0 157.0 90.0
133.0 70.0 109.0 101.0
137.0 66.0 156.0 70.0
146.0 85.0 180.0 54.0
180.0 54.0 92.0 176.0
132.0 130.0 94.0 66.0
130.0 72.0 134.0 76.0
154.0 116.0 48.0 179.0
147.0 99.0 58.0 151.0
154.0 72.0 175.0 61.0
150.0 46.0 107.0 174.0
150.0 171.0 78.0 82.0
175.0 55.0 90.0 168.0
165.0 96.0 135.0 55.0
143.0 64.0 156.0 73.0
144.0 109.0 98.0 74.0
141.0 94.0 122.0 68.0
149.0 78.0 94.0 110.0
127.0 101.0 67.0 124.0
160.0 63.0 135.0 89.0
144.0 102.0 100.0 77.0
147.0 73.0 95.0 115.0
134.0 110.0 67.0 117.0
149.0 100.0 51.0 178.0
161.0 46.0 108.0 164.0
118.0 108.0 60.0 137.0
170.0 48.0 129.0 118.0
125.0 60.0 88.0 160.0
129.0 85.0 84.0 111.0
131.0 90.0 108.0 81.0
178.0 125.0 163.0 43.0
123.0 93.0 64.0 137.0
124.0 73.0 119.0 88.0
165.0 122.0 120.0 50.0
104.0 62.0 109.0 117.0
169.0 58.0 132.0 97.0
153.0 115.0 55.0 146.0
155.0 135.0 47.0 171.0
147.0 139.0 45.0 179.0
144.0 84.0 99.0 97.0
139.0 141.0 76.0 88.0
120.0 51.0 137.0 104.0
162.0 131.0 155.0 43.0
154.0 84.0 139.0 62.0
146.0 45.0 144.0 115.0
117.0 69.0 98.0 118.0
156.0 142.0 43.0 190.0
143.0 98.0 121.0 64.0
140.0 136.0 56.0 135.0
169.0 117.0 142.0 47.0
159.0 64.0 78.0 195.0
109.0 91.0 76.0 112.0
163.0 47.0 103.0 180.0
133.0 74.0 106.0 101.0
143.0 100.0 103.0 74.0
153.0 95.0 92.0 92.0
139.0 99.0 68.0 121.0
157.0 113.0 117.0 56.0
151.0 92.0 57.0 177.0
138.0 157.0 61.0 114.0
134.0 77.0 67.0 175.0
142.0 77.0 70.0 160.0
132.0 131.0 107.0 56.0
124.0 66.0 86.0 138.0
121.0 93.0 74.0 119.0
154.0 64.0 88.0 148.0
119.0 64.0 85.0 153.0
185.0 147.0 143.0 43.0
150.0 154.0 78.0 84.0
131.0 78.0 103.0 97.0
135.0 78.0 139.0 69.0
127.0 149.0 72.0 91.0
149.0 71.0 184.0 63.0
164.0 111.0 94.0 77.0
151.0 95.0 57.0 164.0
167.0 52.0 113.0 131.0
123.0 67.0 108.0 106.0
150.0 77.0 110.0 90.0
116.0 91.0 91.0 97.0
106.0 76.0 114.0 90.0
132.0 90.0 112.0 76.0
140.0 77.0 80.0 133.0
143.0 45.0 123.0 131.0
151.0 86.0 94.0 99.0
156.0 103.0 122.0 60.0
137.0 53.0 119.0 122.0
148.0 102.0 97.0 78.0
129.0 136.0 101.0 59.0
122.0 130.0 84.0 81.0
127.0 85.0 70.0 135.0
136.0 74.0 83.0 135.0
115.0 59.0 96.0 141.0
148.0 98.0 60.0 150.0
133.0 76.0 95.0 111.0
157.0 68.0 157.0 67.0
128.0 76.0 108.0 97.0
120.0 104.0 62.0 134.0
134.0 155.0 64.0 106.0
170.0 116.0 132.0 49.0
163.0 87.0 62.0 162.0
156.0 80.0 94.0 104.0
126.0 86.0 77.0 121.0
154.0 76.0 67.0 186.0
115.0 98.0 89.0 92.0
154.0 65.0 77.0 190.0
160.0 96.0 61.0 147.0
129.0 62.0 146.0 81.0
126.0 56.0 135.0 97.0
126.0 84.0 116.0 80.0
135.0 87.0 110.0 81.0
140.0 71.0 75.0 163.0
163.0 69.0 74.0 170.0
146.0 48.0 100.0 178.0
179.0 147.0 128.0 47.0
120.0 63.0 94.0 141.0
123.0 116.0 92.0 74.0
123.0 67.0 113.0 100.0
158.0 107.0 83.0 92.0
139.0 123.0 79.0 90.0
159.0 148.0 49.0 159.0
160.0 87.0 133.0 66.0
156.0 49.0 107.0 152.0
134.0 177.0 71.0 90.0
141.0 118.0 97.0 69.0
139.0 111.0 69.0 107.0
142.0 155.0 58.0 122.0
126.0 123.0 85.0 83.0
132.0 68.0 84.0 147.0
141.0 57.0 166.0 79.0
123.0 75.0 124.0 82.0
132.0 141.0 64.0 110.0
129.0 56.0 159.0 83.0
156.0 84.0 109.0 87.0
143.0 41.0 135.0 147.0
147.0 129.0 52.0 151.0
139.0 67.0 92.0 129.0
158.0 62.0 140.0 85.0
147.0 154.0 122.0 48.0
156.0 56.0 151.0 88.0
128.0 85.0 62.0 163.0
135.0 135.0 64.0 113.0
157.0 123.0 61.0 124.0
149.0 54.0 108.0 138.0
150.0 81.0 88.0 110.0
151.0 110.0 112.0 59.0
134.0 61.0 93.0 142.0
156.0 59.0 85.0 182.0
143.0 44.0 143.0 117.0
121.0 59.0 156.0 80.0
147.0 123.0 102.0 61.0
147.0 138.0 106.0 54.0
130.0 104.0 61.0 137.0
148.0 60.0 113.0 115.0
140.0 81.0 124.0 74.0
160.0 65.0 108.0 108.0
183.0 157.0 149.0 42.0
149.0 142.0 96.0 62.0
128.0 89.0 96.0 95.0
147.0 105.0 85.0 90.0
118.0 42.0 126.0 155.0
144.0 168.0 75.0 84.0
146.0 88.0 127.0 67.0
140.0 48.0 107.0 161.0
118.0 63.0 99.0 127.0
129.0 52.0 153.0 92.0
152.0 59.0 86.0 180.0
157.0 105.0 117.0 60.0
137.0 119.0 53.0 154.0
130.0 42.0 139.0 134.0
156.0 103.0 50.0 176.0
151.0 54.0 90.0 177.0
165.0 87.0 131.0 67.0
132.0 73.0 97.0 114.0
108.0 67.0 90.0 135.0
118.0 59.0 90.0 157.0
141.0 54.0 129.0 109.0
164.0 77.0 147.0 66.0
157.0 89.0 143.0 60.0
129.0 95.0 106.0 79.0
118.0 83.0 134.0 68.0
121.0 94.0 95.0 91.0
122.0 63.0 87.0 154.0
125.0 95.0 101.0 80.0
119.0 103.0 76.0 101.0
157.0 167.0 78.0 83.0
133.0 67.0 82.0 154.0
130.0 99.0 80.0 101.0
133.0 73.0 120.0 86.0
156.0 168.0 82.0 72.0
147.0 76.0 140.0 70.0
120.0 52.0 134.0 106.0
147.0 114.0 111.0 56.0
162.0 57.0 113.0 119.0
132.0 140.0 98.0 61.0
124.0 60.0 99.0 132.0
130.0 145.0 66.0 104.0
133.0 125.0 73.0 99.0
164.0 53.0 91.0 193.0
120.0 70.0 89.0 128.0
139.0 140.0 91.0 69.0
131.0 99.0 90.0 91.0
121.0 83.0 64.0 167.0
127.0 114.0 73.0 104.0
128.0 101.0 113.0 68.0
135.0 79.0 104.0 96.0
146.0 101.0 102.0 79.0
144.0 121.0 63.0 117.0
163.0 139.0 59.0 125.0
110.0 56.0 101.0 143.0
131.0 97.0 56.0 162.0
132.0 47.0 107.0 168.0
134.0 62.0 86.0 155.0
122.0 53.0 142.0 98.0
145.0 88.0 68.0 141.0
166.0 80.0 93.0 107.0
137.0 148.0 87.0 70.0
129.0 68.0 79.0 159.0
153.0 71.0 145.0 71.0
116.0 82.0 69.0 142.0
133.0 64.0 111.0 109.0
128.0 157.0 73.0 90.0
148.0 55.0 169.0 78.0
124.0 77.0 96.0 109.0
127.0 51.0 107.0 144.0
143.0 55.0 148.0 91.0
128.0 64.0 91.0 144.0
153.0 47.0 157.0 96.0
125.0 136.0 73.0 95.0
149.0 70.0 105.0 108.0
153.0 111.0 59.0 135.0
151.0 89.0 133.0 65.0
142.0 116.0 49.0 171.0
144.0 114.0 51.0 165.0
116.0 58.0 134.0 94.0
124.0 64.0 92.0 142.0
125.0 65.0 155.0 73.0
167.0 78.0 136.0 71.0
146.0 103.0 74.0 109.0
121.0 80.0 133.0 72.0
170.0 153.0 142.0 44.0
141.0 114.0 64.0 121.0
153.0 144.0 41.0 216.0
145.0 45.0 114.0 162.0
121.0 89.0 61.0 155.0
158.0 59.0 81.0 183.0
143.0 149.0 79.0 84.0
139.0 57.0 138.0 95.0
145.0 50.0 149.0 95.0
149.0 147.0 43.0 189.0
152.0 76.0 130.0 77.0
135.0 81.0 68.0 159.0
145.0 148.0 53.0 141.0
140.0 112.0 91.0 81.0
117.0 55.0 105.0 136.0
150.0 131.0 77.0 91.0
121.0 91.0 106.0 81.0
168.0 94.0 53.0 183.0
110.0 134.0 88.0 72.0
155.0 178.0 79.0 79.0
148.0 57.0 159.0 81.0
166.0 43.0 148.0 118.0
168.0 107.0 138.0 48.0
143.0 50.0 128.0 116.0
156.0 66.0 140.0 78.0
124.0 78.0 75.0 142.0
141.0 134.0 61.0 119.0
115.0 70.0 122.0 86.0
141.0 105.0 101.0 72.0
143.0 57.0 140.0 93.0
148.0 88.0 163.0 54.0
118.0 59.0 112.0 119.0
121.0 98.0 69.0 123.0
155.0 84.0 135.0 66.0
134.0 136.0 46.0 178.0
137.0 126.0 53.0 148.0
130.0 57.0 137.0 96.0
121.0 80.0 111.0 88.0
148.0 127.0 56.0 137.0
129.0 131.0 86.0 77.0
143.0 70.0 103.0 110.0
151.0 75.0 70.0 163.0
134.0 85.0 89.0 103.0
138.0 86.0 119.0 75.0
128.0 63.0 105.0 119.0
137.0 52.0 144.0 98.0
143.0 86.0 81.0 116.0
135.0 108.0 67.0 118.0
181.0 143.0 135.0 45.0
150.0 125.0 52.0 156.0
130.0 50.0 99.0 161.0
149.0 117.0 81.0 88.0
147.0 49.0 106.0 153.0
150.0 64.0 95.0 130.0
134.0 75.0 88.0 123.0
137.0 83.0 73.0 135.0
129.0 79.0 74.0 140.0
122.0 57.0 89.0 169.0
118.0 73.0 135.0 74.0
134.0 104.0 100.0 76.0
145.0 62.0 135.0 90.0
125.0 86.0 100.0 89.0
145.0 84.0 126.0 71.0
128.0 142.0 65.0 109.0
155.0 72.0 127.0 82.0
138.0 77.0 136.0 72.0
123.0 61.0 103.0 125.0
137.0 100.0 53.0 162.0
112.0 63.0 136.0 88.0
139.0 69.0 119.0 89.0
153.0 97.0 114.0 70.0
143.0 85.0 120.0 75.0
119.0 61.0 84.0 161.0
150.0 110.0 115.0 58.0
129.0 137.0 48.0 167.0
152.0 140.0 102.0 56.0
133.0 93.0 63.0 140.0
118.0 65.0 90.0 143.0
122.0 47.0 147.0 100.0
117.0 85.0 71.0 132.0
114.0 66.0 124.0 92.0
137.0 69.0 151.0 72.0
154.0 135.0 105.0 57.0
120.0 79.0 96.0 106.0
122.0 161.0 75.0 86.0
156.0 73.0 169.0 64.0
122.0 87.0 68.0 142.0
139.0 157.0 71.0 93.0
172.0 67.0 179.0 66.0
134.0 93.0 55.0 180.0
138.0 75.0 139.0 73.0
102.0 82.0 84.0 115.0
132.0 47.0 109.0 160.0
133.0 74.0 92.0 119.0
124.0 65.0 107.0 113.0
150.0 72.0 170.0 62.0
132.0 86.0 68.0 144.0
147.0 157.0 56.0 128.0
143.0 143.0 78.0 85.0
151.0 65.0 154.0 74.0
148.0 148.0 85.0 73.0
161.0 59.0 167.0 76.0
144.0 81.0 169.0 57.0
144.0 81.0 143.0 65.0
130.0 157.0 57.0 125.0
142.0 94.0 59.0 162.0
144.0 82.0 61.0 191.0
170.0 79.0 167.0 58.0
147.0 96.0 94.0 85.0
146.0 70.0 134.0 81.0
151.0 79.0 94.0 108.0
129.0 72.0 82.0 138.0
138.0 94.0 111.0 73.0
136.0 55.0 89.0 184.0
170.0 57.0 110.0 124.0
116.0 90.0 99.0 90.0
141.0 64.0 102.0 121.0
144.0 81.0 135.0 69.0
150.0 112.0 128.0 51.0
122.0 84.0 115.0 82.0
136.0 73.0 69.0 180.0
119.0 73.0 94.0 119.0
141.0 174.0 60.0 113.0
118.0 77.0 108.0 92.0
179.0 48.0 103.0 171.0
132.0 102.0 72.0 116.0
154.0 69.0 90.0 133.0
172.0 61.0 79.0 191.0
111.0 70.0 83.0 145.0
140.0 143.0 58.0 125.0
146.0 69.0 78.0 156.0
147.0 77.0 143.0 67.0
163.0 82.0 111.0 86.0
151.0 140.0 43.0 201.0
119.0 48.0 115.0 142.0
128.0 127.0 68.0 104.0
117.0 119.0 72.0 103.0
134.0 88.0 110.0 80.0
152.0 81.0 130.0 70.0
