77.0 139.0 153.0 60.0
59.0 144.0 161.0 68.0
81.0 115.0 170.0 67.0
89.0 141.0 138.0 52.0
106.0 135.0 152.0 48.0
77.0 77.0 135.0 111.0
126.0 43.0 148.0 132.0
104.0 65.0 142.0 98.0
79.0 124.0 154.0 64.0
58.0 121.0 153.0 84.0
111.0 117.0 156.0 52.0
113.0 113.0 153.0 53.0
146.0 104.0 149.0 50.0
100.0 119.0 142.0 56.0
98.0 61.0 149.0 111.0
124.0 83.0 164.0 68.0
138.0 72.0 150.0 71.0
85.0 69.0 146.0 107.0
57.0 159.0 151.0 64.0
104.0 54.0 151.0 119.0
109.0 53.0 143.0 111.0
111.0 106.0 116.0 58.0
45.0 147.0 158.0 97.0
100.0 101.0 162.0 67.0
130.0 56.0 152.0 90.0
58.0 115.0 162.0 89.0
58.0 135.0 156.0 72.0
96.0 75.0 143.0 90.0
157.0 51.0 162.0 90.0
68.0 171.0 150.0 57.0
128.0 45.0 139.0 123.0
148.0 38.0 141.0 161.0
92.0 62.0 167.0 115.0
50.0 145.0 159.0 76.0
131.0 113.0 139.0 48.0
127.0 106.0 158.0 53.0
123.0 104.0 164.0 54.0
80.0 86.0 166.0 89.0
53.0 94.0 160.0 142.0
55.0 104.0 160.0 108.0
105.0 86.0 164.0 72.0
63.0 130.0 123.0 72.0
63.0 114.0 176.0 80.0
159.0 41.0 151.0 117.0
86.0 59.0 138.0 129.0
119.0 128.0 123.0 44.0
110.0 55.0 147.0 106.0
87.0 172.0 155.0 47.0
79.0 78.0 137.0 98.0
89.0 77.0 140.0 91.0
59.0 127.0 161.0 74.0
48.0 110.0 156.0 178.0
129.0 69.0 140.0 76.0
79.0 140.0 153.0 58.0
113.0 150.0 157.0 42.0
77.0 84.0 130.0 97.0
127.0 67.0 164.0 80.0
88.0 132.0 134.0 54.0
79.0 104.0 157.0 74.0
181.0 40.0 172.0 110.0
45.0 156.0 153.0 84.0
103.0 79.0 141.0 82.0
120.0 99.0 136.0 58.0
147.0 39.0 142.0 146.0
63.0 77.0 148.0 150.0
44.0 148.0 123.0 103.0
59.0 93.0 145.0 120.0
86.0 105.0 151.0 70.0
144.0 39.0 127.0 155.0
79.0 55.0 141.0 151.0
151.0 42.0 151.0 111.0
66.0 139.0 145.0 67.0
102.0 61.0 144.0 101.0
135.0 68.0 163.0 74.0
62.0 117.0 159.0 79.0
53.0 162.0 145.0 68.0
102.0 57.0 149.0 106.0
97.0 96.0 169.0 70.0
94.0 117.0 147.0 60.0
96.0 70.0 160.0 95.0
175.0 39.0 156.0 116.0
110.0 48.0 158.0 137.0
103.0 91.0 164.0 72.0
62.0 140.0 147.0 68.0
94.0 66.0 145.0 104.0
97.0 52.0 125.0 139.0
87.0 142.0 157.0 52.0
118.0 45.0 160.0 144.0
57.0 143.0 160.0 72.0
73.0 54.0 145.0 161.0
109.0 125.0 152.0 49.0
110.0 66.0 134.0 88.0
96.0 48.0 138.0 151.0
69.0 142.0 142.0 63.0
118.0 79.0 164.0 72.0
61.0 85.0 153.0 140.0
47.0 164.0 138.0 75.0
116.0 70.0 147.0 83.0
45.0 150.0 142.0 95.0
94.0 153.0 142.0 46.0
115.0 53.0 154.0 110.0
122.0 64.0 151.0 84.0
59.0 81.0 145.0 160.0
114.0 104.0 152.0 59.0
154.0 51.0 165.0 91.0
115.0 59.0 142.0 92.0
141.0 56.0 136.0 84.0
148.0 93.0 151.0 54.0
61.0 98.0 165.0 103.0
148.0 40.0 159.0 132.0
89.0 65.0 129.0 111.0
98.0 73.0 123.0 90.0
127.0 91.0 156.0 62.0
144.0 45.0 146.0 110.0
100.0 129.0 128.0 51.0
77.0 85.0 162.0 95.0
134.0 107.0 144.0 50.0
59.0 125.0 140.0 76.0
64.0 80.0 137.0 140.0
62.0 130.0 181.0 73.0
50.0 106.0 139.0 132.0
142.0 61.0 148.0 79.0
68.0 136.0 161.0 65.0
77.0 154.0 144.0 54.0
122.0 84.0 126.0 67.0
136.0 173.0 138.0 39.0
89.0 97.0 164.0 75.0
112.0 62.0 149.0 94.0
120.0 138.0 127.0 42.0
80.0 92.0 159.0 84.0
118.0 118.0 130.0 49.0
97.0 84.0 177.0 76.0
145.0 51.0 159.0 96.0
53.0 88.0 142.0 155.0
146.0 103.0 148.0 51.0
74.0 151.0 124.0 55.0
50.0 120.0 149.0 98.0
119.0 157.0 136.0 40.0
55.0 88.0 150.0 149.0
51.0 112.0 155.0 107.0
45.0 133.0 128.0 135.0
96.0 57.0 145.0 117.0
93.0 111.0 154.0 64.0
140.0 84.0 161.0 61.0
64.0 152.0 140.0 61.0
79.0 75.0 151.0 103.0
150.0 64.0 156.0 73.0
107.0 54.0 156.0 116.0
129.0 89.0 139.0 61.0
87.0 58.0 137.0 132.0
132.0 134.0 140.0 42.0
107.0 125.0 139.0 51.0
46.0 143.0 135.0 87.0
116.0 47.0 147.0 133.0
72.0 88.0 168.0 99.0
91.0 49.0 142.0 163.0
51.0 110.0 148.0 109.0
97.0 80.0 143.0 86.0
156.0 53.0 169.0 82.0
84.0 127.0 157.0 59.0
133.0 40.0 156.0 160.0
50.0 160.0 142.0 71.0
94.0 84.0 182.0 78.0
109.0 152.0 141.0 42.0
66.0 86.0 141.0 111.0
131.0 79.0 165.0 66.0
175.0 37.0 157.0 149.0
43.0 161.0 163.0 96.0
172.0 51.0 171.0 88.0
76.0 85.0 174.0 97.0
104.0 45.0 143.0 166.0
110.0 136.0 151.0 46.0
157.0 111.0 147.0 46.0
103.0 60.0 143.0 102.0
109.0 80.0 178.0 77.0
43.0 143.0 147.0 129.0
104.0 84.0 171.0 74.0
120.0 43.0 135.0 144.0
145.0 111.0 124.0 48.0
46.0 146.0 146.0 82.0
84.0 94.0 187.0 77.0
120.0 66.0 157.0 83.0
79.0 96.0 159.0 82.0
84.0 79.0 133.0 94.0
74.0 119.0 177.0 70.0
67.0 96.0 148.0 96.0
76.0 111.0 186.0 72.0
93.0 53.0 145.0 135.0
117.0 103.0 139.0 57.0
80.0 61.0 135.0 126.0
111.0 43.0 131.0 169.0
87.0 127.0 152.0 57.0
55.0 123.0 159.0 81.0
52.0 94.0 156.0 148.0
118.0 43.0 122.0 150.0
123.0 93.0 134.0 60.0
107.0 93.0 151.0 67.0
160.0 81.0 147.0 60.0
88.0 54.0 156.0 143.0
155.0 100.0 160.0 52.0
68.0 74.0 132.0 131.0
55.0 91.0 161.0 142.0
82.0 54.0 142.0 144.0
65.0 108.0 160.0 83.0
69.0 111.0 146.0 79.0
96.0 101.0 175.0 68.0
51.0 170.0 144.0 68.0
100.0 77.0 143.0 86.0
58.0 133.0 164.0 75.0
173.0 40.0 131.0 116.0
96.0 54.0 160.0 132.0
52.0 100.0 149.0 143.0
159.0 38.0 156.0 138.0
133.0 89.0 140.0 60.0
80.0 103.0 175.0 76.0
99.0 91.0 140.0 73.0
100.0 61.0 141.0 108.0
110.0 76.0 139.0 79.0
119.0 84.0 164.0 68.0
122.0 59.0 157.0 91.0
137.0 55.0 161.0 91.0
155.0 50.0 137.0 94.0
49.0 147.0 142.0 78.0
101.0 58.0 155.0 111.0
70.0 95.0 145.0 95.0
93.0 78.0 164.0 89.0
85.0 73.0 140.0 100.0
74.0 106.0 164.0 78.0
78.0 101.0 161.0 77.0
126.0 113.0 139.0 50.0
87.0 88.0 181.0 80.0
146.0 52.0 164.0 89.0
71.0 60.0 132.0 153.0
70.0 98.0 150.0 86.0
49.0 114.0 171.0 122.0
45.0 136.0 114.0 131.0
92.0 53.0 141.0 141.0
144.0 50.0 141.0 98.0
69.0 67.0 123.0 145.0
66.0 174.0 150.0 59.0
55.0 148.0 152.0 71.0
145.0 53.0 159.0 91.0
129.0 86.0 164.0 62.0
146.0 47.0 151.0 105.0
121.0 71.0 149.0 77.0
47.0 129.0 151.0 105.0
63.0 93.0 165.0 103.0
123.0 112.0 134.0 52.0
121.0 104.0 163.0 56.0
101.0 50.0 155.0 141.0
72.0 73.0 137.0 122.0
85.0 166.0 137.0 48.0
77.0 115.0 149.0 69.0
87.0 87.0 139.0 85.0
127.0 52.0 139.0 103.0
86.0 51.0 152.0 155.0
78.0 80.0 153.0 98.0
74.0 107.0 185.0 76.0
159.0 39.0 151.0 122.0
115.0 50.0 144.0 118.0
162.0 47.0 163.0 96.0
157.0 48.0 147.0 93.0
42.0 156.0 138.0 115.0
91.0 137.0 135.0 53.0
64.0 86.0 152.0 112.0
48.0 114.0 126.0 154.0
84.0 93.0 171.0 80.0
72.0 123.0 187.0 68.0
83.0 149.0 133.0 51.0
60.0 96.0 156.0 115.0
133.0 74.0 165.0 66.0
105.0 90.0 146.0 71.0
59.0 118.0 151.0 79.0
130.0 112.0 145.0 50.0
78.0 65.0 126.0 132.0
138.0 41.0 155.0 136.0
49.0 115.0 164.0 118.0
102.0 68.0 143.0 89.0
163.0 38.0 153.0 136.0
55.0 117.0 148.0 92.0
72.0 65.0 139.0 149.0
82.0 116.0 144.0 66.0
128.0 43.0 161.0 126.0
115.0 42.0 121.0 172.0
105.0 110.0 136.0 55.0
66.0 114.0 164.0 78.0
144.0 44.0 161.0 114.0
80.0 106.0 188.0 73.0
48.0 124.0 151.0 115.0
62.0 86.0 140.0 130.0
44.0 138.0 141.0 131.0
49.0 104.0 133.0 160.0
61.0 95.0 149.0 111.0
50.0 109.0 150.0 125.0
134.0 91.0 153.0 59.0
79.0 87.0 143.0 93.0
86.0 92.0 178.0 81.0
124.0 60.0 140.0 89.0
116.0 77.0 159.0 75.0
96.0 121.0 145.0 56.0
131.0 98.0 157.0 55.0
170.0 48.0 160.0 90.0
49.0 148.0 143.0 77.0
130.0 67.0 162.0 76.0
73.0 65.0 126.0 141.0
71.0 81.0 155.0 109.0
106.0 45.0 140.0 165.0
97.0 106.0 128.0 64.0
120.0 77.0 144.0 72.0
97.0 68.0 157.0 95.0
77.0 102.0 161.0 79.0
57.0 115.0 169.0 91.0
104.0 78.0 149.0 82.0
132.0 91.0 156.0 60.0
108.0 137.0 137.0 47.0
62.0 145.0 134.0 63.0
84.0 136.0 125.0 57.0
42.0 158.0 166.0 103.0
91.0 91.0 170.0 77.0
47.0 136.0 145.0 95.0
54.0 92.0 136.0 144.0
139.0 99.0 166.0 54.0
63.0 81.0 127.0 134.0
97.0 153.0 153.0 45.0
68.0 79.0 130.0 124.0
100.0 136.0 142.0 49.0
80.0 129.0 163.0 60.0
93.0 83.0 148.0 83.0
83.0 86.0 161.0 87.0
70.0 126.0 177.0 68.0
148.0 43.0 146.0 114.0
115.0 47.0 144.0 134.0
112.0 51.0 155.0 111.0
77.0 63.0 146.0 136.0
146.0 39.0 146.0 148.0
91.0 114.0 153.0 62.0
82.0 57.0 133.0 138.0
53.0 104.0 170.0 115.0
99.0 142.0 143.0 45.0
120.0 115.0 127.0 51.0
103.0 119.0 134.0 53.0
102.0 128.0 161.0 51.0
100.0 116.0 140.0 58.0
101.0 138.0 140.0 46.0
66.0 67.0 146.0 155.0
107.0 102.0 152.0 63.0
109.0 49.0 163.0 124.0
159.0 110.0 146.0 46.0
78.0 69.0 153.0 119.0
78.0 118.0 163.0 67.0
152.0 72.0 175.0 67.0
71.0 137.0 164.0 62.0
158.0 71.0 168.0 67.0
97.0 61.0 162.0 112.0
159.0 44.0 144.0 107.0
153.0 79.0 171.0 61.0
89.0 62.0 138.0 117.0
126.0 42.0 127.0 147.0
71.0 119.0 158.0 71.0
81.0 67.0 170.0 116.0
122.0 70.0 149.0 80.0
70.0 132.0 146.0 66.0
62.0 99.0 136.0 100.0
163.0 40.0 128.0 120.0
59.0 106.0 147.0 94.0
165.0 37.0 160.0 155.0
136.0 70.0 162.0 73.0
72.0 113.0 163.0 73.0
116.0 132.0 132.0 45.0
150.0 41.0 146.0 126.0
115.0 69.0 132.0 84.0
69.0 101.0 141.0 89.0
67.0 71.0 137.0 143.0
92.0 60.0 168.0 117.0
59.0 139.0 186.0 71.0
59.0 94.0 172.0 119.0
62.0 87.0 153.0 127.0
83.0 89.0 154.0 86.0
157.0 53.0 150.0 81.0
98.0 128.0 145.0 53.0
90.0 55.0 131.0 138.0
97.0 82.0 150.0 82.0
88.0 53.0 143.0 146.0
77.0 141.0 152.0 59.0
134.0 100.0 146.0 54.0
107.0 98.0 156.0 65.0
68.0 95.0 152.0 96.0
102.0 77.0 151.0 83.0
59.0 116.0 140.0 87.0
57.0 101.0 174.0 118.0
57.0 82.0 133.0 169.0
89.0 60.0 156.0 122.0
64.0 71.0 137.0 161.0
44.0 140.0 121.0 119.0
106.0 168.0 123.0 42.0
120.0 42.0 140.0 160.0
61.0 171.0 149.0 61.0
148.0 67.0 174.0 69.0
58.0 127.0 195.0 77.0
108.0 65.0 144.0 96.0
71.0 57.0 141.0 159.0
56.0 113.0 165.0 97.0
97.0 63.0 137.0 104.0
91.0 111.0 161.0 65.0
144.0 49.0 162.0 99.0
71.0 118.0 142.0 74.0
58.0 104.0 144.0 102.0
81.0 57.0 152.0 149.0
158.0 66.0 170.0 68.0
56.0 93.0 149.0 132.0
51.0 142.0 153.0 78.0
156.0 59.0 156.0 74.0
86.0 60.0 154.0 127.0
61.0 96.0 154.0 107.0
49.0 132.0 157.0 83.0
92.0 81.0 155.0 85.0
68.0 63.0 141.0 178.0
78.0 89.0 166.0 91.0
136.0 53.0 163.0 96.0
68.0 107.0 163.0 82.0
77.0 107.0 142.0 74.0
132.0 41.0 132.0 155.0
66.0 72.0 147.0 151.0
70.0 121.0 187.0 71.0
107.0 129.0 155.0 48.0
132.0 60.0 162.0 84.0
80.0 83.0 177.0 93.0
64.0 150.0 119.0 62.0
65.0 143.0 164.0 65.0
77.0 120.0 150.0 65.0
119.0 69.0 144.0 83.0
47.0 120.0 140.0 147.0
84.0 63.0 166.0 124.0
84.0 90.0 180.0 84.0
102.0 125.0 125.0 52.0
134.0 39.0 137.0 172.0
153.0 48.0 142.0 100.0
88.0 102.0 166.0 70.0
138.0 47.0 156.0 106.0
140.0 57.0 157.0 83.0
138.0 59.0 149.0 83.0
63.0 126.0 170.0 74.0
96.0 131.0 148.0 51.0
78.0 135.0 173.0 60.0
107.0 48.0 140.0 139.0
115.0 76.0 155.0 76.0
88.0 115.0 156.0 63.0
103.0 67.0 165.0 95.0
167.0 90.0 173.0 56.0
86.0 63.0 137.0 121.0
55.0 87.0 148.0 163.0
117.0 82.0 165.0 72.0
126.0 78.0 164.0 68.0
55.0 173.0 153.0 65.0
113.0 64.0 142.0 92.0
125.0 42.0 160.0 148.0
97.0 92.0 171.0 71.0
155.0 94.0 152.0 53.0
61.0 90.0 168.0 126.0
116.0 97.0 133.0 62.0
124.0 119.0 133.0 46.0
46.0 148.0 153.0 80.0
55.0 86.0 141.0 170.0
99.0 61.0 132.0 110.0
120.0 105.0 151.0 55.0
132.0 72.0 162.0 74.0
147.0 99.0 142.0 53.0
153.0 59.0 181.0 76.0
50.0 137.0 176.0 82.0
68.0 94.0 157.0 102.0
48.0 132.0 157.0 100.0
140.0 79.0 153.0 62.0
52.0 118.0 169.0 91.0
163.0 86.0 167.0 57.0
149.0 86.0 146.0 59.0
86.0 77.0 166.0 94.0
110.0 103.0 159.0 60.0
132.0 103.0 157.0 54.0
89.0 169.0 141.0 46.0
51.0 102.0 142.0 136.0
125.0 113.0 149.0 51.0
66.0 132.0 187.0 68.0
97.0 83.0 161.0 79.0
124.0 55.0 141.0 96.0
104.0 70.0 154.0 85.0
103.0 80.0 157.0 79.0
126.0 45.0 148.0 127.0
90.0 96.0 183.0 74.0
69.0 175.0 138.0 56.0
54.0 107.0 173.0 112.0
46.0 130.0 129.0 120.0
53.0 108.0 164.0 101.0
109.0 92.0 145.0 66.0
99.0 81.0 184.0 83.0
48.0 123.0 135.0 118.0
55.0 94.0 161.0 136.0
92.0 50.0 136.0 156.0
105.0 104.0 146.0 62.0
40.0 163.0 129.0 107.0
94.0 136.0 139.0 51.0
120.0 67.0 139.0 81.0
92.0 67.0 138.0 96.0
74.0 108.0 163.0 73.0
71.0 109.0 191.0 77.0
49.0 125.0 137.0 99.0
97.0 126.0 157.0 54.0
83.0 65.0 171.0 123.0
101.0 101.0 146.0 65.0
114.0 68.0 136.0 87.0
117.0 152.0 151.0 41.0
55.0 124.0 175.0 78.0
59.0 117.0 158.0 85.0
144.0 40.0 154.0 146.0
85.0 117.0 158.0 64.0
62.0 80.0 167.0 147.0
112.0 57.0 138.0 102.0
105.0 133.0 150.0 49.0
102.0 134.0 125.0 49.0
112.0 46.0 154.0 142.0
89.0 164.0 145.0 47.0
109.0 63.0 145.0 98.0
155.0 104.0 148.0 49.0
130.0 73.0 150.0 72.0
113.0 135.0 131.0 44.0
99.0 129.0 150.0 52.0
97.0 70.0 136.0 92.0
87.0 69.0 131.0 99.0
108.0 50.0 171.0 128.0
109.0 93.0 156.0 65.0
118.0 99.0 134.0 60.0
92.0 97.0 160.0 73.0
81.0 56.0 161.0 150.0
129.0 101.0 150.0 55.0
55.0 103.0 177.0 115.0
96.0 145.0 131.0 48.0
115.0 43.0 127.0 160.0
116.0 83.0 147.0 71.0
129.0 50.0 173.0 108.0
94.0 108.0 151.0 64.0
78.0 91.0 163.0 88.0
141.0 42.0 162.0 115.0
63.0 86.0 145.0 125.0
58.0 93.0 171.0 123.0
76.0 117.0 177.0 68.0
117.0 110.0 136.0 54.0
62.0 137.0 159.0 69.0
95.0 97.0 171.0 71.0
90.0 51.0 153.0 148.0
108.0 106.0 154.0 59.0
156.0 86.0 134.0 58.0
65.0 74.0 136.0 142.0
142.0 105.0 151.0 51.0
112.0 69.0 144.0 87.0
88.0 145.0 147.0 51.0
106.0 108.0 133.0 59.0
115.0 57.0 142.0 97.0
96.0 47.0 147.0 154.0
112.0 43.0 115.0 165.0
151.0 39.0 125.0 140.0
70.0 88.0 154.0 107.0
126.0 102.0 138.0 55.0
101.0 49.0 137.0 142.0
115.0 48.0 166.0 121.0
62.0 90.0 143.0 118.0
94.0 60.0 145.0 114.0
127.0 53.0 169.0 101.0
54.0 99.0 159.0 124.0
58.0 90.0 160.0 130.0
72.0 75.0 144.0 120.0
151.0 97.0 145.0 53.0
87.0 64.0 139.0 119.0
48.0 112.0 145.0 160.0
115.0 87.0 160.0 70.0
75.0 168.0 148.0 53.0
102.0 54.0 139.0 121.0
86.0 137.0 148.0 56.0
85.0 102.0 158.0 73.0
129.0 67.0 158.0 79.0
128.0 82.0 150.0 67.0
98.0 49.0 125.0 147.0
68.0 67.0 147.0 151.0
133.0 118.0 146.0 47.0
150.0 101.0 149.0 52.0
112.0 134.0 130.0 45.0
120.0 101.0 155.0 57.0
46.0 136.0 119.0 104.0
125.0 103.0 161.0 55.0
77.0 96.0 162.0 83.0
86.0 130.0 143.0 58.0
84.0 65.0 159.0 119.0
126.0 57.0 146.0 91.0
177.0 55.0 181.0 80.0
86.0 100.0 177.0 74.0
154.0 54.0 164.0 87.0
57.0 91.0 156.0 135.0
150.0 102.0 146.0 50.0
41.0 159.0 132.0 111.0
57.0 85.0 147.0 153.0
136.0 40.0 139.0 155.0
71.0 143.0 143.0 59.0
105.0 91.0 180.0 69.0
118.0 93.0 153.0 63.0
154.0 41.0 140.0 121.0
125.0 58.0 147.0 90.0
81.0 80.0 144.0 96.0
110.0 84.0 172.0 72.0
62.0 144.0 141.0 67.0
111.0 80.0 164.0 76.0
123.0 41.0 120.0 168.0
68.0 129.0 155.0 67.0
107.0 96.0 158.0 66.0
69.0 84.0 144.0 111.0
56.0 116.0 149.0 89.0
60.0 117.0 162.0 80.0
48.0 120.0 167.0 133.0
101.0 99.0 158.0 67.0
77.0 69.0 153.0 124.0
87.0 100.0 176.0 73.0
67.0 123.0 157.0 69.0
45.0 141.0 144.0 109.0
143.0 87.0 147.0 60.0
93.0 104.0 170.0 67.0
102.0 115.0 135.0 58.0
152.0 73.0 156.0 66.0
130.0 40.0 143.0 161.0
80.0 143.0 148.0 57.0
57.0 96.0 144.0 120.0
115.0 63.0 159.0 91.0
56.0 87.0 153.0 155.0
127.0 48.0 155.0 111.0
116.0 94.0 141.0 63.0
113.0 65.0 165.0 90.0
72.0 84.0 160.0 107.0
71.0 129.0 150.0 65.0
71.0 115.0 168.0 75.0
51.0 107.0 141.0 115.0
165.0 46.0 145.0 93.0
158.0 47.0 150.0 99.0
69.0 91.0 148.0 96.0
113.0 48.0 153.0 127.0
135.0 85.0 153.0 62.0
138.0 39.0 120.0 166.0
165.0 72.0 169.0 66.0
56.0 129.0 163.0 76.0
80.0 68.0 146.0 120.0
75.0 156.0 140.0 54.0
66.0 85.0 143.0 120.0
168.0 43.0 168.0 103.0
71.0 157.0 126.0 56.0
88.0 48.0 112.0 169.0
46.0 142.0 142.0 91.0
128.0 42.0 166.0 142.0
114.0 46.0 152.0 140.0
146.0 86.0 154.0 60.0
64.0 82.0 158.0 126.0
116.0 88.0 146.0 64.0
106.0 83.0 154.0 76.0
84.0 60.0 135.0 132.0
73.0 118.0 166.0 72.0
63.0 142.0 151.0 66.0
117.0 132.0 126.0 43.0
158.0 82.0 148.0 60.0
139.0 49.0 151.0 101.0
135.0 97.0 148.0 56.0
148.0 75.0 156.0 64.0
43.0 174.0 156.0 89.0
112.0 115.0 131.0 53.0
49.0 112.0 153.0 125.0
106.0 54.0 159.0 117.0
158.0 84.0 165.0 58.0
103.0 103.0 147.0 63.0
155.0 84.0 178.0 60.0
94.0 140.0 146.0 49.0
99.0 46.0 147.0 160.0
78.0 93.0 167.0 85.0
151.0 66.0 153.0 72.0
104.0 141.0 123.0 45.0
131.0 107.0 132.0 52.0
70.0 81.0 137.0 116.0
149.0 44.0 155.0 112.0
63.0 132.0 192.0 70.0
91.0 143.0 132.0 51.0
78.0 60.0 155.0 146.0
92.0 120.0 133.0 58.0
94.0 99.0 172.0 71.0
76.0 62.0 142.0 142.0
98.0 51.0 161.0 142.0
118.0 54.0 146.0 107.0
84.0 138.0 147.0 56.0
50.0 104.0 130.0 139.0
89.0 118.0 154.0 59.0
58.0 145.0 174.0 70.0
94.0 91.0 165.0 75.0
108.0 55.0 164.0 109.0
79.0 74.0 142.0 109.0
121.0 52.0 158.0 107.0
137.0 48.0 144.0 107.0
65.0 107.0 146.0 85.0
130.0 55.0 155.0 95.0
49.0 152.0 159.0 75.0
78.0 136.0 157.0 59.0
96.0 129.0 155.0 54.0
96.0 82.0 149.0 83.0
93.0 136.0 156.0 52.0
64.0 123.0 162.0 71.0
71.0 85.0 150.0 101.0
161.0 46.0 156.0 99.0
126.0 70.0 179.0 78.0
69.0 152.0 141.0 57.0
157.0 99.0 159.0 52.0
109.0 73.0 152.0 81.0
65.0 79.0 143.0 126.0
42.0 161.0 152.0 99.0
96.0 130.0 149.0 53.0
55.0 100.0 166.0 122.0
93.0 142.0 154.0 50.0
158.0 38.0 138.0 145.0
126.0 84.0 152.0 64.0
49.0 126.0 146.0 94.0
114.0 71.0 159.0 78.0
117.0 130.0 142.0 45.0
58.0 148.0 128.0 67.0
133.0 83.0 152.0 64.0
153.0 95.0 153.0 53.0
56.0 112.0 160.0 99.0
117.0 121.0 125.0 48.0
92.0 75.0 172.0 94.0
75.0 66.0 150.0 128.0
105.0 59.0 148.0 105.0
90.0 100.0 168.0 72.0
79.0 117.0 172.0 66.0
44.0 129.0 141.0 158.0
121.0 107.0 146.0 54.0
151.0 57.0 141.0 77.0
123.0 57.0 140.0 92.0
93.0 63.0 156.0 114.0
44.0 145.0 138.0 109.0
92.0 173.0 131.0 45.0
135.0 46.0 153.0 111.0
138.0 96.0 135.0 56.0
116.0 114.0 151.0 52.0
110.0 98.0 152.0 63.0
114.0 78.0 173.0 76.0
85.0 156.0 147.0 49.0
139.0 70.0 145.0 69.0
46.0 138.0 153.0 100.0
81.0 94.0 192.0 79.0
99.0 158.0 138.0 44.0
67.0 82.0 141.0 123.0
70.0 108.0 148.0 79.0
171.0 41.0 170.0 107.0
131.0 39.0 122.0 181.0
58.0 84.0 153.0 148.0
134.0 56.0 146.0 89.0
58.0 98.0 160.0 111.0
69.0 119.0 156.0 72.0
112.0 94.0 149.0 64.0
46.0 129.0 136.0 124.0
81.0 70.0 151.0 103.0
49.0 107.0 154.0 158.0
63.0 83.0 134.0 132.0
52.0 99.0 147.0 145.0
120.0 120.0 135.0 47.0
72.0 62.0 134.0 151.0
44.0 134.0 108.0 148.0
118.0 102.0 158.0 57.0
115.0 155.0 142.0 41.0
98.0 120.0 157.0 56.0
81.0 125.0 127.0 60.0
72.0 93.0 150.0 86.0
123.0 42.0 147.0 154.0
101.0 120.0 152.0 54.0
143.0 59.0 143.0 77.0
149.0 87.0 153.0 58.0
105.0 98.0 148.0 66.0
69.0 145.0 166.0 61.0
95.0 49.0 144.0 155.0
124.0 89.0 139.0 63.0
75.0 144.0 169.0 58.0
125.0 92.0 152.0 62.0
49.0 108.0 145.0 147.0
80.0 133.0 151.0 59.0
127.0 54.0 156.0 98.0
108.0 43.0 119.0 174.0
46.0 149.0 146.0 76.0
133.0 58.0 138.0 84.0
143.0 88.0 157.0 57.0
48.0 121.0 158.0 122.0
68.0 116.0 160.0 75.0
124.0 93.0 152.0 59.0
76.0 140.0 150.0 60.0
141.0 103.0 138.0 52.0
47.0 137.0 138.0 91.0
60.0 84.0 139.0 141.0
63.0 87.0 138.0 121.0
108.0 53.0 150.0 120.0
67.0 122.0 141.0 72.0
98.0 65.0 141.0 99.0
111.0 70.0 144.0 84.0
45.0 137.0 140.0 122.0
141.0 46.0 146.0 107.0
56.0 102.0 152.0 112.0
45.0 142.0 137.0 105.0
96.0 95.0 172.0 71.0
106.0 63.0 139.0 99.0
121.0 51.0 145.0 109.0
62.0 91.0 136.0 114.0
89.0 112.0 139.0 63.0
116.0 122.0 133.0 48.0
100.0 123.0 139.0 55.0
51.0 143.0 169.0 75.0
50.0 101.0 158.0 147.0
119.0 113.0 129.0 52.0
88.0 96.0 162.0 76.0
96.0 66.0 138.0 102.0
158.0 62.0 154.0 73.0
119.0 54.0 156.0 106.0
52.0 117.0 160.0 96.0
51.0 92.0 133.0 161.0
65.0 89.0 134.0 105.0
56.0 90.0 164.0 148.0
58.0 117.0 194.0 87.0
61.0 78.0 150.0 157.0
47.0 127.0 144.0 107.0
112.0 86.0 157.0 71.0
110.0 113.0 140.0 54.0
140.0 62.0 157.0 79.0
86.0 84.0 155.0 86.0
148.0 72.0 168.0 68.0
96.0 112.0 127.0 59.0
128.0 88.0 146.0 63.0
67.0 95.0 139.0 102.0
77.0 55.0 154.0 160.0
89.0 54.0 144.0 141.0
103.0 160.0 132.0 43.0
72.0 76.0 153.0 114.0
63.0 84.0 138.0 127.0
61.0 113.0 136.0 87.0
68.0 80.0 143.0 120.0
156.0 66.0 176.0 69.0
143.0 40.0 157.0 148.0
109.0 150.0 144.0 43.0
125.0 40.0 130.0 178.0
71.0 124.0 122.0 67.0
42.0 165.0 160.0 93.0
147.0 45.0 149.0 106.0
54.0 117.0 146.0 94.0
73.0 160.0 154.0 54.0
76.0 65.0 138.0 136.0
48.0 107.0 145.0 185.0
90.0 72.0 138.0 96.0
54.0 135.0 157.0 78.0
43.0 164.0 163.0 90.0
50.0 105.0 146.0 136.0
102.0 75.0 154.0 85.0
72.0 102.0 160.0 81.0
113.0 133.0 129.0 46.0
76.0 76.0 139.0 112.0
140.0 88.0 154.0 59.0
91.0 147.0 151.0 50.0
120.0 49.0 153.0 111.0
109.0 104.0 137.0 61.0
130.0 51.0 182.0 106.0
49.0 111.0 160.0 129.0
82.0 99.0 187.0 77.0
67.0 72.0 152.0 134.0
70.0 72.0 160.0 130.0
66.0 142.0 147.0 65.0
100.0 138.0 146.0 48.0
87.0 153.0 156.0 49.0
67.0 112.0 152.0 79.0
124.0 114.0 136.0 51.0
83.0 139.0 142.0 55.0
93.0 72.0 134.0 94.0
49.0 110.0 144.0 132.0
77.0 162.0 148.0 53.0
94.0 63.0 136.0 108.0
98.0 56.0 165.0 123.0
68.0 82.0 132.0 119.0
95.0 94.0 169.0 74.0
41.0 149.0 123.0 136.0
166.0 56.0 162.0 79.0
54.0 137.0 154.0 75.0
56.0 100.0 144.0 119.0
105.0 129.0 142.0 50.0
108.0 66.0 146.0 92.0
127.0 99.0 159.0 56.0
95.0 116.0 136.0 60.0
68.0 149.0 133.0 60.0
132.0 44.0 147.0 125.0
101.0 64.0 156.0 102.0
98.0 110.0 148.0 59.0
55.0 118.0 164.0 89.0
49.0 165.0 148.0 73.0
138.0 84.0 153.0 62.0
74.0 130.0 164.0 63.0
46.0 135.0 142.0 116.0
62.0 82.0 155.0 133.0
106.0 127.0 159.0 50.0
121.0 115.0 137.0 50.0
106.0 118.0 145.0 52.0
64.0 118.0 195.0 77.0
83.0 106.0 172.0 69.0
122.0 51.0 144.0 107.0
154.0 49.0 151.0 95.0
98.0 87.0 171.0 75.0
74.0 60.0 144.0 148.0
145.0 92.0 158.0 56.0
93.0 155.0 137.0 45.0
124.0 70.0 185.0 79.0
59.0 164.0 136.0 63.0
71.0 107.0 190.0 78.0
130.0 105.0 140.0 53.0
93.0 129.0 146.0 55.0
133.0 41.0 150.0 140.0
48.0 125.0 144.0 111.0
78.0 56.0 158.0 155.0
81.0 111.0 172.0 69.0
78.0 66.0 135.0 126.0
62.0 121.0 171.0 78.0
67.0 121.0 192.0 73.0
43.0 141.0 110.0 130.0
144.0 98.0 141.0 54.0
138.0 54.0 150.0 90.0
88.0 51.0 165.0 149.0
54.0 113.0 138.0 100.0
59.0 112.0 140.0 90.0
73.0 101.0 142.0 83.0
48.0 117.0 146.0 135.0
129.0 80.0 168.0 66.0
100.0 161.0 131.0 43.0
45.0 144.0 172.0 101.0
75.0 90.0 128.0 92.0
136.0 55.0 134.0 94.0
61.0 89.0 139.0 131.0
105.0 105.0 155.0 61.0
89.0 56.0 153.0 124.0
50.0 113.0 155.0 108.0
102.0 51.0 148.0 129.0
132.0 65.0 156.0 77.0
80.0 127.0 159.0 61.0
115.0 67.0 153.0 87.0
139.0 148.0 145.0 40.0
76.0 121.0 166.0 65.0
115.0 139.0 147.0 42.0
81.0 158.0 131.0 49.0
86.0 111.0 122.0 66.0
73.0 121.0 171.0 67.0
50.0 146.0 152.0 72.0
107.0 82.0 141.0 77.0
47.0 123.0 132.0 120.0
99.0 78.0 145.0 84.0
134.0 45.0 157.0 114.0
121.0 53.0 145.0 104.0
80.0 96.0 184.0 81.0
78.0 131.0 129.0 61.0
52.0 151.0 137.0 71.0
137.0 63.0 163.0 74.0
113.0 88.0 151.0 67.0
111.0 137.0 132.0 45.0
88.0 66.0 145.0 108.0
165.0 85.0 166.0 57.0
50.0 141.0 181.0 80.0
139.0 68.0 163.0 72.0
48.0 137.0 142.0 90.0
103.0 73.0 139.0 87.0
44.0 149.0 150.0 96.0
101.0 87.0 166.0 73.0
154.0 133.0 143.0 42.0
79.0 111.0 134.0 70.0
67.0 114.0 144.0 76.0
122.0 44.0 158.0 129.0
123.0 55.0 140.0 97.0
113.0 120.0 131.0 50.0
117.0 67.0 161.0 86.0
98.0 78.0 146.0 86.0
79.0 153.0 146.0 50.0
120.0 53.0 159.0 107.0
151.0 50.0 151.0 96.0
136.0 102.0 155.0 53.0
81.0 91.0 159.0 82.0
75.0 128.0 185.0 65.0
102.0 145.0 126.0 44.0
143.0 49.0 181.0 100.0
102.0 52.0 139.0 126.0
146.0 75.0 133.0 65.0
150.0 73.0 162.0 67.0
101.0 155.0 147.0 44.0
57.0 87.0 135.0 139.0
88.0 74.0 127.0 97.0
103.0 95.0 166.0 69.0
99.0 98.0 158.0 68.0
56.0 122.0 201.0 84.0
80.0 120.0 145.0 63.0
73.0 62.0 135.0 147.0
87.0 126.0 168.0 58.0
67.0 133.0 140.0 67.0
154.0 47.0 164.0 100.0
55.0 121.0 158.0 86.0
52.0 101.0 155.0 130.0
117.0 87.0 149.0 66.0
117.0 83.0 146.0 70.0
84.0 111.0 167.0 67.0
118.0 142.0 130.0 41.0
51.0 105.0 153.0 129.0
72.0 79.0 139.0 109.0
58.0 143.0 166.0 71.0
48.0 116.0 135.0 147.0
139.0 164.0 140.0 39.0
50.0 118.0 135.0 106.0
66.0 157.0 125.0 60.0
88.0 76.0 150.0 95.0
108.0 74.0 128.0 83.0
50.0 98.0 147.0 154.0
83.0 100.0 182.0 76.0
114.0 44.0 132.0 147.0
59.0 90.0 143.0 127.0
85.0 103.0 169.0 71.0
82.0 66.0 162.0 112.0
64.0 97.0 172.0 98.0
126.0 136.0 122.0 42.0
85.0 74.0 131.0 99.0
47.0 134.0 138.0 97.0
77.0 134.0 170.0 61.0
112.0 76.0 159.0 78.0
101.0 135.0 133.0 49.0
125.0 86.0 168.0 66.0
114.0 112.0 138.0 53.0
149.0 85.0 161.0 60.0
71.0 65.0 148.0 150.0
134.0 53.0 144.0 99.0
51.0 129.0 167.0 83.0
101.0 80.0 156.0 80.0
128.0 91.0 163.0 61.0
127.0 77.0 164.0 71.0
101.0 51.0 117.0 134.0
68.0 77.0 140.0 127.0
83.0 59.0 155.0 135.0
69.0 74.0 128.0 129.0
72.0 87.0 159.0 100.0
126.0 41.0 135.0 159.0
77.0 94.0 169.0 85.0
109.0 88.0 158.0 68.0
47.0 130.0 144.0 101.0
64.0 79.0 134.0 146.0
68.0 105.0 138.0 89.0
119.0 65.0 153.0 89.0
86.0 118.0 159.0 61.0
78.0 76.0 151.0 108.0
108.0 56.0 150.0 104.0
120.0 60.0 146.0 90.0
101.0 132.0 155.0 50.0
92.0 110.0 169.0 65.0
137.0 42.0 144.0 134.0
131.0 45.0 145.0 119.0
106.0 51.0 151.0 124.0
125.0 60.0 147.0 85.0
105.0 64.0 141.0 99.0
138.0 61.0 136.0 80.0
107.0 62.0 163.0 100.0
159.0 50.0 165.0 90.0
61.0 105.0 160.0 94.0
93.0 73.0 167.0 92.0
98.0 79.0 149.0 85.0
165.0 49.0 160.0 90.0
56.0 94.0 164.0 123.0
60.0 167.0 161.0 62.0
75.0 118.0 168.0 69.0
126.0 111.0 170.0 52.0
118.0 108.0 154.0 53.0
130.0 61.0 151.0 83.0
54.0 95.0 147.0 137.0
83.0 103.0 165.0 74.0
41.0 165.0 151.0 96.0
121.0 47.0 144.0 125.0
133.0 127.0 128.0 43.0
145.0 81.0 155.0 61.0
146.0 58.0 151.0 81.0
49.0 131.0 126.0 92.0
110.0 147.0 122.0 43.0
133.0 51.0 140.0 105.0
63.0 117.0 157.0 78.0
67.0 69.0 132.0 151.0
147.0 78.0 159.0 64.0
84.0 99.0 181.0 76.0
101.0 106.0 157.0 62.0
126.0 71.0 152.0 76.0
58.0 83.0 162.0 149.0
60.0 114.0 181.0 82.0
69.0 83.0 139.0 117.0
45.0 134.0 135.0 134.0
82.0 81.0 166.0 89.0
110.0 120.0 139.0 51.0
49.0 160.0 158.0 74.0
112.0 78.0 170.0 77.0
86.0 66.0 142.0 109.0
119.0 46.0 146.0 129.0
75.0 105.0 137.0 78.0
49.0 121.0 165.0 112.0
128.0 47.0 167.0 110.0
111.0 123.0 134.0 48.0
121.0 75.0 154.0 76.0
69.0 90.0 134.0 103.0
54.0 101.0 166.0 122.0
83.0 132.0 146.0 59.0
78.0 172.0 155.0 50.0
65.0 109.0 176.0 80.0
86.0 113.0 158.0 65.0
158.0 43.0 153.0 108.0
90.0 168.0 146.0 46.0
47.0 114.0 126.0 170.0
137.0 51.0 144.0 100.0
57.0 92.0 143.0 133.0
55.0 116.0 139.0 97.0
117.0 120.0 140.0 49.0
109.0 51.0 143.0 116.0
53.0 97.0 160.0 136.0
95.0 58.0 145.0 116.0
77.0 106.0 193.0 75.0
69.0 112.0 162.0 76.0
98.0 80.0 194.0 84.0
97.0 53.0 141.0 134.0
41.0 166.0 144.0 92.0
89.0 131.0 160.0 55.0
45.0 155.0 160.0 88.0
154.0 59.0 162.0 75.0
73.0 78.0 152.0 112.0
69.0 89.0 141.0 104.0
103.0 113.0 136.0 57.0
139.0 106.0 122.0 52.0
58.0 110.0 188.0 98.0
45.0 140.0 128.0 112.0
147.0 66.0 168.0 73.0
100.0 62.0 149.0 106.0
81.0 135.0 168.0 58.0
56.0 84.0 139.0 174.0
80.0 74.0 148.0 107.0
108.0 89.0 172.0 69.0
61.0 86.0 166.0 133.0
105.0 81.0 180.0 78.0
91.0 48.0 124.0 164.0
63.0 177.0 142.0 60.0
154.0 85.0 167.0 59.0
101.0 54.0 154.0 126.0
80.0 70.0 153.0 118.0
90.0 151.0 148.0 47.0
58.0 123.0 172.0 79.0
105.0 50.0 165.0 139.0
117.0 116.0 139.0 51.0
85.0 81.0 161.0 87.0
74.0 71.0 153.0 114.0
42.0 154.0 154.0 116.0
55.0 105.0 165.0 101.0
120.0 55.0 136.0 102.0
57.0 157.0 158.0 66.0
147.0 52.0 145.0 88.0
71.0 90.0 161.0 96.0
134.0 70.0 156.0 75.0
64.0 85.0 140.0 122.0
41.0 163.0 144.0 98.0
143.0 112.0 133.0 48.0
44.0 151.0 157.0 94.0
101.0 46.0 160.0 154.0
74.0 81.0 141.0 102.0
69.0 97.0 159.0 94.0
89.0 158.0 141.0 48.0
131.0 52.0 150.0 102.0
95.0 89.0 177.0 76.0
59.0 103.0 149.0 105.0
51.0 126.0 142.0 90.0
127.0 83.0 152.0 67.0
91.0 92.0 164.0 75.0
68.0 104.0 153.0 90.0
114.0 79.0 154.0 75.0
119.0 94.0 136.0 61.0
122.0 96.0 155.0 57.0
103.0 82.0 157.0 78.0
92.0 137.0 151.0 51.0
62.0 108.0 149.0 84.0
63.0 75.0 161.0 155.0
40.0 162.0 136.0 111.0
86.0 97.0 163.0 76.0
92.0 76.0 146.0 90.0
49.0 120.0 149.0 115.0
110.0 45.0 150.0 151.0
83.0 141.0 145.0 54.0
74.0 67.0 146.0 138.0
108.0 78.0 159.0 79.0
56.0 156.0 120.0 67.0
82.0 90.0 163.0 88.0
168.0 48.0 166.0 91.0
117.0 49.0 141.0 116.0
109.0 44.0 156.0 166.0
67.0 118.0 190.0 75.0
120.0 61.0 166.0 88.0
65.0 70.0 161.0 155.0
157.0 103.0 147.0 49.0
134.0 85.0 155.0 63.0
88.0 123.0 164.0 60.0
58.0 103.0 139.0 109.0
85.0 57.0 145.0 133.0
43.0 138.0 148.0 162.0
140.0 39.0 147.0 157.0
54.0 96.0 148.0 131.0
67.0 85.0 149.0 113.0
144.0 94.0 153.0 55.0
104.0 55.0 143.0 117.0
87.0 61.0 153.0 124.0
42.0 175.0 140.0 91.0
116.0 80.0 164.0 73.0
101.0 53.0 153.0 129.0
87.0 140.0 158.0 53.0
48.0 134.0 166.0 93.0
70.0 79.0 166.0 119.0
108.0 80.0 154.0 78.0
56.0 162.0 133.0 66.0
144.0 41.0 146.0 132.0
127.0 62.0 158.0 81.0
116.0 43.0 145.0 156.0
49.0 124.0 154.0 106.0
49.0 122.0 158.0 108.0
68.0 86.0 144.0 108.0
161.0 41.0 153.0 109.0
173.0 50.0 166.0 87.0
105.0 75.0 150.0 83.0
97.0 139.0 157.0 48.0
134.0 92.0 159.0 58.0
106.0 87.0 141.0 71.0
135.0 51.0 167.0 101.0
68.0 138.0 173.0 64.0
123.0 54.0 154.0 102.0
90.0 87.0 160.0 81.0
144.0 114.0 146.0 47.0
57.0 111.0 131.0 96.0
78.0 99.0 135.0 80.0
113.0 98.0 146.0 61.0
45.0 127.0 127.0 163.0
105.0 100.0 159.0 64.0
103.0 144.0 137.0 44.0
69.0 62.0 141.0 159.0
111.0 157.0 126.0 41.0
124.0 79.0 170.0 69.0
111.0 81.0 161.0 73.0
72.0 146.0 139.0 56.0
114.0 143.0 132.0 42.0
145.0 61.0 161.0 74.0
98.0 97.0 167.0 69.0
88.0 64.0 145.0 113.0
82.0 77.0 141.0 98.0
135.0 60.0 156.0 81.0
44.0 152.0 150.0 90.0
91.0 60.0 148.0 121.0
103.0 131.0 130.0 50.0
138.0 38.0 145.0 174.0
72.0 101.0 144.0 84.0
84.0 123.0 157.0 62.0
67.0 99.0 134.0 91.0
81.0 144.0 148.0 52.0
112.0 100.0 147.0 60.0
89.0 117.0 138.0 62.0
79.0 64.0 153.0 124.0
56.0 85.0 146.0 157.0
155.0 46.0 157.0 105.0
63.0 80.0 150.0 145.0
99.0 104.0 149.0 64.0
65.0 76.0 143.0 140.0
81.0 69.0 148.0 113.0
105.0 137.0 126.0 48.0
144.0 58.0 157.0 82.0
134.0 73.0 165.0 69.0
115.0 68.0 150.0 86.0
85.0 51.0 137.0 167.0
74.0 70.0 141.0 124.0
86.0 90.0 138.0 83.0
103.0 97.0 156.0 67.0
45.0 132.0 120.0 145.0
107.0 75.0 158.0 80.0
90.0 88.0 176.0 78.0
75.0 136.0 162.0 61.0
143.0 115.0 127.0 47.0
59.0 78.0 142.0 163.0
101.0 116.0 139.0 55.0
58.0 105.0 160.0 99.0
64.0 171.0 149.0 60.0
77.0 108.0 158.0 71.0
41.0 158.0 117.0 129.0
130.0 49.0 142.0 107.0
85.0 110.0 142.0 68.0
118.0 124.0 138.0 46.0
73.0 102.0 158.0 80.0
99.0 48.0 150.0 146.0
148.0 55.0 155.0 83.0
69.0 64.0 132.0 151.0
88.0 109.0 143.0 66.0
104.0 67.0 131.0 94.0
68.0 106.0 154.0 86.0
58.0 80.0 141.0 161.0
161.0 43.0 153.0 104.0
62.0 102.0 138.0 95.0
124.0 72.0 160.0 76.0
101.0 94.0 165.0 70.0
130.0 138.0 143.0 41.0
120.0 56.0 145.0 98.0
53.0 137.0 140.0 79.0
67.0 158.0 163.0 59.0
156.0 132.0 142.0 42.0
133.0 109.0 136.0 49.0
64.0 122.0 184.0 74.0
104.0 99.0 153.0 65.0
118.0 55.0 153.0 105.0
60.0 82.0 144.0 142.0
60.0 147.0 157.0 65.0
97.0 147.0 130.0 46.0
125.0 46.0 165.0 123.0
48.0 141.0 150.0 84.0
43.0 149.0 135.0 105.0
104.0 105.0 154.0 62.0
153.0 110.0 133.0 48.0
75.0 123.0 182.0 66.0
133.0 80.0 160.0 65.0
105.0 48.0 127.0 145.0
54.0 143.0 165.0 74.0
129.0 42.0 142.0 138.0
146.0 87.0 160.0 59.0
106.0 77.0 162.0 82.0
117.0 42.0 134.0 166.0
75.0 96.0 160.0 85.0
74.0 88.0 149.0 93.0
79.0 144.0 140.0 57.0
109.0 127.0 137.0 47.0
148.0 50.0 154.0 97.0
92.0 165.0 140.0 46.0
100.0 96.0 164.0 68.0
135.0 123.0 125.0 44.0
65.0 121.0 168.0 74.0
107.0 66.0 156.0 93.0
85.0 80.0 145.0 90.0
116.0 117.0 152.0 51.0
61.0 111.0 181.0 92.0
78.0 168.0 117.0 52.0
66.0 100.0 173.0 95.0
70.0 148.0 144.0 60.0
119.0 116.0 163.0 50.0
92.0 47.0 145.0 162.0
45.0 151.0 166.0 91.0
42.0 157.0 140.0 112.0
61.0 101.0 151.0 98.0
61.0 91.0 143.0 119.0
64.0 103.0 148.0 91.0
93.0 106.0 161.0 65.0
105.0 52.0 151.0 121.0
149.0 39.0 158.0 143.0
95.0 160.0 122.0 44.0
44.0 170.0 159.0 86.0
63.0 72.0 144.0 159.0
100.0 107.0 145.0 61.0
50.0 143.0 152.0 78.0
108.0 142.0 137.0 44.0
88.0 55.0 162.0 140.0
75.0 63.0 153.0 142.0
113.0 47.0 154.0 136.0
77.0 103.0 180.0 78.0
71.0 106.0 158.0 80.0
102.0 92.0 157.0 70.0
70.0 66.0 139.0 139.0
125.0 69.0 155.0 79.0
63.0 124.0 144.0 75.0
90.0 93.0 164.0 77.0
50.0 108.0 157.0 129.0
55.0 92.0 135.0 139.0
85.0 64.0 143.0 122.0
133.0 72.0 159.0 73.0
115.0 46.0 158.0 139.0
115.0 56.0 156.0 102.0
90.0 123.0 136.0 56.0
102.0 100.0 148.0 66.0
85.0 68.0 147.0 109.0
59.0 86.0 141.0 147.0
100.0 52.0 159.0 131.0
138.0 43.0 150.0 122.0
89.0 84.0 150.0 84.0
82.0 105.0 185.0 73.0
56.0 115.0 169.0 96.0
44.0 135.0 129.0 134.0
150.0 98.0 158.0 53.0
62.0 81.0 151.0 142.0
75.0 82.0 168.0 100.0
99.0 60.0 146.0 111.0
114.0 130.0 127.0 46.0
88.0 160.0 125.0 48.0
74.0 57.0 134.0 151.0
171.0 42.0 154.0 97.0
130.0 154.0 138.0 40.0
58.0 79.0 139.0 174.0
56.0 111.0 184.0 100.0
104.0 47.0 163.0 146.0
65.0 77.0 147.0 135.0
75.0 78.0 148.0 108.0
142.0 52.0 169.0 97.0
159.0 45.0 156.0 100.0
172.0 82.0 160.0 59.0
65.0 105.0 127.0 90.0
140.0 105.0 150.0 52.0
59.0 87.0 143.0 133.0
88.0 103.0 164.0 69.0
43.0 152.0 147.0 102.0
59.0 101.0 178.0 108.0
64.0 75.0 148.0 147.0
60.0 75.0 141.0 161.0
54.0 157.0 148.0 67.0
146.0 40.0 161.0 134.0
88.0 149.0 143.0 50.0
98.0 90.0 163.0 74.0
127.0 116.0 131.0 49.0
98.0 59.0 171.0 114.0
110.0 61.0 135.0 95.0
111.0 46.0 156.0 147.0
104.0 93.0 156.0 69.0
121.0 45.0 166.0 133.0
43.0 145.0 153.0 128.0
98.0 136.0 133.0 50.0
118.0 83.0 170.0 69.0
122.0 123.0 136.0 45.0
84.0 115.0 165.0 65.0
94.0 62.0 152.0 112.0
104.0 95.0 149.0 68.0
93.0 55.0 143.0 133.0
67.0 84.0 148.0 121.0
46.0 140.0 135.0 93.0
157.0 101.0 151.0 50.0
108.0 58.0 150.0 99.0
107.0 158.0 128.0 42.0
87.0 91.0 166.0 78.0
123.0 43.0 153.0 142.0
57.0 110.0 138.0 100.0
67.0 120.0 191.0 74.0
48.0 133.0 173.0 97.0
52.0 162.0 149.0 70.0
69.0 77.0 146.0 122.0
61.0 76.0 145.0 160.0
139.0 87.0 145.0 61.0
72.0 133.0 146.0 64.0
136.0 80.0 155.0 63.0
71.0 95.0 143.0 94.0
87.0 133.0 139.0 55.0
65.0 106.0 159.0 88.0
98.0 108.0 165.0 62.0
64.0 72.0 148.0 153.0
67.0 108.0 152.0 81.0
94.0 80.0 138.0 87.0
131.0 54.0 150.0 97.0
92.0 147.0 145.0 48.0
44.0 171.0 152.0 82.0
43.0 148.0 142.0 109.0
77.0 78.0 151.0 105.0
150.0 67.0 168.0 68.0
62.0 88.0 136.0 120.0
82.0 119.0 128.0 65.0
80.0 149.0 149.0 53.0
93.0 134.0 134.0 53.0
79.0 99.0 192.0 79.0
75.0 113.0 158.0 71.0
68.0 119.0 163.0 73.0
135.0 52.0 154.0 98.0
116.0 100.0 138.0 59.0
106.0 66.0 152.0 97.0
86.0 49.0 140.0 166.0
167.0 92.0 165.0 54.0
83.0 52.0 152.0 149.0
67.0 70.0 135.0 145.0
107.0 107.0 133.0 57.0
179.0 44.0 152.0 96.0
114.0 59.0 135.0 96.0
137.0 68.0 169.0 73.0
60.0 134.0 164.0 73.0
133.0 120.0 138.0 45.0
48.0 128.0 155.0 104.0
98.0 54.0 142.0 131.0
114.0 60.0 165.0 95.0
115.0 106.0 142.0 55.0
111.0 100.0 155.0 62.0
151.0 38.0 150.0 148.0
105.0 153.0 143.0 43.0
53.0 157.0 164.0 70.0
91.0 64.0 149.0 106.0
73.0 140.0 140.0 61.0
169.0 51.0 161.0 89.0
54.0 98.0 155.0 129.0
94.0 149.0 148.0 47.0
113.0 115.0 146.0 52.0
123.0 73.0 160.0 73.0
163.0 52.0 143.0 87.0
70.0 102.0 163.0 82.0
108.0 82.0 165.0 76.0
60.0 79.0 153.0 148.0
134.0 50.0 152.0 102.0
77.0 127.0 164.0 63.0
162.0 49.0 163.0 91.0
127.0 117.0 131.0 48.0
135.0 79.0 172.0 65.0
95.0 103.0 163.0 66.0
76.0 128.0 131.0 64.0
46.0 128.0 120.0 127.0
121.0 137.0 138.0 42.0
126.0 72.0 153.0 75.0
107.0 64.0 142.0 97.0
111.0 105.0 144.0 59.0
62.0 109.0 181.0 82.0
44.0 167.0 129.0 88.0
93.0 96.0 178.0 72.0
56.0 135.0 176.0 75.0
121.0 81.0 169.0 69.0
108.0 98.0 151.0 64.0
90.0 86.0 152.0 82.0
114.0 109.0 153.0 56.0
96.0 50.0 138.0 146.0
104.0 64.0 151.0 100.0
151.0 41.0 169.0 123.0
60.0 86.0 146.0 139.0
145.0 78.0 165.0 65.0
91.0 50.0 148.0 161.0
128.0 92.0 135.0 60.0
170.0 83.0 161.0 59.0
161.0 47.0 165.0 98.0
71.0 69.0 128.0 129.0
99.0 52.0 146.0 137.0
46.0 126.0 134.0 139.0
147.0 80.0 154.0 61.0
96.0 118.0 148.0 57.0
86.0 106.0 167.0 67.0
62.0 78.0 140.0 149.0
73.0 83.0 158.0 108.0
46.0 121.0 128.0 152.0
87.0 99.0 176.0 74.0
108.0 99.0 153.0 63.0
109.0 83.0 159.0 75.0
100.0 80.0 162.0 81.0
43.0 175.0 149.0 85.0
51.0 113.0 148.0 103.0
99.0 55.0 157.0 119.0
94.0 127.0 146.0 55.0
141.0 40.0 153.0 150.0
63.0 159.0 149.0 61.0
138.0 40.0 135.0 152.0
105.0 140.0 134.0 45.0
133.0 53.0 163.0 100.0
61.0 94.0 154.0 118.0
44.0 162.0 149.0 89.0
143.0 93.0 159.0 56.0
73.0 98.0 146.0 84.0
145.0 69.0 161.0 71.0
95.0 79.0 153.0 87.0
160.0 92.0 147.0 55.0
51.0 123.0 189.0 96.0
138.0 91.0 157.0 57.0
95.0 50.0 148.0 151.0
55.0 134.0 182.0 77.0
153.0 49.0 170.0 96.0
125.0 48.0 155.0 117.0
114.0 84.0 168.0 71.0
80.0 71.0 162.0 112.0
69.0 103.0 152.0 81.0
177.0 49.0 159.0 89.0
132.0 104.0 149.0 53.0
89.0 67.0 154.0 105.0
93.0 100.0 163.0 70.0
68.0 66.0 134.0 157.0
68.0 71.0 139.0 139.0
148.0 113.0 144.0 46.0
111.0 44.0 120.0 152.0
79.0 52.0 150.0 157.0
54.0 102.0 159.0 118.0
73.0 71.0 150.0 128.0
51.0 95.0 144.0 154.0
96.0 98.0 168.0 69.0
119.0 44.0 146.0 134.0
83.0 151.0 162.0 50.0
136.0 47.0 162.0 109.0
138.0 71.0 148.0 72.0
127.0 75.0 164.0 72.0
79.0 58.0 146.0 136.0
54.0 151.0 135.0 68.0
138.0 90.0 151.0 58.0
93.0 95.0 177.0 73.0
162.0 37.0 152.0 175.0
51.0 106.0 136.0 122.0
41.0 156.0 139.0 132.0
58.0 122.0 156.0 82.0
68.0 121.0 163.0 72.0
90.0 52.0 140.0 144.0
113.0 50.0 153.0 122.0
139.0 100.0 156.0 53.0
66.0 84.0 130.0 124.0
156.0 39.0 153.0 136.0
97.0 74.0 153.0 87.0
45.0 130.0 135.0 156.0
40.0 161.0 120.0 114.0
111.0 139.0 134.0 43.0
156.0 78.0 174.0 63.0
162.0 91.0 146.0 55.0
43.0 163.0 170.0 94.0
47.0 116.0 123.0 149.0
109.0 71.0 173.0 84.0
76.0 106.0 161.0 77.0
99.0 72.0 147.0 88.0
121.0 79.0 175.0 71.0
87.0 139.0 161.0 54.0
75.0 62.0 137.0 144.0
108.0 73.0 176.0 84.0
106.0 49.0 151.0 129.0
70.0 168.0 166.0 55.0
56.0 139.0 191.0 73.0
144.0 53.0 159.0 94.0
47.0 122.0 149.0 140.0
91.0 115.0 151.0 61.0
95.0 109.0 131.0 62.0
71.0 74.0 144.0 126.0
81.0 100.0 169.0 77.0
178.0 37.0 165.0 129.0
79.0 147.0 138.0 55.0
166.0 40.0 168.0 117.0
128.0 109.0 136.0 51.0
111.0 119.0 149.0 51.0
43.0 147.0 126.0 112.0
101.0 59.0 156.0 110.0
135.0 116.0 135.0 46.0
122.0 58.0 163.0 95.0
106.0 79.0 159.0 80.0
119.0 141.0 141.0 41.0
79.0 72.0 135.0 111.0
52.0 124.0 180.0 80.0
147.0 47.0 149.0 101.0
85.0 60.0 148.0 131.0
103.0 46.0 148.0 153.0
61.0 122.0 189.0 76.0
116.0 126.0 132.0 47.0
56.0 150.0 151.0 69.0
66.0 101.0 150.0 91.0
74.0 68.0 169.0 136.0
137.0 53.0 144.0 95.0
77.0 129.0 168.0 62.0
