178.0 89.0 54.0 175.0
188.0 131.0 38.0 172.0
194.0 103.0 48.0 157.0
180.0 46.0 105.0 190.0
172.0 67.0 65.0 174.0
174.0 40.0 122.0 190.0
176.0 72.0 62.0 170.0
198.0 108.0 45.0 153.0
196.0 60.0 75.0 177.0
203.0 123.0 40.0 161.0
175.0 99.0 51.0 144.0
188.0 47.0 102.0 166.0
178.0 54.0 87.0 181.0
172.0 99.0 51.0 164.0
182.0 153.0 36.0 157.0
170.0 100.0 50.0 157.0
192.0 55.0 86.0 173.0
167.0 94.0 53.0 156.0
194.0 95.0 52.0 160.0
203.0 57.0 83.0 178.0
180.0 41.0 119.0 178.0
183.0 116.0 43.0 164.0
182.0 139.0 37.0 167.0
173.0 78.0 61.0 165.0
197.0 59.0 79.0 153.0
178.0 63.0 71.0 183.0
166.0 99.0 51.0 165.0
196.0 51.0 93.0 156.0
180.0 48.0 101.0 194.0
165.0 106.0 47.0 162.0
180.0 44.0 108.0 195.0
181.0 43.0 112.0 171.0
165.0 80.0 60.0 160.0
188.0 49.0 99.0 161.0
178.0 52.0 90.0 186.0
190.0 64.0 69.0 168.0
174.0 84.0 57.0 179.0
195.0 50.0 95.0 145.0
167.0 102.0 49.0 158.0
