108.0 70.0 69.0 157.0
149.0 123.0 38.0 116.0
38.0 150.0 136.0 162.0
48.0 85.0 133.0 145.0
46.0 136.0 100.0 153.0
128.0 55.0 85.0 143.0
136.0 142.0 39.0 138.0
58.0 112.0 80.0 171.0
63.0 89.0 90.0 139.0
161.0 104.0 43.0 125.0
44.0 97.0 143.0 145.0
132.0 83.0 56.0 150.0
65.0 85.0 86.0 135.0
117.0 85.0 59.0 130.0
118.0 127.0 45.0 131.0
113.0 52.0 96.0 165.0
63.0 109.0 78.0 146.0
113.0 63.0 75.0 153.0
50.0 90.0 124.0 157.0
42.0 122.0 131.0 138.0
129.0 42.0 123.0 164.0
42.0 151.0 107.0 147.0
82.0 85.0 70.0 157.0
87.0 54.0 116.0 137.0
90.0 95.0 61.0 145.0
70.0 65.0 104.0 148.0
82.0 54.0 122.0 145.0
53.0 76.0 131.0 139.0
117.0 51.0 98.0 143.0
115.0 106.0 49.0 142.0
74.0 83.0 79.0 160.0
97.0 108.0 54.0 136.0
41.0 169.0 109.0 162.0
40.0 174.0 115.0 163.0
94.0 59.0 93.0 140.0
44.0 130.0 109.0 154.0
76.0 119.0 63.0 144.0
95.0 50.0 122.0 153.0
76.0 88.0 71.0 122.0
117.0 56.0 88.0 131.0
80.0 69.0 88.0 141.0
40.0 140.0 127.0 156.0
45.0 123.0 118.0 159.0
49.0 106.0 110.0 147.0
74.0 60.0 110.0 136.0
117.0 130.0 45.0 113.0
146.0 81.0 56.0 107.0
90.0 86.0 67.0 142.0
57.0 112.0 85.0 152.0
115.0 52.0 94.0 143.0
54.0 86.0 107.0 151.0
116.0 67.0 71.0 150.0
76.0 83.0 75.0 147.0
71.0 60.0 125.0 162.0
63.0 65.0 106.0 140.0
44.0 123.0 119.0 141.0
85.0 56.0 104.0 135.0
99.0 45.0 141.0 180.0
140.0 75.0 61.0 132.0
150.0 92.0 48.0 107.0
74.0 90.0 75.0 155.0
76.0 75.0 83.0 147.0
145.0 141.0 37.0 130.0
84.0 52.0 135.0 164.0
75.0 55.0 155.0 156.0
77.0 56.0 123.0 140.0
186.0 87.0 50.0 116.0
61.0 76.0 97.0 140.0
41.0 154.0 118.0 153.0
126.0 42.0 133.0 152.0
51.0 132.0 88.0 127.0
43.0 147.0 110.0 154.0
54.0 137.0 80.0 153.0
141.0 69.0 65.0 128.0
59.0 73.0 113.0 135.0
127.0 113.0 44.0 135.0
56.0 132.0 80.0 159.0
76.0 74.0 86.0 143.0
127.0 47.0 103.0 167.0
71.0 69.0 95.0 143.0
56.0 85.0 102.0 143.0
64.0 87.0 87.0 138.0
132.0 99.0 47.0 130.0
52.0 97.0 102.0 140.0
60.0 90.0 85.0 146.0
75.0 78.0 82.0 127.0
86.0 140.0 57.0 156.0
53.0 111.0 94.0 146.0
54.0 102.0 99.0 141.0
85.0 74.0 78.0 143.0
134.0 82.0 57.0 140.0
73.0 120.0 66.0 156.0
49.0 114.0 103.0 131.0
64.0 86.0 90.0 148.0
115.0 109.0 46.0 138.0
125.0 47.0 107.0 145.0
37.0 139.0 150.0 143.0
42.0 126.0 126.0 131.0
101.0 120.0 51.0 138.0
114.0 110.0 49.0 130.0
91.0 48.0 146.0 188.0
103.0 131.0 50.0 148.0
111.0 133.0 46.0 127.0
93.0 63.0 86.0 149.0
111.0 53.0 97.0 148.0
46.0 107.0 118.0 147.0
53.0 133.0 85.0 135.0
39.0 163.0 129.0 144.0
65.0 90.0 83.0 158.0
91.0 65.0 81.0 137.0
57.0 140.0 74.0 157.0
116.0 70.0 68.0 123.0
171.0 89.0 50.0 124.0
70.0 100.0 74.0 153.0
72.0 159.0 64.0 161.0
126.0 73.0 64.0 137.0
84.0 72.0 79.0 144.0
97.0 83.0 66.0 149.0
39.0 145.0 130.0 161.0
61.0 86.0 95.0 144.0
72.0 89.0 77.0 143.0
70.0 89.0 79.0 145.0
68.0 87.0 81.0 143.0
89.0 53.0 120.0 137.0
169.0 90.0 50.0 124.0
87.0 62.0 92.0 143.0
82.0 77.0 76.0 147.0
38.0 127.0 154.0 155.0
109.0 77.0 65.0 137.0
99.0 78.0 68.0 138.0
113.0 99.0 53.0 148.0
75.0 73.0 87.0 135.0
60.0 66.0 122.0 153.0
67.0 75.0 96.0 144.0
106.0 44.0 128.0 171.0
91.0 105.0 58.0 148.0
79.0 70.0 82.0 134.0
87.0 55.0 108.0 135.0
134.0 97.0 49.0 131.0
42.0 132.0 116.0 142.0
163.0 85.0 51.0 126.0
161.0 76.0 57.0 125.0
107.0 61.0 81.0 141.0
46.0 137.0 99.0 145.0
110.0 111.0 49.0 141.0
128.0 75.0 62.0 127.0
55.0 96.0 103.0 149.0
66.0 70.0 102.0 141.0
122.0 106.0 48.0 142.0
96.0 53.0 102.0 142.0
51.0 111.0 100.0 148.0
120.0 113.0 45.0 135.0
44.0 95.0 151.0 155.0
146.0 76.0 60.0 129.0
69.0 71.0 92.0 140.0
46.0 92.0 136.0 159.0
166.0 73.0 59.0 123.0
98.0 56.0 93.0 155.0
116.0 160.0 43.0 161.0
42.0 148.0 113.0 160.0
69.0 70.0 94.0 140.0
132.0 77.0 61.0 144.0
80.0 63.0 91.0 139.0
96.0 101.0 57.0 134.0
127.0 50.0 96.0 148.0
71.0 62.0 108.0 133.0
75.0 94.0 67.0 150.0
54.0 128.0 86.0 144.0
127.0 41.0 130.0 155.0
71.0 98.0 72.0 155.0
88.0 64.0 85.0 139.0
54.0 71.0 158.0 160.0
48.0 129.0 94.0 134.0
96.0 72.0 72.0 157.0
100.0 125.0 51.0 148.0
45.0 105.0 126.0 139.0
96.0 126.0 53.0 168.0
111.0 45.0 118.0 152.0
153.0 95.0 47.0 110.0
56.0 71.0 121.0 150.0
61.0 64.0 152.0 162.0
123.0 110.0 45.0 133.0
55.0 79.0 115.0 146.0
89.0 77.0 72.0 169.0
67.0 83.0 85.0 144.0
64.0 80.0 94.0 156.0
142.0 50.0 94.0 164.0
129.0 74.0 62.0 123.0
94.0 54.0 98.0 142.0
122.0 168.0 41.0 142.0
117.0 92.0 54.0 135.0
121.0 45.0 116.0 171.0
99.0 96.0 55.0 131.0
42.0 164.0 106.0 157.0
50.0 146.0 87.0 154.0
43.0 129.0 117.0 132.0
89.0 96.0 59.0 141.0
140.0 88.0 52.0 133.0
48.0 108.0 113.0 146.0
80.0 62.0 94.0 135.0
62.0 66.0 117.0 140.0
80.0 60.0 100.0 148.0
61.0 68.0 116.0 138.0
58.0 138.0 75.0 166.0
65.0 73.0 99.0 141.0
104.0 74.0 66.0 136.0
59.0 84.0 98.0 149.0
71.0 95.0 73.0 147.0
125.0 74.0 64.0 127.0
133.0 67.0 67.0 122.0
125.0 85.0 56.0 127.0
102.0 49.0 114.0 164.0
121.0 157.0 42.0 143.0
78.0 73.0 82.0 137.0
142.0 122.0 39.0 117.0
48.0 92.0 119.0 137.0
101.0 61.0 85.0 147.0
86.0 67.0 82.0 135.0
46.0 87.0 150.0 150.0
78.0 116.0 62.0 170.0
72.0 66.0 102.0 140.0
114.0 66.0 72.0 136.0
45.0 101.0 127.0 144.0
41.0 108.0 150.0 152.0
137.0 77.0 60.0 126.0
101.0 101.0 54.0 145.0
136.0 166.0 37.0 137.0
76.0 151.0 61.0 157.0
91.0 49.0 137.0 153.0
61.0 113.0 77.0 159.0
53.0 122.0 89.0 141.0
96.0 87.0 62.0 141.0
74.0 73.0 88.0 141.0
67.0 99.0 75.0 128.0
58.0 68.0 130.0 152.0
96.0 51.0 117.0 159.0
109.0 60.0 82.0 144.0
41.0 122.0 134.0 154.0
114.0 95.0 54.0 149.0
53.0 110.0 95.0 141.0
56.0 167.0 75.0 159.0
49.0 79.0 143.0 157.0
115.0 71.0 66.0 135.0
73.0 65.0 94.0 134.0
73.0 96.0 71.0 145.0
132.0 116.0 43.0 136.0
114.0 42.0 158.0 168.0
101.0 52.0 103.0 152.0
81.0 52.0 149.0 178.0
140.0 57.0 79.0 156.0
116.0 98.0 53.0 132.0
95.0 48.0 142.0 172.0
40.0 127.0 128.0 146.0
80.0 73.0 79.0 142.0
158.0 71.0 61.0 117.0
94.0 88.0 63.0 146.0
151.0 97.0 46.0 112.0
87.0 87.0 67.0 159.0
152.0 142.0 36.0 129.0
88.0 98.0 59.0 140.0
107.0 60.0 85.0 128.0
104.0 81.0 65.0 138.0
45.0 94.0 143.0 153.0
138.0 98.0 48.0 125.0
60.0 124.0 78.0 165.0
82.0 163.0 58.0 166.0
94.0 77.0 69.0 160.0
47.0 129.0 98.0 135.0
141.0 90.0 51.0 94.0
99.0 141.0 50.0 152.0
91.0 54.0 111.0 139.0
45.0 124.0 106.0 136.0
172.0 100.0 43.0 114.0
115.0 41.0 137.0 156.0
112.0 58.0 83.0 139.0
60.0 82.0 96.0 146.0
50.0 104.0 108.0 145.0
119.0 42.0 134.0 160.0
98.0 115.0 52.0 136.0
107.0 165.0 47.0 159.0
42.0 149.0 112.0 152.0
90.0 52.0 123.0 141.0
135.0 89.0 53.0 130.0
102.0 146.0 49.0 157.0
142.0 43.0 120.0 178.0
121.0 49.0 98.0 158.0
140.0 80.0 58.0 143.0
53.0 124.0 87.0 156.0
74.0 109.0 66.0 135.0
37.0 134.0 161.0 147.0
97.0 67.0 73.0 130.0
74.0 64.0 107.0 139.0
139.0 79.0 59.0 122.0
85.0 148.0 57.0 164.0
42.0 128.0 122.0 151.0
49.0 122.0 101.0 137.0
108.0 48.0 109.0 172.0
143.0 68.0 66.0 140.0
68.0 103.0 70.0 146.0
69.0 79.0 81.0 140.0
77.0 60.0 104.0 144.0
66.0 75.0 98.0 129.0
143.0 78.0 59.0 129.0
89.0 114.0 56.0 140.0
90.0 55.0 105.0 145.0
56.0 69.0 141.0 155.0
89.0 48.0 153.0 188.0
182.0 78.0 56.0 124.0
84.0 65.0 90.0 138.0
72.0 58.0 130.0 158.0
53.0 82.0 112.0 133.0
55.0 94.0 105.0 154.0
105.0 86.0 59.0 137.0
125.0 44.0 114.0 177.0
138.0 53.0 83.0 170.0
78.0 140.0 61.0 149.0
133.0 53.0 87.0 140.0
44.0 154.0 102.0 162.0
56.0 92.0 98.0 158.0
79.0 63.0 99.0 145.0
48.0 84.0 143.0 147.0
66.0 81.0 93.0 145.0
42.0 145.0 115.0 152.0
83.0 91.0 63.0 147.0
121.0 99.0 50.0 144.0
73.0 84.0 80.0 145.0
91.0 61.0 87.0 130.0
117.0 76.0 65.0 149.0
100.0 138.0 50.0 170.0
37.0 145.0 141.0 156.0
61.0 120.0 73.0 174.0
63.0 75.0 103.0 130.0
128.0 141.0 40.0 141.0
59.0 78.0 107.0 144.0
96.0 112.0 54.0 141.0
52.0 87.0 124.0 134.0
66.0 76.0 96.0 138.0
128.0 40.0 142.0 161.0
67.0 74.0 98.0 144.0
87.0 135.0 55.0 165.0
127.0 45.0 108.0 155.0
52.0 137.0 82.0 142.0
117.0 55.0 90.0 137.0
57.0 111.0 86.0 161.0
97.0 46.0 144.0 176.0
143.0 115.0 40.0 135.0
86.0 53.0 128.0 162.0
106.0 49.0 112.0 157.0
108.0 154.0 47.0 138.0
114.0 57.0 88.0 165.0
70.0 101.0 72.0 153.0
110.0 139.0 46.0 142.0
92.0 51.0 122.0 141.0
108.0 69.0 71.0 157.0
93.0 108.0 56.0 143.0
70.0 91.0 76.0 146.0
96.0 131.0 52.0 161.0
51.0 146.0 86.0 143.0
102.0 86.0 61.0 131.0
107.0 80.0 64.0 165.0
55.0 109.0 88.0 146.0
133.0 156.0 39.0 133.0
54.0 75.0 133.0 154.0
79.0 58.0 108.0 139.0
120.0 78.0 60.0 134.0
127.0 55.0 88.0 160.0
98.0 51.0 114.0 136.0
83.0 86.0 68.0 127.0
81.0 53.0 148.0 174.0
131.0 68.0 67.0 160.0
141.0 79.0 58.0 139.0
88.0 76.0 73.0 154.0
44.0 124.0 111.0 131.0
126.0 121.0 43.0 116.0
87.0 129.0 57.0 149.0
109.0 81.0 62.0 129.0
121.0 46.0 108.0 147.0
86.0 50.0 160.0 170.0
132.0 56.0 81.0 143.0
133.0 119.0 42.0 120.0
56.0 106.0 89.0 164.0
84.0 57.0 109.0 149.0
93.0 89.0 63.0 145.0
78.0 75.0 77.0 135.0
94.0 89.0 59.0 138.0
82.0 113.0 62.0 133.0
125.0 43.0 126.0 161.0
63.0 145.0 69.0 179.0
96.0 94.0 58.0 152.0
80.0 53.0 150.0 147.0
128.0 134.0 41.0 126.0
158.0 86.0 52.0 123.0
98.0 47.0 126.0 163.0
63.0 116.0 74.0 160.0
81.0 85.0 74.0 137.0
88.0 61.0 93.0 152.0
144.0 72.0 62.0 106.0
103.0 45.0 137.0 164.0
93.0 76.0 70.0 145.0
111.0 79.0 64.0 130.0
76.0 77.0 81.0 121.0
79.0 54.0 133.0 157.0
93.0 86.0 66.0 154.0
103.0 144.0 49.0 161.0
69.0 59.0 128.0 148.0
93.0 124.0 54.0 153.0
96.0 63.0 84.0 128.0
100.0 44.0 171.0 164.0
77.0 76.0 77.0 137.0
75.0 84.0 78.0 143.0
115.0 138.0 45.0 136.0
108.0 45.0 124.0 151.0
91.0 64.0 84.0 133.0
52.0 110.0 99.0 142.0
138.0 124.0 41.0 117.0
141.0 98.0 47.0 134.0
119.0 44.0 121.0 177.0
100.0 46.0 137.0 168.0
137.0 133.0 39.0 116.0
88.0 58.0 98.0 135.0
84.0 89.0 66.0 141.0
51.0 97.0 111.0 143.0
56.0 81.0 105.0 151.0
86.0 69.0 77.0 139.0
39.0 128.0 150.0 147.0
143.0 70.0 63.0 145.0
127.0 118.0 43.0 129.0
66.0 69.0 104.0 143.0
48.0 105.0 118.0 147.0
67.0 87.0 83.0 130.0
121.0 53.0 90.0 144.0
107.0 84.0 62.0 138.0
83.0 81.0 74.0 133.0
61.0 70.0 104.0 125.0
155.0 83.0 53.0 120.0
82.0 127.0 59.0 157.0
41.0 114.0 141.0 165.0
130.0 133.0 40.0 118.0
83.0 66.0 86.0 154.0
122.0 92.0 53.0 115.0
137.0 90.0 52.0 143.0
118.0 60.0 79.0 122.0
62.0 121.0 71.0 152.0
97.0 142.0 51.0 160.0
57.0 87.0 95.0 136.0
142.0 135.0 38.0 144.0
95.0 47.0 143.0 167.0
88.0 97.0 62.0 155.0
44.0 108.0 125.0 136.0
143.0 162.0 36.0 124.0
96.0 47.0 135.0 180.0
66.0 63.0 115.0 144.0
59.0 101.0 86.0 152.0
78.0 176.0 60.0 158.0
97.0 45.0 148.0 180.0
102.0 47.0 124.0 145.0
109.0 115.0 49.0 146.0
122.0 83.0 59.0 148.0
83.0 56.0 113.0 152.0
51.0 104.0 105.0 143.0
88.0 54.0 115.0 151.0
68.0 67.0 103.0 138.0
93.0 51.0 120.0 157.0
74.0 102.0 67.0 153.0
69.0 62.0 117.0 154.0
62.0 109.0 79.0 154.0
123.0 104.0 47.0 116.0
65.0 64.0 126.0 144.0
51.0 142.0 87.0 138.0
77.0 55.0 142.0 154.0
51.0 114.0 90.0 129.0
80.0 101.0 63.0 145.0
81.0 69.0 83.0 137.0
116.0 56.0 89.0 141.0
45.0 109.0 120.0 128.0
47.0 127.0 105.0 124.0
66.0 136.0 67.0 177.0
99.0 49.0 120.0 150.0
99.0 81.0 66.0 139.0
55.0 127.0 86.0 144.0
59.0 148.0 73.0 169.0
100.0 48.0 117.0 144.0
140.0 96.0 48.0 117.0
107.0 71.0 70.0 142.0
76.0 116.0 64.0 144.0
130.0 158.0 39.0 156.0
91.0 57.0 98.0 155.0
45.0 137.0 104.0 139.0
86.0 49.0 161.0 174.0
66.0 105.0 71.0 156.0
95.0 64.0 83.0 154.0
50.0 106.0 106.0 148.0
69.0 117.0 69.0 171.0
123.0 56.0 86.0 138.0
139.0 88.0 54.0 144.0
80.0 138.0 59.0 165.0
43.0 150.0 107.0 144.0
82.0 53.0 133.0 158.0
55.0 82.0 109.0 155.0
127.0 99.0 49.0 108.0
111.0 85.0 61.0 168.0
91.0 82.0 69.0 150.0
107.0 97.0 54.0 126.0
111.0 122.0 47.0 132.0
150.0 112.0 40.0 120.0
109.0 46.0 111.0 151.0
90.0 51.0 124.0 153.0
134.0 149.0 38.0 122.0
128.0 51.0 95.0 138.0
118.0 97.0 51.0 123.0
79.0 71.0 80.0 134.0
88.0 67.0 80.0 142.0
89.0 82.0 70.0 158.0
166.0 82.0 54.0 131.0
93.0 55.0 103.0 156.0
92.0 110.0 56.0 142.0
79.0 104.0 65.0 145.0
137.0 93.0 50.0 120.0
64.0 64.0 131.0 157.0
77.0 73.0 85.0 133.0
68.0 121.0 68.0 152.0
104.0 72.0 71.0 124.0
57.0 115.0 83.0 153.0
93.0 143.0 53.0 146.0
72.0 126.0 66.0 159.0
152.0 46.0 102.0 165.0
67.0 60.0 144.0 161.0
85.0 79.0 74.0 148.0
88.0 62.0 90.0 141.0
195.0 83.0 52.0 105.0
51.0 77.0 126.0 152.0
54.0 100.0 101.0 153.0
163.0 79.0 56.0 120.0
101.0 64.0 80.0 133.0
75.0 79.0 80.0 127.0
138.0 58.0 79.0 130.0
100.0 79.0 67.0 147.0
108.0 120.0 49.0 128.0
53.0 77.0 124.0 140.0
104.0 62.0 81.0 128.0
69.0 127.0 66.0 176.0
156.0 88.0 51.0 125.0
49.0 100.0 113.0 127.0
133.0 126.0 41.0 110.0
94.0 47.0 155.0 162.0
86.0 51.0 142.0 162.0
105.0 104.0 53.0 148.0
87.0 53.0 127.0 150.0
103.0 46.0 136.0 173.0
76.0 58.0 120.0 153.0
58.0 91.0 90.0 154.0
68.0 91.0 78.0 148.0
110.0 55.0 92.0 145.0
116.0 61.0 80.0 149.0
120.0 45.0 117.0 150.0
80.0 121.0 61.0 134.0
103.0 69.0 72.0 158.0
124.0 65.0 70.0 109.0
68.0 62.0 118.0 136.0
77.0 72.0 88.0 137.0
88.0 56.0 102.0 146.0
42.0 115.0 136.0 146.0
158.0 94.0 46.0 113.0
78.0 67.0 91.0 132.0
64.0 99.0 78.0 141.0
132.0 90.0 54.0 121.0
52.0 90.0 115.0 145.0
114.0 48.0 102.0 172.0
82.0 98.0 63.0 138.0
83.0 58.0 106.0 148.0
91.0 92.0 62.0 142.0
77.0 81.0 76.0 139.0
77.0 58.0 116.0 161.0
39.0 169.0 120.0 157.0
139.0 52.0 91.0 125.0
82.0 123.0 60.0 140.0
120.0 72.0 65.0 128.0
123.0 66.0 68.0 131.0
110.0 102.0 50.0 145.0
60.0 81.0 98.0 146.0
58.0 105.0 84.0 156.0
52.0 91.0 107.0 138.0
106.0 79.0 65.0 150.0
74.0 58.0 121.0 137.0
162.0 91.0 50.0 113.0
109.0 55.0 95.0 154.0
97.0 65.0 80.0 134.0
113.0 83.0 61.0 130.0
50.0 82.0 126.0 142.0
66.0 71.0 100.0 136.0
65.0 113.0 73.0 161.0
151.0 74.0 61.0 149.0
154.0 111.0 40.0 124.0
38.0 132.0 143.0 151.0
58.0 70.0 114.0 151.0
82.0 59.0 104.0 148.0
71.0 107.0 69.0 148.0
131.0 100.0 46.0 128.0
98.0 80.0 68.0 158.0
115.0 85.0 60.0 137.0
105.0 43.0 139.0 168.0
57.0 80.0 108.0 149.0
100.0 112.0 52.0 144.0
78.0 68.0 89.0 124.0
74.0 134.0 62.0 169.0
126.0 47.0 106.0 166.0
44.0 150.0 105.0 132.0
104.0 58.0 91.0 142.0
64.0 94.0 83.0 153.0
81.0 54.0 132.0 144.0
108.0 93.0 57.0 128.0
127.0 83.0 58.0 128.0
86.0 68.0 79.0 139.0
65.0 84.0 89.0 144.0
71.0 76.0 85.0 134.0
81.0 79.0 76.0 135.0
139.0 48.0 96.0 178.0
116.0 81.0 61.0 123.0
101.0 62.0 82.0 120.0
51.0 93.0 118.0 146.0
122.0 61.0 74.0 153.0
177.0 91.0 48.0 127.0
96.0 52.0 109.0 165.0
122.0 76.0 64.0 129.0
57.0 123.0 81.0 129.0
116.0 79.0 62.0 152.0
53.0 73.0 150.0 153.0
47.0 102.0 125.0 147.0
114.0 115.0 48.0 124.0
115.0 62.0 78.0 123.0
87.0 63.0 89.0 147.0
112.0 100.0 53.0 148.0
46.0 106.0 125.0 146.0
43.0 110.0 130.0 145.0
44.0 146.0 107.0 139.0
110.0 56.0 90.0 145.0
134.0 71.0 64.0 113.0
94.0 83.0 67.0 157.0
106.0 94.0 55.0 154.0
55.0 75.0 117.0 152.0
135.0 59.0 73.0 145.0
56.0 114.0 86.0 152.0
151.0 63.0 69.0 137.0
44.0 98.0 136.0 157.0
40.0 125.0 133.0 151.0
78.0 55.0 136.0 157.0
78.0 62.0 102.0 147.0
73.0 109.0 67.0 144.0
49.0 127.0 100.0 133.0
43.0 97.0 150.0 156.0
96.0 71.0 74.0 157.0
50.0 127.0 93.0 152.0
53.0 81.0 119.0 132.0
60.0 115.0 79.0 159.0
67.0 77.0 95.0 150.0
94.0 103.0 55.0 134.0
95.0 129.0 53.0 150.0
76.0 61.0 107.0 138.0
42.0 117.0 135.0 151.0
79.0 106.0 64.0 152.0
66.0 93.0 79.0 158.0
54.0 118.0 88.0 138.0
73.0 140.0 64.0 178.0
118.0 77.0 64.0 164.0
41.0 137.0 122.0 143.0
106.0 120.0 50.0 144.0
74.0 87.0 76.0 147.0
88.0 119.0 58.0 142.0
89.0 90.0 63.0 140.0
60.0 97.0 81.0 161.0
121.0 86.0 58.0 145.0
163.0 82.0 55.0 107.0
43.0 115.0 124.0 146.0
43.0 104.0 141.0 148.0
116.0 44.0 125.0 148.0
113.0 118.0 48.0 111.0
110.0 68.0 72.0 160.0
112.0 51.0 99.0 158.0
88.0 66.0 83.0 138.0
39.0 132.0 134.0 147.0
120.0 66.0 71.0 144.0
53.0 131.0 86.0 148.0
149.0 69.0 64.0 104.0
147.0 117.0 39.0 133.0
146.0 44.0 106.0 160.0
86.0 52.0 131.0 149.0
72.0 88.0 80.0 153.0
134.0 107.0 45.0 132.0
121.0 124.0 43.0 134.0
102.0 106.0 51.0 133.0
56.0 96.0 90.0 141.0
111.0 91.0 57.0 139.0
47.0 109.0 107.0 126.0
78.0 54.0 144.0 155.0
39.0 130.0 139.0 152.0
48.0 128.0 95.0 129.0
48.0 115.0 103.0 134.0
46.0 123.0 109.0 141.0
41.0 150.0 121.0 153.0
56.0 136.0 79.0 139.0
88.0 50.0 140.0 188.0
108.0 64.0 73.0 129.0
134.0 81.0 58.0 116.0
103.0 59.0 88.0 150.0
108.0 107.0 50.0 148.0
65.0 122.0 70.0 154.0
68.0 59.0 147.0 153.0
110.0 120.0 48.0 152.0
60.0 89.0 91.0 151.0
60.0 76.0 104.0 153.0
100.0 55.0 97.0 155.0
40.0 123.0 141.0 157.0
123.0 58.0 80.0 150.0
64.0 109.0 75.0 141.0
101.0 59.0 91.0 123.0
55.0 73.0 124.0 141.0
99.0 50.0 115.0 165.0
93.0 71.0 76.0 142.0
126.0 103.0 48.0 124.0
87.0 51.0 128.0 149.0
106.0 57.0 89.0 145.0
108.0 52.0 99.0 148.0
55.0 102.0 94.0 146.0
44.0 160.0 101.0 135.0
71.0 70.0 92.0 119.0
45.0 107.0 123.0 142.0
88.0 53.0 123.0 152.0
104.0 124.0 49.0 146.0
79.0 57.0 120.0 154.0
89.0 49.0 147.0 160.0
145.0 124.0 38.0 112.0
112.0 119.0 47.0 150.0
98.0 73.0 71.0 141.0
82.0 68.0 85.0 132.0
131.0 109.0 45.0 124.0
181.0 96.0 45.0 103.0
103.0 44.0 138.0 159.0
101.0 108.0 53.0 128.0
136.0 73.0 63.0 135.0
106.0 101.0 53.0 125.0
124.0 125.0 42.0 137.0
95.0 70.0 75.0 135.0
105.0 45.0 134.0 180.0
118.0 69.0 66.0 133.0
121.0 54.0 89.0 147.0
43.0 138.0 114.0 130.0
122.0 149.0 42.0 149.0
47.0 122.0 106.0 136.0
115.0 53.0 93.0 146.0
62.0 85.0 94.0 159.0
72.0 72.0 91.0 127.0
126.0 102.0 49.0 131.0
61.0 117.0 76.0 134.0
95.0 117.0 54.0 123.0
59.0 74.0 111.0 130.0
86.0 61.0 95.0 147.0
82.0 66.0 89.0 143.0
128.0 57.0 82.0 136.0
76.0 70.0 90.0 135.0
118.0 152.0 43.0 138.0
73.0 87.0 79.0 155.0
74.0 57.0 127.0 153.0
55.0 71.0 133.0 148.0
40.0 121.0 162.0 150.0
94.0 46.0 163.0 167.0
100.0 86.0 63.0 146.0
105.0 47.0 120.0 164.0
139.0 104.0 45.0 124.0
118.0 64.0 72.0 152.0
159.0 102.0 45.0 137.0
93.0 52.0 113.0 161.0
42.0 120.0 134.0 154.0
135.0 64.0 69.0 158.0
84.0 75.0 76.0 124.0
123.0 76.0 62.0 126.0
81.0 88.0 69.0 154.0
62.0 105.0 80.0 173.0
107.0 110.0 50.0 130.0
49.0 129.0 89.0 139.0
150.0 136.0 37.0 146.0
94.0 49.0 133.0 163.0
124.0 143.0 41.0 147.0
43.0 163.0 106.0 154.0
150.0 76.0 59.0 121.0
87.0 133.0 56.0 155.0
50.0 118.0 98.0 149.0
53.0 104.0 97.0 134.0
96.0 49.0 126.0 157.0
86.0 106.0 61.0 149.0
148.0 143.0 36.0 125.0
99.0 51.0 106.0 142.0
97.0 48.0 127.0 132.0
66.0 61.0 119.0 144.0
86.0 74.0 76.0 141.0
42.0 101.0 143.0 160.0
109.0 134.0 47.0 135.0
43.0 124.0 122.0 121.0
79.0 127.0 60.0 166.0
41.0 132.0 127.0 132.0
84.0 80.0 71.0 144.0
112.0 144.0 45.0 157.0
54.0 111.0 89.0 151.0
93.0 117.0 55.0 139.0
94.0 50.0 126.0 141.0
139.0 116.0 40.0 131.0
131.0 51.0 92.0 161.0
46.0 95.0 126.0 140.0
68.0 80.0 91.0 147.0
76.0 82.0 79.0 144.0
84.0 51.0 152.0 164.0
59.0 122.0 79.0 155.0
83.0 52.0 142.0 161.0
55.0 143.0 77.0 132.0
54.0 96.0 104.0 161.0
95.0 52.0 110.0 128.0
140.0 44.0 113.0 160.0
91.0 72.0 75.0 166.0
64.0 119.0 73.0 159.0
62.0 95.0 82.0 158.0
53.0 105.0 96.0 130.0
111.0 58.0 88.0 113.0
166.0 102.0 44.0 125.0
134.0 43.0 121.0 152.0
116.0 134.0 45.0 153.0
115.0 43.0 132.0 168.0
44.0 151.0 104.0 137.0
41.0 118.0 135.0 156.0
92.0 101.0 58.0 143.0
83.0 123.0 58.0 163.0
68.0 161.0 66.0 178.0
79.0 89.0 70.0 147.0
63.0 81.0 96.0 145.0
45.0 122.0 119.0 138.0
85.0 55.0 111.0 153.0
92.0 56.0 100.0 155.0
112.0 96.0 54.0 142.0
59.0 68.0 125.0 142.0
92.0 66.0 80.0 152.0
164.0 79.0 55.0 109.0
58.0 127.0 76.0 147.0
103.0 100.0 54.0 155.0
51.0 89.0 122.0 151.0
147.0 47.0 98.0 149.0
91.0 143.0 54.0 168.0
91.0 88.0 65.0 140.0
70.0 69.0 100.0 147.0
123.0 45.0 115.0 148.0
128.0 120.0 42.0 121.0
66.0 90.0 80.0 150.0
106.0 46.0 121.0 139.0
87.0 77.0 73.0 138.0
49.0 99.0 114.0 131.0
129.0 48.0 101.0 145.0
120.0 94.0 51.0 114.0
63.0 62.0 135.0 157.0
118.0 128.0 44.0 151.0
57.0 119.0 82.0 154.0
61.0 69.0 113.0 145.0
41.0 126.0 128.0 143.0
118.0 103.0 49.0 140.0
82.0 80.0 75.0 157.0
90.0 53.0 112.0 135.0
97.0 51.0 116.0 143.0
43.0 106.0 136.0 143.0
106.0 72.0 69.0 139.0
84.0 55.0 115.0 145.0
74.0 121.0 63.0 168.0
50.0 100.0 109.0 143.0
117.0 100.0 52.0 142.0
58.0 81.0 103.0 135.0
105.0 105.0 52.0 141.0
153.0 74.0 59.0 119.0
126.0 106.0 46.0 137.0
56.0 75.0 112.0 136.0
134.0 40.0 135.0 161.0
53.0 75.0 141.0 146.0
110.0 93.0 55.0 130.0
82.0 83.0 73.0 130.0
93.0 60.0 91.0 130.0
146.0 86.0 54.0 132.0
46.0 133.0 105.0 154.0
47.0 105.0 124.0 122.0
67.0 78.0 92.0 112.0
94.0 53.0 111.0 159.0
45.0 147.0 99.0 159.0
119.0 55.0 89.0 134.0
73.0 133.0 65.0 162.0
74.0 67.0 93.0 142.0
55.0 130.0 82.0 163.0
105.0 135.0 48.0 151.0
123.0 117.0 44.0 150.0
93.0 49.0 136.0 145.0
75.0 64.0 105.0 158.0
57.0 105.0 89.0 151.0
59.0 80.0 104.0 145.0
142.0 84.0 55.0 133.0
131.0 53.0 89.0 167.0
108.0 121.0 48.0 129.0
76.0 63.0 103.0 138.0
80.0 56.0 117.0 148.0
119.0 67.0 69.0 156.0
56.0 127.0 83.0 138.0
54.0 101.0 100.0 136.0
119.0 62.0 76.0 134.0
104.0 50.0 104.0 135.0
100.0 64.0 81.0 140.0
129.0 60.0 78.0 151.0
127.0 92.0 51.0 137.0
65.0 170.0 68.0 180.0
90.0 110.0 58.0 130.0
69.0 78.0 90.0 148.0
146.0 43.0 118.0 148.0
145.0 87.0 53.0 130.0
145.0 49.0 93.0 152.0
113.0 87.0 58.0 132.0
92.0 81.0 70.0 130.0
59.0 67.0 133.0 153.0
86.0 54.0 119.0 152.0
47.0 142.0 97.0 145.0
139.0 45.0 105.0 151.0
107.0 49.0 108.0 143.0
53.0 79.0 120.0 131.0
39.0 123.0 161.0 151.0
79.0 90.0 68.0 147.0
107.0 62.0 79.0 141.0
81.0 99.0 63.0 144.0
48.0 91.0 126.0 136.0
84.0 67.0 84.0 132.0
62.0 86.0 93.0 138.0
77.0 110.0 64.0 146.0
105.0 61.0 83.0 138.0
47.0 106.0 117.0 145.0
77.0 92.0 66.0 140.0
50.0 97.0 116.0 138.0
109.0 159.0 46.0 157.0
71.0 110.0 67.0 146.0
85.0 65.0 88.0 137.0
54.0 109.0 91.0 148.0
60.0 70.0 109.0 141.0
66.0 82.0 91.0 150.0
99.0 53.0 99.0 152.0
123.0 84.0 57.0 114.0
145.0 79.0 57.0 146.0
102.0 90.0 58.0 133.0
127.0 62.0 71.0 152.0
158.0 78.0 57.0 127.0
101.0 60.0 87.0 147.0
92.0 130.0 55.0 140.0
65.0 63.0 134.0 149.0
83.0 68.0 81.0 152.0
99.0 60.0 90.0 169.0
84.0 60.0 98.0 130.0
44.0 133.0 108.0 129.0
87.0 103.0 60.0 149.0
154.0 83.0 55.0 119.0
68.0 73.0 94.0 143.0
110.0 51.0 102.0 140.0
44.0 110.0 120.0 131.0
115.0 149.0 44.0 131.0
92.0 74.0 73.0 133.0
148.0 67.0 65.0 143.0
99.0 74.0 69.0 145.0
49.0 84.0 135.0 164.0
54.0 73.0 138.0 155.0
83.0 51.0 156.0 151.0
99.0 65.0 76.0 133.0
107.0 121.0 49.0 125.0
73.0 57.0 137.0 152.0
61.0 88.0 93.0 143.0
57.0 84.0 103.0 134.0
101.0 94.0 57.0 132.0
136.0 91.0 51.0 141.0
40.0 156.0 122.0 152.0
133.0 98.0 50.0 137.0
84.0 108.0 59.0 142.0
101.0 49.0 116.0 148.0
92.0 52.0 117.0 140.0
76.0 69.0 92.0 137.0
70.0 134.0 65.0 160.0
64.0 78.0 96.0 130.0
125.0 51.0 97.0 162.0
72.0 78.0 84.0 142.0
71.0 58.0 131.0 140.0
49.0 112.0 106.0 145.0
49.0 90.0 125.0 148.0
111.0 101.0 51.0 147.0
145.0 103.0 44.0 110.0
90.0 50.0 131.0 171.0
99.0 59.0 92.0 138.0
117.0 57.0 86.0 131.0
104.0 73.0 70.0 144.0
101.0 50.0 111.0 147.0
48.0 121.0 102.0 153.0
82.0 55.0 121.0 148.0
67.0 127.0 68.0 150.0
74.0 56.0 138.0 166.0
92.0 54.0 107.0 159.0
86.0 75.0 74.0 141.0
125.0 63.0 72.0 135.0
134.0 109.0 44.0 138.0
97.0 66.0 75.0 130.0
110.0 73.0 68.0 136.0
112.0 54.0 93.0 148.0
85.0 53.0 131.0 140.0
66.0 86.0 85.0 163.0
104.0 48.0 116.0 160.0
104.0 54.0 97.0 165.0
46.0 113.0 115.0 146.0
102.0 63.0 77.0 128.0
112.0 71.0 68.0 129.0
89.0 58.0 94.0 155.0
62.0 111.0 76.0 151.0
140.0 72.0 63.0 147.0
88.0 85.0 69.0 155.0
104.0 51.0 103.0 148.0
109.0 49.0 105.0 145.0
97.0 99.0 55.0 140.0
83.0 98.0 62.0 129.0
63.0 84.0 92.0 151.0
94.0 84.0 64.0 118.0
136.0 107.0 42.0 121.0
79.0 109.0 63.0 146.0
140.0 51.0 88.0 167.0
88.0 83.0 70.0 142.0
129.0 55.0 84.0 170.0
134.0 57.0 80.0 149.0
103.0 157.0 48.0 156.0
50.0 128.0 92.0 144.0
122.0 43.0 128.0 158.0
48.0 138.0 91.0 132.0
55.0 107.0 92.0 133.0
131.0 63.0 70.0 124.0
41.0 156.0 113.0 148.0
154.0 77.0 58.0 115.0
114.0 123.0 46.0 143.0
68.0 94.0 77.0 158.0
115.0 87.0 55.0 121.0
140.0 152.0 37.0 129.0
93.0 72.0 74.0 142.0
172.0 81.0 53.0 115.0
153.0 73.0 61.0 124.0
77.0 129.0 62.0 173.0
50.0 112.0 101.0 150.0
47.0 87.0 144.0 162.0
141.0 58.0 78.0 143.0
105.0 50.0 103.0 172.0
