73.0 54.0 145.0 161.0
53.0 88.0 142.0 155.0
104.0 45.0 143.0 166.0
115.0 42.0 121.0 172.0
49.0 104.0 133.0 160.0
66.0 67.0 146.0 155.0
57.0 82.0 133.0 169.0
64.0 71.0 137.0 161.0
71.0 57.0 141.0 159.0
68.0 63.0 141.0 178.0
55.0 86.0 141.0 170.0
46.0 121.0 122.0 159.0
123.0 41.0 120.0 168.0
88.0 48.0 112.0 169.0
99.0 46.0 147.0 160.0
44.0 129.0 141.0 158.0
131.0 39.0 122.0 181.0
108.0 43.0 119.0 174.0
51.0 92.0 133.0 161.0
125.0 40.0 130.0 178.0
48.0 107.0 145.0 185.0
41.0 149.0 123.0 136.0
50.0 98.0 147.0 154.0
47.0 114.0 126.0 170.0
56.0 84.0 139.0 174.0
65.0 70.0 161.0 155.0
43.0 138.0 148.0 162.0
45.0 127.0 127.0 163.0
104.0 45.0 120.0 172.0
69.0 62.0 141.0 159.0
138.0 38.0 145.0 174.0
85.0 51.0 137.0 167.0
59.0 78.0 142.0 163.0
92.0 47.0 145.0 162.0
63.0 72.0 144.0 159.0
58.0 79.0 139.0 174.0
60.0 75.0 141.0 161.0
86.0 49.0 140.0 166.0
46.0 121.0 128.0 152.0
79.0 52.0 150.0 157.0
162.0 37.0 152.0 175.0
99.0 46.0 117.0 172.0
40.0 161.0 120.0 114.0
