-7233.0 -7394.0 -8110.0 -7595.0 -8120.0
-6321.0 -6936.0 -8858.0 -7987.0 -7663.0
-6097.0 -6943.0 -6922.0 -8632.0 -7648.0
-6713.0 -7351.0 -8379.0 -8112.0 -7774.0
-6066.0 -7162.0 -8944.0 -7871.0 -7073.0
-5585.0 -6939.0 -8182.0 -8652.0 -6872.0
-7052.0 -7102.0 -7498.0 -7771.0 -7223.0
-6659.0 -7164.0 -8542.0 -7764.0 -7082.0
-6404.0 -7390.0 -8628.0 -7648.0 -6492.0
-6633.0 -7187.0 -8257.0 -8360.0 -7946.0
-7439.0 -7551.0 -7069.0 -6969.0 -7094.0
-6208.0 -6677.0 -7665.0 -8481.0 -7187.0
-7359.0 -7387.0 -6947.0 -7217.0 -7266.0
-6389.0 -6969.0 -8277.0 -8305.0 -8084.0
-6134.0 -7195.0 -8363.0 -8189.0 -7494.0
-5837.0 -6713.0 -8569.0 -7122.0 -7829.0
-5276.0 -6785.0 -8380.0 -8423.0 -7034.0
-6274.0 -6823.0 -8365.0 -8294.0 -7863.0
-7179.0 -7207.0 -8273.0 -7247.0 -7428.0
-5275.0 -6473.0 -8943.0 -8346.0 -7004.0
-6177.0 -7107.0 -7044.0 -8384.0 -7476.0
-6598.0 -7205.0 -8467.0 -8101.0 -7553.0
-5788.0 -6789.0 -7120.0 -8403.0 -7810.0
-5165.0 -7051.0 -7637.0 -8574.0 -7495.0
-6839.0 -7344.0 -7216.0 -7734.0 -6920.0
-5600.0 -7167.0 -8482.0 -8230.0 -6724.0
-6388.0 -6996.0 -6973.0 -7638.0 -7984.0
-7118.0 -7248.0 -8198.0 -7584.0 -7899.0
-6697.0 -7150.0 -6775.0 -7867.0 -7822.0
-7324.0 -7405.0 -7157.0 -6958.0 -6873.0
-5646.0 -7274.0 -8399.0 -7793.0 -7696.0
-6518.0 -7041.0 -8345.0 -8349.0 -7725.0
