-5614.0 -8124.0 -7326.0 -8800.0 -7017.0
-5563.0 -8701.0 -6899.0 -8379.0 -6905.0
-5162.0 -8060.0 -7455.0 -8048.0 -7182.0
-4779.0 -7638.0 -5969.0 -7761.0 -7594.0
-4495.0 -7241.0 -7134.0 -7285.0 -7584.0
-4378.0 -6997.0 -6525.0 -7430.0 -7871.0
-4646.0 -7599.0 -7058.0 -8563.0 -7551.0
-5182.0 -7318.0 -6840.0 -7395.0 -7511.0
-4327.0 -7574.0 -6098.0 -7009.0 -7759.0
-4406.0 -7396.0 -6279.0 -7804.0 -7754.0
-4595.0 -8176.0 -6631.0 -8142.0 -7439.0
-4468.0 -6239.0 -6369.0 -7510.0 -7891.0
-4763.0 -8464.0 -6346.0 -7547.0 -7264.0
-5214.0 -8546.0 -7223.0 -8153.0 -7224.0
-4995.0 -7754.0 -6734.0 -8789.0 -7232.0
-5553.0 -8271.0 -7394.0 -8391.0 -6508.0
-4949.0 -6765.0 -7391.0 -8413.0 -7187.0
-5535.0 -8302.0 -7145.0 -8005.0 -7022.0
-4727.0 -7152.0 -6201.0 -7656.0 -7552.0
