-8380.0 -7384.0 -6931.0 -6523.0 -7050.0
-8507.0 -8317.0 -6010.0 -7026.0 -7469.0
-8045.0 -6761.0 -7753.0 -7034.0 -6133.0
-8756.0 -7151.0 -6618.0 -7735.0 -6765.0
-9005.0 -7571.0 -5768.0 -6769.0 -8294.0
-9151.0 -7110.0 -6482.0 -7342.0 -7001.0
-8111.0 -7373.0 -7189.0 -7510.0 -6028.0
-8916.0 -7298.0 -5575.0 -7235.0 -7825.0
-9172.0 -7909.0 -5877.0 -7277.0 -7260.0
-8156.0 -6914.0 -6909.0 -7658.0 -6212.0
-8421.0 -8114.0 -5982.0 -6571.0 -8081.0
-8309.0 -7637.0 -7054.0 -6960.0 -6106.0
-8172.0 -7694.0 -6832.0 -7537.0 -6552.0
-8962.0 -7077.0 -5650.0 -7119.0 -7849.0
-9050.0 -8098.0 -6033.0 -7111.0 -6915.0
-9091.0 -7774.0 -5796.0 -7224.0 -7682.0
-7759.0 -6793.0 -7561.0 -7343.0 -5506.0
-9131.0 -7519.0 -5890.0 -7363.0 -7508.0
-8541.0 -6930.0 -6303.0 -7607.0 -7082.0
-8112.0 -6909.0 -5124.0 -6132.0 -8338.0
-8581.0 -6675.0 -6397.0 -7746.0 -6908.0
-8936.0 -6889.0 -6167.0 -7214.0 -7318.0
-8574.0 -7983.0 -6398.0 -7041.0 -7007.0
-7956.0 -6488.0 -7560.0 -7500.0 -5664.0
-8090.0 -6302.0 -7473.0 -7182.0 -6317.0
-8547.0 -8062.0 -6104.0 -7165.0 -7295.0
-7985.0 -7425.0 -7067.0 -6916.0 -6814.0
-8706.0 -7758.0 -6402.0 -7275.0 -6812.0
-7957.0 -7473.0 -6517.0 -7409.0 -6869.0
-8567.0 -7653.0 -6696.0 -7144.0 -6788.0
-8976.0 -6634.0 -6261.0 -7353.0 -7144.0
-8352.0 -7432.0 -6381.0 -7016.0 -7105.0
