-7090.0 -5846.0 -8500.0 -7664.0 -8645.0
-6778.0 -5518.0 -8305.0 -7411.0 -9088.0
-7100.0 -6020.0 -8154.0 -6807.0 -8773.0
-7370.0 -5861.0 -8380.0 -7363.0 -8648.0
-5759.0 -5034.0 -6729.0 -6172.0 -9157.0
-6433.0 -5436.0 -8216.0 -7640.0 -8843.0
-6588.0 -5878.0 -8068.0 -6873.0 -8938.0
-7867.0 -5536.0 -7681.0 -6468.0 -8741.0
-6934.0 -6248.0 -7135.0 -6122.0 -8881.0
-7052.0 -6437.0 -7095.0 -5934.0 -8077.0
-7085.0 -5553.0 -7369.0 -5978.0 -9031.0
-7212.0 -5865.0 -8200.0 -6775.0 -8866.0
-7755.0 -5691.0 -7635.0 -6500.0 -8648.0
-5965.0 -5008.0 -6605.0 -5928.0 -9128.0
-6973.0 -5708.0 -7323.0 -6010.0 -8938.0
