-5529.0 -6630.0 -6141.0 -6712.0 -6549.0
-6190.0 -5664.0 -6955.0 -6239.0 -5990.0
-4479.0 -5025.0 -5223.0 -7372.0 -5285.0
-4917.0 -6010.0 -5902.0 -6183.0 -7464.0
-5876.0 -6407.0 -6807.0 -6177.0 -6864.0
-5126.0 -5794.0 -6327.0 -7199.0 -6211.0
-4323.0 -5323.0 -4591.0 -6937.0 -7235.0
-4665.0 -5287.0 -5663.0 -6671.0 -7745.0
-5540.0 -6287.0 -6218.0 -7133.0 -5875.0
-5239.0 -6979.0 -6404.0 -6505.0 -5628.0
-5558.0 -5057.0 -7039.0 -4431.0 -5060.0
-4327.0 -5400.0 -4755.0 -7570.0 -5788.0
-6000.0 -5438.0 -6471.0 -5602.0 -7067.0
-5272.0 -5342.0 -5380.0 -5811.0 -7482.0
-4464.0 -5806.0 -4804.0 -7155.0 -7071.0
-5063.0 -6306.0 -5709.0 -6132.0 -7105.0
-4557.0 -5697.0 -4874.0 -7361.0 -4951.0
-4049.0 -4827.0 -5829.0 -7529.0 -5700.0
-4764.0 -4889.0 -6134.0 -5230.0 -7184.0
-4453.0 -4863.0 -6001.0 -7363.0 -4903.0
-5130.0 -5356.0 -6669.0 -6995.0 -5099.0
-5453.0 -5138.0 -6781.0 -6857.0 -4532.0
-3830.0 -5239.0 -5479.0 -7412.0 -6473.0
-6120.0 -5862.0 -6258.0 -6749.0 -5385.0
-5367.0 -6860.0 -6489.0 -6290.0 -6604.0
-4864.0 -6220.0 -6837.0 -5440.0 -6111.0
-4930.0 -4316.0 -7088.0 -5786.0 -4406.0
-5806.0 -6605.0 -6110.0 -6687.0 -6259.0
-5690.0 -6642.0 -6601.0 -6152.0 -6037.0
-4302.0 -6036.0 -5152.0 -6733.0 -7126.0
-4730.0 -4838.0 -5970.0 -7338.0 -4613.0
-3689.0 -4756.0 -5266.0 -7194.0 -6637.0
-4868.0 -5176.0 -5774.0 -7223.0 -6050.0
-5852.0 -6412.0 -6253.0 -6574.0 -5982.0
-5097.0 -5887.0 -5045.0 -7206.0 -5962.0
-4669.0 -5090.0 -6902.0 -6531.0 -5056.0
-5735.0 -5924.0 -6594.0 -5959.0 -7028.0
-5326.0 -5103.0 -5067.0 -5775.0 -7500.0
-4611.0 -5514.0 -7012.0 -5854.0 -5317.0
-5439.0 -5851.0 -6117.0 -6940.0 -6472.0
-6078.0 -5699.0 -5900.0 -6118.0 -7071.0
-5052.0 -5363.0 -6906.0 -6340.0 -4937.0
-4974.0 -5654.0 -6037.0 -6560.0 -7049.0
-4486.0 -5383.0 -6519.0 -6766.0 -6092.0
-5119.0 -5699.0 -6592.0 -6574.0 -5773.0
-4139.0 -5606.0 -5853.0 -7301.0 -5777.0
-4417.0 -5619.0 -5325.0 -7038.0 -6816.0
-4315.0 -5257.0 -5594.0 -7457.0 -4755.0
-5429.0 -5394.0 -6398.0 -6840.0 -6011.0
-5565.0 -6517.0 -5685.0 -6842.0 -6103.0
-5115.0 -6137.0 -6250.0 -6778.0 -6885.0
-5068.0 -6218.0 -6437.0 -6522.0 -6472.0
-4972.0 -4690.0 -6973.0 -6172.0 -4856.0
-5287.0 -5711.0 -5827.0 -6301.0 -7310.0
-4276.0 -5136.0 -5112.0 -6820.0 -6980.0
-4740.0 -4977.0 -4758.0 -7219.0 -6436.0
-5464.0 -6081.0 -5584.0 -6649.0 -6700.0
-5748.0 -6218.0 -6491.0 -6829.0 -5776.0
-4683.0 -5394.0 -5154.0 -7272.0 -6298.0
-4038.0 -5170.0 -5752.0 -7108.0 -6374.0
-4663.0 -5212.0 -5113.0 -7051.0 -6665.0
-5737.0 -6561.0 -6414.0 -6408.0 -6450.0
-5108.0 -5807.0 -6683.0 -6396.0 -5657.0
-4416.0 -5581.0 -5822.0 -7276.0 -5487.0
-4672.0 -5737.0 -5077.0 -6851.0 -6972.0
-5178.0 -5477.0 -6985.0 -5502.0 -5237.0
-3687.0 -4681.0 -4716.0 -7574.0 -5557.0
-5079.0 -5780.0 -5554.0 -6605.0 -7409.0
-3897.0 -4687.0 -5539.0 -6890.0 -6538.0
-5433.0 -6007.0 -5634.0 -6250.0 -6951.0
-5576.0 -5896.0 -6160.0 -5969.0 -6981.0
-5239.0 -5168.0 -5914.0 -6203.0 -7088.0
-5086.0 -6230.0 -4968.0 -6785.0 -6636.0
-4029.0 -4645.0 -5788.0 -7308.0 -6067.0
-5482.0 -5218.0 -6769.0 -6373.0 -6234.0
-5378.0 -6517.0 -6566.0 -6711.0 -5930.0
-5139.0 -5881.0 -6633.0 -6795.0 -5406.0
-5099.0 -5282.0 -6719.0 -6596.0 -5350.0
-4258.0 -5356.0 -5059.0 -7291.0 -5979.0
-5072.0 -5780.0 -6779.0 -6318.0 -5360.0
-5248.0 -4842.0 -5638.0 -5259.0 -7496.0
-5433.0 -4956.0 -6740.0 -6636.0 -4899.0
-4773.0 -6173.0 -5178.0 -7044.0 -6375.0
-3668.0 -5469.0 -5827.0 -6990.0 -6528.0
-3897.0 -6180.0 -5098.0 -6973.0 -6440.0
-4279.0 -5124.0 -5948.0 -7320.0 -4863.0
-4415.0 -4777.0 -5807.0 -7365.0 -5142.0
-4789.0 -4983.0 -6590.0 -6407.0 -5892.0
-5438.0 -5919.0 -6362.0 -6640.0 -6318.0
-5681.0 -6117.0 -6637.0 -6352.0 -5730.0
-5728.0 -6036.0 -6450.0 -6608.0 -6143.0
-5487.0 -5768.0 -5321.0 -6214.0 -6969.0
-5442.0 -5481.0 -6704.0 -6436.0 -5206.0
-5391.0 -5308.0 -6204.0 -6842.0 -6250.0
-4787.0 -5588.0 -4916.0 -7017.0 -6504.0
-4811.0 -5583.0 -5470.0 -6620.0 -7386.0
-4738.0 -6106.0 -6758.0 -6278.0 -5811.0
-5805.0 -5801.0 -6095.0 -6776.0 -5914.0
-5422.0 -5064.0 -6831.0 -6458.0 -4783.0
-4800.0 -4640.0 -6667.0 -6828.0 -5218.0
-4820.0 -5057.0 -6540.0 -6806.0 -5641.0
-5596.0 -6078.0 -6201.0 -6190.0 -6614.0
-5388.0 -6147.0 -5928.0 -6494.0 -6713.0
-4545.0 -5554.0 -5713.0 -7248.0 -3918.0
-4074.0 -5057.0 -5296.0 -7238.0 -5928.0
-4397.0 -5202.0 -5452.0 -7060.0 -6393.0
-4727.0 -4693.0 -5561.0 -7005.0 -6214.0
-4313.0 -5693.0 -5229.0 -7154.0 -6452.0
