-8092.0 -6465.0 -6060.0 -6985.0 -6848.0
-7817.0 -5611.0 -5685.0 -6318.0 -7990.0
-8760.0 -5800.0 -6237.0 -6791.0 -6897.0
-7702.0 -6072.0 -7198.0 -5796.0 -7278.0
-7829.0 -5813.0 -5146.0 -7349.0 -7716.0
-8575.0 -6255.0 -6710.0 -6543.0 -6249.0
-6950.0 -6139.0 -6132.0 -7390.0 -6294.0
-8617.0 -5701.0 -5615.0 -6484.0 -7545.0
-7743.0 -6363.0 -6341.0 -7205.0 -6242.0
-8060.0 -6801.0 -6609.0 -5112.0 -6813.0
-8833.0 -5893.0 -5819.0 -7372.0 -6313.0
-7949.0 -6489.0 -6081.0 -5706.0 -7175.0
-7851.0 -6630.0 -6547.0 -6952.0 -5990.0
-8200.0 -6855.0 -6909.0 -5760.0 -6275.0
-8722.0 -5581.0 -5291.0 -7966.0 -6675.0
-7253.0 -6028.0 -6309.0 -5923.0 -8037.0
-7571.0 -6175.0 -6037.0 -6520.0 -7652.0
-7591.0 -5760.0 -6670.0 -6390.0 -7640.0
-7285.0 -5815.0 -6403.0 -6824.0 -7751.0
-8165.0 -6681.0 -6285.0 -6594.0 -5943.0
-8017.0 -6174.0 -6604.0 -6734.0 -7003.0
-8649.0 -5488.0 -5709.0 -7385.0 -7259.0
-8093.0 -6312.0 -6508.0 -6974.0 -6309.0
-7679.0 -6442.0 -6243.0 -6267.0 -7400.0
-7778.0 -6537.0 -6965.0 -6371.0 -6574.0
-7699.0 -6027.0 -6876.0 -6137.0 -7388.0
-8170.0 -5932.0 -6037.0 -6081.0 -7937.0
-8331.0 -5341.0 -5981.0 -6788.0 -7644.0
-8757.0 -5755.0 -5915.0 -7132.0 -7007.0
-7854.0 -6675.0 -6869.0 -6611.0 -5880.0
-8020.0 -6219.0 -6926.0 -6393.0 -6893.0
-8057.0 -6756.0 -6287.0 -5453.0 -6923.0
-8435.0 -6201.0 -6410.0 -5895.0 -6787.0
-8242.0 -6301.0 -5814.0 -5701.0 -7571.0
-8315.0 -6394.0 -5396.0 -6282.0 -6987.0
-8243.0 -6025.0 -5619.0 -6662.0 -7353.0
-7358.0 -5908.0 -5985.0 -7405.0 -7167.0
-7361.0 -5953.0 -6307.0 -7064.0 -7057.0
-8467.0 -5988.0 -6504.0 -6796.0 -6501.0
-7849.0 -5398.0 -5779.0 -7219.0 -7704.0
-8135.0 -5758.0 -5413.0 -6915.0 -7605.0
-8275.0 -5812.0 -5713.0 -7563.0 -7067.0
-8540.0 -6081.0 -6086.0 -7377.0 -5917.0
-7985.0 -6387.0 -6510.0 -5833.0 -7289.0
-7988.0 -6432.0 -6832.0 -5492.0 -7179.0
-7515.0 -5885.0 -6051.0 -6735.0 -7442.0
-8092.0 -6588.0 -6703.0 -6013.0 -6527.0
-8464.0 -5943.0 -6182.0 -7137.0 -6611.0
-7877.0 -6120.0 -6304.0 -6086.0 -7541.0
-8274.0 -6088.0 -5908.0 -6602.0 -7285.0
-8089.0 -6543.0 -6381.0 -6354.0 -6637.0
-8432.0 -6156.0 -6088.0 -6236.0 -6897.0
