-7090.0 -5846.0 -8500.0 -7664.0 -8645.0
-5984.0 -5667.0 -7754.0 -8355.0 -8154.0
-6778.0 -5518.0 -8305.0 -7411.0 -9088.0
-7100.0 -6020.0 -8154.0 -6807.0 -8773.0
-7370.0 -5861.0 -8380.0 -7363.0 -8648.0
-5759.0 -5034.0 -6729.0 -6172.0 -9157.0
-6290.0 -4998.0 -8321.0 -7794.0 -8252.0
-6252.0 -5925.0 -7172.0 -8069.0 -7470.0
-6433.0 -5436.0 -8216.0 -7640.0 -8843.0
-6588.0 -5878.0 -8068.0 -6873.0 -8938.0
-7867.0 -5536.0 -7681.0 -6468.0 -8741.0
-6934.0 -6248.0 -7135.0 -6122.0 -8881.0
-6190.0 -5641.0 -7630.0 -8111.0 -8125.0
-5437.0 -5577.0 -7098.0 -7684.0 -8303.0
-6690.0 -6152.0 -7345.0 -7673.0 -8022.0
-6284.0 -5589.0 -7513.0 -7877.0 -7471.0
-7052.0 -6437.0 -7095.0 -5934.0 -8077.0
-7085.0 -5553.0 -7369.0 -5978.0 -9031.0
-7488.0 -5550.0 -8398.0 -6643.0 -8552.0
-7212.0 -5865.0 -8200.0 -6775.0 -8866.0
-7755.0 -5691.0 -7635.0 -6500.0 -8648.0
-7345.0 -5823.0 -6826.0 -7366.0 -7897.0
-5965.0 -5008.0 -6605.0 -5928.0 -9128.0
-5476.0 -5478.0 -6751.0 -7835.0 -8241.0
-5908.0 -4887.0 -6947.0 -8081.0 -8195.0
-6973.0 -5708.0 -7323.0 -6010.0 -8938.0
-6808.0 -5092.0 -7817.0 -7634.0 -8715.0
-7294.0 -5081.0 -7573.0 -7089.0 -8689.0
