-7652.0 -6385.0 -5705.0 -7123.0 -8927.0
-7729.0 -5785.0 -6285.0 -6287.0 -8046.0
-7384.0 -5598.0 -5081.0 -8051.0 -8733.0
-7509.0 -6112.0 -5251.0 -7950.0 -9316.0
-8558.0 -6063.0 -5945.0 -7078.0 -8984.0
-6772.0 -4667.0 -5764.0 -7616.0 -8136.0
-5874.0 -5226.0 -4802.0 -8245.0 -7841.0
-8175.0 -5730.0 -5628.0 -7637.0 -8804.0
-7219.0 -4874.0 -6356.0 -7099.0 -8518.0
-7140.0 -4612.0 -5489.0 -7839.0 -8756.0
-7759.0 -5694.0 -6120.0 -6908.0 -9151.0
-7031.0 -5475.0 -5505.0 -7326.0 -9228.0
-7112.0 -5565.0 -5941.0 -7314.0 -8294.0
-6780.0 -4904.0 -5042.0 -8200.0 -7898.0
-7385.0 -6325.0 -5123.0 -6773.0 -9167.0
-6048.0 -6102.0 -4305.0 -8114.0 -7736.0
-5966.0 -4763.0 -4847.0 -8068.0 -8589.0
-7227.0 -5111.0 -5634.0 -7683.0 -8280.0
-6954.0 -5780.0 -4545.0 -8069.0 -7793.0
-7376.0 -5361.0 -5803.0 -7467.0 -8971.0
-7666.0 -6058.0 -5102.0 -7491.0 -9222.0
-7854.0 -5580.0 -5329.0 -7381.0 -9169.0
-7485.0 -5114.0 -6009.0 -7236.0 -8583.0
-7845.0 -6147.0 -5677.0 -7269.0 -8949.0
-6313.0 -5196.0 -6116.0 -7144.0 -8461.0
-8111.0 -5856.0 -5353.0 -7595.0 -8602.0
-6828.0 -5116.0 -5303.0 -7463.0 -9092.0
-7871.0 -5251.0 -5337.0 -7349.0 -8890.0
-7778.0 -5911.0 -5745.0 -7137.0 -7897.0
-6665.0 -5358.0 -5349.0 -7831.0 -7912.0
-7665.0 -5911.0 -6010.0 -6245.0 -7844.0
-5958.0 -4526.0 -5569.0 -7484.0 -8827.0
-7269.0 -6052.0 -5388.0 -7682.0 -8747.0
-6321.0 -5433.0 -5394.0 -7728.0 -8223.0
-7542.0 -6271.0 -4974.0 -6314.0 -9073.0
