-6686.0 -7716.0 -7297.0 -6574.0 -8361.0
-6331.0 -7992.0 -6767.0 -6956.0 -8514.0
-5599.0 -6069.0 -7618.0 -5558.0 -7579.0
-6370.0 -7089.0 -5514.0 -7340.0 -7694.0
-6183.0 -7485.0 -6478.0 -6179.0 -8957.0
-7085.0 -7242.0 -6450.0 -6947.0 -7872.0
-6855.0 -7380.0 -6446.0 -7103.0 -8199.0
-5215.0 -6915.0 -5609.0 -6678.0 -8831.0
-6239.0 -6884.0 -7475.0 -5427.0 -7679.0
-6415.0 -7771.0 -6463.0 -6518.0 -8716.0
-6561.0 -7854.0 -6771.0 -6800.0 -8187.0
-6890.0 -7118.0 -6857.0 -6689.0 -8185.0
-6133.0 -6589.0 -6200.0 -7130.0 -8104.0
-5569.0 -6117.0 -7307.0 -5501.0 -7779.0
-6656.0 -7764.0 -6986.0 -6517.0 -8561.0
-5892.0 -6596.0 -5677.0 -7131.0 -8259.0
-6336.0 -7778.0 -6867.0 -6485.0 -8700.0
-6600.0 -6951.0 -5518.0 -7184.0 -7367.0
-6213.0 -7437.0 -6789.0 -6236.0 -8757.0
-5609.0 -7201.0 -6521.0 -6983.0 -8419.0
-5413.0 -6941.0 -4273.0 -6752.0 -8597.0
-5733.0 -7418.0 -5208.0 -7045.0 -8421.0
-6366.0 -7730.0 -7178.0 -6542.0 -8500.0
-6292.0 -7430.0 -6385.0 -6269.0 -8773.0
-5972.0 -7444.0 -6266.0 -6237.0 -8912.0
-6262.0 -7478.0 -6074.0 -6212.0 -8973.0
-5961.0 -6691.0 -5104.0 -7185.0 -7828.0
-6178.0 -7699.0 -6378.0 -6650.0 -8771.0
-5739.0 -6303.0 -5288.0 -6825.0 -8516.0
-6535.0 -7394.0 -6327.0 -7071.0 -8338.0
-5136.0 -6922.0 -6013.0 -6645.0 -8815.0
-6445.0 -7723.0 -6774.0 -6575.0 -8516.0
-5334.0 -6948.0 -4677.0 -6719.0 -8581.0
-5456.0 -6908.0 -6132.0 -6677.0 -8676.0
-6252.0 -7508.0 -6355.0 -6662.0 -8535.0
-5813.0 -6603.0 -6081.0 -7098.0 -8243.0
-5289.0 -6724.0 -5586.0 -6690.0 -8595.0
