-6190.0 -5664.0 -6955.0 -6239.0 -5990.0
-4917.0 -6010.0 -5902.0 -6183.0 -7464.0
-5876.0 -6407.0 -6807.0 -6177.0 -6864.0
-5126.0 -5794.0 -6327.0 -7199.0 -6211.0
-4665.0 -5287.0 -5663.0 -6671.0 -7745.0
-5540.0 -6287.0 -6218.0 -7133.0 -5875.0
-6000.0 -5438.0 -6471.0 -5602.0 -7067.0
-5272.0 -5342.0 -5380.0 -5811.0 -7482.0
-5063.0 -6306.0 -5709.0 -6132.0 -7105.0
-5130.0 -5356.0 -6669.0 -6995.0 -5099.0
-5453.0 -5138.0 -6781.0 -6857.0 -4532.0
-6120.0 -5862.0 -6258.0 -6749.0 -5385.0
-5806.0 -6605.0 -6110.0 -6687.0 -6259.0
-5735.0 -5924.0 -6594.0 -5959.0 -7028.0
-5326.0 -5103.0 -5067.0 -5775.0 -7500.0
-5439.0 -5851.0 -6117.0 -6940.0 -6472.0
-6078.0 -5699.0 -5900.0 -6118.0 -7071.0
-4974.0 -5654.0 -6037.0 -6560.0 -7049.0
-5115.0 -6137.0 -6250.0 -6778.0 -6885.0
-5287.0 -5711.0 -5827.0 -6301.0 -7310.0
-5748.0 -6218.0 -6491.0 -6829.0 -5776.0
-5737.0 -6561.0 -6414.0 -6408.0 -6450.0
-5079.0 -5780.0 -5554.0 -6605.0 -7409.0
-5482.0 -5218.0 -6769.0 -6373.0 -6234.0
-5378.0 -6517.0 -6566.0 -6711.0 -5930.0
-5139.0 -5881.0 -6633.0 -6795.0 -5406.0
-5248.0 -4842.0 -5638.0 -5259.0 -7496.0
-5438.0 -5919.0 -6362.0 -6640.0 -6318.0
-5728.0 -6036.0 -6450.0 -6608.0 -6143.0
