-7298.0 -4859.0 -8380.0 -4397.0 -6122.0
-6141.0 -5272.0 -6604.0 -5667.0 -5991.0
-6445.0 -4454.0 -7640.0 -4765.0 -7138.0
-7666.0 -4899.0 -7593.0 -5337.0 -6171.0
-6465.0 -5011.0 -6590.0 -5765.0 -5800.0
-6198.0 -3735.0 -7953.0 -3835.0 -7566.0
-7967.0 -3953.0 -7370.0 -4770.0 -6293.0
-7067.0 -4786.0 -8583.0 -3904.0 -5400.0
-6295.0 -4135.0 -7247.0 -4198.0 -7204.0
-6542.0 -4854.0 -6934.0 -5128.0 -6776.0
-6725.0 -4631.0 -7320.0 -5558.0 -5884.0
-5841.0 -4057.0 -6408.0 -3950.0 -7229.0
-5902.0 -3658.0 -8305.0 -2700.0 -6914.0
-6866.0 -4593.0 -6920.0 -5226.0 -6585.0
-5818.0 -3997.0 -7373.0 -3946.0 -7291.0
-6422.0 -4595.0 -7958.0 -5260.0 -5765.0
-5431.0 -3548.0 -6305.0 -3941.0 -7308.0
-7363.0 -4863.0 -8231.0 -5039.0 -6052.0
-5324.0 -4919.0 -5380.0 -5814.0 -5084.0
-7565.0 -3516.0 -8077.0 -3639.0 -6562.0
-6044.0 -4872.0 -7310.0 -5304.0 -6353.0
-6042.0 -4857.0 -7378.0 -5371.0 -5490.0
-5595.0 -4884.0 -6717.0 -4809.0 -6836.0
-7306.0 -4751.0 -6310.0 -5516.0 -5424.0
-5782.0 -5237.0 -6648.0 -5578.0 -5406.0
-7707.0 -4333.0 -6640.0 -4977.0 -6209.0
-7039.0 -3475.0 -7673.0 -3586.0 -7190.0
-5846.0 -4341.0 -8630.0 -3332.0 -6367.0
-6884.0 -3757.0 -8067.0 -3385.0 -7031.0
-6386.0 -5027.0 -8573.0 -3650.0 -5869.0
-7182.0 -4799.0 -6282.0 -5571.0 -5264.0
-5515.0 -3961.0 -8011.0 -3648.0 -7172.0
-5876.0 -4207.0 -8071.0 -4402.0 -6610.0
-6165.0 -5445.0 -6966.0 -5403.0 -6091.0
-7720.0 -3234.0 -7683.0 -3840.0 -6721.0
-6983.0 -5125.0 -7651.0 -5150.0 -5777.0
-6381.0 -4764.0 -8469.0 -4354.0 -5935.0
-7744.0 -4332.0 -7024.0 -4466.0 -6265.0
-7136.0 -3875.0 -6967.0 -3949.0 -6828.0
-7339.0 -4690.0 -7869.0 -5303.0 -5952.0
-6432.0 -3866.0 -8610.0 -2966.0 -6779.0
-5756.0 -4322.0 -8134.0 -3468.0 -6951.0
-5073.0 -4548.0 -8192.0 -3281.0 -6557.0
-6879.0 -3494.0 -7963.0 -4089.0 -7097.0
-7034.0 -3571.0 -8172.0 -3192.0 -6481.0
-5700.0 -5005.0 -8459.0 -4100.0 -6404.0
-6203.0 -4416.0 -7795.0 -4436.0 -6829.0
-6068.0 -5045.0 -7672.0 -5040.0 -6453.0
-7160.0 -4973.0 -6308.0 -4575.0 -6372.0
-7435.0 -4826.0 -7796.0 -4844.0 -5449.0
-6915.0 -3523.0 -7645.0 -3641.0 -7030.0
-6744.0 -4123.0 -7840.0 -4693.0 -6721.0
-7286.0 -4194.0 -7360.0 -4516.0 -6762.0
-7430.0 -4145.0 -7954.0 -4243.0 -6186.0
-7419.0 -4180.0 -7906.0 -4407.0 -6599.0
-7126.0 -4213.0 -7650.0 -5019.0 -6669.0
-7585.0 -3863.0 -7560.0 -4444.0 -6345.0
-6196.0 -3720.0 -8021.0 -3902.0 -6703.0
-6557.0 -5196.0 -6350.0 -5372.0 -5735.0
-7383.0 -4594.0 -6654.0 -4879.0 -6400.0
-5821.0 -4326.0 -7985.0 -4110.0 -6881.0
-5741.0 -4836.0 -7948.0 -5006.0 -6234.0
-6978.0 -4254.0 -8497.0 -3824.0 -5934.0
-6650.0 -4833.0 -6000.0 -5632.0 -4849.0
-6489.0 -5184.0 -6952.0 -5501.0 -5900.0
-6858.0 -5060.0 -6296.0 -5473.0 -5455.0
-6338.0 -4326.0 -7976.0 -4476.0 -6233.0
-6297.0 -4495.0 -8487.0 -3570.0 -6403.0
-6473.0 -3697.0 -8099.0 -3872.0 -6609.0
-6352.0 -4376.0 -8573.0 -3862.0 -6132.0
-6959.0 -4952.0 -7289.0 -5414.0 -5677.0
-6016.0 -5023.0 -5997.0 -5270.0 -6283.0
-6353.0 -3812.0 -8162.0 -2938.0 -6950.0
-6749.0 -4804.0 -7682.0 -5294.0 -5984.0
-6408.0 -3693.0 -8248.0 -3230.0 -6679.0
-6676.0 -4116.0 -8302.0 -3247.0 -6404.0
-6061.0 -4349.0 -7898.0 -4506.0 -6327.0
-7484.0 -4712.0 -6294.0 -4673.0 -6181.0
-7063.0 -4573.0 -7014.0 -4212.0 -6734.0
-6437.0 -4081.0 -8144.0 -3722.0 -6482.0
-6816.0 -3854.0 -7327.0 -3282.0 -7162.0
-6001.0 -4059.0 -8236.0 -3533.0 -6526.0
-6442.0 -4344.0 -8248.0 -3018.0 -6416.0
-7441.0 -4296.0 -7662.0 -4168.0 -6146.0
-5967.0 -3662.0 -8156.0 -3342.0 -6844.0
-6913.0 -4254.0 -6621.0 -3645.0 -6800.0
-6685.0 -5092.0 -6650.0 -5510.0 -5114.0
-5887.0 -4172.0 -8119.0 -4238.0 -6197.0
-6983.0 -4158.0 -7998.0 -4218.0 -6643.0
-6982.0 -5012.0 -6324.0 -5418.0 -5615.0
-6679.0 -4585.0 -8297.0 -3896.0 -6351.0
-5676.0 -4832.0 -8097.0 -4364.0 -6304.0
-6138.0 -4412.0 -7944.0 -3794.0 -6899.0
-6800.0 -3906.0 -7823.0 -3906.0 -6828.0
-6418.0 -3816.0 -8013.0 -3580.0 -6880.0
-6889.0 -4438.0 -7909.0 -3986.0 -6294.0
-6760.0 -4537.0 -7652.0 -3914.0 -6615.0
-5591.0 -3550.0 -8133.0 -3524.0 -6605.0
-6824.0 -4434.0 -8058.0 -3344.0 -6364.0
-7362.0 -4242.0 -7214.0 -4140.0 -6317.0
-6720.0 -4416.0 -7786.0 -4802.0 -6181.0
-5832.0 -4291.0 -8033.0 -3946.0 -6468.0
-7099.0 -3575.0 -8023.0 -3834.0 -6411.0
-6833.0 -4655.0 -7926.0 -4773.0 -6187.0
-6502.0 -4085.0 -7995.0 -4364.0 -6412.0
-6765.0 -4752.0 -7186.0 -4670.0 -6318.0
-6988.0 -4373.0 -7532.0 -4974.0 -6346.0
-6665.0 -4535.0 -7700.0 -4510.0 -6452.0
-7039.0 -4442.0 -7326.0 -4518.0 -6324.0
-5767.0 -4287.0 -8182.0 -3304.0 -6538.0
-6736.0 -4406.0 -7964.0 -4220.0 -6205.0
