-6445.0 -4454.0 -7640.0 -4765.0 -7138.0
-7666.0 -4899.0 -7593.0 -5337.0 -6171.0
-6198.0 -3735.0 -7953.0 -3835.0 -7566.0
-7967.0 -3953.0 -7370.0 -4770.0 -6293.0
-6295.0 -4135.0 -7247.0 -4198.0 -7204.0
-6542.0 -4854.0 -6934.0 -5128.0 -6776.0
-7363.0 -4863.0 -8231.0 -5039.0 -6052.0
-7707.0 -4333.0 -6640.0 -4977.0 -6209.0
-7039.0 -3475.0 -7673.0 -3586.0 -7190.0
-7744.0 -4332.0 -7024.0 -4466.0 -6265.0
-7136.0 -3875.0 -6967.0 -3949.0 -6828.0
-6068.0 -5045.0 -7672.0 -5040.0 -6453.0
-7160.0 -4973.0 -6308.0 -4575.0 -6372.0
-6744.0 -4123.0 -7840.0 -4693.0 -6721.0
-7286.0 -4194.0 -7360.0 -4516.0 -6762.0
-7419.0 -4180.0 -7906.0 -4407.0 -6599.0
-7126.0 -4213.0 -7650.0 -5019.0 -6669.0
-7383.0 -4594.0 -6654.0 -4879.0 -6400.0
-5741.0 -4836.0 -7948.0 -5006.0 -6234.0
-7484.0 -4712.0 -6294.0 -4673.0 -6181.0
-7063.0 -4573.0 -7014.0 -4212.0 -6734.0
-6816.0 -3854.0 -7327.0 -3282.0 -7162.0
-6913.0 -4254.0 -6621.0 -3645.0 -6800.0
-6833.0 -4655.0 -7926.0 -4773.0 -6187.0
-6988.0 -4373.0 -7532.0 -4974.0 -6346.0
