-8092.0 -6465.0 -6060.0 -6985.0 -6848.0
-8760.0 -5800.0 -6237.0 -6791.0 -6897.0
-7829.0 -5813.0 -5146.0 -7349.0 -7716.0
-8575.0 -6255.0 -6710.0 -6543.0 -6249.0
-8296.0 -5167.0 -5357.0 -7622.0 -7312.0
-8725.0 -5626.0 -5613.0 -7625.0 -6565.0
-8200.0 -6855.0 -6909.0 -5760.0 -6275.0
-8017.0 -6174.0 -6604.0 -6734.0 -7003.0
-8649.0 -5488.0 -5709.0 -7385.0 -7259.0
-7778.0 -6537.0 -6965.0 -6371.0 -6574.0
-8757.0 -5755.0 -5915.0 -7132.0 -7007.0
-8020.0 -6219.0 -6926.0 -6393.0 -6893.0
-8467.0 -5988.0 -6504.0 -6796.0 -6501.0
-7849.0 -5398.0 -5779.0 -7219.0 -7704.0
-8278.0 -5857.0 -6035.0 -7222.0 -6957.0
