-8461.0 -5539.0 -6213.0 -7116.0 -7716.0
-6986.0 -5068.0 -6829.0 -6043.0 -6596.0
-7415.0 -4486.0 -5341.0 -7534.0 -5885.0
-6815.0 -6155.0 -4789.0 -5569.0 -8333.0
-7054.0 -4154.0 -7054.0 -5531.0 -4829.0
-6726.0 -5740.0 -4714.0 -5984.0 -8619.0
-7709.0 -5734.0 -5530.0 -6284.0 -8153.0
-7816.0 -4827.0 -5492.0 -7703.0 -5577.0
-7356.0 -5359.0 -4502.0 -7361.0 -7064.0
-6792.0 -4124.0 -6334.0 -6083.0 -6878.0
-7795.0 -4758.0 -6200.0 -7411.0 -6039.0
-7478.0 -5292.0 -4663.0 -6612.0 -7980.0
-7606.0 -5615.0 -5442.0 -6577.0 -8311.0
-7468.0 -4678.0 -5685.0 -6334.0 -7790.0
-7385.0 -4397.0 -6598.0 -6755.0 -5247.0
-8004.0 -5953.0 -5074.0 -5542.0 -7967.0
-6873.0 -5506.0 -6352.0 -6493.0 -6175.0
-6875.0 -6132.0 -4785.0 -6241.0 -8488.0
-7422.0 -5141.0 -3947.0 -7459.0 -6893.0
-7649.0 -5757.0 -5534.0 -5612.0 -7998.0
-7915.0 -4320.0 -6561.0 -6127.0 -6468.0
-7600.0 -5373.0 -6706.0 -6520.0 -6077.0
-7805.0 -5466.0 -5582.0 -7339.0 -7647.0
-8256.0 -4743.0 -4692.0 -7502.0 -6558.0
-6653.0 -3813.0 -6903.0 -5362.0 -5137.0
-7745.0 -4869.0 -5754.0 -7633.0 -5272.0
-7627.0 -5684.0 -4734.0 -6869.0 -7849.0
-6987.0 -5879.0 -5454.0 -6409.0 -8255.0
-8529.0 -4625.0 -6438.0 -6604.0 -5949.0
-7657.0 -3821.0 -6443.0 -7168.0 -5518.0
-7670.0 -5906.0 -4939.0 -6505.0 -8165.0
-7985.0 -4463.0 -6491.0 -6815.0 -6119.0
-7514.0 -3979.0 -6410.0 -5958.0 -6776.0
-7534.0 -4888.0 -4616.0 -7627.0 -6660.0
-7074.0 -5151.0 -4470.0 -6644.0 -7890.0
-8465.0 -4819.0 -5450.0 -7236.0 -5912.0
-6864.0 -4449.0 -6763.0 -6127.0 -4749.0
-7223.0 -5543.0 -4541.0 -6901.0 -7759.0
-7007.0 -4648.0 -5162.0 -7422.0 -6925.0
-7374.0 -4956.0 -6575.0 -5790.0 -6688.0
-6803.0 -5363.0 -6422.0 -5805.0 -6524.0
-7995.0 -5171.0 -5873.0 -6743.0 -7727.0
-7394.0 -4417.0 -6049.0 -7242.0 -6347.0
-7617.0 -5229.0 -6086.0 -7145.0 -6443.0
-8078.0 -5214.0 -4578.0 -7236.0 -6962.0
-7184.0 -5251.0 -6284.0 -6386.0 -6608.0
-7584.0 -4122.0 -6340.0 -6646.0 -6427.0
-6581.0 -4270.0 -6638.0 -5786.0 -6631.0
-8339.0 -4920.0 -6147.0 -7200.0 -5869.0
-7546.0 -5271.0 -6348.0 -7075.0 -6138.0
-8130.0 -4844.0 -5389.0 -7466.0 -6515.0
-7344.0 -4528.0 -5603.0 -7464.0 -5580.0
-7921.0 -4657.0 -5503.0 -7447.0 -6082.0
-6961.0 -5156.0 -5455.0 -7368.0 -6374.0
-8190.0 -4961.0 -5247.0 -7404.0 -6729.0
-7725.0 -4615.0 -6270.0 -6723.0 -6388.0
-6898.0 -5620.0 -5536.0 -5199.0 -7759.0
-8399.0 -5037.0 -6005.0 -7138.0 -6083.0
-6890.0 -5198.0 -5717.0 -7298.0 -6069.0
-7612.0 -5053.0 -5793.0 -7173.0 -5967.0
-7195.0 -4575.0 -6515.0 -6263.0 -6112.0
-7312.0 -4698.0 -6495.0 -6233.0 -6156.0
-7553.0 -4910.0 -6323.0 -6674.0 -6342.0
-7216.0 -4724.0 -5920.0 -7156.0 -6279.0
