-106.0 -246.0 -155.0 -338.0 -390.0
-104.0 -194.0 -339.0 -328.0 -369.0
-254.0 -428.0 -122.0 -338.0 -141.0
-116.0 -170.0 -349.0 -305.0 -353.0
-166.0 -303.0 -260.0 -179.0 -173.0
-331.0 -268.0 -5.0 -255.0 -397.0
-284.0 -113.0 -424.0 -252.0 -167.0
-90.0 -192.0 -404.0 -273.0 -231.0
-179.0 9.0 -399.0 -479.0 -348.0
-194.0 -47.0 -429.0 -296.0 -241.0
-347.0 -56.0 -107.0 -329.0 -426.0
-110.0 -207.0 -402.0 -230.0 -114.0
-264.0 -229.0 -28.0 -329.0 -394.0
-148.0 -149.0 -355.0 -222.0 -358.0
-194.0 -260.0 -334.0 -284.0 -295.0
-201.0 -243.0 0.0 -360.0 -414.0
-263.0 -371.0 -217.0 -330.0 -290.0
-289.0 -77.0 -442.0 -342.0 -211.0
-257.0 -309.0 -206.0 -325.0 -345.0
-434.0 41.0 -437.0 -291.0 -280.0
-241.0 -386.0 -178.0 -221.0 -199.0
-142.0 -217.0 -360.0 -331.0 -191.0
-308.0 -133.0 -371.0 -413.0 -324.0
-234.0 -319.0 -145.0 -360.0 -317.0
-194.0 -274.0 -312.0 -226.0 -264.0
-163.0 -236.0 -5.0 -294.0 -413.0
-303.0 -162.0 -414.0 -199.0 -117.0
-236.0 -326.0 -179.0 -377.0 -298.0
-156.0 -202.0 -347.0 -275.0 -299.0
-261.0 -121.0 -410.0 -248.0 -138.0
-90.0 -211.0 -378.0 -182.0 -297.0
-171.0 -141.0 -217.0 -320.0 -403.0
-146.0 -197.0 -340.0 -349.0 -302.0
-188.0 -288.0 -299.0 -288.0 -264.0
-196.0 -187.0 -235.0 -311.0 -392.0
-244.0 -247.0 -267.0 -251.0 -331.0
-229.0 -82.0 -286.0 -277.0 -374.0
-67.0 -65.0 -300.0 -307.0 -389.0
-232.0 -267.0 -329.0 -350.0 -296.0
-247.0 -220.0 -177.0 -337.0 -369.0
7.0 -272.0 -229.0 -272.0 -358.0
-223.0 -173.0 -357.0 -237.0 -314.0
-12.0 -183.0 -260.0 -385.0 -381.0
-140.0 -43.0 -278.0 -350.0 -425.0
-132.0 -263.0 -245.0 -333.0 -331.0
-152.0 -237.0 -310.0 -257.0 -314.0
-258.0 -314.0 -340.0 -376.0 -134.0
-280.0 94.0 -451.0 -365.0 -353.0
-137.0 -323.0 -244.0 -177.0 -232.0
-87.0 6.0 -400.0 -381.0 -316.0
-199.0 -33.0 -300.0 -364.0 -473.0
-382.0 -46.0 -213.0 -347.0 -413.0
-116.0 -112.0 -205.0 -340.0 -410.0
-385.0 -176.0 -415.0 -365.0 -4.0
-125.0 -404.0 -69.0 -321.0 -287.0
-340.0 -245.0 -298.0 -358.0 -304.0
-251.0 -206.0 -290.0 -431.0 -355.0
-279.0 -391.0 -129.0 -304.0 -299.0
-63.0 -152.0 -362.0 -287.0 -336.0
-144.0 -301.0 -279.0 -311.0 -296.0
-341.0 -296.0 72.0 -283.0 -376.0
-181.0 106.0 -331.0 -427.0 -417.0
-267.0 -367.0 -223.0 -285.0 -222.0
-112.0 -209.0 -339.0 -271.0 -298.0
-214.0 -335.0 -310.0 -314.0 -102.0
-153.0 -212.0 -271.0 -333.0 -361.0
-156.0 -197.0 -198.0 -342.0 -398.0
-228.0 -381.0 -111.0 -312.0 -303.0
-198.0 -319.0 -184.0 -311.0 -297.0
-225.0 -364.0 -222.0 -264.0 -289.0
-109.0 -311.0 -173.0 -293.0 -309.0
-118.0 -195.0 -352.0 -209.0 -298.0
-177.0 7.0 -449.0 -340.0 -226.0
-145.0 -80.0 -415.0 -355.0 -309.0
-237.0 -354.0 -127.0 -335.0 -349.0
-181.0 -63.0 -424.0 -389.0 -286.0
-228.0 -315.0 -148.0 -325.0 -309.0
-220.0 -233.0 -283.0 -349.0 -320.0
-173.0 -64.0 -389.0 -382.0 -310.0
-232.0 -396.0 -146.0 -288.0 -215.0
-162.0 -130.0 -346.0 -428.0 -362.0
-276.0 -188.0 -387.0 -352.0 -268.0
-28.0 -81.0 -378.0 -363.0 -386.0
-172.0 -244.0 -351.0 -375.0 -140.0
-130.0 -241.0 -350.0 -354.0 -207.0
-245.0 -198.0 -16.0 -254.0 -403.0
-195.0 -249.0 -273.0 -302.0 -311.0
-149.0 -285.0 -262.0 -247.0 -323.0
-303.0 -143.0 -440.0 -290.0 -51.0
-240.0 53.0 -441.0 -426.0 -296.0
-143.0 -54.0 -378.0 -451.0 -407.0
-221.0 -280.0 -258.0 -391.0 -328.0
-203.0 -312.0 -169.0 -287.0 -333.0
-298.0 -208.0 -296.0 -389.0 -354.0
-277.0 -143.0 0.0 -315.0 -459.0
-21.0 -144.0 -365.0 -299.0 -306.0
-190.0 -374.0 -116.0 -246.0 -302.0
-94.0 -256.0 -250.0 -267.0 -330.0
-357.0 -145.0 -136.0 -317.0 -402.0
-460.0 -6.0 -448.0 -317.0 -118.0
-143.0 113.0 -336.0 -361.0 -416.0
-207.0 -99.0 -90.0 -392.0 -422.0
-145.0 -94.0 -393.0 -297.0 -278.0
-194.0 -255.0 -338.0 -317.0 -198.0
-232.0 -281.0 -307.0 -292.0 -265.0
-136.0 -249.0 -111.0 -306.0 -364.0
-70.0 -118.0 -380.0 -332.0 -336.0
-180.0 -340.0 -217.0 -210.0 -293.0
-122.0 -137.0 -388.0 -334.0 -287.0
-152.0 -252.0 -337.0 -296.0 -265.0
-358.0 -27.0 -433.0 -253.0 -256.0
-152.0 -449.0 -107.0 -274.0 -279.0
-146.0 16.0 -422.0 -395.0 -364.0
-222.0 -63.0 -382.0 -412.0 -330.0
-292.0 -305.0 -101.0 -290.0 -364.0
-154.0 -265.0 -384.0 -274.0 -136.0
-85.0 -311.0 -257.0 -297.0 -248.0
-135.0 -301.0 -309.0 -179.0 -208.0
-234.0 -367.0 -124.0 -250.0 -303.0
