-168.0 -853.0 -632.0 -356.0 -355.0
-549.0 -564.0 -178.0 -219.0 -410.0
-531.0 -572.0 -358.0 -270.0 -416.0
-626.0 -412.0 -410.0 -281.0 -400.0
-663.0 -324.0 -268.0 -230.0 -373.0
-327.0 -811.0 -504.0 -279.0 -344.0
-525.0 -630.0 -318.0 -215.0 -366.0
-639.0 -409.0 -325.0 -289.0 -378.0
-512.0 -633.0 -403.0 -207.0 -388.0
-28.0 -858.0 -518.0 -547.0 -383.0
-642.0 -369.0 -346.0 -274.0 -393.0
-407.0 -759.0 -488.0 -348.0 -264.0
-550.0 -554.0 -268.0 -106.0 -328.0
-655.0 -366.0 -261.0 -282.0 -371.0
-439.0 -715.0 -354.0 -263.0 -496.0
-270.0 -831.0 -504.0 -285.0 -332.0
-489.0 -674.0 -391.0 -232.0 -279.0
-578.0 -547.0 -325.0 -251.0 -375.0
-591.0 -544.0 -240.0 -259.0 -353.0
-619.0 -486.0 -223.0 -325.0 -308.0
-370.0 -795.0 -436.0 -251.0 -286.0
-428.0 -719.0 -386.0 -321.0 -469.0
-502.0 -650.0 -297.0 -241.0 -357.0
37.0 -891.0 -592.0 -520.0 -454.0
-536.0 -567.0 -263.0 -211.0 -432.0
-476.0 -677.0 -476.0 -224.0 -301.0
