-342.0 -633.0 -400.0 -428.0 -494.0
-317.0 -623.0 -319.0 -436.0 -397.0
-433.0 -404.0 -346.0 -607.0 -634.0
-183.0 -753.0 -398.0 -193.0 -234.0
-456.0 -525.0 -340.0 -491.0 -537.0
-452.0 -695.0 -401.0 -323.0 -430.0
-387.0 -535.0 -226.0 -456.0 -343.0
-380.0 -424.0 -205.0 -548.0 -436.0
-389.0 -529.0 -314.0 -464.0 -432.0
-342.0 -689.0 -360.0 -346.0 -451.0
-370.0 -658.0 -250.0 -385.0 -451.0
-463.0 -490.0 -372.0 -545.0 -578.0
-244.0 -714.0 -362.0 -319.0 -319.0
-360.0 -528.0 -326.0 -480.0 -351.0
-207.0 -716.0 -199.0 -218.0 -335.0
-434.0 -49.0 -235.0 -619.0 -561.0
-399.0 -568.0 -311.0 -448.0 -430.0
