-332.0 -394.0 -520.0 -441.0 -815.0
-375.0 -268.0 -699.0 -173.0 -752.0
-324.0 -204.0 -720.0 -294.0 -732.0
-478.0 -800.0 -573.0 -426.0 -630.0
-472.0 -402.0 -344.0 -306.0 -812.0
-493.0 -435.0 -640.0 -338.0 -763.0
-537.0 -869.0 -584.0 -333.0 -601.0
-546.0 -895.0 -421.0 -291.0 -636.0
-398.0 -937.0 -693.0 -241.0 -416.0
-505.0 -336.0 -538.0 -273.0 -814.0
-474.0 -524.0 -733.0 -465.0 -671.0
-408.0 -415.0 -596.0 -360.0 -798.0
-373.0 65.0 -544.0 -327.0 -833.0
-634.0 -753.0 -671.0 -464.0 -607.0
-658.0 -575.0 -513.0 -241.0 -761.0
-547.0 -552.0 -605.0 -288.0 -742.0
-442.0 -1112.0 -177.0 -516.0 -465.0
-451.0 -922.0 -612.0 -358.0 -580.0
-311.0 -956.0 -346.0 -312.0 -587.0
-380.0 -1099.0 -479.0 -482.0 -341.0
-493.0 -640.0 -777.0 -422.0 -487.0
-515.0 -582.0 -656.0 -320.0 -730.0
-487.0 -1042.0 -536.0 -269.0 -412.0
-498.0 -604.0 -760.0 -372.0 -601.0
-446.0 -404.0 -673.0 -524.0 -763.0
-294.0 -890.0 -534.0 -306.0 -594.0
-495.0 -272.0 -696.0 -311.0 -748.0
-402.0 -896.0 -280.0 -299.0 -620.0
-610.0 -607.0 -624.0 -388.0 -710.0
-482.0 -975.0 -518.0 -432.0 -521.0
-523.0 -1073.0 -590.0 -383.0 -335.0
-306.0 -907.0 -525.0 -389.0 -608.0
-562.0 -813.0 -596.0 -253.0 -618.0
-433.0 -435.0 -708.0 -411.0 -696.0
-246.0 -273.0 -610.0 -393.0 -785.0
-410.0 -834.0 -697.0 -196.0 -521.0
-488.0 -964.0 -580.0 -285.0 -486.0
-434.0 -1027.0 -291.0 -376.0 -507.0
-573.0 -802.0 -690.0 -306.0 -606.0
-432.0 -1048.0 -244.0 -280.0 -502.0
-456.0 -1046.0 -402.0 -560.0 -454.0
-653.0 -493.0 -697.0 -462.0 -705.0
-406.0 -1065.0 -315.0 -321.0 -453.0
-501.0 -400.0 -451.0 -315.0 -813.0
-493.0 -501.0 -381.0 -279.0 -793.0
-448.0 -568.0 -315.0 -377.0 -794.0
-315.0 -954.0 -512.0 -462.0 -547.0
-422.0 -706.0 -748.0 -231.0 -546.0
-469.0 -839.0 -745.0 -387.0 -440.0
-500.0 -714.0 -640.0 -385.0 -661.0
-485.0 -837.0 -672.0 -325.0 -556.0
-324.0 -662.0 -645.0 -411.0 -662.0
-453.0 -400.0 -388.0 -297.0 -828.0
-452.0 -316.0 -683.0 -316.0 -761.0
-575.0 -652.0 -756.0 -305.0 -567.0
-430.0 -995.0 -518.0 -477.0 -480.0
-401.0 -1057.0 -450.0 -411.0 -439.0
-383.0 -988.0 -579.0 -368.0 -453.0
-399.0 -837.0 -708.0 -383.0 -510.0
-475.0 -469.0 -718.0 -270.0 -692.0
-404.0 -922.0 -687.0 -404.0 -523.0
-473.0 -1039.0 -463.0 -307.0 -454.0
-422.0 -861.0 -654.0 -152.0 -552.0
-341.0 -1055.0 -243.0 -472.0 -499.0
-642.0 -847.0 -712.0 -479.0 -453.0
-442.0 -432.0 -575.0 -328.0 -775.0
-440.0 -595.0 -770.0 -474.0 -595.0
-438.0 -844.0 -700.0 -152.0 -512.0
-605.0 -628.0 -475.0 -354.0 -752.0
-618.0 -699.0 -641.0 -496.0 -653.0
-546.0 -1013.0 -384.0 -453.0 -534.0
-451.0 -310.0 -695.0 -486.0 -753.0
-561.0 -343.0 -700.0 -245.0 -743.0
-395.0 -619.0 -530.0 -414.0 -748.0
-363.0 -335.0 -734.0 -269.0 -695.0
-415.0 -714.0 -751.0 -284.0 -449.0
-496.0 -1031.0 -408.0 -159.0 -473.0
-625.0 -607.0 -579.0 -250.0 -752.0
-569.0 -664.0 -492.0 -325.0 -730.0
-431.0 -264.0 -639.0 -394.0 -794.0
-457.0 -361.0 -616.0 -142.0 -776.0
-578.0 -849.0 -555.0 -444.0 -667.0
-227.0 -679.0 -525.0 -428.0 -718.0
-550.0 -407.0 -625.0 -301.0 -764.0
-484.0 -973.0 -655.0 -320.0 -408.0
-433.0 -527.0 -486.0 -320.0 -791.0
-456.0 -448.0 -547.0 -296.0 -789.0
-461.0 -688.0 -464.0 -475.0 -719.0
-406.0 -557.0 -541.0 -483.0 -753.0
-485.0 -814.0 -725.0 -426.0 -450.0
-528.0 -1098.0 -539.0 -408.0 -139.0
-509.0 -901.0 -658.0 -219.0 -542.0
-370.0 -362.0 -677.0 -211.0 -762.0
-547.0 -673.0 -550.0 -333.0 -692.0
-412.0 -528.0 -683.0 -350.0 -689.0
-430.0 -997.0 -545.0 -336.0 -457.0
-568.0 -924.0 -633.0 -341.0 -554.0
-444.0 -689.0 -630.0 -226.0 -666.0
-484.0 -790.0 -623.0 -208.0 -631.0
-414.0 -395.0 -709.0 -440.0 -698.0
-423.0 69.0 -545.0 -191.0 -834.0
-461.0 -487.0 -578.0 -333.0 -773.0
-261.0 -376.0 -721.0 -569.0 -697.0
-473.0 -548.0 -774.0 -224.0 -512.0
-391.0 -151.0 -701.0 -344.0 -756.0
-533.0 -638.0 -656.0 -529.0 -682.0
-558.0 -1057.0 -487.0 -379.0 -340.0
-570.0 -566.0 -513.0 -409.0 -771.0
-623.0 -808.0 -634.0 -406.0 -615.0
-442.0 -947.0 -393.0 -304.0 -617.0
-513.0 -743.0 -496.0 -441.0 -700.0
-441.0 -380.0 -608.0 -372.0 -782.0
-391.0 -110.0 -599.0 -416.0 -815.0
-348.0 -195.0 -688.0 -349.0 -769.0
-362.0 -935.0 -229.0 -260.0 -625.0
-471.0 -678.0 -739.0 -504.0 -609.0
-414.0 -1125.0 -239.0 -420.0 -446.0
-490.0 -781.0 -744.0 -114.0 -447.0
-342.0 -344.0 -592.0 -426.0 -803.0
-354.0 -813.0 -566.0 -408.0 -639.0
-412.0 -346.0 -616.0 -264.0 -777.0
-574.0 -822.0 -562.0 -292.0 -625.0
-362.0 -651.0 -722.0 -575.0 -627.0
-637.0 -794.0 -734.0 -375.0 -463.0
-574.0 -544.0 -513.0 -394.0 -790.0
-533.0 -547.0 -784.0 -333.0 -583.0
-298.0 -604.0 -506.0 -463.0 -761.0
-422.0 -359.0 -744.0 -342.0 -661.0
-511.0 -743.0 -732.0 -431.0 -519.0
-452.0 -490.0 -711.0 -416.0 -694.0
-609.0 -549.0 -545.0 -405.0 -753.0
-416.0 -439.0 -717.0 -159.0 -693.0
-298.0 -291.0 -665.0 -353.0 -774.0
-423.0 -201.0 -684.0 -453.0 -760.0
-528.0 -672.0 -537.0 -255.0 -701.0
-392.0 -863.0 -303.0 -300.0 -661.0
-464.0 -460.0 -653.0 -326.0 -743.0
-551.0 -1097.0 -486.0 -405.0 -215.0
-620.0 -1022.0 -227.0 -367.0 -509.0
-490.0 -589.0 -646.0 -377.0 -701.0
-467.0 -456.0 -729.0 -236.0 -687.0
-508.0 -976.0 -644.0 -305.0 -482.0
-381.0 -1069.0 -214.0 -429.0 -499.0
-425.0 -836.0 -683.0 -275.0 -528.0
-482.0 -840.0 -767.0 -429.0 -429.0
-484.0 -499.0 -687.0 -290.0 -716.0
-430.0 -988.0 -504.0 -322.0 -510.0
-457.0 -222.0 -705.0 -278.0 -751.0
-518.0 -640.0 -590.0 -322.0 -698.0
-429.0 -426.0 -789.0 -366.0 -591.0
-331.0 -568.0 -753.0 -545.0 -613.0
-350.0 -508.0 -524.0 -358.0 -762.0
-317.0 -383.0 -645.0 -364.0 -764.0
-544.0 -684.0 -760.0 -365.0 -480.0
-527.0 -759.0 -468.0 -409.0 -714.0
-422.0 -991.0 -558.0 -447.0 -509.0
-266.0 -241.0 -682.0 -244.0 -770.0
-363.0 -961.0 -557.0 -336.0 -510.0
-375.0 -761.0 -729.0 -398.0 -466.0
-471.0 -739.0 -653.0 -373.0 -641.0
-609.0 -1027.0 -564.0 -391.0 -346.0
-580.0 -680.0 -781.0 -489.0 -477.0
-367.0 -516.0 -683.0 -250.0 -700.0
-464.0 -518.0 -677.0 -441.0 -710.0
-529.0 -718.0 -699.0 -234.0 -603.0
-536.0 -664.0 -557.0 -417.0 -698.0
-457.0 -591.0 -676.0 -393.0 -697.0
-510.0 -412.0 -742.0 -231.0 -674.0
-465.0 -988.0 -464.0 -303.0 -562.0
-373.0 -899.0 -639.0 -313.0 -593.0
-461.0 -745.0 -704.0 -372.0 -594.0
-495.0 -1032.0 -196.0 -408.0 -520.0
-266.0 -190.0 -507.0 -432.0 -826.0
-550.0 -1114.0 -370.0 -272.0 -314.0
-370.0 -403.0 -738.0 -498.0 -679.0
-433.0 -603.0 -773.0 -527.0 -498.0
-544.0 -706.0 -611.0 -327.0 -680.0
-301.0 -726.0 -706.0 -351.0 -591.0
-424.0 -649.0 -405.0 -356.0 -758.0
-305.0 -368.0 -692.0 -511.0 -716.0
-452.0 -781.0 -647.0 -334.0 -609.0
-554.0 -539.0 -517.0 -294.0 -761.0
-531.0 -729.0 -634.0 -293.0 -656.0
-398.0 -465.0 -524.0 -375.0 -810.0
-403.0 -1098.0 -426.0 -479.0 -417.0
-437.0 -958.0 -242.0 -244.0 -601.0
-579.0 -511.0 -717.0 -360.0 -675.0
-599.0 -891.0 -699.0 -484.0 -466.0
-342.0 -283.0 -678.0 -557.0 -771.0
-452.0 -1011.0 -473.0 -443.0 -545.0
-473.0 -1012.0 -565.0 -397.0 -416.0
-472.0 -875.0 -467.0 -344.0 -653.0
-373.0 -580.0 -599.0 -405.0 -740.0
-439.0 -6.0 -548.0 -261.0 -828.0
-553.0 -434.0 -646.0 -288.0 -750.0
-505.0 -839.0 -714.0 -426.0 -505.0
-358.0 -704.0 -544.0 -368.0 -693.0
-467.0 -285.0 -675.0 -525.0 -763.0
-482.0 -659.0 -534.0 -481.0 -738.0
-486.0 -559.0 -703.0 -501.0 -687.0
-531.0 -386.0 -761.0 -271.0 -643.0
-614.0 -454.0 -741.0 -321.0 -657.0
-451.0 -371.0 -609.0 -355.0 -785.0
-542.0 -652.0 -661.0 -360.0 -668.0
-418.0 -700.0 -535.0 -521.0 -698.0
-395.0 -667.0 -694.0 -448.0 -623.0
-409.0 -802.0 -741.0 -492.0 -451.0
-367.0 -557.0 -744.0 -537.0 -617.0
-575.0 -723.0 -670.0 -353.0 -608.0
-413.0 -451.0 -755.0 -275.0 -646.0
-442.0 -667.0 -619.0 -402.0 -680.0
-471.0 -1034.0 -401.0 -428.0 -469.0
-503.0 -317.0 -653.0 -391.0 -779.0
-447.0 -239.0 -619.0 -433.0 -804.0
-300.0 -682.0 -700.0 -401.0 -597.0
-625.0 -546.0 -665.0 -381.0 -720.0
-485.0 -977.0 -697.0 -308.0 -406.0
-528.0 -358.0 -691.0 -419.0 -719.0
-521.0 -959.0 -541.0 -449.0 -512.0
-600.0 -665.0 -456.0 -479.0 -745.0
-397.0 -22.0 -609.0 -208.0 -813.0
-417.0 -19.0 -535.0 -399.0 -836.0
-530.0 -605.0 -462.0 -370.0 -776.0
-357.0 -659.0 -560.0 -369.0 -701.0
-569.0 -740.0 -746.0 -513.0 -569.0
-329.0 -314.0 -713.0 -444.0 -704.0
-408.0 -1110.0 -386.0 -479.0 -356.0
-435.0 -1107.0 -402.0 -353.0 -439.0
-345.0 -892.0 -686.0 -293.0 -524.0
-566.0 -382.0 -605.0 -340.0 -774.0
-439.0 -660.0 -533.0 -399.0 -707.0
-408.0 -498.0 -740.0 -474.0 -675.0
-366.0 -620.0 -639.0 -266.0 -695.0
-570.0 -1022.0 -619.0 -290.0 -330.0
-477.0 -953.0 -596.0 -214.0 -552.0
-534.0 -471.0 -520.0 -341.0 -776.0
-453.0 -683.0 -673.0 -571.0 -661.0
-539.0 -983.0 -633.0 -267.0 -424.0
-363.0 -774.0 -645.0 -305.0 -633.0
-465.0 -1095.0 -316.0 -432.0 -452.0
-483.0 -622.0 -660.0 -249.0 -669.0
-558.0 -860.0 -553.0 -202.0 -626.0
-418.0 -459.0 -547.0 -396.0 -784.0
-401.0 -252.0 -716.0 -227.0 -698.0
-386.0 -979.0 -359.0 -296.0 -563.0
-384.0 -613.0 -760.0 -493.0 -505.0
-659.0 -405.0 -707.0 -254.0 -703.0
-496.0 -1011.0 -512.0 -394.0 -492.0
-710.0 -607.0 -650.0 -348.0 -691.0
-373.0 -276.0 -714.0 -269.0 -699.0
-458.0 -641.0 -584.0 -372.0 -711.0
-391.0 -968.0 -510.0 -356.0 -579.0
-519.0 -563.0 -448.0 -399.0 -783.0
-314.0 -174.0 -667.0 -524.0 -778.0
-421.0 -504.0 -640.0 -331.0 -756.0
-547.0 -713.0 -667.0 -397.0 -617.0
-354.0 -236.0 -715.0 -298.0 -701.0
-586.0 -1081.0 -491.0 -402.0 -213.0
-509.0 -694.0 -419.0 -352.0 -743.0
-509.0 -332.0 -623.0 -382.0 -780.0
-559.0 -707.0 -530.0 -414.0 -704.0
-546.0 -666.0 -618.0 -280.0 -692.0
-541.0 -854.0 -628.0 -301.0 -616.0
-525.0 -646.0 -736.0 -459.0 -658.0
-693.0 -497.0 -533.0 -243.0 -772.0
-461.0 -1011.0 -552.0 -413.0 -440.0
-450.0 -628.0 -595.0 -338.0 -706.0
-480.0 -786.0 -358.0 -271.0 -691.0
-425.0 -1123.0 -298.0 -511.0 -321.0
-471.0 -508.0 -795.0 -179.0 -438.0
-361.0 -550.0 -538.0 -329.0 -755.0
-429.0 -596.0 -657.0 -439.0 -699.0
-497.0 -874.0 -701.0 -263.0 -511.0
-521.0 -486.0 -584.0 -283.0 -760.0
-471.0 -308.0 -473.0 -338.0 -837.0
-351.0 -204.0 -545.0 -308.0 -824.0
-321.0 -88.0 -477.0 -313.0 -840.0
-311.0 -280.0 -702.0 -303.0 -714.0
-555.0 -431.0 -690.0 -453.0 -745.0
-428.0 -883.0 -496.0 -402.0 -634.0
-655.0 -729.0 -519.0 -280.0 -699.0
-572.0 -877.0 -676.0 -392.0 -546.0
-461.0 -614.0 -659.0 -365.0 -681.0
-420.0 -870.0 -507.0 -368.0 -629.0
-402.0 -61.0 -640.0 -245.0 -797.0
-316.0 -186.0 -508.0 -296.0 -827.0
-310.0 -274.0 -498.0 -504.0 -829.0
-543.0 -461.0 -544.0 -364.0 -776.0
-284.0 -966.0 -378.0 -463.0 -582.0
-488.0 -752.0 -777.0 -221.0 -427.0
-465.0 -326.0 -629.0 -305.0 -770.0
-608.0 -446.0 -601.0 -326.0 -770.0
-376.0 -315.0 -748.0 -290.0 -677.0
-396.0 15.0 -451.0 -285.0 -842.0
-496.0 -409.0 -598.0 -335.0 -784.0
-524.0 -830.0 -699.0 -33.0 -543.0
-309.0 -330.0 -760.0 -308.0 -654.0
-435.0 -691.0 -757.0 -425.0 -438.0
-376.0 -627.0 -479.0 -508.0 -748.0
-482.0 -939.0 -547.0 -483.0 -581.0
-536.0 -1109.0 -487.0 -537.0 -200.0
-465.0 -1112.0 -400.0 -547.0 -242.0
-539.0 -954.0 -720.0 -315.0 -415.0
-378.0 -703.0 -686.0 -119.0 -634.0
-388.0 -1020.0 -335.0 -364.0 -541.0
-443.0 -558.0 -679.0 -563.0 -701.0
-468.0 -132.0 -644.0 -179.0 -792.0
-445.0 -722.0 -321.0 -416.0 -732.0
-406.0 -170.0 -510.0 -367.0 -827.0
-506.0 -848.0 -425.0 -391.0 -681.0
-346.0 -322.0 -592.0 -411.0 -822.0
-423.0 -662.0 -713.0 -402.0 -621.0
-547.0 -1049.0 -322.0 -537.0 -451.0
-597.0 -819.0 -462.0 -518.0 -683.0
-340.0 -404.0 -703.0 -286.0 -708.0
-581.0 -462.0 -674.0 -309.0 -717.0
-485.0 -1004.0 -595.0 -218.0 -444.0
-539.0 -1115.0 -270.0 -379.0 -435.0
-401.0 -385.0 -725.0 -302.0 -692.0
-364.0 -1112.0 -269.0 -331.0 -450.0
-426.0 -993.0 -330.0 -253.0 -563.0
-490.0 -521.0 -361.0 -367.0 -797.0
-409.0 -682.0 -689.0 -389.0 -627.0
-511.0 -751.0 -724.0 -218.0 -503.0
-321.0 -349.0 -700.0 -281.0 -710.0
-653.0 -784.0 -633.0 -380.0 -620.0
-516.0 -447.0 -553.0 -246.0 -776.0
-597.0 -536.0 -662.0 -425.0 -729.0
-475.0 -1077.0 -404.0 -358.0 -422.0
-415.0 -613.0 -553.0 -435.0 -722.0
-359.0 -105.0 -627.0 -250.0 -810.0
-383.0 -1082.0 -176.0 -405.0 -466.0
-472.0 -367.0 -491.0 -304.0 -819.0
-531.0 -465.0 -658.0 -491.0 -734.0
-488.0 -558.0 -514.0 -513.0 -759.0
-431.0 -1028.0 -485.0 -234.0 -493.0
-550.0 -519.0 -544.0 -294.0 -754.0
-435.0 -720.0 -523.0 -396.0 -713.0
-335.0 -226.0 -723.0 -236.0 -702.0
-581.0 -340.0 -626.0 -436.0 -766.0
-529.0 -1064.0 -447.0 -324.0 -360.0
-429.0 -646.0 -550.0 -265.0 -718.0
-533.0 -918.0 -430.0 -431.0 -619.0
-661.0 -709.0 -669.0 -234.0 -639.0
-580.0 -630.0 -593.0 -548.0 -699.0
-469.0 -681.0 -695.0 -339.0 -614.0
-443.0 -1040.0 -464.0 -461.0 -422.0
-522.0 -627.0 -784.0 -107.0 -335.0
-624.0 -622.0 -564.0 -490.0 -718.0
-372.0 -1043.0 -377.0 -471.0 -464.0
-446.0 -598.0 -652.0 -462.0 -692.0
-466.0 -851.0 -653.0 -172.0 -581.0
-622.0 -761.0 -585.0 -289.0 -690.0
-618.0 -925.0 -724.0 -439.0 -278.0
-292.0 -471.0 -713.0 -395.0 -691.0
-488.0 -961.0 -307.0 -254.0 -589.0
-546.0 -658.0 -675.0 -107.0 -657.0
-535.0 -990.0 -667.0 -397.0 -402.0
-455.0 -869.0 -542.0 -443.0 -643.0
-428.0 -783.0 -640.0 -378.0 -654.0
-492.0 -789.0 -722.0 -242.0 -498.0
-464.0 -1129.0 -284.0 -414.0 -341.0
-399.0 -1019.0 -509.0 -360.0 -471.0
-342.0 -495.0 -535.0 -324.0 -757.0
-387.0 -814.0 -482.0 -377.0 -682.0
-586.0 -592.0 -791.0 -281.0 -475.0
-468.0 -729.0 -467.0 -298.0 -715.0
-450.0 -892.0 -705.0 -424.0 -439.0
-588.0 -621.0 -758.0 -174.0 -495.0
-542.0 -893.0 -649.0 -485.0 -582.0
-494.0 -1033.0 -384.0 -498.0 -493.0
-577.0 -681.0 -723.0 -198.0 -587.0
-396.0 -220.0 -438.0 -382.0 -839.0
-467.0 -886.0 -316.0 -284.0 -637.0
-510.0 -714.0 -432.0 -311.0 -727.0
-387.0 -329.0 -384.0 -363.0 -833.0
-405.0 -652.0 -746.0 -513.0 -613.0
-576.0 -488.0 -486.0 -271.0 -811.0
-310.0 -244.0 -744.0 -356.0 -682.0
-481.0 -653.0 -693.0 -329.0 -654.0
-330.0 21.0 -531.0 -332.0 -846.0
-492.0 -784.0 -528.0 -489.0 -698.0
-455.0 -696.0 -752.0 -230.0 -480.0
-501.0 -379.0 -614.0 -322.0 -769.0
-468.0 -823.0 -719.0 -491.0 -587.0
-421.0 -936.0 -640.0 -238.0 -492.0
-483.0 -438.0 -547.0 -335.0 -797.0
-544.0 -700.0 -622.0 -262.0 -678.0
-569.0 -817.0 -646.0 -338.0 -591.0
-498.0 -1088.0 -438.0 -207.0 -351.0
-520.0 -567.0 -490.0 -387.0 -781.0
-323.0 -554.0 -682.0 -425.0 -705.0
-427.0 -1040.0 -379.0 -370.0 -488.0
-390.0 -852.0 -678.0 -278.0 -530.0
-418.0 -658.0 -646.0 -370.0 -694.0
-514.0 -948.0 -523.0 -357.0 -603.0
-362.0 -998.0 -607.0 -522.0 -332.0
-336.0 -525.0 -670.0 -394.0 -727.0
-394.0 -721.0 -331.0 -316.0 -722.0
-353.0 -193.0 -617.0 -458.0 -812.0
-556.0 -266.0 -636.0 -362.0 -786.0
-525.0 -616.0 -311.0 -310.0 -760.0
-531.0 -352.0 -622.0 -296.0 -766.0
-547.0 -862.0 -718.0 -432.0 -427.0
-460.0 -509.0 -758.0 -396.0 -605.0
-362.0 -744.0 -738.0 -371.0 -492.0
-360.0 -812.0 -728.0 -458.0 -458.0
-393.0 -1034.0 -346.0 -340.0 -489.0
-629.0 -700.0 -693.0 -360.0 -617.0
-380.0 -436.0 -776.0 -332.0 -598.0
-411.0 -461.0 -661.0 -353.0 -738.0
-556.0 -408.0 -604.0 -285.0 -771.0
-382.0 -1116.0 -263.0 -546.0 -424.0
-512.0 -1050.0 -494.0 -490.0 -391.0
-345.0 -718.0 -677.0 -293.0 -610.0
-399.0 -992.0 -611.0 -450.0 -433.0
-489.0 -1051.0 -511.0 -420.0 -367.0
-396.0 -592.0 -708.0 -362.0 -683.0
