-401.0 -533.0 -572.0 -511.0 -353.0
-373.0 -372.0 -644.0 -448.0 -469.0
-375.0 -624.0 -191.0 -800.0 -555.0
-418.0 -505.0 -403.0 -766.0 -650.0
-372.0 -477.0 -387.0 -820.0 -639.0
-334.0 -681.0 -327.0 -508.0 -351.0
-413.0 -648.0 -522.0 -727.0 -436.0
-483.0 -484.0 -582.0 -677.0 -461.0
-369.0 -684.0 -113.0 -620.0 -524.0
-446.0 -406.0 -591.0 -494.0 -543.0
-523.0 -596.0 -563.0 -323.0 -405.0
-345.0 -417.0 -646.0 -440.0 -494.0
-407.0 -642.0 -550.0 -448.0 -549.0
-503.0 -357.0 -253.0 -884.0 -588.0
-414.0 -497.0 -589.0 -598.0 -657.0
-425.0 -425.0 -443.0 -863.0 -674.0
-516.0 -414.0 -597.0 -475.0 -593.0
-492.0 -585.0 -394.0 -746.0 -554.0
-446.0 -701.0 -340.0 -484.0 -437.0
-408.0 -509.0 -558.0 -693.0 -561.0
-456.0 -610.0 -259.0 -799.0 -660.0
-530.0 -451.0 -602.0 -473.0 -513.0
-544.0 -469.0 -525.0 -712.0 -581.0
-477.0 -366.0 -551.0 -760.0 -519.0
-354.0 -519.0 -621.0 -367.0 -626.0
-370.0 -712.0 -370.0 -460.0 -424.0
-534.0 -580.0 -579.0 -452.0 -622.0
-500.0 -455.0 -256.0 -856.0 -589.0
-401.0 -534.0 -368.0 -818.0 -495.0
-495.0 -487.0 -391.0 -774.0 -553.0
-211.0 -450.0 -545.0 -761.0 -515.0
-405.0 -509.0 -471.0 -764.0 -479.0
-344.0 -489.0 -583.0 -617.0 -607.0
-418.0 -707.0 -194.0 -528.0 -273.0
-448.0 -436.0 -425.0 -779.0 -659.0
-488.0 -579.0 -551.0 -518.0 -276.0
-407.0 -529.0 -616.0 -447.0 -399.0
-350.0 -247.0 -621.0 -477.0 -553.0
-418.0 -571.0 -545.0 -537.0 -226.0
-529.0 -473.0 -264.0 -821.0 -644.0
-416.0 -362.0 -608.0 -489.0 -597.0
-384.0 -521.0 -141.0 -822.0 -631.0
-485.0 -677.0 -469.0 -698.0 -548.0
-284.0 -499.0 -194.0 -853.0 -525.0
-385.0 -414.0 -475.0 -827.0 -607.0
-347.0 -679.0 -243.0 -628.0 -484.0
-334.0 -372.0 -531.0 -787.0 -629.0
-363.0 -342.0 -606.0 -698.0 -450.0
-521.0 -553.0 -561.0 -509.0 -468.0
-289.0 -487.0 -474.0 -746.0 -326.0
-452.0 -542.0 -376.0 -755.0 -568.0
-379.0 -452.0 -336.0 -823.0 -701.0
-363.0 -295.0 -593.0 -735.0 -503.0
-499.0 -671.0 -201.0 -703.0 -503.0
-335.0 -591.0 -542.0 -653.0 -562.0
-397.0 -390.0 -603.0 -509.0 -374.0
-298.0 -442.0 -450.0 -775.0 -519.0
-398.0 -632.0 -371.0 -790.0 -496.0
