-401.0 -533.0 -572.0 -511.0 -353.0
-451.0 -541.0 -454.0 -723.0 -646.0
-320.0 -575.0 -391.0 -716.0 -622.0
-373.0 -372.0 -644.0 -448.0 -469.0
-562.0 -354.0 -99.0 -758.0 -782.0
-324.0 -640.0 -196.0 -456.0 -716.0
-375.0 -624.0 -191.0 -800.0 -555.0
-163.0 -315.0 -185.0 -474.0 -822.0
-450.0 -491.0 -167.0 -779.0 -714.0
-366.0 -604.0 -184.0 -680.0 -664.0
-344.0 -610.0 -155.0 -517.0 -731.0
-319.0 -555.0 -180.0 -685.0 -795.0
-418.0 -505.0 -403.0 -766.0 -650.0
-380.0 -626.0 -382.0 -658.0 -580.0
-360.0 -623.0 -465.0 -559.0 -609.0
-437.0 -239.0 -581.0 -610.0 -684.0
-372.0 -477.0 -387.0 -820.0 -639.0
-273.0 -447.0 -326.0 -500.0 -769.0
-347.0 -386.0 -497.0 -624.0 -645.0
-294.0 -514.0 -530.0 -557.0 -608.0
-17.0 -75.0 -324.0 -513.0 -826.0
-334.0 -681.0 -327.0 -508.0 -351.0
-258.0 -193.0 -399.0 -595.0 -811.0
-413.0 -648.0 -522.0 -727.0 -436.0
-483.0 -484.0 -582.0 -677.0 -461.0
-367.0 -650.0 -71.0 -666.0 -556.0
-217.0 -471.0 -96.0 -598.0 -818.0
-369.0 -684.0 -113.0 -620.0 -524.0
-579.0 -243.0 -542.0 -545.0 -699.0
-495.0 -469.0 -400.0 -614.0 -757.0
-389.0 -422.0 -532.0 -450.0 -701.0
-454.0 -358.0 -526.0 -707.0 -665.0
-446.0 -406.0 -591.0 -494.0 -543.0
-296.0 -305.0 -135.0 -593.0 -815.0
-523.0 -596.0 -563.0 -323.0 -405.0
-230.0 -523.0 -209.0 -599.0 -812.0
-345.0 -417.0 -646.0 -440.0 -494.0
-421.0 -643.0 -353.0 -706.0 -481.0
-407.0 -642.0 -550.0 -448.0 -549.0
-330.0 -512.0 -337.0 -403.0 -760.0
-374.0 -549.0 -124.0 -688.0 -800.0
-359.0 -595.0 -208.0 -719.0 -709.0
-503.0 -357.0 -253.0 -884.0 -588.0
-257.0 -291.0 -486.0 -641.0 -718.0
-444.0 -516.0 -472.0 -611.0 -717.0
-495.0 -463.0 -53.0 -747.0 -738.0
-384.0 -388.0 -559.0 -380.0 -741.0
-414.0 -497.0 -589.0 -598.0 -657.0
-429.0 -294.0 -243.0 -619.0 -775.0
-338.0 -323.0 -478.0 -634.0 -714.0
-535.0 -495.0 -540.0 -422.0 -699.0
-340.0 -588.0 -288.0 -552.0 -704.0
-425.0 -425.0 -443.0 -863.0 -674.0
-394.0 -561.0 -496.0 -484.0 -576.0
-350.0 -506.0 -413.0 -729.0 -631.0
-516.0 -414.0 -597.0 -475.0 -593.0
-302.0 -542.0 -383.0 -588.0 -675.0
-492.0 -585.0 -394.0 -746.0 -554.0
-499.0 -462.0 -494.0 -720.0 -537.0
-551.0 -534.0 -424.0 -724.0 -618.0
-572.0 -539.0 -405.0 -547.0 -688.0
-427.0 -416.0 -190.0 -551.0 -821.0
-446.0 -701.0 -340.0 -484.0 -437.0
-475.0 -662.0 -349.0 -541.0 -652.0
-448.0 -415.0 -529.0 -452.0 -684.0
-447.0 -399.0 -148.0 -826.0 -760.0
-457.0 -404.0 -536.0 -666.0 -628.0
-356.0 -384.0 -640.0 -258.0 -566.0
-335.0 -601.0 -328.0 -445.0 -691.0
-436.0 -289.0 -539.0 -664.0 -565.0
-408.0 -509.0 -558.0 -693.0 -561.0
-441.0 -494.0 -462.0 -454.0 -782.0
-456.0 -610.0 -259.0 -799.0 -660.0
-368.0 -524.0 -482.0 -558.0 -684.0
-358.0 -117.0 -472.0 -265.0 -793.0
-251.0 -509.0 -304.0 -503.0 -774.0
-386.0 -253.0 -578.0 -271.0 -681.0
-530.0 -451.0 -602.0 -473.0 -513.0
-343.0 -480.0 -327.0 -789.0 -577.0
-153.0 -353.0 -572.0 -217.0 -694.0
-544.0 -469.0 -525.0 -712.0 -581.0
-568.0 -473.0 -191.0 -778.0 -728.0
-477.0 -366.0 -551.0 -760.0 -519.0
-496.0 -649.0 -191.0 -546.0 -568.0
-480.0 -376.0 -447.0 -743.0 -638.0
-354.0 -519.0 -621.0 -367.0 -626.0
-251.0 -305.0 -263.0 -472.0 -810.0
-431.0 -520.0 -280.0 -617.0 -788.0
-370.0 -712.0 -370.0 -460.0 -424.0
-457.0 -525.0 -220.0 -769.0 -737.0
-535.0 -249.0 -384.0 -760.0 -716.0
-589.0 -410.0 -576.0 -346.0 -659.0
-438.0 -397.0 -380.0 -591.0 -771.0
-580.0 -580.0 -314.0 -667.0 -617.0
-288.0 -529.0 -347.0 -779.0 -588.0
-336.0 -237.0 -550.0 -678.0 -569.0
-378.0 -494.0 -435.0 -730.0 -583.0
-343.0 -586.0 -373.0 -632.0 -607.0
-306.0 -483.0 -437.0 -641.0 -682.0
-430.0 -510.0 -459.0 -634.0 -595.0
-349.0 -365.0 -409.0 -505.0 -788.0
-494.0 -644.0 -376.0 -518.0 -670.0
-400.0 -618.0 -272.0 -552.0 -709.0
-379.0 -524.0 -421.0 -694.0 -686.0
-435.0 -440.0 -233.0 -785.0 -730.0
-351.0 -497.0 -611.0 -210.0 -691.0
-394.0 -257.0 -269.0 -425.0 -799.0
-443.0 -534.0 -519.0 -651.0 -582.0
-525.0 -571.0 -277.0 -773.0 -736.0
-392.0 -444.0 -542.0 -607.0 -636.0
-534.0 -580.0 -579.0 -452.0 -622.0
-500.0 -455.0 -256.0 -856.0 -589.0
-506.0 -430.0 -456.0 -711.0 -746.0
-354.0 -627.0 -421.0 -623.0 -563.0
-293.0 -456.0 -504.0 -532.0 -706.0
-401.0 -534.0 -368.0 -818.0 -495.0
-527.0 -221.0 -531.0 -729.0 -649.0
-495.0 -487.0 -391.0 -774.0 -553.0
-243.0 -596.0 -142.0 -726.0 -775.0
-463.0 -487.0 -359.0 -773.0 -643.0
-388.0 -642.0 -184.0 -626.0 -601.0
-211.0 -450.0 -545.0 -761.0 -515.0
-361.0 -598.0 -301.0 -655.0 -648.0
-407.0 -620.0 -489.0 -624.0 -674.0
-408.0 -557.0 -511.0 -418.0 -626.0
-555.0 -300.0 -617.0 -310.0 -676.0
-552.0 -156.0 -522.0 -484.0 -718.0
-342.0 -602.0 -51.0 -731.0 -699.0
-405.0 -509.0 -471.0 -764.0 -479.0
-291.0 -611.0 -116.0 -720.0 -596.0
-344.0 -489.0 -583.0 -617.0 -607.0
-418.0 -707.0 -194.0 -528.0 -273.0
-411.0 -631.0 -105.0 -718.0 -711.0
-378.0 -559.0 -541.0 -536.0 -578.0
-370.0 -586.0 -511.0 -319.0 -570.0
-448.0 -436.0 -425.0 -779.0 -659.0
-488.0 -579.0 -551.0 -518.0 -276.0
-243.0 -98.0 -230.0 -593.0 -830.0
-437.0 -699.0 -170.0 -466.0 -490.0
-351.0 -398.0 -540.0 -457.0 -733.0
-346.0 -354.0 -602.0 -508.0 -547.0
-407.0 -529.0 -616.0 -447.0 -399.0
-542.0 -475.0 -458.0 -634.0 -607.0
-404.0 -433.0 -260.0 -556.0 -807.0
-419.0 -632.0 -370.0 -663.0 -635.0
-221.0 -575.0 -249.0 -447.0 -736.0
-346.0 -536.0 -541.0 -373.0 -658.0
-338.0 -643.0 -159.0 -557.0 -706.0
-372.0 -418.0 -283.0 -833.0 -678.0
-200.0 -338.0 -572.0 -378.0 -722.0
-350.0 -247.0 -621.0 -477.0 -553.0
-418.0 -571.0 -545.0 -537.0 -226.0
-529.0 -473.0 -264.0 -821.0 -644.0
-471.0 -564.0 -198.0 -511.0 -768.0
-416.0 -362.0 -608.0 -489.0 -597.0
-108.0 -200.0 -321.0 -460.0 -856.0
-463.0 -467.0 -469.0 -727.0 -640.0
-479.0 -621.0 -241.0 -715.0 -645.0
-365.0 -557.0 -347.0 -723.0 -615.0
-307.0 -525.0 -366.0 -396.0 -769.0
-537.0 -567.0 -350.0 -753.0 -547.0
-384.0 -521.0 -141.0 -822.0 -631.0
-513.0 -510.0 -93.0 -797.0 -737.0
-475.0 -298.0 -98.0 -691.0 -794.0
-258.0 -386.0 -404.0 -477.0 -757.0
-485.0 -677.0 -469.0 -698.0 -548.0
-266.0 -220.0 -332.0 -455.0 -815.0
-473.0 -221.0 -387.0 -767.0 -688.0
-293.0 -612.0 -281.0 -556.0 -713.0
-357.0 -525.0 -381.0 -681.0 -660.0
-314.0 -380.0 -553.0 -399.0 -691.0
-516.0 -644.0 -503.0 -475.0 -653.0
-316.0 -427.0 -511.0 -155.0 -742.0
-376.0 -452.0 -492.0 -349.0 -720.0
-479.0 -387.0 -492.0 -750.0 -581.0
-520.0 -480.0 26.0 -752.0 -755.0
-561.0 -439.0 -138.0 -788.0 -705.0
-368.0 -644.0 -360.0 -547.0 -652.0
-284.0 -499.0 -194.0 -853.0 -525.0
-566.0 -241.0 -348.0 -732.0 -736.0
-362.0 -535.0 -337.0 -566.0 -680.0
-311.0 -315.0 -328.0 -402.0 -823.0
-464.0 -458.0 -241.0 -750.0 -785.0
-385.0 -414.0 -475.0 -827.0 -607.0
-347.0 -679.0 -243.0 -628.0 -484.0
-178.0 -607.0 -250.0 -564.0 -720.0
-343.0 -150.0 -219.0 -579.0 -826.0
-472.0 -624.0 -128.0 -612.0 -726.0
-356.0 -648.0 -362.0 -613.0 -625.0
-286.0 -309.0 -494.0 -606.0 -773.0
-334.0 -372.0 -531.0 -787.0 -629.0
-273.0 -341.0 -356.0 -297.0 -812.0
-380.0 -632.0 -206.0 -446.0 -684.0
-505.0 -301.0 -274.0 -627.0 -748.0
-466.0 -590.0 -443.0 -455.0 -688.0
-549.0 -134.0 -512.0 -327.0 -783.0
-195.0 -377.0 -502.0 -541.0 -689.0
-278.0 -551.0 -359.0 -533.0 -701.0
-363.0 -585.0 -337.0 -713.0 -570.0
-405.0 -506.0 -495.0 -204.0 -672.0
-431.0 -475.0 -315.0 -586.0 -734.0
-268.0 -544.0 -418.0 -699.0 -502.0
-451.0 -406.0 -128.0 -749.0 -791.0
-299.0 -648.0 -28.0 -534.0 -693.0
-374.0 -473.0 -313.0 -635.0 -732.0
-203.0 -510.0 -484.0 -654.0 -446.0
-463.0 -543.0 -280.0 -780.0 -708.0
-367.0 -560.0 -440.0 -659.0 -554.0
-270.0 -244.0 -274.0 -434.0 -801.0
-308.0 -504.0 -522.0 -592.0 -581.0
-511.0 -621.0 -273.0 -716.0 -555.0
-502.0 -543.0 -207.0 -737.0 -792.0
-336.0 -506.0 -503.0 -623.0 -639.0
-333.0 -534.0 -347.0 -560.0 -695.0
-544.0 -489.0 -415.0 -758.0 -584.0
-400.0 -384.0 -485.0 -689.0 -642.0
-331.0 -234.0 -312.0 -412.0 -801.0
-491.0 -622.0 -366.0 -361.0 -735.0
-454.0 -503.0 -210.0 -612.0 -802.0
-363.0 -342.0 -606.0 -698.0 -450.0
-430.0 -631.0 -471.0 -540.0 -659.0
-521.0 -553.0 -561.0 -509.0 -468.0
-372.0 -611.0 -288.0 -715.0 -624.0
-353.0 -617.0 -337.0 -690.0 -553.0
-408.0 -549.0 -336.0 -777.0 -703.0
-536.0 -132.0 -318.0 -514.0 -820.0
-411.0 -653.0 -166.0 -542.0 -586.0
-289.0 -487.0 -474.0 -746.0 -326.0
-370.0 -496.0 -342.0 -619.0 -693.0
-364.0 -330.0 -237.0 -636.0 -800.0
-470.0 -577.0 -333.0 -770.0 -731.0
-380.0 -618.0 -297.0 -520.0 -715.0
-452.0 -542.0 -376.0 -755.0 -568.0
-366.0 -657.0 -168.0 -548.0 -565.0
-194.0 -585.0 -161.0 -537.0 -733.0
-379.0 -452.0 -336.0 -823.0 -701.0
-434.0 -639.0 -285.0 -708.0 -652.0
-478.0 -441.0 -465.0 -763.0 -516.0
-204.0 -462.0 -348.0 -440.0 -798.0
-485.0 -626.0 -322.0 -425.0 -689.0
-283.0 -579.0 -317.0 -629.0 -641.0
-363.0 -295.0 -593.0 -735.0 -503.0
-362.0 -547.0 -298.0 -631.0 -738.0
-261.0 -663.0 -38.0 -418.0 -584.0
-298.0 -434.0 -483.0 -725.0 -550.0
-284.0 -447.0 -265.0 -636.0 -771.0
-111.0 -344.0 -416.0 -286.0 -814.0
-499.0 -671.0 -201.0 -703.0 -503.0
-350.0 -509.0 -267.0 -302.0 -799.0
-259.0 -615.0 1.0 -674.0 -751.0
-457.0 -603.0 -202.0 -600.0 -677.0
-327.0 -452.0 -491.0 -690.0 -605.0
-405.0 -556.0 -414.0 -392.0 -703.0
-301.0 -434.0 -570.0 -654.0 -632.0
-335.0 -591.0 -542.0 -653.0 -562.0
-467.0 -341.0 -234.0 -440.0 -808.0
-412.0 -629.0 -225.0 -747.0 -505.0
-256.0 -200.0 -464.0 -388.0 -857.0
-411.0 -310.0 -360.0 -530.0 -790.0
-424.0 -319.0 -108.0 -688.0 -810.0
-308.0 -470.0 -473.0 -699.0 -604.0
-437.0 -482.0 -419.0 -621.0 -694.0
-365.0 -447.0 -475.0 -632.0 -643.0
-457.0 -638.0 -516.0 -639.0 -560.0
-397.0 -390.0 -603.0 -509.0 -374.0
-322.0 -599.0 -134.0 -632.0 -728.0
-453.0 -588.0 -249.0 -642.0 -725.0
-329.0 -397.0 -234.0 -781.0 -743.0
-197.0 -398.0 -443.0 -531.0 -751.0
-298.0 -442.0 -450.0 -775.0 -519.0
-321.0 -490.0 -352.0 -686.0 -699.0
-427.0 -545.0 -437.0 -663.0 -562.0
-259.0 -577.0 -212.0 -454.0 -764.0
-292.0 -281.0 -193.0 -614.0 -829.0
-398.0 -632.0 -371.0 -790.0 -496.0
-179.0 -430.0 -425.0 -534.0 -751.0
-292.0 -655.0 -390.0 -386.0 -550.0
-239.0 -295.0 -375.0 -729.0 -714.0
