-441.0 -27.0 -618.0 -390.0 -549.0
-466.0 -98.0 -610.0 -351.0 -583.0
-257.0 -156.0 -655.0 -100.0 -574.0
-576.0 -79.0 -567.0 -307.0 -565.0
-325.0 -206.0 -653.0 -257.0 -535.0
-465.0 -138.0 -617.0 -305.0 -567.0
-494.0 23.0 -599.0 -246.0 -632.0
-746.0 -268.0 -243.0 -218.0 -553.0
-525.0 -110.0 -585.0 -308.0 -701.0
-536.0 -42.0 -573.0 -268.0 -674.0
-721.0 -63.0 -416.0 -295.0 -737.0
-247.0 -189.0 -671.0 -337.0 -563.0
-429.0 -127.0 -636.0 -332.0 -767.0
-337.0 -219.0 -640.0 -275.0 -653.0
-728.0 -174.0 -318.0 -230.0 -618.0
-336.0 -259.0 -647.0 -229.0 -637.0
-470.0 -80.0 -608.0 -160.0 -722.0
-628.0 -85.0 -548.0 -260.0 -735.0
-735.0 -169.0 -305.0 -258.0 -678.0
-702.0 -36.0 -455.0 -364.0 -772.0
