-572.0 -483.0 -254.0 -389.0 -544.0
-574.0 -367.0 -481.0 -450.0 -612.0
-539.0 -619.0 -336.0 -479.0 -593.0
-508.0 -407.0 -346.0 -490.0 -664.0
-579.0 -488.0 -443.0 -614.0 -537.0
-329.0 -688.0 -346.0 -532.0 -676.0
-654.0 -395.0 -378.0 -375.0 -547.0
-397.0 -678.0 -456.0 -378.0 -661.0
-569.0 -696.0 -370.0 -274.0 -379.0
-451.0 -635.0 -313.0 -528.0 -710.0
-598.0 -466.0 -322.0 -383.0 -487.0
-380.0 -661.0 -437.0 -528.0 -715.0
-567.0 -387.0 -285.0 -436.0 -605.0
-246.0 -703.0 -481.0 -495.0 -669.0
-375.0 -464.0 -388.0 -380.0 -782.0
-520.0 -726.0 -280.0 -377.0 -269.0
-541.0 -556.0 -453.0 -395.0 -576.0
-396.0 -235.0 -428.0 -421.0 -761.0
-237.0 -581.0 -258.0 -447.0 -787.0
-553.0 -588.0 -207.0 -369.0 -560.0
-615.0 -547.0 -231.0 -363.0 -295.0
-609.0 -197.0 -416.0 -440.0 -641.0
-368.0 -643.0 -400.0 -393.0 -720.0
-562.0 -399.0 -425.0 -442.0 -629.0
-507.0 -672.0 -496.0 -398.0 -537.0
-531.0 -625.0 -158.0 -396.0 -537.0
-559.0 -486.0 -492.0 -464.0 -595.0
-487.0 -641.0 -390.0 -509.0 -702.0
-280.0 -689.0 -447.0 -498.0 -702.0
-475.0 -699.0 -514.0 -495.0 -659.0
-385.0 -432.0 -306.0 -366.0 -763.0
-496.0 -602.0 -288.0 -395.0 -672.0
-292.0 -494.0 -162.0 -399.0 -776.0
-394.0 -681.0 -439.0 -460.0 -672.0
-578.0 -324.0 -427.0 -475.0 -624.0
-587.0 -392.0 -494.0 -482.0 -602.0
-532.0 -327.0 -553.0 -501.0 -665.0
-561.0 -579.0 -340.0 -415.0 -556.0
-616.0 -532.0 -310.0 -357.0 -390.0
-520.0 -718.0 -314.0 -302.0 -519.0
-603.0 -527.0 -227.0 -343.0 -476.0
-605.0 -666.0 -288.0 -353.0 -272.0
-521.0 -632.0 -283.0 -293.0 -531.0
-573.0 -561.0 -330.0 -422.0 -452.0
-568.0 -442.0 -364.0 -532.0 -603.0
-317.0 -576.0 -300.0 -386.0 -749.0
-580.0 -552.0 -259.0 -471.0 -490.0
-586.0 -480.0 -148.0 -268.0 -478.0
-671.0 -191.0 -281.0 -337.0 -435.0
-532.0 -722.0 -386.0 -490.0 -505.0
-544.0 -614.0 -155.0 -248.0 -524.0
-184.0 -639.0 -392.0 -434.0 -733.0
-276.0 -674.0 -230.0 -306.0 -709.0
-503.0 -713.0 -299.0 -386.0 -597.0
-361.0 -527.0 -301.0 -194.0 -747.0
-283.0 -486.0 -189.0 -297.0 -787.0
-508.0 -542.0 -439.0 -391.0 -626.0
-624.0 -510.0 -171.0 -343.0 -475.0
-309.0 -542.0 -361.0 -407.0 -772.0
-626.0 -388.0 -437.0 -417.0 -590.0
-269.0 -760.0 -457.0 -450.0 -653.0
-424.0 -463.0 -211.0 -473.0 -730.0
-580.0 -663.0 -372.0 -407.0 -345.0
-565.0 -678.0 -372.0 -320.0 -455.0
-532.0 -467.0 -458.0 -349.0 -634.0
-528.0 -493.0 -379.0 -382.0 -609.0
-321.0 -476.0 -316.0 -546.0 -805.0
-513.0 -622.0 -372.0 -490.0 -579.0
-284.0 -717.0 -469.0 -496.0 -661.0
-552.0 -688.0 -255.0 -535.0 -470.0
-465.0 -407.0 -251.0 -427.0 -731.0
-371.0 -510.0 -260.0 -497.0 -736.0
-530.0 -451.0 -436.0 -479.0 -654.0
-440.0 -414.0 -182.0 -387.0 -758.0
-586.0 -528.0 -297.0 -353.0 -433.0
-236.0 -606.0 -319.0 -184.0 -728.0
-610.0 -438.0 -452.0 -355.0 -498.0
-457.0 -421.0 -446.0 -484.0 -747.0
-350.0 -778.0 -532.0 -485.0 -640.0
-561.0 -700.0 -278.0 -378.0 -423.0
-514.0 -500.0 -465.0 -565.0 -626.0
-531.0 -440.0 -542.0 -377.0 -643.0
-541.0 -613.0 -357.0 -572.0 -567.0
-76.0 -320.0 -361.0 -400.0 -808.0
-236.0 -691.0 -482.0 -454.0 -675.0
-583.0 -510.0 -374.0 -476.0 -487.0
-574.0 -518.0 -350.0 -345.0 -525.0
-640.0 -458.0 -90.0 -291.0 -343.0
-512.0 -350.0 -281.0 -415.0 -721.0
-628.0 -526.0 -189.0 -407.0 -410.0
-517.0 -382.0 -469.0 -448.0 -655.0
-535.0 -641.0 -176.0 -460.0 -472.0
-522.0 -676.0 -393.0 -415.0 -519.0
-589.0 -530.0 -246.0 -472.0 -422.0
-507.0 -630.0 -374.0 -366.0 -542.0
-294.0 -585.0 -349.0 -361.0 -764.0
-559.0 -440.0 -445.0 -508.0 -606.0
-420.0 -723.0 -428.0 -399.0 -621.0
-580.0 -435.0 -406.0 -383.0 -570.0
-558.0 -357.0 -438.0 -497.0 -661.0
-384.0 -391.0 -393.0 -413.0 -769.0
-602.0 -553.0 -308.0 -326.0 -361.0
-487.0 -762.0 -328.0 -472.0 -569.0
-642.0 -158.0 -439.0 -482.0 -599.0
-658.0 -91.0 -509.0 -449.0 -525.0
-180.0 -593.0 -357.0 -399.0 -794.0
-593.0 -594.0 -313.0 -389.0 -323.0
-209.0 -635.0 -330.0 -233.0 -761.0
-199.0 -551.0 -235.0 -372.0 -790.0
-597.0 -478.0 -540.0 -450.0 -542.0
-392.0 -503.0 -216.0 -302.0 -738.0
-589.0 -625.0 -224.0 -425.0 -419.0
-520.0 -533.0 -324.0 -395.0 -615.0
-494.0 -659.0 -278.0 -461.0 -657.0
-505.0 -651.0 -383.0 -513.0 -540.0
-565.0 -508.0 -276.0 -301.0 -560.0
-478.0 -708.0 -307.0 -547.0 -629.0
-543.0 -709.0 -342.0 -366.0 -386.0
-501.0 -741.0 -503.0 -434.0 -608.0
-636.0 -430.0 -240.0 -275.0 -475.0
-569.0 -617.0 -206.0 -382.0 -484.0
-342.0 -525.0 -292.0 -366.0 -755.0
-581.0 -326.0 -376.0 -594.0 -613.0
-638.0 -398.0 -342.0 -524.0 -523.0
-580.0 -514.0 -304.0 -350.0 -519.0
-552.0 -518.0 -482.0 -432.0 -606.0
-249.0 -518.0 -356.0 -337.0 -787.0
-574.0 -689.0 -275.0 -230.0 -410.0
-506.0 -579.0 -347.0 -393.0 -657.0
-519.0 -325.0 -479.0 -382.0 -670.0
-128.0 -577.0 -359.0 -372.0 -795.0
