-472.0 -402.0 -344.0 -306.0 -812.0
-546.0 -895.0 -421.0 -291.0 -636.0
-442.0 -1112.0 -177.0 -516.0 -465.0
-432.0 -1048.0 -244.0 -280.0 -502.0
-448.0 -568.0 -315.0 -377.0 -794.0
-453.0 -400.0 -388.0 -297.0 -828.0
-578.0 -849.0 -555.0 -444.0 -667.0
-442.0 -947.0 -393.0 -304.0 -617.0
-362.0 -935.0 -229.0 -260.0 -625.0
-414.0 -1125.0 -239.0 -420.0 -446.0
-392.0 -863.0 -303.0 -300.0 -661.0
-381.0 -1069.0 -214.0 -429.0 -499.0
-527.0 -759.0 -468.0 -409.0 -714.0
-495.0 -1032.0 -196.0 -408.0 -520.0
-424.0 -649.0 -405.0 -356.0 -758.0
-437.0 -958.0 -242.0 -244.0 -601.0
-452.0 -1011.0 -473.0 -443.0 -545.0
-472.0 -875.0 -467.0 -344.0 -653.0
-600.0 -665.0 -456.0 -479.0 -745.0
-530.0 -605.0 -462.0 -370.0 -776.0
-391.0 -968.0 -510.0 -356.0 -579.0
-509.0 -694.0 -419.0 -352.0 -743.0
-480.0 -786.0 -358.0 -271.0 -691.0
-471.0 -308.0 -473.0 -338.0 -837.0
-321.0 -88.0 -477.0 -313.0 -840.0
-284.0 -966.0 -378.0 -463.0 -582.0
-396.0 15.0 -451.0 -285.0 -842.0
-388.0 -1020.0 -335.0 -364.0 -541.0
-445.0 -722.0 -321.0 -416.0 -732.0
-506.0 -848.0 -425.0 -391.0 -681.0
-597.0 -819.0 -462.0 -518.0 -683.0
-426.0 -993.0 -330.0 -253.0 -563.0
-490.0 -521.0 -361.0 -367.0 -797.0
-383.0 -1082.0 -176.0 -405.0 -466.0
-488.0 -961.0 -307.0 -254.0 -589.0
-464.0 -1129.0 -284.0 -414.0 -341.0
-468.0 -729.0 -467.0 -298.0 -715.0
-396.0 -220.0 -438.0 -382.0 -839.0
-467.0 -886.0 -316.0 -284.0 -637.0
-387.0 -329.0 -384.0 -363.0 -833.0
-576.0 -488.0 -486.0 -271.0 -811.0
-330.0 21.0 -531.0 -332.0 -846.0
-492.0 -784.0 -528.0 -489.0 -698.0
-514.0 -948.0 -523.0 -357.0 -603.0
-525.0 -616.0 -311.0 -310.0 -760.0
