-441.0 -27.0 -618.0 -390.0 -549.0
-387.0 -676.0 -76.0 -281.0 -576.0
-674.0 -230.0 -376.0 -182.0 -749.0
-450.0 -679.0 -30.0 -382.0 -840.0
-615.0 -294.0 -413.0 -231.0 -519.0
-352.0 -451.0 -580.0 -258.0 -646.0
-658.0 -447.0 -160.0 -182.0 -592.0
-359.0 -623.0 -290.0 -412.0 -664.0
-358.0 -572.0 -415.0 -61.0 -604.0
-526.0 -358.0 -485.0 -357.0 -493.0
-653.0 -434.0 -227.0 -223.0 -662.0
-542.0 -402.0 -417.0 -325.0 -608.0
-636.0 -440.0 -245.0 -162.0 -654.0
-417.0 -303.0 -588.0 -133.0 -735.0
-336.0 -510.0 -485.0 -147.0 -705.0
-272.0 -377.0 -588.0 -268.0 -575.0
-358.0 -616.0 -380.0 -339.0 -694.0
-278.0 -590.0 -434.0 -96.0 -657.0
-406.0 -649.0 -269.0 -240.0 -695.0
-308.0 -626.0 -377.0 -370.0 -711.0
-587.0 -392.0 -350.0 -308.0 -823.0
-527.0 -516.0 -342.0 -240.0 -551.0
-229.0 -365.0 -599.0 -125.0 -685.0
-652.0 -394.0 -332.0 -300.0 -728.0
-282.0 -498.0 -527.0 -342.0 -587.0
-659.0 -294.0 -354.0 -193.0 -804.0
-237.0 -327.0 -625.0 -336.0 -653.0
-582.0 -225.0 -464.0 -316.0 -717.0
-309.0 -360.0 -589.0 -482.0 -704.0
-533.0 -579.0 -178.0 -407.0 -749.0
-466.0 -98.0 -610.0 -351.0 -583.0
-414.0 -276.0 -629.0 -149.0 -609.0
-529.0 -564.0 -275.0 -399.0 -682.0
-527.0 -569.0 -246.0 -206.0 -773.0
-257.0 -156.0 -655.0 -100.0 -574.0
-531.0 -484.0 -336.0 -122.0 -533.0
-576.0 -79.0 -567.0 -307.0 -565.0
-583.0 -582.0 -107.0 -215.0 -755.0
-584.0 -591.0 -57.0 -224.0 -837.0
-515.0 -601.0 -186.0 -386.0 -887.0
-526.0 -376.0 -479.0 -403.0 -705.0
-300.0 -631.0 -338.0 -235.0 -539.0
-641.0 -468.0 -98.0 -386.0 -775.0
-727.0 -314.0 -266.0 -193.0 -638.0
-325.0 -206.0 -653.0 -257.0 -535.0
-252.0 -629.0 -438.0 -210.0 -797.0
-529.0 -269.0 -526.0 -179.0 -530.0
-585.0 -401.0 -330.0 -286.0 -641.0
-272.0 -504.0 -499.0 -253.0 -583.0
-468.0 -630.0 -176.0 -368.0 -634.0
-177.0 -353.0 -625.0 -158.0 -596.0
-351.0 -507.0 -493.0 -233.0 -620.0
-710.0 -271.0 -351.0 -345.0 -716.0
-208.0 -201.0 -655.0 -312.0 -570.0
-468.0 -604.0 -312.0 -273.0 -651.0
-214.0 -644.0 -388.0 -322.0 -705.0
-446.0 -346.0 -548.0 -262.0 -560.0
-669.0 -408.0 -103.0 -385.0 -692.0
-558.0 -292.0 -496.0 -303.0 -671.0
-189.0 -485.0 -613.0 -121.0 -671.0
-522.0 -407.0 -470.0 -269.0 -713.0
-684.0 -342.0 -275.0 -347.0 -687.0
-674.0 -293.0 -334.0 -250.0 -690.0
-475.0 -611.0 -231.0 -364.0 -721.0
-686.0 -312.0 -315.0 -254.0 -692.0
-725.0 -384.0 -271.0 -354.0 -735.0
-565.0 -223.0 -563.0 -247.0 -638.0
-613.0 -270.0 -439.0 -298.0 -626.0
-447.0 -628.0 -245.0 -236.0 -583.0
-519.0 -657.0 -24.0 -275.0 -794.0
-467.0 -583.0 -368.0 -271.0 -743.0
-580.0 -400.0 -422.0 -366.0 -563.0
-471.0 -572.0 -292.0 -346.0 -572.0
-375.0 -596.0 -375.0 -250.0 -715.0
-666.0 -416.0 -174.0 -179.0 -472.0
-254.0 -364.0 -620.0 -287.0 -771.0
-612.0 -478.0 -311.0 -307.0 -776.0
-578.0 -369.0 -423.0 -224.0 -522.0
-720.0 -203.0 -364.0 -258.0 -757.0
-312.0 -578.0 -476.0 -233.0 -569.0
-246.0 -506.0 -520.0 -377.0 -548.0
-549.0 -333.0 -484.0 -269.0 -575.0
-505.0 -310.0 -517.0 -307.0 -594.0
-435.0 -434.0 -468.0 -504.0 -599.0
-659.0 -143.0 -413.0 -239.0 -637.0
-543.0 -446.0 -370.0 -170.0 -787.0
-256.0 -314.0 -614.0 -152.0 -613.0
-353.0 -593.0 -410.0 -339.0 -598.0
-350.0 -500.0 -505.0 -263.0 -537.0
-129.0 -676.0 -335.0 -416.0 -569.0
-603.0 -271.0 -444.0 -265.0 -678.0
-555.0 -428.0 -383.0 -232.0 -522.0
-356.0 -342.0 -594.0 -198.0 -602.0
-269.0 -288.0 -643.0 -63.0 -649.0
-614.0 -408.0 -306.0 -146.0 -679.0
-211.0 -440.0 -622.0 -219.0 -641.0
-277.0 -312.0 -630.0 -242.0 -593.0
-193.0 -502.0 -553.0 -133.0 -607.0
-489.0 -432.0 -491.0 -291.0 -694.0
-240.0 -587.0 -465.0 -376.0 -505.0
-691.0 -210.0 -371.0 -93.0 -770.0
-446.0 -675.0 -108.0 -291.0 -765.0
-578.0 -429.0 -367.0 -207.0 -548.0
-458.0 -468.0 -457.0 -123.0 -690.0
-528.0 -505.0 -305.0 -251.0 -532.0
-106.0 -541.0 -514.0 -321.0 -676.0
-591.0 -508.0 -259.0 -352.0 -796.0
-578.0 -365.0 -475.0 -199.0 -668.0
-465.0 -138.0 -617.0 -305.0 -567.0
-660.0 -422.0 -222.0 -233.0 -679.0
-530.0 -280.0 -519.0 -170.0 -677.0
-571.0 -499.0 -335.0 -311.0 -888.0
-527.0 -236.0 -528.0 -204.0 -584.0
-654.0 -359.0 -312.0 -219.0 -786.0
-713.0 -252.0 -283.0 -391.0 -660.0
-456.0 -339.0 -540.0 -227.0 -603.0
-409.0 -424.0 -527.0 -333.0 -658.0
-456.0 -461.0 -463.0 -316.0 -677.0
-687.0 -291.0 -281.0 -246.0 -638.0
-184.0 -213.0 -648.0 -239.0 -654.0
-483.0 -92.0 -592.0 -412.0 -591.0
-676.0 -319.0 -278.0 -231.0 -615.0
-288.0 -606.0 -413.0 -186.0 -473.0
-588.0 -377.0 -342.0 -140.0 -496.0
-512.0 -550.0 -401.0 -240.0 -630.0
-231.0 -488.0 -579.0 -287.0 -656.0
-158.0 -292.0 -656.0 -274.0 -585.0
-535.0 -462.0 -412.0 -307.0 -649.0
-414.0 -319.0 -554.0 -252.0 -626.0
-369.0 -445.0 -562.0 -319.0 -654.0
-398.0 -605.0 -374.0 -378.0 -789.0
-545.0 -228.0 -558.0 -177.0 -568.0
-365.0 -610.0 -347.0 -210.0 -828.0
-613.0 -194.0 -455.0 -398.0 -580.0
-358.0 -602.0 -393.0 -189.0 -707.0
-666.0 -381.0 -307.0 -308.0 -703.0
-566.0 -165.0 -545.0 -204.0 -635.0
-494.0 23.0 -599.0 -246.0 -632.0
-517.0 -237.0 -536.0 -407.0 -737.0
-523.0 -645.0 -81.0 -248.0 -793.0
-564.0 -624.0 -57.0 -244.0 -681.0
-618.0 -512.0 -207.0 -179.0 -689.0
-555.0 -503.0 -317.0 -178.0 -910.0
-643.0 -395.0 -268.0 -338.0 -632.0
-704.0 -386.0 -255.0 -264.0 -755.0
-584.0 -553.0 -201.0 -346.0 -603.0
-488.0 -567.0 -289.0 -206.0 -473.0
-97.0 -659.0 -365.0 -166.0 -639.0
-746.0 -268.0 -243.0 -218.0 -553.0
-389.0 -493.0 -519.0 -387.0 -669.0
-507.0 -306.0 -529.0 -147.0 -600.0
-525.0 -110.0 -585.0 -308.0 -701.0
-601.0 -323.0 -389.0 -215.0 -775.0
-451.0 -616.0 -302.0 -209.0 -582.0
-447.0 -306.0 -541.0 -308.0 -576.0
-388.0 -469.0 -529.0 -217.0 -572.0
-507.0 -410.0 -483.0 -312.0 -556.0
-642.0 -482.0 -63.0 -419.0 -812.0
-319.0 -491.0 -535.0 -324.0 -618.0
-146.0 -670.0 -317.0 -477.0 -577.0
-582.0 -330.0 -417.0 -205.0 -466.0
-602.0 -545.0 -203.0 -188.0 -691.0
-504.0 -607.0 -139.0 -400.0 -836.0
-613.0 -380.0 -336.0 -223.0 -898.0
-396.0 -365.0 -579.0 -145.0 -602.0
-286.0 -538.0 -492.0 -371.0 -514.0
-401.0 -658.0 -183.0 -131.0 -436.0
-591.0 -189.0 -529.0 -235.0 -630.0
-412.0 -352.0 -573.0 -236.0 -527.0
-470.0 -588.0 -282.0 -386.0 -718.0
-686.0 -402.0 -85.0 -446.0 -700.0
-546.0 -642.0 -32.0 -119.0 -608.0
-483.0 -265.0 -553.0 -241.0 -687.0
-576.0 -460.0 -362.0 -348.0 -850.0
-122.0 -341.0 -648.0 -126.0 -587.0
-655.0 -456.0 -65.0 -142.0 -470.0
-107.0 -498.0 -555.0 -435.0 -547.0
-407.0 -634.0 -158.0 -347.0 -770.0
-247.0 -458.0 -571.0 -178.0 -567.0
-378.0 -618.0 -291.0 -150.0 -530.0
-581.0 -303.0 -420.0 -387.0 -773.0
-674.0 -216.0 -389.0 -32.0 -762.0
-528.0 -633.0 -124.0 -290.0 -740.0
-455.0 -198.0 -589.0 -239.0 -478.0
-248.0 -322.0 -625.0 -212.0 -675.0
-693.0 -269.0 -354.0 -131.0 -660.0
-524.0 -244.0 -529.0 -237.0 -575.0
-529.0 -448.0 -444.0 -289.0 -730.0
-620.0 -374.0 -361.0 -235.0 -806.0
-536.0 -42.0 -573.0 -268.0 -674.0
-490.0 -661.0 -116.0 -239.0 -679.0
-700.0 -79.0 -387.0 -355.0 -744.0
-325.0 -650.0 -304.0 -429.0 -828.0
-721.0 -63.0 -416.0 -295.0 -737.0
-379.0 -578.0 -413.0 -447.0 -824.0
-413.0 -359.0 -561.0 -206.0 -610.0
-41.0 -529.0 -527.0 -286.0 -577.0
-449.0 -394.0 -512.0 -365.0 -550.0
-492.0 -559.0 -322.0 -447.0 -855.0
-374.0 -673.0 -175.0 -287.0 -622.0
-565.0 -287.0 -502.0 -357.0 -544.0
-610.0 -552.0 -59.0 -369.0 -859.0
-591.0 -369.0 -364.0 -226.0 -544.0
-405.0 -367.0 -572.0 -266.0 -672.0
-365.0 -507.0 -467.0 -291.0 -660.0
-575.0 -479.0 -289.0 -146.0 -628.0
-509.0 -603.0 -154.0 -275.0 -682.0
-547.0 -479.0 -347.0 -408.0 -619.0
-89.0 -649.0 -410.0 -221.0 -700.0
-544.0 -578.0 -139.0 -231.0 -621.0
-427.0 -502.0 -490.0 -316.0 -617.0
-310.0 -585.0 -416.0 -141.0 -813.0
-354.0 -545.0 -461.0 -140.0 -617.0
-509.0 -549.0 -436.0 -245.0 -743.0
-635.0 -82.0 -435.0 -404.0 -711.0
-230.0 -464.0 -589.0 -117.0 -559.0
-247.0 -189.0 -671.0 -337.0 -563.0
-671.0 -342.0 -334.0 -345.0 -665.0
-384.0 -577.0 -376.0 -225.0 -554.0
-595.0 -363.0 -405.0 -285.0 -530.0
-352.0 -657.0 -295.0 -264.0 -670.0
-608.0 -504.0 -288.0 -263.0 -715.0
-643.0 -435.0 -224.0 -295.0 -674.0
-337.0 -618.0 -364.0 -249.0 -714.0
-636.0 -361.0 -355.0 -326.0 -731.0
-356.0 -706.0 -269.0 -292.0 -814.0
-423.0 -418.0 -494.0 -289.0 -694.0
-613.0 -443.0 -294.0 -291.0 -839.0
-413.0 -312.0 -566.0 -282.0 -543.0
-471.0 -571.0 -425.0 -244.0 -742.0
-309.0 -296.0 -606.0 -278.0 -633.0
-284.0 -577.0 -488.0 -428.0 -694.0
-241.0 -426.0 -595.0 -268.0 -602.0
-632.0 -433.0 -301.0 -322.0 -796.0
-197.0 -650.0 -406.0 -261.0 -697.0
-251.0 -419.0 -587.0 -233.0 -645.0
-491.0 -578.0 -249.0 -245.0 -633.0
-632.0 -437.0 -249.0 -347.0 -650.0
-394.0 -435.0 -584.0 -306.0 -699.0
-429.0 -127.0 -636.0 -332.0 -767.0
-572.0 -571.0 -123.0 -240.0 -538.0
-520.0 -409.0 -497.0 -268.0 -652.0
-523.0 -581.0 -189.0 -233.0 -774.0
-574.0 -556.0 -282.0 -277.0 -808.0
-382.0 -667.0 -265.0 -178.0 -674.0
-299.0 -303.0 -614.0 -313.0 -590.0
-669.0 -228.0 -378.0 -225.0 -747.0
-470.0 -379.0 -526.0 -192.0 -796.0
-650.0 -440.0 -222.0 -372.0 -654.0
-229.0 -512.0 -538.0 -316.0 -540.0
-355.0 -563.0 -450.0 -246.0 -603.0
-589.0 -219.0 -489.0 -328.0 -625.0
-273.0 -345.0 -598.0 -130.0 -635.0
-540.0 -604.0 -116.0 -187.0 -560.0
-337.0 -219.0 -640.0 -275.0 -653.0
-274.0 -474.0 -539.0 -160.0 -588.0
-88.0 -501.0 -580.0 -277.0 -535.0
-671.0 -401.0 -133.0 -218.0 -470.0
-196.0 -667.0 -280.0 -232.0 -652.0
-415.0 -179.0 -606.0 -289.0 -606.0
-467.0 -301.0 -546.0 -378.0 -646.0
-667.0 -392.0 -199.0 -447.0 -642.0
-649.0 -460.0 -126.0 -282.0 -488.0
-524.0 -308.0 -526.0 -361.0 -656.0
-212.0 -371.0 -617.0 -64.0 -677.0
-503.0 -184.0 -574.0 -411.0 -711.0
-728.0 -174.0 -318.0 -230.0 -618.0
-196.0 -520.0 -511.0 -329.0 -754.0
-637.0 -485.0 -34.0 -158.0 -418.0
-650.0 -458.0 -146.0 -246.0 -759.0
-370.0 -617.0 -337.0 -398.0 -715.0
-614.0 -443.0 -280.0 -360.0 -787.0
-625.0 -483.0 -233.0 -206.0 -644.0
-494.0 -264.0 -587.0 -329.0 -650.0
-360.0 -700.0 -33.0 -374.0 -762.0
-336.0 -259.0 -647.0 -229.0 -637.0
-670.0 -355.0 -330.0 -352.0 -764.0
-661.0 -353.0 -337.0 -231.0 -694.0
-633.0 -551.0 -138.0 -194.0 -645.0
-471.0 -268.0 -544.0 -213.0 -559.0
-470.0 -80.0 -608.0 -160.0 -722.0
-626.0 -134.0 -502.0 -237.0 -645.0
-689.0 -412.0 -80.0 -441.0 -608.0
-458.0 -144.0 -592.0 -293.0 -659.0
-525.0 -591.0 -168.0 -340.0 -829.0
-489.0 -417.0 -502.0 -310.0 -659.0
-628.0 -85.0 -548.0 -260.0 -735.0
-100.0 -415.0 -637.0 -229.0 -597.0
-220.0 -333.0 -643.0 -275.0 -645.0
-215.0 -716.0 -184.0 -386.0 -590.0
-515.0 -535.0 -283.0 -278.0 -637.0
-548.0 -282.0 -518.0 -318.0 -757.0
-464.0 -616.0 -255.0 -300.0 -652.0
-292.0 -324.0 -599.0 -335.0 -546.0
-313.0 -566.0 -485.0 -144.0 -729.0
-432.0 -400.0 -530.0 -304.0 -542.0
-584.0 -258.0 -462.0 -291.0 -663.0
-483.0 -570.0 -253.0 -273.0 -572.0
-382.0 -303.0 -596.0 -343.0 -624.0
-423.0 -282.0 -572.0 -339.0 -512.0
-598.0 -300.0 -431.0 -170.0 -511.0
-735.0 -169.0 -305.0 -258.0 -678.0
-507.0 -320.0 -516.0 -297.0 -587.0
-628.0 -435.0 -296.0 -209.0 -704.0
-248.0 -644.0 -329.0 -140.0 -682.0
-658.0 -296.0 -390.0 -265.0 -774.0
-630.0 -467.0 -209.0 -440.0 -645.0
-288.0 -341.0 -608.0 -162.0 -547.0
-457.0 -302.0 -551.0 -345.0 -698.0
-492.0 -555.0 -454.0 -184.0 -735.0
-547.0 -309.0 -510.0 -336.0 -682.0
-647.0 -461.0 -191.0 -501.0 -653.0
-480.0 -589.0 -228.0 -296.0 -731.0
-380.0 -607.0 -319.0 -352.0 -657.0
-690.0 -212.0 -407.0 -165.0 -740.0
-69.0 -448.0 -615.0 -178.0 -637.0
-606.0 -213.0 -471.0 -389.0 -633.0
-255.0 -664.0 -305.0 -266.0 -652.0
-702.0 -36.0 -455.0 -364.0 -772.0
-294.0 -640.0 -359.0 -344.0 -496.0
-266.0 -540.0 -506.0 -316.0 -698.0
-396.0 -671.0 -164.0 -231.0 -749.0
-467.0 -673.0 -12.0 -443.0 -848.0
-190.0 -445.0 -606.0 -167.0 -687.0
-598.0 -439.0 -326.0 -296.0 -763.0
-253.0 -324.0 -623.0 -169.0 -677.0
-652.0 -315.0 -373.0 -414.0 -700.0
-729.0 -318.0 -167.0 -318.0 -508.0
-377.0 -694.0 -15.0 -435.0 -770.0
-559.0 -402.0 -406.0 -276.0 -583.0
-482.0 -132.0 -599.0 -366.0 -575.0
-549.0 -574.0 -172.0 -369.0 -723.0
-454.0 -626.0 -277.0 -315.0 -559.0
