-367.0 -160.0 -231.0 -271.0 -114.0
-307.0 -293.0 -109.0 -298.0 -280.0
-255.0 -312.0 -84.0 -431.0 -122.0
-165.0 -331.0 -146.0 -389.0 -62.0
-208.0 -419.0 -130.0 -333.0 -149.0
-335.0 -390.0 -69.0 -202.0 -104.0
-134.0 -462.0 -6.0 -272.0 -240.0
-236.0 -206.0 -64.0 -440.0 -285.0
-271.0 -454.0 -112.0 -185.0 -127.0
-273.0 -319.0 -129.0 -340.0 -138.0
-88.0 -565.0 -37.0 -46.0 -223.0
-226.0 -501.0 57.0 -201.0 -109.0
-101.0 -570.0 -24.0 64.0 -292.0
-267.0 -486.0 -160.0 -111.0 -129.0
-214.0 -321.0 -13.0 -361.0 -330.0
-260.0 -475.0 77.0 -159.0 -251.0
-231.0 -485.0 14.0 -214.0 -292.0
-328.0 -392.0 -170.0 -185.0 -154.0
-233.0 -391.0 -115.0 -295.0 -74.0
-264.0 -439.0 -142.0 -266.0 -264.0
-387.0 -300.0 -154.0 -71.0 -215.0
-287.0 -497.0 -23.0 -29.0 -240.0
-326.0 -399.0 -129.0 -289.0 -117.0
-247.0 -353.0 40.0 -348.0 -278.0
-197.0 -511.0 -6.0 -256.0 -150.0
-132.0 -457.0 30.0 -343.0 -169.0
-105.0 -538.0 24.0 -10.0 -290.0
-134.0 -418.0 -175.0 -362.0 -78.0
-332.0 -360.0 -122.0 -259.0 -152.0
-383.0 -418.0 -55.0 4.0 -309.0
-128.0 -489.0 -18.0 -269.0 -171.0
-313.0 -250.0 -122.0 -384.0 -164.0
-378.0 -309.0 -214.0 -158.0 -228.0
-229.0 -526.0 -161.0 -39.0 -169.0
-274.0 -512.0 -160.0 13.0 -223.0
-403.0 -417.0 -52.0 -28.0 -281.0
-368.0 -477.0 -92.0 -127.0 -179.0
-304.0 -254.0 -148.0 -303.0 -334.0
-352.0 -403.0 -250.0 -179.0 -169.0
-227.0 -470.0 -20.0 -266.0 -283.0
-343.0 -369.0 -254.0 -257.0 -126.0
-344.0 -262.0 -231.0 -298.0 -261.0
-336.0 -437.0 -83.0 -149.0 -231.0
-84.0 -382.0 -8.0 -395.0 -20.0
-252.0 -425.0 56.0 -287.0 -104.0
-258.0 -447.0 -100.0 -279.0 -136.0
-290.0 -482.0 -76.0 1.0 -250.0
-330.0 -220.0 -247.0 -352.0 -173.0
-184.0 -356.0 21.0 -343.0 -129.0
-293.0 -251.0 -125.0 -352.0 -192.0
-98.0 -483.0 10.0 -385.0 -27.0
-177.0 -342.0 -91.0 -362.0 -134.0
-68.0 -566.0 -40.0 -14.0 -251.0
-289.0 -440.0 -156.0 -134.0 -333.0
-368.0 -391.0 -239.0 -128.0 -87.0
-332.0 -274.0 -269.0 -260.0 -60.0
-285.0 -373.0 -188.0 -306.0 -118.0
-254.0 -479.0 -148.0 -205.0 -138.0
-164.0 -424.0 17.0 -331.0 -75.0
-305.0 -422.0 -160.0 -239.0 -76.0
-351.0 -345.0 -138.0 -216.0 -146.0
-373.0 -149.0 -230.0 -254.0 -71.0
-379.0 -450.0 -103.0 78.0 -311.0
-299.0 -273.0 -99.0 -334.0 -77.0
-148.0 -318.0 35.0 -412.0 3.0
-197.0 -530.0 53.0 -187.0 -284.0
-372.0 -359.0 -191.0 -202.0 -85.0
-137.0 -442.0 -48.0 -329.0 -136.0
-208.0 -459.0 102.0 -299.0 -137.0
-128.0 -461.0 -162.0 -276.0 -194.0
-181.0 -405.0 12.0 -337.0 -72.0
-125.0 -414.0 31.0 -386.0 -87.0
