-533.0 -467.0 -506.0 -48.0 -245.0
-466.0 -325.0 -524.0 -465.0 -331.0
-510.0 -310.0 -162.0 -488.0 -220.0
-474.0 -22.0 -420.0 -557.0 -146.0
-603.0 -170.0 -375.0 -517.0 126.0
-364.0 -349.0 -518.0 -385.0 -193.0
-524.0 -492.0 -398.0 -337.0 -201.0
-341.0 79.0 -380.0 -600.0 4.0
-479.0 -472.0 -329.0 -397.0 -124.0
-475.0 -341.0 -412.0 -411.0 -232.0
-438.0 -385.0 -260.0 -421.0 -191.0
-531.0 -338.0 -359.0 -479.0 -111.0
-568.0 -348.0 -613.0 -209.0 -28.0
-485.0 -455.0 -507.0 -341.0 -235.0
-611.0 -517.0 -418.0 -113.0 -65.0
-515.0 -138.0 -437.0 -528.0 -164.0
-508.0 -503.0 -369.0 -333.0 -248.0
-494.0 -487.0 -293.0 -381.0 -293.0
-464.0 -240.0 -215.0 -492.0 -120.0
-529.0 -439.0 -194.0 -405.0 -211.0
-517.0 -398.0 -553.0 -354.0 -102.0
-593.0 -484.0 -473.0 -370.0 -67.0
-595.0 -512.0 -331.0 -327.0 -240.0
-521.0 -284.0 -601.0 -427.0 -115.0
-477.0 -348.0 -256.0 -440.0 -351.0
-436.0 -394.0 -220.0 -430.0 -80.0
-601.0 -185.0 -308.0 -544.0 54.0
-454.0 -512.0 -337.0 -294.0 -173.0
-447.0 -347.0 -174.0 -444.0 -330.0
-390.0 -426.0 -488.0 -366.0 -290.0
-566.0 -430.0 -514.0 -340.0 -186.0
-443.0 -329.0 -388.0 -431.0 -305.0
-426.0 -97.0 -477.0 -496.0 -86.0
-474.0 -493.0 -435.0 -148.0 -172.0
-598.0 -544.0 -313.0 -321.0 -227.0
-551.0 -362.0 -505.0 -380.0 -43.0
-421.0 -76.0 -553.0 -518.0 -208.0
-547.0 -401.0 -501.0 -351.0 -210.0
-373.0 -16.0 -484.0 -534.0 8.0
-549.0 -283.0 -614.0 -371.0 -14.0
-563.0 -542.0 -420.0 -107.0 13.0
-485.0 -235.0 -495.0 -486.0 -198.0
-511.0 -522.0 -406.0 -175.0 -157.0
-448.0 -533.0 -410.0 -156.0 -112.0
-518.0 -445.0 -468.0 -375.0 -161.0
-430.0 -400.0 -235.0 -418.0 -339.0
-506.0 3.0 -518.0 -531.0 22.0
-533.0 -521.0 -401.0 -200.0 -140.0
-477.0 -466.0 -492.0 -280.0 -161.0
-357.0 -251.0 -408.0 -490.0 -356.0
-559.0 -422.0 -346.0 -405.0 -73.0
-521.0 -160.0 -446.0 -527.0 -300.0
-591.0 -501.0 -379.0 -329.0 -166.0
-421.0 -415.0 -311.0 -417.0 -385.0
-441.0 -327.0 -578.0 -350.0 -119.0
-529.0 -355.0 -265.0 -438.0 -210.0
-377.0 -359.0 -403.0 -415.0 -159.0
-600.0 -464.0 -517.0 -292.0 -110.0
-434.0 -386.0 -258.0 -424.0 -351.0
-527.0 41.0 -485.0 -564.0 -30.0
-597.0 -497.0 -398.0 -300.0 -168.0
-602.0 -447.0 -611.0 -333.0 -11.0
-544.0 -269.0 -572.0 -481.0 -152.0
-551.0 -500.0 -415.0 -283.0 -65.0
-422.0 -467.0 -495.0 -228.0 -142.0
-505.0 -147.0 -436.0 -537.0 -91.0
-316.0 15.0 -430.0 -538.0 -197.0
-602.0 -430.0 -80.0 -407.0 -208.0
-440.0 -544.0 -395.0 -95.0 -38.0
-597.0 -518.0 -434.0 6.0 -51.0
-539.0 -601.0 -294.0 -311.0 -267.0
-578.0 -316.0 -527.0 -407.0 -90.0
-522.0 -232.0 -407.0 -496.0 -215.0
-502.0 -507.0 -350.0 -362.0 -246.0
-557.0 -496.0 -434.0 -254.0 -67.0
-458.0 -331.0 -448.0 -412.0 -183.0
-588.0 -466.0 -351.0 -378.0 -235.0
-551.0 -313.0 -531.0 -366.0 -141.0
-545.0 -443.0 -382.0 -385.0 -196.0
-506.0 -312.0 -550.0 -363.0 -115.0
-447.0 -380.0 -286.0 -418.0 -233.0
-402.0 -97.0 -608.0 -404.0 82.0
-499.0 -210.0 -606.0 -482.0 -171.0
-531.0 -366.0 -394.0 -410.0 -280.0
-432.0 -189.0 -450.0 -505.0 -163.0
-538.0 -554.0 -379.0 -290.0 -208.0
-538.0 -386.0 -114.0 -452.0 -343.0
-510.0 -338.0 -369.0 -423.0 -270.0
-556.0 -41.0 -368.0 -563.0 98.0
-557.0 -467.0 -376.0 -377.0 -242.0
-519.0 -402.0 -488.0 -407.0 -311.0
-519.0 -511.0 -421.0 -236.0 -231.0
-514.0 -91.0 -522.0 -507.0 -105.0
-480.0 -358.0 -330.0 -427.0 -345.0
-538.0 -367.0 -495.0 -373.0 -284.0
-418.0 -75.0 -450.0 -533.0 27.0
-439.0 -499.0 -259.0 -381.0 -316.0
-331.0 -361.0 -322.0 -426.0 -183.0
-475.0 -285.0 -541.0 -397.0 -57.0
-559.0 -337.0 -372.0 -423.0 -10.0
-450.0 -203.0 -384.0 -504.0 -384.0
-407.0 -152.0 -558.0 -494.0 -160.0
