-449.0 -69.0 -326.0 -332.0 -410.0
-438.0 -122.0 -330.0 -390.0 -430.0
-568.0 -224.0 -242.0 -467.0 -357.0
-164.0 -140.0 -298.0 -540.0 -622.0
-461.0 -33.0 -254.0 -212.0 -532.0
-587.0 -132.0 -167.0 -390.0 -379.0
-343.0 -170.0 -419.0 -181.0 -209.0
-530.0 -171.0 -303.0 -465.0 -315.0
-258.0 -157.0 -180.0 -173.0 -561.0
-228.0 -41.0 -255.0 -557.0 -555.0
-201.0 -103.0 -367.0 4.0 -498.0
-602.0 -78.0 -211.0 -412.0 -236.0
-302.0 -102.0 -348.0 -183.0 -480.0
-622.0 -206.0 -151.0 -476.0 -388.0
-489.0 -120.0 -314.0 -218.0 -367.0
-509.0 -134.0 -138.0 -456.0 -509.0
-584.0 -208.0 -228.0 -459.0 -428.0
-497.0 -159.0 -311.0 -364.0 -288.0
-454.0 -168.0 -358.0 -337.0 -392.0
-474.0 -161.0 -255.0 -408.0 -448.0
-488.0 -175.0 -313.0 -388.0 -383.0
-636.0 -178.0 -119.0 -491.0 -229.0
-331.0 8.0 -407.0 -187.0 -402.0
-552.0 -178.0 -246.0 -450.0 -326.0
-552.0 -101.0 -243.0 -365.0 -330.0
-405.0 -74.0 -344.0 -341.0 -476.0
-93.0 -158.0 -425.0 -100.0 -292.0
-231.0 -207.0 -129.0 -314.0 -579.0
-479.0 -127.0 -365.0 -316.0 -286.0
-574.0 -83.0 -118.0 -537.0 -453.0
-92.0 -161.0 -309.0 -326.0 -546.0
-416.0 -29.0 -308.0 -177.0 -486.0
-589.0 -62.0 -208.0 -295.0 -325.0
-499.0 -194.0 -221.0 -420.0 -488.0
-284.0 -46.0 -301.0 -156.0 -514.0
-591.0 -144.0 -124.0 -384.0 -443.0
-603.0 -242.0 -158.0 -408.0 -324.0
-624.0 -198.0 -166.0 -488.0 -138.0
-491.0 -219.0 -271.0 -434.0 -434.0
-306.0 -167.0 -116.0 -194.0 -575.0
-304.0 -48.0 -399.0 -134.0 -403.0
-473.0 -122.0 -343.0 -342.0 -368.0
-495.0 -111.0 -351.0 -308.0 -357.0
-388.0 -187.0 -410.0 -347.0 -367.0
-464.0 -122.0 -296.0 -378.0 -425.0
-338.0 -189.0 -315.0 -340.0 -493.0
-456.0 -128.0 -321.0 -204.0 -475.0
-449.0 -7.0 -284.0 -377.0 -519.0
-598.0 -172.0 -198.0 -322.0 -313.0
-410.0 -209.0 -164.0 -430.0 -553.0
-559.0 -114.0 -284.0 -370.0 -300.0
-354.0 -137.0 -395.0 -214.0 -368.0
-204.0 -176.0 -384.0 -39.0 -422.0
-278.0 -103.0 -321.0 -137.0 -487.0
-589.0 -113.0 -157.0 -492.0 -328.0
-458.0 -117.0 -274.0 -404.0 -507.0
-397.0 -199.0 -230.0 -416.0 -535.0
-484.0 -141.0 -251.0 -374.0 -473.0
-396.0 -122.0 -389.0 -201.0 -379.0
-405.0 -106.0 -387.0 -177.0 -284.0
-434.0 -181.0 -362.0 -219.0 -354.0
-504.0 -175.0 -332.0 -371.0 -287.0
-421.0 -155.0 -355.0 -213.0 -419.0
-481.0 -65.0 -302.0 -276.0 -408.0
-334.0 -106.0 -438.0 -118.0 -279.0
-344.0 -156.0 -300.0 -353.0 -504.0
-465.0 -51.0 -265.0 -381.0 -460.0
-470.0 -143.0 -244.0 -239.0 -520.0
-481.0 -97.0 -293.0 -328.0 -422.0
-543.0 -130.0 -298.0 -378.0 -229.0
-497.0 -162.0 -251.0 -453.0 -461.0
-255.0 -103.0 -352.0 -181.0 -460.0
-282.0 -27.0 -409.0 -123.0 -372.0
-454.0 -213.0 -373.0 -417.0 -269.0
-598.0 -161.0 -105.0 -564.0 -425.0
-372.0 -69.0 -372.0 -191.0 -421.0
-513.0 -208.0 -279.0 -400.0 -423.0
-388.0 -89.0 -240.0 -389.0 -547.0
-559.0 -191.0 -295.0 -438.0 -221.0
-600.0 -169.0 -141.0 -365.0 -400.0
-473.0 -216.0 -261.0 -282.0 -444.0
-264.0 -101.0 -296.0 -443.0 -525.0
-359.0 -8.0 -203.0 -399.0 -551.0
-575.0 -175.0 -281.0 -430.0 -292.0
-461.0 -141.0 -282.0 -418.0 -446.0
-459.0 -240.0 -341.0 -290.0 -407.0
-664.0 -283.0 -66.0 -623.0 -164.0
-525.0 -180.0 -166.0 -403.0 -471.0
-568.0 -162.0 -200.0 -512.0 -466.0
-183.0 -151.0 -387.0 -163.0 -426.0
-555.0 -73.0 -108.0 -637.0 -467.0
-579.0 -57.0 -251.0 -527.0 -299.0
-445.0 -123.0 -379.0 -295.0 -326.0
-633.0 -246.0 -114.0 -560.0 -235.0
-504.0 -95.0 -349.0 -284.0 -262.0
-372.0 -205.0 -370.0 -481.0 -427.0
-640.0 -182.0 -152.0 -480.0 -209.0
-318.0 -117.0 -171.0 -485.0 -562.0
-653.0 -239.0 -93.0 -360.0 -226.0
-303.0 -149.0 -363.0 -186.0 -444.0
-479.0 -65.0 -323.0 -361.0 -395.0
-223.0 -127.0 -318.0 -264.0 -498.0
-546.0 -155.0 -289.0 -457.0 -386.0
