-167.0 -659.0 -823.0 -308.0 -286.0
-108.0 -771.0 -797.0 -329.0 -342.0
-460.0 -551.0 -544.0 -414.0 -323.0
-126.0 -816.0 -633.0 -316.0 -235.0
-497.0 -587.0 -458.0 -302.0 -307.0
-161.0 -754.0 -783.0 -346.0 -352.0
-476.0 -251.0 -710.0 -168.0 -246.0
-429.0 -289.0 -744.0 -405.0 -368.0
-524.0 -386.0 -598.0 -241.0 -236.0
-168.0 -853.0 -632.0 -356.0 -355.0
-596.0 -257.0 -477.0 -197.0 -292.0
-220.0 -824.0 -596.0 -283.0 -339.0
-566.0 -457.0 -417.0 -374.0 -295.0
-549.0 -564.0 -178.0 -219.0 -410.0
-366.0 -595.0 -688.0 -390.0 -291.0
-479.0 -618.0 -518.0 -257.0 -315.0
-47.0 -747.0 -820.0 -398.0 -351.0
-342.0 -570.0 -725.0 -318.0 -361.0
-586.0 -426.0 -339.0 -272.0 -368.0
-412.0 -645.0 -532.0 -256.0 -213.0
-299.0 -513.0 -875.0 -307.0 -377.0
-526.0 -439.0 -554.0 -235.0 -240.0
-277.0 -601.0 -797.0 -272.0 -476.0
-187.0 -729.0 -765.0 -318.0 -389.0
-427.0 -311.0 -751.0 -312.0 -395.0
-114.0 -705.0 -829.0 -212.0 -327.0
-21.0 -834.0 -695.0 -482.0 -513.0
-532.0 -522.0 -532.0 -362.0 -417.0
-417.0 -623.0 -586.0 -323.0 -307.0
-489.0 -609.0 -446.0 -337.0 -309.0
-165.0 -712.0 -781.0 -292.0 -373.0
-472.0 -390.0 -667.0 -220.0 -314.0
-475.0 -362.0 -690.0 -379.0 -496.0
-285.0 -410.0 -883.0 -335.0 -440.0
-50.0 -669.0 -920.0 -361.0 -440.0
-290.0 -754.0 -606.0 -249.0 -402.0
-604.0 -136.0 -491.0 -218.0 -285.0
-383.0 -578.0 -659.0 -319.0 -183.0
-81.0 -817.0 -750.0 -434.0 -424.0
-26.0 -610.0 -945.0 -258.0 -407.0
-462.0 -416.0 -669.0 -298.0 -380.0
-63.0 -498.0 -954.0 -390.0 -309.0
-376.0 -575.0 -661.0 -369.0 -356.0
-54.0 -724.0 -877.0 -315.0 -427.0
-216.0 -672.0 -811.0 -379.0 -505.0
-522.0 -355.0 -638.0 -309.0 -433.0
-170.0 -631.0 -862.0 -263.0 -318.0
-241.0 -716.0 -714.0 -310.0 -537.0
-563.0 -266.0 -585.0 -167.0 -295.0
-34.0 -732.0 -830.0 -415.0 -389.0
-438.0 -455.0 -693.0 -254.0 -266.0
-193.0 -631.0 -835.0 -334.0 -362.0
-605.0 -346.0 -465.0 -190.0 -304.0
-579.0 -445.0 -392.0 -317.0 -262.0
-391.0 -557.0 -646.0 -343.0 -396.0
-126.0 -716.0 -807.0 -481.0 -508.0
-444.0 -568.0 -603.0 -232.0 -261.0
-366.0 -644.0 -678.0 -352.0 -476.0
-492.0 -368.0 -621.0 -345.0 -469.0
-258.0 -791.0 -555.0 -348.0 -474.0
-486.0 -407.0 -647.0 -307.0 -400.0
-414.0 -533.0 -634.0 -312.0 -432.0
-268.0 -371.0 -890.0 -435.0 -528.0
97.0 -809.0 -757.0 -493.0 -441.0
-237.0 -780.0 -646.0 -291.0 -230.0
-425.0 -494.0 -654.0 -248.0 -220.0
-544.0 -402.0 -501.0 -310.0 -422.0
-416.0 -636.0 -567.0 -265.0 -230.0
-564.0 -220.0 -556.0 -244.0 -205.0
-572.0 -273.0 -555.0 -248.0 -350.0
-535.0 -563.0 -393.0 -279.0 -433.0
-454.0 -400.0 -699.0 -373.0 -437.0
-386.0 -553.0 -659.0 -274.0 -286.0
-249.0 -708.0 -720.0 -279.0 -286.0
-499.0 -563.0 -492.0 -239.0 -271.0
-531.0 -572.0 -358.0 -270.0 -416.0
-267.0 -526.0 -873.0 -220.0 -399.0
-527.0 -328.0 -627.0 -273.0 -362.0
-570.0 -408.0 -430.0 -364.0 -293.0
-501.0 -168.0 -688.0 -334.0 -399.0
-460.0 -382.0 -731.0 -153.0 -212.0
-310.0 -661.0 -681.0 -359.0 -251.0
71.0 -666.0 -925.0 -424.0 -463.0
-7.0 -711.0 -917.0 -534.0 -426.0
-245.0 -827.0 -529.0 -377.0 -566.0
-372.0 -384.0 -798.0 -341.0 -486.0
-320.0 -712.0 -655.0 -269.0 -341.0
-626.0 -412.0 -410.0 -281.0 -400.0
-468.0 -568.0 -535.0 -260.0 -445.0
-161.0 -604.0 -888.0 -441.0 -301.0
-426.0 -718.0 -439.0 -255.0 -518.0
-485.0 -324.0 -680.0 -290.0 -401.0
-663.0 -324.0 -268.0 -230.0 -373.0
-286.0 -558.0 -862.0 -406.0 -405.0
-447.0 -554.0 -629.0 -406.0 -345.0
-254.0 -768.0 -596.0 -308.0 -225.0
-293.0 -673.0 -731.0 -342.0 -256.0
-399.0 -648.0 -617.0 -248.0 -235.0
-327.0 -811.0 -504.0 -279.0 -344.0
-525.0 -630.0 -318.0 -215.0 -366.0
-139.0 -660.0 -886.0 -284.0 -364.0
35.0 -514.0 -969.0 -429.0 -397.0
-246.0 -767.0 -678.0 -246.0 -272.0
-567.0 -464.0 -369.0 -411.0 -404.0
-376.0 -402.0 -783.0 -211.0 -265.0
-520.0 -464.0 -566.0 -180.0 -225.0
-492.0 -615.0 -433.0 -265.0 -293.0
-548.0 -560.0 -308.0 -287.0 -411.0
-639.0 -409.0 -325.0 -289.0 -378.0
-594.0 -485.0 -282.0 -292.0 -367.0
-441.0 -487.0 -661.0 -323.0 -374.0
-312.0 -510.0 -790.0 -315.0 -355.0
-529.0 -552.0 -439.0 -339.0 -408.0
-118.0 -660.0 -898.0 -336.0 -334.0
-489.0 -538.0 -600.0 -390.0 -475.0
-306.0 -743.0 -642.0 -310.0 -373.0
-566.0 -448.0 -477.0 -309.0 -284.0
-287.0 -677.0 -773.0 -408.0 -419.0
-472.0 -421.0 -648.0 -346.0 -482.0
-419.0 -619.0 -590.0 -245.0 -515.0
-402.0 -652.0 -560.0 -345.0 -374.0
-258.0 -694.0 -721.0 -416.0 -430.0
-78.0 -691.0 -859.0 -284.0 -359.0
-347.0 -660.0 -680.0 -334.0 -404.0
-412.0 -694.0 -441.0 -382.0 -533.0
-549.0 -522.0 -330.0 -222.0 -428.0
-340.0 -710.0 -622.0 -448.0 -381.0
-552.0 -455.0 -452.0 -269.0 -448.0
-518.0 -285.0 -640.0 -378.0 -392.0
-512.0 -633.0 -403.0 -207.0 -388.0
-317.0 -673.0 -663.0 -370.0 -440.0
-28.0 -858.0 -518.0 -547.0 -383.0
-207.0 -595.0 -914.0 -360.0 -296.0
-528.0 -321.0 -599.0 -333.0 -376.0
-352.0 -645.0 -652.0 -343.0 -381.0
-371.0 -664.0 -557.0 -303.0 -271.0
-458.0 -184.0 -756.0 -362.0 -457.0
-545.0 -519.0 -447.0 -370.0 -395.0
-8.0 -786.0 -764.0 -376.0 -417.0
-642.0 -369.0 -346.0 -274.0 -393.0
-407.0 -759.0 -488.0 -348.0 -264.0
-429.0 -633.0 -482.0 -273.0 -208.0
-135.0 -705.0 -817.0 -160.0 -357.0
-424.0 -530.0 -636.0 -345.0 -482.0
-319.0 -607.0 -787.0 -246.0 -351.0
-410.0 -673.0 -484.0 -358.0 -415.0
-440.0 -671.0 -480.0 -310.0 -333.0
-117.0 -702.0 -833.0 -396.0 -363.0
-542.0 -165.0 -632.0 -212.0 -233.0
-358.0 -388.0 -787.0 -502.0 -435.0
-456.0 -583.0 -564.0 -285.0 -327.0
-267.0 -712.0 -696.0 -265.0 -484.0
-124.0 -675.0 -891.0 -336.0 -344.0
-554.0 -279.0 -553.0 -212.0 -253.0
224.0 -824.0 -716.0 -600.0 -479.0
-550.0 -554.0 -268.0 -106.0 -328.0
-436.0 -607.0 -540.0 -262.0 -510.0
-344.0 -713.0 -505.0 -300.0 -414.0
-147.0 -801.0 -655.0 -477.0 -410.0
-518.0 -397.0 -598.0 -417.0 -435.0
-655.0 -366.0 -261.0 -282.0 -371.0
-439.0 -715.0 -354.0 -263.0 -496.0
-517.0 -616.0 -374.0 -298.0 -234.0
-114.0 -763.0 -790.0 -380.0 -380.0
-457.0 -572.0 -567.0 -318.0 -418.0
-407.0 -649.0 -535.0 -310.0 -188.0
-270.0 -831.0 -504.0 -285.0 -332.0
-164.0 -800.0 -676.0 -331.0 -341.0
-316.0 -632.0 -743.0 -317.0 -365.0
-370.0 -525.0 -734.0 -273.0 -330.0
-216.0 -528.0 -941.0 -333.0 -335.0
-490.0 -538.0 -561.0 -378.0 -287.0
-77.0 -739.0 -819.0 -436.0 -351.0
-299.0 -684.0 -685.0 -282.0 -281.0
-556.0 -474.0 -380.0 -437.0 -362.0
-592.0 -391.0 -473.0 -278.0 -390.0
-489.0 -674.0 -391.0 -232.0 -279.0
-368.0 -334.0 -812.0 -265.0 -299.0
-163.0 -685.0 -821.0 -344.0 -497.0
-124.0 -801.0 -682.0 -406.0 -366.0
-300.0 -618.0 -773.0 -553.0 -509.0
-576.0 -263.0 -500.0 -175.0 -273.0
-502.0 -504.0 -534.0 -272.0 -285.0
-258.0 -766.0 -590.0 -378.0 -384.0
-531.0 -370.0 -595.0 -387.0 -435.0
-414.0 -487.0 -695.0 -401.0 -460.0
-324.0 -573.0 -782.0 -343.0 -270.0
-343.0 -620.0 -721.0 -482.0 -397.0
-258.0 -602.0 -866.0 -440.0 -342.0
-197.0 -706.0 -813.0 -353.0 -304.0
75.0 -540.0 -953.0 -463.0 -414.0
-319.0 -740.0 -557.0 -318.0 -351.0
-444.0 -428.0 -703.0 -356.0 -388.0
-256.0 -656.0 -779.0 -253.0 -264.0
-574.0 -389.0 -518.0 -274.0 -386.0
-559.0 -278.0 -546.0 -249.0 -294.0
-300.0 -674.0 -688.0 -416.0 -397.0
-411.0 -459.0 -698.0 -361.0 -352.0
-160.0 -689.0 -861.0 -264.0 -312.0
-389.0 -655.0 -645.0 -337.0 -396.0
-379.0 -610.0 -650.0 -361.0 -456.0
-588.0 -403.0 -434.0 -360.0 -389.0
-578.0 -547.0 -325.0 -251.0 -375.0
-301.0 -586.0 -798.0 -412.0 -284.0
-146.0 -513.0 -951.0 -253.0 -333.0
-339.0 -648.0 -737.0 -335.0 -403.0
-12.0 -847.0 -663.0 -527.0 -471.0
-536.0 -525.0 -415.0 -214.0 -450.0
-591.0 -544.0 -240.0 -259.0 -353.0
-366.0 -553.0 -786.0 -283.0 -285.0
-167.0 -688.0 -815.0 -229.0 -337.0
-433.0 -572.0 -631.0 -300.0 -330.0
-285.0 -617.0 -776.0 -397.0 -547.0
-225.0 -630.0 -833.0 -345.0 -492.0
-579.0 -327.0 -490.0 -262.0 -365.0
-198.0 -794.0 -708.0 -389.0 -447.0
-74.0 -718.0 -901.0 -424.0 -421.0
-514.0 -362.0 -661.0 -395.0 -309.0
-554.0 -466.0 -416.0 -310.0 -316.0
-178.0 -647.0 -841.0 -388.0 -389.0
-231.0 -517.0 -892.0 -379.0 -475.0
-538.0 -442.0 -532.0 -243.0 -258.0
-85.0 -774.0 -731.0 -321.0 -251.0
-503.0 -476.0 -616.0 -163.0 -230.0
-197.0 -650.0 -829.0 -161.0 -352.0
-619.0 -486.0 -223.0 -325.0 -308.0
-478.0 -457.0 -636.0 -267.0 -437.0
-395.0 -361.0 -808.0 -244.0 -248.0
-370.0 -795.0 -436.0 -251.0 -286.0
-515.0 -362.0 -614.0 -302.0 -324.0
-279.0 -653.0 -796.0 -359.0 -244.0
-250.0 -689.0 -799.0 -370.0 -314.0
-300.0 -475.0 -842.0 -292.0 -326.0
-293.0 -539.0 -830.0 -250.0 -384.0
-518.0 -575.0 -443.0 -262.0 -438.0
-409.0 -537.0 -718.0 -255.0 -227.0
-228.0 -781.0 -725.0 -353.0 -411.0
-460.0 -632.0 -521.0 -327.0 -198.0
-29.0 -766.0 -821.0 -520.0 -636.0
-127.0 -647.0 -930.0 -291.0 -376.0
-200.0 -549.0 -930.0 -310.0 -360.0
-504.0 -571.0 -466.0 -347.0 -366.0
-383.0 -563.0 -714.0 -484.0 -496.0
-476.0 -339.0 -667.0 -146.0 -205.0
-433.0 -590.0 -550.0 -275.0 -425.0
-541.0 -383.0 -574.0 -276.0 -272.0
-481.0 -282.0 -690.0 -260.0 -337.0
-516.0 -555.0 -524.0 -331.0 -430.0
60.0 -547.0 -948.0 -421.0 -352.0
-21.0 -483.0 -955.0 -282.0 -267.0
-238.0 -721.0 -702.0 -401.0 -402.0
-206.0 -614.0 -835.0 -269.0 -268.0
-544.0 -514.0 -459.0 -349.0 -465.0
-224.0 -728.0 -764.0 -293.0 -542.0
-353.0 -676.0 -594.0 -457.0 -361.0
-214.0 -648.0 -814.0 -485.0 -380.0
-453.0 -401.0 -703.0 -309.0 -286.0
-599.0 -198.0 -519.0 -230.0 -306.0
-375.0 -479.0 -735.0 -326.0 -417.0
-272.0 -577.0 -839.0 -244.0 -325.0
-404.0 -248.0 -783.0 -237.0 -211.0
-429.0 -592.0 -556.0 -205.0 -266.0
-400.0 -550.0 -686.0 -300.0 -185.0
-166.0 -636.0 -862.0 -371.0 -502.0
-249.0 -579.0 -885.0 -344.0 -426.0
5.0 -779.0 -817.0 -471.0 -438.0
-549.0 -303.0 -569.0 -267.0 -356.0
-162.0 -650.0 -881.0 -370.0 -438.0
50.0 -414.0 -1007.0 -396.0 -466.0
-382.0 -510.0 -722.0 -276.0 -278.0
-155.0 -700.0 -823.0 -379.0 -429.0
-292.0 -563.0 -817.0 -316.0 -368.0
-391.0 -579.0 -634.0 -257.0 -362.0
-380.0 -684.0 -537.0 -258.0 -278.0
-301.0 -547.0 -813.0 -452.0 -545.0
-392.0 -673.0 -512.0 -251.0 -394.0
-377.0 -573.0 -676.0 -397.0 -423.0
-543.0 -235.0 -605.0 -345.0 -336.0
32.0 -487.0 -962.0 -311.0 -322.0
-488.0 -272.0 -709.0 -398.0 -418.0
-424.0 -574.0 -571.0 -320.0 -489.0
-486.0 -541.0 -530.0 -225.0 -461.0
52.0 -532.0 -946.0 -386.0 -420.0
-336.0 -738.0 -638.0 -301.0 -387.0
-364.0 -665.0 -603.0 -338.0 -246.0
-587.0 -285.0 -497.0 -210.0 -367.0
-538.0 -293.0 -595.0 -350.0 -425.0
173.0 -675.0 -921.0 -316.0 -455.0
-432.0 -399.0 -720.0 -295.0 -381.0
-350.0 -669.0 -618.0 -406.0 -417.0
-517.0 -213.0 -664.0 -328.0 -457.0
-146.0 -443.0 -954.0 -339.0 -334.0
-178.0 -616.0 -860.0 -228.0 -386.0
-352.0 -377.0 -876.0 -272.0 -306.0
140.0 -721.0 -900.0 -514.0 -494.0
201.0 -799.0 -780.0 -543.0 -496.0
-502.0 -492.0 -549.0 -312.0 -540.0
-186.0 -800.0 -620.0 -232.0 -328.0
-424.0 -596.0 -562.0 -198.0 -349.0
-388.0 -675.0 -518.0 -181.0 -235.0
-418.0 -532.0 -635.0 -148.0 -285.0
-533.0 -253.0 -654.0 -187.0 -321.0
-428.0 -719.0 -386.0 -321.0 -469.0
-347.0 -677.0 -653.0 -321.0 -251.0
-581.0 -488.0 -367.0 -284.0 -389.0
268.0 -792.0 -796.0 -653.0 -501.0
-484.0 -183.0 -734.0 -408.0 -420.0
-363.0 -696.0 -587.0 -241.0 -283.0
-256.0 -678.0 -734.0 -354.0 -429.0
-521.0 -441.0 -568.0 -239.0 -379.0
-145.0 -594.0 -918.0 -167.0 -349.0
-233.0 -770.0 -763.0 -238.0 -294.0
-409.0 -670.0 -492.0 -334.0 -306.0
-498.0 -245.0 -662.0 -258.0 -331.0
-441.0 -442.0 -677.0 -318.0 -384.0
-300.0 -548.0 -815.0 -281.0 -436.0
-116.0 -827.0 -706.0 -474.0 -516.0
-575.0 -274.0 -521.0 -234.0 -397.0
-443.0 -479.0 -651.0 -282.0 -417.0
-4.0 -763.0 -888.0 -426.0 -409.0
-19.0 -464.0 -990.0 -342.0 -457.0
-502.0 -650.0 -297.0 -241.0 -357.0
-401.0 -544.0 -685.0 -131.0 -290.0
-300.0 -772.0 -580.0 -352.0 -259.0
-384.0 -327.0 -819.0 -340.0 -453.0
-390.0 -606.0 -618.0 -303.0 -483.0
-443.0 -589.0 -542.0 -196.0 -390.0
48.0 -765.0 -828.0 -500.0 -458.0
-126.0 -718.0 -785.0 -205.0 -315.0
-207.0 -637.0 -816.0 -467.0 -302.0
-14.0 -735.0 -846.0 -472.0 -510.0
-581.0 -172.0 -587.0 -232.0 -372.0
-587.0 -405.0 -412.0 -234.0 -365.0
-425.0 -458.0 -778.0 -246.0 -288.0
-427.0 -346.0 -738.0 -237.0 -500.0
-560.0 -471.0 -395.0 -342.0 -458.0
-87.0 -719.0 -820.0 -450.0 -397.0
-94.0 -747.0 -799.0 -456.0 -357.0
-564.0 -523.0 -327.0 -378.0 -390.0
-214.0 -711.0 -791.0 -273.0 -379.0
88.0 -796.0 -789.0 -448.0 -483.0
-445.0 -288.0 -777.0 -426.0 -476.0
-411.0 -500.0 -644.0 -359.0 -410.0
-422.0 -534.0 -633.0 -263.0 -205.0
-243.0 -701.0 -766.0 -352.0 -292.0
-599.0 -423.0 -254.0 -280.0 -346.0
-453.0 -443.0 -669.0 -345.0 -482.0
-241.0 -778.0 -640.0 -361.0 -389.0
37.0 -891.0 -592.0 -520.0 -454.0
-265.0 -452.0 -883.0 -316.0 -316.0
-215.0 -782.0 -658.0 -406.0 -442.0
-348.0 -506.0 -824.0 -318.0 -393.0
-273.0 -579.0 -819.0 -403.0 -282.0
-541.0 -465.0 -463.0 -295.0 -406.0
-536.0 -567.0 -263.0 -211.0 -432.0
-229.0 -458.0 -951.0 -202.0 -358.0
-535.0 -528.0 -402.0 -364.0 -424.0
-283.0 -601.0 -791.0 -332.0 -383.0
-497.0 -184.0 -687.0 -423.0 -330.0
-254.0 -680.0 -745.0 -316.0 -300.0
-277.0 -757.0 -691.0 -241.0 -424.0
-245.0 -415.0 -887.0 -195.0 -351.0
-541.0 -537.0 -332.0 -257.0 -360.0
-134.0 -639.0 -890.0 -389.0 -391.0
-455.0 -443.0 -643.0 -271.0 -261.0
-596.0 -425.0 -393.0 -317.0 -436.0
-45.0 -579.0 -945.0 -371.0 -297.0
-97.0 -708.0 -809.0 -287.0 -369.0
-476.0 -677.0 -476.0 -224.0 -301.0
-10.0 -477.0 -958.0 -387.0 -415.0
-450.0 -493.0 -630.0 -146.0 -220.0
-548.0 -359.0 -553.0 -331.0 -412.0
