-343.0 -170.0 -419.0 -181.0 -209.0
-530.0 -171.0 -303.0 -465.0 -315.0
-602.0 -78.0 -211.0 -412.0 -236.0
-584.0 -208.0 -228.0 -459.0 -428.0
-479.0 -127.0 -365.0 -316.0 -286.0
-624.0 -198.0 -166.0 -488.0 -138.0
-495.0 -111.0 -351.0 -308.0 -357.0
-388.0 -187.0 -410.0 -347.0 -367.0
-396.0 -122.0 -389.0 -201.0 -379.0
-405.0 -106.0 -387.0 -177.0 -284.0
-334.0 -106.0 -438.0 -118.0 -279.0
-543.0 -130.0 -298.0 -378.0 -229.0
-454.0 -213.0 -373.0 -417.0 -269.0
-559.0 -191.0 -295.0 -438.0 -221.0
-575.0 -175.0 -281.0 -430.0 -292.0
-664.0 -283.0 -66.0 -623.0 -164.0
-579.0 -57.0 -251.0 -527.0 -299.0
-445.0 -123.0 -379.0 -295.0 -326.0
-504.0 -95.0 -349.0 -284.0 -262.0
-640.0 -182.0 -152.0 -480.0 -209.0
-653.0 -239.0 -93.0 -360.0 -226.0
