-380.0 -661.0 -437.0 -528.0 -715.0
-246.0 -703.0 -481.0 -495.0 -669.0
-368.0 -643.0 -400.0 -393.0 -720.0
-280.0 -689.0 -447.0 -498.0 -702.0
-184.0 -639.0 -392.0 -434.0 -733.0
-276.0 -674.0 -230.0 -306.0 -709.0
-269.0 -760.0 -457.0 -450.0 -653.0
-321.0 -476.0 -316.0 -546.0 -805.0
-284.0 -717.0 -469.0 -496.0 -661.0
-350.0 -778.0 -532.0 -485.0 -640.0
-76.0 -320.0 -361.0 -400.0 -808.0
-236.0 -691.0 -482.0 -454.0 -675.0
-180.0 -593.0 -357.0 -399.0 -794.0
-209.0 -635.0 -330.0 -233.0 -761.0
-128.0 -577.0 -359.0 -372.0 -795.0
