-254.0 -428.0 -122.0 -338.0 -141.0
-90.0 -192.0 -404.0 -273.0 -231.0
-110.0 -207.0 -402.0 -230.0 -114.0
-263.0 -371.0 -217.0 -330.0 -290.0
-289.0 -77.0 -442.0 -342.0 -211.0
-241.0 -386.0 -178.0 -221.0 -199.0
-258.0 -314.0 -340.0 -376.0 -134.0
-280.0 94.0 -451.0 -365.0 -353.0
-385.0 -176.0 -415.0 -365.0 -4.0
-267.0 -367.0 -223.0 -285.0 -222.0
-214.0 -335.0 -310.0 -314.0 -102.0
-177.0 7.0 -449.0 -340.0 -226.0
-232.0 -396.0 -146.0 -288.0 -215.0
-303.0 -143.0 -440.0 -290.0 -51.0
-460.0 -6.0 -448.0 -317.0 -118.0
-152.0 -449.0 -107.0 -274.0 -279.0
-154.0 -265.0 -384.0 -274.0 -136.0
