-521.0 -425.0 -319.0 -504.0 -597.0
-342.0 -633.0 -400.0 -428.0 -494.0
-542.0 -483.0 -252.0 -423.0 -460.0
-317.0 -623.0 -319.0 -436.0 -397.0
-352.0 -586.0 -308.0 -429.0 -568.0
-412.0 -570.0 -432.0 -410.0 -580.0
-471.0 -554.0 -266.0 -400.0 -356.0
-507.0 -551.0 -224.0 -403.0 -394.0
-433.0 -404.0 -346.0 -607.0 -634.0
-612.0 -434.0 -310.0 -296.0 -408.0
-396.0 -619.0 -246.0 -378.0 -468.0
-183.0 -753.0 -398.0 -193.0 -234.0
-456.0 -525.0 -340.0 -491.0 -537.0
-614.0 -468.0 -418.0 -173.0 -336.0
-484.0 -631.0 -238.0 -291.0 -253.0
-391.0 -727.0 -402.0 -177.0 -403.0
-452.0 -695.0 -401.0 -323.0 -430.0
-483.0 -345.0 -132.0 -593.0 -419.0
-555.0 -416.0 -208.0 -514.0 -362.0
-387.0 -535.0 -226.0 -456.0 -343.0
-380.0 -424.0 -205.0 -548.0 -436.0
-469.0 -680.0 -342.0 -250.0 -377.0
-488.0 -506.0 -337.0 -443.0 -373.0
-389.0 -529.0 -314.0 -464.0 -432.0
-555.0 -478.0 -212.0 -404.0 -287.0
-387.0 -720.0 -430.0 -178.0 -265.0
-626.0 -373.0 -261.0 -455.0 -507.0
-562.0 -395.0 -236.0 -445.0 -384.0
-479.0 -429.0 -256.0 -480.0 -425.0
-342.0 -689.0 -360.0 -346.0 -451.0
-611.0 -455.0 -302.0 -404.0 -426.0
-536.0 -434.0 -240.0 -452.0 -367.0
-505.0 -250.0 -347.0 -546.0 -492.0
-273.0 -704.0 -338.0 -234.0 -294.0
-493.0 -674.0 -328.0 -182.0 -337.0
-370.0 -658.0 -250.0 -385.0 -451.0
-571.0 -387.0 -345.0 -410.0 -481.0
-521.0 -669.0 -432.0 -52.0 -282.0
-622.0 -400.0 -354.0 -207.0 -342.0
-204.0 -725.0 -448.0 -184.0 -143.0
-543.0 -611.0 -293.0 -380.0 -385.0
-216.0 -742.0 -236.0 -26.0 -295.0
-294.0 -732.0 -234.0 -143.0 -442.0
-565.0 -389.0 -197.0 -423.0 -442.0
-560.0 -465.0 -260.0 -442.0 -382.0
-539.0 -335.0 -165.0 -527.0 -258.0
-618.0 -619.0 -353.0 -166.0 -308.0
-466.0 -651.0 -362.0 -328.0 -419.0
-463.0 -490.0 -372.0 -545.0 -578.0
-244.0 -714.0 -362.0 -319.0 -319.0
-481.0 -653.0 -386.0 -304.0 -449.0
-358.0 -600.0 -271.0 -400.0 -416.0
-442.0 -195.0 -240.0 -594.0 -504.0
-519.0 -635.0 -324.0 -175.0 -354.0
-360.0 -528.0 -326.0 -480.0 -351.0
-581.0 -377.0 -204.0 -507.0 -379.0
-647.0 -386.0 -371.0 -295.0 -316.0
-590.0 -587.0 -307.0 -398.0 -330.0
-207.0 -716.0 -199.0 -218.0 -335.0
-591.0 -485.0 -285.0 -280.0 -242.0
-408.0 -599.0 -334.0 -413.0 -447.0
-463.0 -572.0 -462.0 -409.0 -406.0
-333.0 -704.0 -363.0 -206.0 -291.0
-512.0 -656.0 -296.0 -244.0 -332.0
-623.0 -433.0 -316.0 -169.0 -254.0
-434.0 -49.0 -235.0 -619.0 -561.0
-563.0 -428.0 -198.0 -407.0 -296.0
-399.0 -568.0 -311.0 -448.0 -430.0
-500.0 -466.0 -212.0 -447.0 -388.0
-500.0 -451.0 -199.0 -468.0 -331.0
-320.0 -573.0 -304.0 -434.0 -404.0
