-510.0 -310.0 -162.0 -488.0 -220.0
-341.0 79.0 -380.0 -600.0 4.0
-479.0 -472.0 -329.0 -397.0 -124.0
-531.0 -338.0 -359.0 -479.0 -111.0
-464.0 -240.0 -215.0 -492.0 -120.0
-529.0 -439.0 -194.0 -405.0 -211.0
-595.0 -512.0 -331.0 -327.0 -240.0
-436.0 -394.0 -220.0 -430.0 -80.0
-601.0 -185.0 -308.0 -544.0 54.0
-598.0 -544.0 -313.0 -321.0 -227.0
-430.0 -400.0 -235.0 -418.0 -339.0
-357.0 -251.0 -408.0 -490.0 -356.0
-421.0 -415.0 -311.0 -417.0 -385.0
-527.0 41.0 -485.0 -564.0 -30.0
-602.0 -430.0 -80.0 -407.0 -208.0
-539.0 -601.0 -294.0 -311.0 -267.0
-522.0 -232.0 -407.0 -496.0 -215.0
-502.0 -507.0 -350.0 -362.0 -246.0
-432.0 -189.0 -450.0 -505.0 -163.0
-538.0 -386.0 -114.0 -452.0 -343.0
-556.0 -41.0 -368.0 -563.0 98.0
-439.0 -499.0 -259.0 -381.0 -316.0
-450.0 -203.0 -384.0 -504.0 -384.0
