3
25
5
32 30 82 10 92 48 6 41 26 88 57 47 68 40 25 1 58 58 57 3 89 44 5 72 12
18 19 92 16 39 47 2 3 98 97 14 47 25 16 47 96 57 12 14 99 33 89 43 79 10
81 15 86 13 23 71 79 56 56 51 10 17 29 93 52 43 10 14 10 58 95 49 7 71 55
65 67 64 36 92 28 95 12 52 13 88 12 64 38 31 88 7 9 88 84 70 44 59 9 53
77 57 68 88 49 39 52 43 3 52 99 76 25 63 76 13 22 73 99 29 89 31 33 16 2
32 6 19 23 61 57 55 16 1 3 14 86 14 12 39 64 15 23 14 41 18 37 41 28 41
74 64 94 92 91 76 7 92 100 93 46 79 79 5 96 32 38 44 46 95 16 6 80 6 61
55 85 55 7 44 97 22 59 49 59 5 14 79 25 68 50 37 39 5 18 44 14 35 15 75
634 637 380 756 528