3
25
5
2 73 36 2 57 74 99 92 27 8 69 62 12 60 48 96 46 48 69 23 31 5 13 72 89
88 62 46 8 4 73 95 54 99 17 26 62 69 89 70 91 98 2 26 19 75 50 51 26 87
51 58 40 5 88 97 72 54 4 71 22 32 73 66 75 38 51 4 22 31 37 10 15 18 79
35 63 65 81 10 54 35 63 53 80 100 27 8 11 54 83 48 99 100 57 12 5 67 56 77
47 53 69 80 14 18 92 41 51 19 58 91 69 83 99 8 63 63 58 2 31 92 88 63 79
2 49 73 15 26 83 95 67 2 70 73 1 58 32 9 59 56 13 73 14 60 98 49 75 65
44 7 48 84 56 55 47 43 48 60 5 47 76 25 66 27 79 34 5 68 58 67 88 53 38
25 81 9 99 62 76 62 10 50 26 17 29 23 98 38 45 78 29 17 91 86 22 43 62 52
672 716 609 614 615