3
25
5
52 94 100 21 88 57 5 94 79 96 76 90 38 66 4 77 98 98 76 35 94 57 100 60 15
38 30 10 27 35 56 1 56 51 5 33 90 95 42 26 72 97 5 33 31 38 2 38 14 13
1 79 4 24 19 80 78 56 56 59 29 60 99 19 31 66 3 54 29 90 100 62 2 59 58
85 31 29 100 88 37 94 65 5 21 7 55 34 64 10 64 100 49 7 16 75 57 54 97 3
97 21 33 99 45 1 51 43 3 60 18 19 95 89 55 36 62 13 18 61 94 44 28 4 5
52 70 37 34 57 66 54 69 54 11 33 29 31 38 18 40 8 16 33 26 23 50 89 63 44
94 75 12 3 87 38 53 45 100 1 65 75 49 31 75 8 31 37 65 27 21 72 75 94 64
75 49 20 18 40 6 68 12 2 67 24 57 49 51 47 26 30 79 24 50 49 27 83 3 78
624 547 523 649 517