3
25
5
92 80 55 58 71 9 38 43 28 83 100 20 26 6 50 67 27 78 100 28 31 79 16 7 16
78 69 65 17 65 8 34 5 100 92 57 73 83 35 72 62 79 85 57 24 22 24 54 61 14
41 65 59 61 2 85 11 58 58 46 53 43 87 12 24 9 32 34 53 83 84 84 18 53 59
25 70 84 37 71 89 27 14 54 8 31 85 22 57 56 54 29 82 31 9 12 79 70 91 4
37 60 88 36 75 53 31 45 5 47 89 49 83 82 48 79 44 46 89 54 78 66 44 98 6
92 56 92 71 40 71 87 18 56 45 4 12 72 31 11 30 37 96 4 19 7 72 52 10 92
34 14 67 40 70 90 86 47 2 88 36 5 90 71 68 98 60 17 36 73 58 41 91 88 65
15 88 28 55 23 11 1 14 4 54 48 87 37 44 40 69 59 59 48 43 33 49 99 97 79
596 716 589 718 592