3
25
5
67 17 87 44 10 27 91 94 4 27 77 34 39 9 78 84 3 56 77 34 36 5 36 51 29
53 53 97 50 57 26 87 56 76 36 87 87 96 38 100 26 2 10 87 30 80 50 74 5 27
16 2 91 47 41 50 64 9 34 90 30 57 100 15 5 73 8 59 30 89 42 10 38 97 72
100 54 16 23 10 7 80 65 30 52 61 99 35 60 84 71 5 7 61 15 17 5 90 88 17
12 44 20 22 67 18 37 96 81 91 19 63 96 32 29 43 20 71 19 60 36 92 11 42 19
67 93 24 57 79 36 40 69 32 42 34 26 85 81 39 94 13 21 34 25 12 98 72 54 58
9 98 99 26 9 55 92 98 78 32 66 19 3 74 96 15 36 42 66 26 63 67 11 85 78
90 72 7 41 62 76 54 65 80 98 25 1 50 47 68 33 35 84 25 49 91 75 66 94 92
576 570 643 672 740