3
25
5
97 21 33 99 45 1 51 43 3 60 18 19 95 89 55 36 62 13 18 61 94 44 28 4 5
83 10 43 5 39 47 47 5 28 69 75 72 52 18 77 31 14 20 75 57 38 89 66 58 3
46 6 37 2 76 24 24 58 33 23 71 42 56 95 82 78 67 69 71 16 100 49 30 50 95
30 11 15 78 45 81 87 14 29 85 49 84 91 40 61 23 64 17 49 42 75 44 82 88 93
42 1 19 77 49 92 44 45 80 24 7 48 52 12 6 48 79 81 7 87 94 31 56 95 42
97 97 70 12 14 10 47 71 31 22 22 11 41 61 69 99 72 31 22 52 70 37 64 7 81
39 55 45 81 44 29 99 47 77 65 54 4 6 54 26 67 95 52 54 6 21 59 3 85 54
20 29 6 96 97 50 14 14 79 31 13 86 6 27 98 85 94 94 13 76 96 14 58 94 68
689 609 605 611 679