3
25
5
27 78 32 7 27 22 58 45 55 93 6 4 51 69 85 41 74 23 6 88 52 36 20 4 28
13 67 42 13 74 21 54 7 27 2 63 4 55 45 7 36 73 30 63 84 43 28 58 11 26
76 63 36 10 58 98 31 7 32 56 59 74 59 22 12 83 79 79 59 96 5 88 22 3 71
60 68 61 33 27 2 47 16 81 18 37 69 94 67 91 28 23 27 37 22 33 36 74 41 16
72 58 65 85 84 66 4 94 79 57 95 33 8 92 36 53 38 91 95 67 99 23 48 48 18
27 54 69 20 96 84 7 20 30 55 10 43 44 41 46 4 84 41 10 79 28 76 56 60 57
69 12 44 89 26 3 59 96 76 45 42 89 62 34 3 72 54 62 42 33 79 98 95 38 77
50 86 52 4 32 24 74 63 78 64 54 71 9 54 75 90 53 4 54 56 54 53 3 47 91
554 754 571 700 648