3
25
5
37 60 88 36 75 53 31 45 5 47 89 49 83 82 48 79 44 46 89 54 78 66 44 98 6
23 49 98 95 22 52 80 7 77 56 99 2 40 58 70 74 43 100 99 50 22 11 82 5 4
86 45 92 39 6 76 4 60 35 10 42 72 44 35 75 21 49 49 42 62 84 71 46 97 96
70 97 70 15 75 33 20 16 31 72 73 14 79 80 54 66 46 97 73 88 59 66 98 35 94
82 40 74 14 32 97 77 47 82 11 31 31 93 5 99 38 8 61 31 33 78 53 19 42 43
37 36 25 49 44 62 80 20 33 9 46 41 29 54 62 42 54 11 46 45 7 59 80 54 82
79 94 100 18 74 34 32 96 79 99 78 34 47 47 19 10 77 32 78 99 5 28 19 32 55
60 68 61 33 27 2 47 16 81 18 37 69 94 67 91 28 23 27 37 22 33 36 74 41 16
761 611 554 683 554