3
25
5
32 19 10 48 1 14 71 45 30 70 24 3 67 99 43 10 9 11 71 21 15 1 32 1 17
18 8 20 54 48 13 67 7 2 79 81 3 24 28 65 5 8 65 81 17 59 46 70 8 15
81 4 14 51 32 37 44 7 60 33 77 73 28 5 17 52 14 14 77 29 21 53 34 100 60
65 56 39 74 1 94 60 16 56 95 55 15 63 50 49 97 11 62 55 55 96 1 86 38 5
77 99 43 26 58 5 64 47 7 34 13 32 24 22 41 69 73 26 13 100 15 88 7 45 7
32 95 47 61 70 23 20 20 5 32 28 42 13 71 4 73 19 76 28 12 91 94 68 57 93
74 53 22 77 100 42 19 96 4 22 60 35 31 64 61 41 89 97 60 66 42 63 7 35 66
55 27 83 92 53 63 34 63 53 41 19 70 78 37 33 59 88 39 19 89 17 18 62 44 80
647 518 587 663 658