3
25
5
82 98 46 29 23 31 12 43 78 29 64 75 41 93 34 29 57 8 64 62 52 49 92 13 91
68 87 56 35 17 30 61 5 50 38 74 75 98 22 56 24 9 15 74 58 96 41 83 67 89
31 83 50 32 54 54 85 5 8 92 17 45 2 99 61 71 62 64 17 17 58 1 94 59 81
15 88 28 55 23 11 1 14 4 54 48 87 37 44 40 69 59 59 48 43 33 49 99 97 79
27 78 32 7 27 22 58 45 55 93 6 4 51 69 85 41 74 23 6 88 52 36 20 4 28
82 74 83 42 92 40 61 18 53 91 21 14 87 18 95 92 67 26 21 53 28 89 81 16 67
24 32 58 11 22 59 13 94 52 34 53 7 5 58 52 60 90 47 53 7 79 11 67 47 40
5 6 19 26 75 80 28 61 1 100 12 42 52 31 24 31 89 89 12 77 7 66 75 3 1
592 516 706 538 506