3
25
5
62 76 56 3 36 35 78 94 29 50 12 35 23 79 20 15 68 68 12 1 73 40 24 54 93
48 12 66 9 83 34 74 56 1 59 69 88 80 55 42 57 67 75 69 97 17 85 62 8 91
11 61 60 6 67 11 51 9 59 13 65 58 84 32 47 4 73 24 65 56 79 92 26 53 83
95 13 38 82 36 68 67 65 55 75 43 100 66 77 26 2 70 72 43 82 54 40 78 91 81
7 3 42 81 93 79 24 96 6 14 1 17 80 2 71 74 85 36 1 27 20 27 52 98 30
62 52 93 16 5 97 27 69 57 65 16 27 16 51 81 25 78 86 16 92 49 33 60 57 69
4 57 68 85 35 16 79 45 3 55 48 20 34 44 38 46 1 7 48 93 100 2 99 88 89
85 31 29 100 88 37 94 65 5 21 7 55 34 64 10 64 100 49 7 16 75 57 54 97 3
760 533 650 602 624