3
25
5
7 14 14 43 31 13 59 92 2 85 87 61 81 43 6 65 81 83 87 56 47 70 25 16 78
93 3 24 49 78 12 55 54 74 94 44 61 38 19 28 60 33 90 44 52 38 15 63 23 76
56 99 18 46 62 89 32 7 32 48 40 31 42 96 80 7 86 39 40 64 100 75 27 15 68
40 4 96 22 84 93 48 63 28 57 18 73 24 41 12 52 83 34 18 90 28 70 79 53 66
52 94 100 21 88 57 5 94 79 96 76 90 38 66 4 77 98 98 76 35 94 57 100 60 15
7 90 51 56 100 22 8 67 77 47 91 100 74 15 67 28 91 48 91 47 23 63 61 72 54
49 48 26 25 30 94 60 43 76 37 23 93 92 55 24 96 14 22 23 1 74 85 100 50 74
30 22 87 40 36 15 75 10 25 3 35 28 92 28 96 14 13 64 35 24 49 40 55 59 88
638 835 725 657 532