-7233.0 -7394.0 -8110.0 -7595.0 -8120.0
-6321.0 -6936.0 -8858.0 -7987.0 -7663.0
-7760.0 -6771.0 -7506.0 -6693.0 -7305.0
-6713.0 -7351.0 -8379.0 -8112.0 -7774.0
-6066.0 -7162.0 -8944.0 -7871.0 -7073.0
-6659.0 -7164.0 -8542.0 -7764.0 -7082.0
-7247.0 -7240.0 -7692.0 -7565.0 -7849.0
-7870.0 -6329.0 -6151.0 -6033.0 -6499.0
-6404.0 -7390.0 -8628.0 -7648.0 -6492.0
-6633.0 -7187.0 -8257.0 -8360.0 -7946.0
-7439.0 -7551.0 -7069.0 -6969.0 -7094.0
-7359.0 -7387.0 -6947.0 -7217.0 -7266.0
-7240.0 -6728.0 -7775.0 -7210.0 -6959.0
-6389.0 -6969.0 -8277.0 -8305.0 -8084.0
-7179.0 -7207.0 -8273.0 -7247.0 -7428.0
-7790.0 -6165.0 -6029.0 -6281.0 -6671.0
-6598.0 -7205.0 -8467.0 -8101.0 -7553.0
-7784.0 -6422.0 -6401.0 -6131.0 -6553.0
-7645.0 -6625.0 -7594.0 -6682.0 -7084.0
-7118.0 -7248.0 -8198.0 -7584.0 -7899.0
-7324.0 -7405.0 -7157.0 -6958.0 -6873.0
