-8092.0 -6465.0 -6060.0 -6985.0 -6848.0
-8760.0 -5800.0 -6237.0 -6791.0 -6897.0
-7702.0 -6072.0 -7198.0 -5796.0 -7278.0
-8575.0 -6255.0 -6710.0 -6543.0 -6249.0
-8833.0 -5893.0 -5819.0 -7372.0 -6313.0
-8725.0 -5626.0 -5613.0 -7625.0 -6565.0
-8722.0 -5581.0 -5291.0 -7966.0 -6675.0
-8017.0 -6174.0 -6604.0 -6734.0 -7003.0
-8649.0 -5488.0 -5709.0 -7385.0 -7259.0
-7679.0 -6442.0 -6243.0 -6267.0 -7400.0
-7778.0 -6537.0 -6965.0 -6371.0 -6574.0
-7699.0 -6027.0 -6876.0 -6137.0 -7388.0
-8757.0 -5755.0 -5915.0 -7132.0 -7007.0
-8020.0 -6219.0 -6926.0 -6393.0 -6893.0
-8467.0 -5988.0 -6504.0 -6796.0 -6501.0
-8464.0 -5943.0 -6182.0 -7137.0 -6611.0
