-6762.0 -4935.0 -6994.0 -4873.0 -6090.0
-5924.0 -5817.0 -5995.0 -4166.0 -5309.0
-7298.0 -4859.0 -8380.0 -4397.0 -6122.0
-6141.0 -5272.0 -6604.0 -5667.0 -5991.0
-6445.0 -4454.0 -7640.0 -4765.0 -7138.0
-5497.0 -5115.0 -6536.0 -3636.0 -6724.0
-7666.0 -4899.0 -7593.0 -5337.0 -6171.0
-6465.0 -5011.0 -6590.0 -5765.0 -5800.0
-6198.0 -3735.0 -7953.0 -3835.0 -7566.0
-7967.0 -3953.0 -7370.0 -4770.0 -6293.0
-6115.0 -5783.0 -6531.0 -5005.0 -5120.0
-6295.0 -4135.0 -7247.0 -4198.0 -7204.0
-6542.0 -4854.0 -6934.0 -5128.0 -6776.0
-6783.0 -5564.0 -6340.0 -4850.0 -5687.0
-4815.0 -6005.0 -6094.0 -4433.0 -4907.0
-6725.0 -4631.0 -7320.0 -5558.0 -5884.0
-5841.0 -4057.0 -6408.0 -3950.0 -7229.0
-5188.0 -5609.0 -7308.0 -4014.0 -5908.0
-6866.0 -4593.0 -6920.0 -5226.0 -6585.0
-5818.0 -3997.0 -7373.0 -3946.0 -7291.0
-5948.0 -5990.0 -6357.0 -3902.0 -5409.0
-4995.0 -5457.0 -5961.0 -3514.0 -6331.0
-5650.0 -5579.0 -6077.0 -5381.0 -5185.0
-5431.0 -3548.0 -6305.0 -3941.0 -7308.0
-7175.0 -5206.0 -7066.0 -5051.0 -5365.0
-4747.0 -6102.0 -5354.0 -4330.0 -5038.0
-7363.0 -4863.0 -8231.0 -5039.0 -6052.0
-5324.0 -4919.0 -5380.0 -5814.0 -5084.0
-7565.0 -3516.0 -8077.0 -3639.0 -6562.0
-6103.0 -5689.0 -7287.0 -4124.0 -5232.0
-6044.0 -4872.0 -7310.0 -5304.0 -6353.0
-5554.0 -5053.0 -7228.0 -3903.0 -7006.0
-6227.0 -5867.0 -5962.0 -3922.0 -4951.0
-5619.0 -5057.0 -7079.0 -4545.0 -6936.0
-5458.0 -5498.0 -6662.0 -5480.0 -5597.0
-5595.0 -4884.0 -6717.0 -4809.0 -6836.0
-7306.0 -4751.0 -6310.0 -5516.0 -5424.0
-7707.0 -4333.0 -6640.0 -4977.0 -6209.0
-6851.0 -5467.0 -7080.0 -4953.0 -5556.0
-6483.0 -5427.0 -7867.0 -4013.0 -5507.0
-7039.0 -3475.0 -7673.0 -3586.0 -7190.0
-7310.0 -2725.0 -7580.0 -3831.0 -6800.0
-5806.0 -5369.0 -6079.0 -4559.0 -6279.0
-5989.0 -5821.0 -5846.0 -4808.0 -5239.0
-6884.0 -3757.0 -8067.0 -3385.0 -7031.0
-7206.0 -4972.0 -6644.0 -5307.0 -5364.0
-5582.0 -5676.0 -5337.0 -5278.0 -5316.0
-6386.0 -5027.0 -8573.0 -3650.0 -5869.0
-6095.0 -5226.0 -7581.0 -4005.0 -6458.0
-7182.0 -4799.0 -6282.0 -5571.0 -5264.0
-6629.0 -2966.0 -7570.0 -3577.0 -7269.0
-5433.0 -6124.0 -5468.0 -3880.0 -4503.0
-5149.0 -5379.0 -5373.0 -5698.0 -4769.0
-5120.0 -5706.0 -6568.0 -3911.0 -6039.0
-5697.0 -4490.0 -6510.0 -3674.0 -7030.0
-4915.0 -5967.0 -5924.0 -4410.0 -5684.0
-7442.0 -4419.0 -7012.0 -5364.0 -5348.0
-6918.0 -5121.0 -7800.0 -4508.0 -5847.0
-5595.0 -4487.0 -6275.0 -3543.0 -7044.0
-6165.0 -5445.0 -6966.0 -5403.0 -6091.0
-6237.0 -5176.0 -6453.0 -3992.0 -6532.0
-7720.0 -3234.0 -7683.0 -3840.0 -6721.0
-6983.0 -5125.0 -7651.0 -5150.0 -5777.0
-5618.0 -4436.0 -6062.0 -3646.0 -7201.0
-5632.0 -4486.0 -6659.0 -3032.0 -7100.0
-7744.0 -4332.0 -7024.0 -4466.0 -6265.0
-6754.0 -5067.0 -7786.0 -4590.0 -5918.0
-6172.0 -5172.0 -6602.0 -3350.0 -6602.0
-7136.0 -3875.0 -6967.0 -3949.0 -6828.0
-4983.0 -5870.0 -6664.0 -4513.0 -5553.0
-6432.0 -3866.0 -8610.0 -2966.0 -6779.0
-5562.0 -5119.0 -6387.0 -4278.0 -6654.0
-6879.0 -3494.0 -7963.0 -4089.0 -7097.0
-5161.0 -5537.0 -6057.0 -4817.0 -5869.0
-5700.0 -5005.0 -8459.0 -4100.0 -6404.0
-6068.0 -5045.0 -7672.0 -5040.0 -6453.0
-4814.0 -5341.0 -6594.0 -3449.0 -6330.0
-6915.0 -3523.0 -7645.0 -3641.0 -7030.0
-6744.0 -4123.0 -7840.0 -4693.0 -6721.0
-6689.0 -5063.0 -7935.0 -3948.0 -5988.0
-7110.0 -5202.0 -7215.0 -4409.0 -5435.0
-5096.0 -5533.0 -6206.0 -4175.0 -5939.0
-7286.0 -4194.0 -7360.0 -4516.0 -6762.0
-7430.0 -4145.0 -7954.0 -4243.0 -6186.0
-7419.0 -4180.0 -7906.0 -4407.0 -6599.0
-5681.0 -5345.0 -5655.0 -5637.0 -5184.0
-5797.0 -5405.0 -7753.0 -4463.0 -6042.0
-7126.0 -4213.0 -7650.0 -5019.0 -6669.0
-7585.0 -3863.0 -7560.0 -4444.0 -6345.0
-7383.0 -4594.0 -6654.0 -4879.0 -6400.0
-6040.0 -5196.0 -6359.0 -5006.0 -6383.0
-5417.0 -5667.0 -7173.0 -4574.0 -5767.0
-5805.0 -5297.0 -5683.0 -5582.0 -5344.0
-6003.0 -5041.0 -7821.0 -4398.0 -6523.0
-6121.0 -5144.0 -7739.0 -4561.0 -5851.0
-6144.0 -5520.0 -6776.0 -5030.0 -5062.0
-5372.0 -4866.0 -5929.0 -3239.0 -7016.0
-6100.0 -5441.0 -7115.0 -4761.0 -6161.0
-5250.0 -4396.0 -6849.0 -2706.0 -7152.0
-5694.0 -5644.0 -7251.0 -4544.0 -5673.0
-6882.0 -5233.0 -6658.0 -5209.0 -5555.0
-5660.0 -4491.0 -6126.0 -4185.0 -6974.0
-6489.0 -5184.0 -6952.0 -5501.0 -5900.0
-5848.0 -4507.0 -7894.0 -3075.0 -6886.0
-6297.0 -4495.0 -8487.0 -3570.0 -6403.0
-6227.0 -5508.0 -5359.0 -5020.0 -5726.0
-4834.0 -5898.0 -5544.0 -4449.0 -4992.0
-6735.0 -3902.0 -7972.0 -3264.0 -6898.0
-6035.0 -5786.0 -6547.0 -4021.0 -5363.0
-6959.0 -4952.0 -7289.0 -5414.0 -5677.0
-5806.0 -5728.0 -6682.0 -3461.0 -5504.0
-6016.0 -5023.0 -5997.0 -5270.0 -6283.0
-6353.0 -3812.0 -8162.0 -2938.0 -6950.0
-6415.0 -5524.0 -7127.0 -3910.0 -5638.0
-6718.0 -5560.0 -6489.0 -4208.0 -5757.0
-6272.0 -5729.0 -6343.0 -4000.0 -5218.0
-6807.0 -5166.0 -7853.0 -4111.0 -5316.0
-5975.0 -5192.0 -6508.0 -4364.0 -6453.0
-5489.0 -5398.0 -6660.0 -3163.0 -6208.0
-6151.0 -4543.0 -7256.0 -3373.0 -7005.0
-6216.0 -4547.0 -7107.0 -4015.0 -6935.0
-7484.0 -4712.0 -6294.0 -4673.0 -6181.0
-7063.0 -4573.0 -7014.0 -4212.0 -6734.0
-7497.0 -3613.0 -7337.0 -3536.0 -6693.0
-5138.0 -5588.0 -6270.0 -4714.0 -5712.0
-6816.0 -3854.0 -7327.0 -3282.0 -7162.0
-6442.0 -4344.0 -8248.0 -3018.0 -6416.0
-6621.0 -5160.0 -7195.0 -3845.0 -6119.0
-6941.0 -5181.0 -6835.0 -4512.0 -5785.0
-6361.0 -5353.0 -6664.0 -5412.0 -5305.0
-6827.0 -5294.0 -6718.0 -5217.0 -5456.0
-5601.0 -5989.0 -6038.0 -3960.0 -5149.0
-5869.0 -5136.0 -7240.0 -3052.0 -6483.0
-6685.0 -5092.0 -6650.0 -5510.0 -5114.0
-5194.0 -5079.0 -7174.0 -3338.0 -6605.0
-6686.0 -5164.0 -7046.0 -4487.0 -6049.0
-6983.0 -4158.0 -7998.0 -4218.0 -6643.0
-6223.0 -5122.0 -7881.0 -4143.0 -5837.0
-6786.0 -5463.0 -7229.0 -4311.0 -5626.0
-5175.0 -5587.0 -6654.0 -4203.0 -5768.0
-7006.0 -5185.0 -6686.0 -5154.0 -5715.0
-6305.0 -5079.0 -7193.0 -4095.0 -6401.0
-7151.0 -5033.0 -6704.0 -5315.0 -5265.0
-5517.0 -5672.0 -5486.0 -4636.0 -5386.0
-6516.0 -5365.0 -6861.0 -4466.0 -5905.0
-6679.0 -4585.0 -8297.0 -3896.0 -6351.0
-6240.0 -5075.0 -7342.0 -3453.0 -6471.0
-6071.0 -5053.0 -7219.0 -4269.0 -6358.0
-4882.0 -5244.0 -7334.0 -3552.0 -6199.0
-5878.0 -4792.0 -7214.0 -4001.0 -6815.0
-5565.0 -5018.0 -7276.0 -3739.0 -6593.0
-6320.0 -5522.0 -7175.0 -4506.0 -5475.0
-6800.0 -3906.0 -7823.0 -3906.0 -6828.0
-6776.0 -4985.0 -7591.0 -4259.0 -5989.0
-6418.0 -3816.0 -8013.0 -3580.0 -6880.0
-5520.0 -5920.0 -5658.0 -3999.0 -4457.0
-6136.0 -5057.0 -7070.0 -4911.0 -6288.0
-6721.0 -3852.0 -7375.0 -3878.0 -6999.0
-6424.0 -5180.0 -7101.0 -4859.0 -5970.0
-6889.0 -4438.0 -7909.0 -3986.0 -6294.0
-6760.0 -4537.0 -7652.0 -3914.0 -6615.0
-6952.0 -4646.0 -7136.0 -4399.0 -6370.0
-5851.0 -5590.0 -7063.0 -3539.0 -5771.0
-6076.0 -5617.0 -6036.0 -4927.0 -5193.0
-6824.0 -4434.0 -8058.0 -3344.0 -6364.0
-6817.0 -5229.0 -6807.0 -4567.0 -5625.0
-6419.0 -4965.0 -7567.0 -4103.0 -6267.0
-7362.0 -4242.0 -7214.0 -4140.0 -6317.0
-6720.0 -4416.0 -7786.0 -4802.0 -6181.0
-5609.0 -5748.0 -6588.0 -4475.0 -5355.0
-6833.0 -4655.0 -7926.0 -4773.0 -6187.0
-6697.0 -4931.0 -7143.0 -4231.0 -6160.0
-6810.0 -4384.0 -7461.0 -3958.0 -6465.0
-6638.0 -5145.0 -7473.0 -4214.0 -5666.0
-6765.0 -4752.0 -7186.0 -4670.0 -6318.0
-6318.0 -5124.0 -7833.0 -3547.0 -6000.0
-6600.0 -4531.0 -7849.0 -3868.0 -6522.0
-6988.0 -4373.0 -7532.0 -4974.0 -6346.0
-6665.0 -4535.0 -7700.0 -4510.0 -6452.0
-7039.0 -4442.0 -7326.0 -4518.0 -6324.0
-5585.0 -5575.0 -6226.0 -4739.0 -5255.0
-6736.0 -4406.0 -7964.0 -4220.0 -6205.0
-6655.0 -4412.0 -7935.0 -4160.0 -6251.0
