-7298.0 -4859.0 -8380.0 -4397.0 -6122.0
-6141.0 -5272.0 -6604.0 -5667.0 -5991.0
-6445.0 -4454.0 -7640.0 -4765.0 -7138.0
-7666.0 -4899.0 -7593.0 -5337.0 -6171.0
-6465.0 -5011.0 -6590.0 -5765.0 -5800.0
-6198.0 -3735.0 -7953.0 -3835.0 -7566.0
-7967.0 -3953.0 -7370.0 -4770.0 -6293.0
-6295.0 -4135.0 -7247.0 -4198.0 -7204.0
-6542.0 -4854.0 -6934.0 -5128.0 -6776.0
-6725.0 -4631.0 -7320.0 -5558.0 -5884.0
-5841.0 -4057.0 -6408.0 -3950.0 -7229.0
-6866.0 -4593.0 -6920.0 -5226.0 -6585.0
-5818.0 -3997.0 -7373.0 -3946.0 -7291.0
-5431.0 -3548.0 -6305.0 -3941.0 -7308.0
-7363.0 -4863.0 -8231.0 -5039.0 -6052.0
-5324.0 -4919.0 -5380.0 -5814.0 -5084.0
-6044.0 -4872.0 -7310.0 -5304.0 -6353.0
-5595.0 -4884.0 -6717.0 -4809.0 -6836.0
-7039.0 -3475.0 -7673.0 -3586.0 -7190.0
-6884.0 -3757.0 -8067.0 -3385.0 -7031.0
-7182.0 -4799.0 -6282.0 -5571.0 -5264.0
-6165.0 -5445.0 -6966.0 -5403.0 -6091.0
-6432.0 -3866.0 -8610.0 -2966.0 -6779.0
-6068.0 -5045.0 -7672.0 -5040.0 -6453.0
-6744.0 -4123.0 -7840.0 -4693.0 -6721.0
-7286.0 -4194.0 -7360.0 -4516.0 -6762.0
-7430.0 -4145.0 -7954.0 -4243.0 -6186.0
-7419.0 -4180.0 -7906.0 -4407.0 -6599.0
-7126.0 -4213.0 -7650.0 -5019.0 -6669.0
-7585.0 -3863.0 -7560.0 -4444.0 -6345.0
-6489.0 -5184.0 -6952.0 -5501.0 -5900.0
-6959.0 -4952.0 -7289.0 -5414.0 -5677.0
-6983.0 -4158.0 -7998.0 -4218.0 -6643.0
-6679.0 -4585.0 -8297.0 -3896.0 -6351.0
-6833.0 -4655.0 -7926.0 -4773.0 -6187.0
