-7652.0 -6385.0 -5705.0 -7123.0 -8927.0
-6706.0 -7014.0 -5072.0 -6411.0 -7438.0
-7384.0 -5598.0 -5081.0 -8051.0 -8733.0
-7509.0 -6112.0 -5251.0 -7950.0 -9316.0
-8558.0 -6063.0 -5945.0 -7078.0 -8984.0
-6108.0 -7284.0 -3946.0 -5399.0 -7289.0
-5874.0 -5226.0 -4802.0 -8245.0 -7841.0
-7353.0 -6864.0 -5207.0 -6624.0 -8809.0
-8175.0 -5730.0 -5628.0 -7637.0 -8804.0
-6330.0 -6562.0 -4326.0 -7554.0 -8225.0
-6777.0 -6769.0 -4918.0 -7037.0 -8607.0
-6956.0 -6858.0 -5493.0 -6815.0 -8334.0
-6839.0 -6234.0 -4852.0 -7700.0 -7807.0
-7281.0 -7022.0 -4768.0 -5704.0 -7106.0
-6527.0 -6925.0 -4497.0 -6633.0 -7711.0
-6780.0 -4904.0 -5042.0 -8200.0 -7898.0
-6509.0 -6651.0 -4901.0 -7332.0 -7952.0
-6782.0 -6870.0 -4487.0 -5964.0 -8278.0
-7862.0 -6536.0 -5733.0 -6770.0 -8391.0
-6624.0 -6197.0 -4594.0 -7701.0 -7938.0
-8139.0 -6422.0 -5394.0 -5844.0 -8562.0
-6048.0 -6102.0 -4305.0 -8114.0 -7736.0
-6954.0 -5780.0 -4545.0 -8069.0 -7793.0
-6892.0 -6315.0 -4611.0 -7406.0 -8593.0
-7845.0 -6147.0 -5677.0 -7269.0 -8949.0
-6495.0 -6309.0 -4897.0 -7597.0 -8118.0
-7222.0 -6567.0 -5169.0 -7141.0 -7987.0
-7683.0 -6447.0 -5158.0 -6992.0 -8664.0
-7286.0 -6441.0 -5444.0 -7183.0 -8189.0
-6431.0 -6435.0 -4622.0 -7555.0 -7916.0
-7205.0 -6178.0 -5113.0 -7640.0 -8545.0
-7415.0 -6329.0 -5141.0 -7287.0 -8009.0
-7236.0 -6240.0 -4566.0 -7509.0 -8282.0
-7071.0 -6404.0 -5186.0 -7184.0 -8320.0
