-8092.0 -6465.0 -6060.0 -6985.0 -6848.0
-7578.0 -6918.0 -6301.0 -5877.0 -5325.0
-8760.0 -5800.0 -6237.0 -6791.0 -6897.0
-8005.0 -6294.0 -5812.0 -7431.0 -5934.0
-7702.0 -6072.0 -7198.0 -5796.0 -7278.0
-8575.0 -6255.0 -6710.0 -6543.0 -6249.0
-7546.0 -7131.0 -6207.0 -4976.0 -5611.0
-7559.0 -5973.0 -6576.0 -5489.0 -7926.0
-8617.0 -5701.0 -5615.0 -6484.0 -7545.0
-8060.0 -6801.0 -6609.0 -5112.0 -6813.0
-8833.0 -5893.0 -5819.0 -7372.0 -6313.0
-7851.0 -6630.0 -6547.0 -6952.0 -5990.0
-8725.0 -5626.0 -5613.0 -7625.0 -6565.0
-8200.0 -6855.0 -6909.0 -5760.0 -6275.0
-8722.0 -5581.0 -5291.0 -7966.0 -6675.0
-7591.0 -5760.0 -6670.0 -6390.0 -7640.0
-7285.0 -5815.0 -6403.0 -6824.0 -7751.0
-7185.0 -6651.0 -6741.0 -4997.0 -7041.0
-8165.0 -6681.0 -6285.0 -6594.0 -5943.0
-7470.0 -6993.0 -6303.0 -4736.0 -6305.0
-8017.0 -6174.0 -6604.0 -6734.0 -7003.0
-8649.0 -5488.0 -5709.0 -7385.0 -7259.0
-7679.0 -6442.0 -6243.0 -6267.0 -7400.0
-7778.0 -6537.0 -6965.0 -6371.0 -6574.0
-7699.0 -6027.0 -6876.0 -6137.0 -7388.0
-7774.0 -6441.0 -6975.0 -5416.0 -6912.0
-8170.0 -5932.0 -6037.0 -6081.0 -7937.0
-8331.0 -5341.0 -5981.0 -6788.0 -7644.0
-7762.0 -6683.0 -6339.0 -6213.0 -5395.0
-8757.0 -5755.0 -5915.0 -7132.0 -7007.0
-7854.0 -6675.0 -6869.0 -6611.0 -5880.0
-8020.0 -6219.0 -6926.0 -6393.0 -6893.0
-7524.0 -7022.0 -6074.0 -5276.0 -5383.0
-8057.0 -6756.0 -6287.0 -5453.0 -6923.0
-8243.0 -6025.0 -5619.0 -6662.0 -7353.0
-7473.0 -7038.0 -6625.0 -4395.0 -6195.0
-8133.0 -6894.0 -6191.0 -5693.0 -6229.0
-8036.0 -6175.0 -6074.0 -7200.0 -6638.0
-8467.0 -5988.0 -6504.0 -6796.0 -6501.0
-7849.0 -5398.0 -5779.0 -7219.0 -7704.0
-7755.0 -6580.0 -6147.0 -6507.0 -6706.0
-8275.0 -5812.0 -5713.0 -7563.0 -7067.0
-8347.0 -6181.0 -5490.0 -7183.0 -6701.0
-8540.0 -6081.0 -6086.0 -7377.0 -5917.0
-7985.0 -6387.0 -6510.0 -5833.0 -7289.0
-8038.0 -5529.0 -6248.0 -6793.0 -7248.0
-7988.0 -6432.0 -6832.0 -5492.0 -7179.0
-8278.0 -5857.0 -6035.0 -7222.0 -6957.0
-8092.0 -6588.0 -6703.0 -6013.0 -6527.0
-6899.0 -6291.0 -7107.0 -5301.0 -7140.0
-8361.0 -5757.0 -6089.0 -6525.0 -7249.0
-8464.0 -5943.0 -6182.0 -7137.0 -6611.0
-7877.0 -6120.0 -6304.0 -6086.0 -7541.0
-8350.0 -6226.0 -5812.0 -6842.0 -6591.0
-8274.0 -6088.0 -5908.0 -6602.0 -7285.0
-8176.0 -6212.0 -6562.0 -6277.0 -6601.0
-8089.0 -6543.0 -6381.0 -6354.0 -6637.0
-7771.0 -6396.0 -6653.0 -5757.0 -7022.0
-8582.0 -5527.0 -4991.0 -7318.0 -7213.0
-7953.0 -6258.0 -6208.0 -6326.0 -6847.0
-8141.0 -6038.0 -5938.0 -7111.0 -6269.0
