-8461.0 -5539.0 -6213.0 -7116.0 -7716.0
-5904.0 -6344.0 -4964.0 -5616.0 -7028.0
-6815.0 -6155.0 -4789.0 -5569.0 -8333.0
-5854.0 -6705.0 -3537.0 -4396.0 -7230.0
-6726.0 -5740.0 -4714.0 -5984.0 -8619.0
-7833.0 -6096.0 -5199.0 -6081.0 -7030.0
-7709.0 -5734.0 -5530.0 -6284.0 -8153.0
-6359.0 -6436.0 -4440.0 -5374.0 -7569.0
-7945.0 -5843.0 -5868.0 -6249.0 -6797.0
-7010.0 -6333.0 -4778.0 -5179.0 -7162.0
-7606.0 -5615.0 -5442.0 -6577.0 -8311.0
-8004.0 -5953.0 -5074.0 -5542.0 -7967.0
-6875.0 -6132.0 -4785.0 -6241.0 -8488.0
-6703.0 -6261.0 -4997.0 -6438.0 -7236.0
-7081.0 -6291.0 -4516.0 -5249.0 -7467.0
-7425.0 -6116.0 -5073.0 -6313.0 -7134.0
-6987.0 -5879.0 -5454.0 -6409.0 -8255.0
-5690.0 -6317.0 -3574.0 -5181.0 -8037.0
-7670.0 -5906.0 -4939.0 -6505.0 -8165.0
-5951.0 -6456.0 -4314.0 -5606.0 -7673.0
-5499.0 -6509.0 -3997.0 -4466.0 -7261.0
-7662.0 -5622.0 -6180.0 -6294.0 -7508.0
-6484.0 -6354.0 -4589.0 -5405.0 -6811.0
-7537.0 -5863.0 -5742.0 -6481.0 -6901.0
-7995.0 -5171.0 -5873.0 -6743.0 -7727.0
-7234.0 -5953.0 -5234.0 -6263.0 -7479.0
-6596.0 -6248.0 -4381.0 -4536.0 -7908.0
-6673.0 -6311.0 -4390.0 -5481.0 -7571.0
-6978.0 -6172.0 -4428.0 -5542.0 -7625.0
-6570.0 -6192.0 -4302.0 -5774.0 -7729.0
-7417.0 -5658.0 -5641.0 -6501.0 -7551.0
-7608.0 -5821.0 -5480.0 -6551.0 -7206.0
-6422.0 -6171.0 -4555.0 -4759.0 -7761.0
-6907.0 -6214.0 -4690.0 -5472.0 -7320.0
-6147.0 -6221.0 -3414.0 -5159.0 -7954.0
